54.027 -2.98369206448313 5.25002316728584 8.35325170075816 -1.22305325501232 1.00181203592662 -1.7967734062891 291.357461132576 136.202761799422 69.4793420954938 0.839326906914202 0.865137850494722 0.866420867582796
54.056 -2.97891183012649 5.25671321238892 8.3476371096008 -1.23280899821338 0.893233885769077 -1.7468670580266 291.381715019319 136.26248561948 69.2514078859444 0.839397895690934 0.865002970626753 0.866651254988241
54.074 -2.9747891960793 5.25908306317762 8.34994615254697 -1.06983344190349 0.785589886505146 -1.69966126825447 291.703543517387 136.016237057532 68.9862670973499 0.83908192283649 0.86500517621527 0.86648863214061
54.091 -2.97790229364513 5.25606842408092 8.35136587445047 -0.919338647331466 0.80550418029738 -1.75106918723055 291.753189165648 135.674613351778 68.5076403876149 0.839050939738533 0.864759828514447 0.866465731843282
54.12 -2.98124278823387 5.25778449388902 8.35797075352764 -0.960992568857861 0.902052998908863 -1.74848135247696 291.797870249083 135.727152016601 68.3168763488535 0.838896434258565 0.864662750844505 0.866321661310147
54.136 -2.97766518509255 5.25879027377868 8.36696776081648 -1.14657270128505 1.030168309705 -1.65607596532087 292.078083224175 135.894436814941 68.8651887139681 0.838630607547358 0.864575380941557 0.865944665099837
54.15 -2.97211098595738 5.26460360823248 8.37075550850802 -1.29374749222525 1.18287666957419 -1.57367447565901 292.090274901758 135.684993133447 68.8786698425713 0.838644755978315 0.86412512650563 0.865729103771356
54.179 -2.96639394692432 5.26893777255572 8.36758040931738 -1.28192999491112 1.29435999498319 -1.49264290595571 291.861247411582 135.736493820102 68.7708028583142 0.838404097095133 0.864091519036569 0.865411363314924
54.21 -2.96980788646804 5.26655371133408 8.36502208304629 -1.21709577404596 1.3275194153322 -1.44643205047464 291.655122670424 136.022844438092 68.9137225724828 0.838314275879505 0.86368965079114 0.865372729634625
54.212 -2.98060173695087 5.269196502661 8.36828609101973 -1.27095871572534 1.35049266463867 -1.42545296756458 292.429610403381 136.040559994283 68.9223503152345 0.838106665006204 0.86357585563273 0.865214361852665
54.239 -2.98127808783769 5.26660703923877 8.37218137794437 -1.37516055407647 1.36582507756412 -1.36306034256385 292.646649363043 136.776503994854 68.570115283711 0.838173207691276 0.863473439990162 0.865195428318592
54.253 -2.99002708149838 5.26020638322749 8.37622586679789 -1.40863686508103 1.33000592858633 -1.39163980449067 292.601984426739 136.838853595369 68.1331037553399 0.837979703636798 0.863505001172648 0.865054790668235
54.27 -2.99981653529007 5.25785751500057 8.38124253564178 -1.38685714803858 1.23899006855213 -1.4669796408355 292.981785984065 136.834968235832 68.1597933798059 0.837932321767004 0.863409670976088 0.864928216782914
54.298 -3.01407385919332 5.25376833103591 8.38444079947262 -1.50542334163167 1.12959487849081 -1.53096869965271 292.423607385659 137.131471412249 68.1238140418253 0.837889678084189 0.863323873799183 0.864814300286125
54.315 -3.02624703395819 5.25014790853107 8.3894140779238 -1.74495734334636 1.08304760438218 -1.59695579915309 292.581246647093 137.218324271024 68.2714326376428 0.837977919461463 0.863493989070458 0.864958833174246
54.331 -3.04875491513421 5.25736416244726 8.39341118865559 -1.9872555021415 1.13504818745542 -1.69832892152786 292.843121982383 136.816491843921 68.4042893738785 0.837930716009202 0.863523495344915 0.865088912773555
54.358 -3.06530099916705 5.26481647072035 8.39652974843993 -2.18318644047697 1.36734489542743 -1.86819068586362 292.958809784145 137.054842659529 68.5238604364907 0.838141323876434 0.863550050991926 0.865329308057379
54.375 -3.06002133317216 5.25943281749902 8.41968719458593 -2.33967695673461 1.68557223794576 -2.11724947987268 293.422928805731 136.789358393576 68.9914743928416 0.838204400674483 0.863944332453913 0.865545663812821
54.391 -3.05191775465689 5.23788797706382 8.44657423760902 -2.6072359786184 1.80938142636492 -2.38338712730526 293.480635925157 136.550422554219 68.3323269535575 0.838387640075186 0.864052401859715 0.865740383992719
54.42 -3.04492379699363 5.23022919759169 8.48370125293504 -3.01903146472603 1.55210740586583 -2.62291100999458 293.532572332642 136.455380298797 68.2190942582017 0.83842608525336 0.864396448234923 0.865915632154627
54.434 -3.04341763383937 5.21794937132312 8.52711140870843 -3.36216648619236 0.956438650012075 -2.93619242807909 293.279315099378 136.669842268917 67.5771848323815 0.838839648221551 0.864582766328164 0.86619654310289
54.45 -3.05870179647319 5.18822272490126 8.56761706852728 -3.84808724215328 0.218046693407814 -3.35631364328645 293.53138358944 136.862858042026 67.4794663491434 0.838832892585089 0.864873776256528 0.866079391443794
54.477 -3.07682696861726 5.16930975798364 8.60796277210546 -4.61747699122039 -0.48620072402457 -3.71228533239292 293.458245230496 137.456572237823 67.8115197142291 0.839205774820107 0.864888901282068 0.866466978599146
54.491 -3.09146368398698 5.15623854056236 8.65456891493886 -5.47404990278537 -0.988725689790052 -4.02426290602386 293.692420707446 137.090915014041 67.8103677428062 0.839288876806248 0.865272485317586 0.866322783390424
54.506 -3.10056656504659 5.13974588920387 8.6892121592482 -6.34114872930073 -1.26237220478051 -4.40351600473445 293.963178636702 137.421823512637 68.2293309685255 0.83961616061915 0.86512414196733 0.866562979215107
54.538 -3.09786555086066 5.12454334923368 8.72110929125429 -7.26428576476761 -1.41857773239406 -4.78301173250528 293.666860773031 137.419641161373 68.186397871673 0.839405133051121 0.865484201934322 0.866285586475099
54.552 -3.0910652123197 5.10278067614503 8.7401202264477 -8.19052894401604 -1.58053675304779 -5.14287849818605 293.580174695728 136.997677045236 68.3277580845057 0.839594619760578 0.865190951661594 0.866529501991314
54.567 -3.07955795904732 5.07726861500025 8.75549428549849 -9.27758291984344 -1.81713956629263 -5.5362242361537 294.042157226155 136.797909340712 68.8749822760551 0.839385746278406 0.865297819412168 0.866255456973685
54.597 -3.07117665750447 5.05556470271898 8.75939498741129 -10.5208169942713 -2.14382255622825 -5.94901402627879 293.79794150354 136.798118406641 69.3074840484496 0.839577171665135 0.865023207391656 0.86625587419305
54.611 -3.0661473954558 5.0301653693642 8.77361967324047 -11.7687352948442 -2.62027999526191 -6.40907445571198 294.178147353186 136.678306565977 69.3367356436046 0.83924327121327 0.865023389303683 0.866009191955248
54.626 -3.06802555485126 4.98695527468852 8.78265106223967 -12.893388482917 -3.22313749191893 -6.85060975823239 294.640332617867 136.210475909379 69.6030620792442 0.839196153277636 0.864776220294019 0.865910775410916
54.657 -3.0695363214334 4.94549241323529 8.80281010457527 -13.953667955236 -3.77715962058963 -7.23272435492823 294.636299356081 136.209428318441 70.0227558713198 0.839027126443758 0.864553768185322 0.865822200521017
54.671 -3.07418804741384 4.90135234587722 8.83376223315583 -15.0369271139109 -4.17501617761464 -7.57433741561862 294.572669420473 136.148485486597 70.4604802841878 0.838748230514032 0.864600894017982 0.86549515038962
54.688 -3.07406504192783 4.86066860550641 8.86329513612199 -16.1118603567183 -4.36285807130356 -7.83140749085065 294.575402478425 136.153636937937 70.434432255769 0.838623995956514 0.864148088274412 0.865448138001851
54.717 -3.07275721346289 4.82141961986422 8.89915228327639 -17.177010198909 -4.32580890539458 -8.06506063489535 295.237862230583 135.858273244144 70.7109890301921 0.838385413075512 0.863864575724874 0.865282229383169
54.731 -3.04997250659719 4.76263237894713 8.93603253758425 -18.2066374232929 -4.18635778584748 -8.3226767088104 295.654076007524 135.292445919729 70.2998901271729 0.838297460261846 0.863609414430289 0.865256509096045
54.747 -3.02916700741757 4.70703039974993 8.97922051307387 -19.2653629939407 -4.14482124390396 -8.58735560281486 296.148668406772 135.023201327756 70.6499011144556 0.838091530950311 0.863503642907964 0.864986028107145
54.777 -3.01798378617563 4.6311910844835 9.01389991364027 -20.2143992136306 -4.29064446302501 -8.75915439367841 296.713801566095 134.540881194981 71.3249110030101 0.837906194569929 0.863408448537872 0.865113388213163
54.791 -3.02060814372598 4.56544961008361 9.05229397226403 -21.2074631090615 -4.52951894802022 -8.88247559553194 297.222421409485 134.946793075483 71.8124199027091 0.837739391827586 0.863446508865588 0.86510455204304
54.806 -3.01584733431249 4.49077983027337 9.09929846175638 -22.2096175615141 -4.65671972497392 -9.05682345582608 297.620179268537 135.012113767934 71.9511779124381 0.83784266183052 0.863480763160531 0.864973002020239
54.838 -3.00791143987812 4.41759150617395 9.145014176799 -23.2627016068894 -4.7223454624002 -9.24885103390759 298.098161341683 134.590902391141 72.4360601211943 0.83793560483316 0.863511592025981 0.864854606999717
54.851 -2.99478363645885 4.34896868520743 9.1913058728276 -24.2433016752081 -4.80736282455712 -9.32778272440996 298.348345207515 134.511812152027 72.6924541090749 0.838145723817996 0.863415602744087 0.865118432860926
54.866 -2.98314816641343 4.26769539761931 9.2366195413737 -25.2037043321148 -4.87471814515485 -9.44843956647278 298.633510686763 134.620630936824 72.8632086981674 0.838208360621889 0.863576545120872 0.865232552491566
54.896 -2.97315508324682 4.18377554161897 9.28015519618408 -26.332952219514 -5.01091045277677 -9.68145820524535 298.950159618087 134.898567843142 73.1968878283507 0.838391204027852 0.863597795790287 0.865335260159143
54.911 -2.95811596690517 4.09226637849406 9.32598124837353 -27.6935501273336 -5.37852169757543 -9.78506810991166 299.115143656278 134.668711058828 73.4971990455156 0.838429292810759 0.863987302772438 0.865551020704409
54.927 -2.95373856287212 4.01038697155591 9.36004209723003 -28.8684699237605 -5.92234891713086 -9.78289717678309 299.683629290651 134.881839952945 74.4274791409641 0.838716363544252 0.864091075146388 0.865745205195148
54.956 -2.95740049416731 3.93094942682036 9.39267201607758 -29.7633023206975 -6.313320132288 -9.88094333696738 299.955266361586 134.71365595765 75.6247312268677 0.838974727204397 0.864431254192929 0.865796647592366
54.971 -2.96057652236441 3.85209346157058 9.42563028978111 -30.5976591115285 -6.43389651600577 -10.0462841177745 300.199739725427 134.442290361885 75.6222581041809 0.839333425977484 0.864490631424829 0.866212509132861
54.987 -2.95948451877909 3.7710674316443 9.45056413275124 -31.2974351851084 -6.41493434532122 -10.1363121945466 300.419765752884 134.438061325697 76.2200322937628 0.839403762847887 0.864914042446071 0.866217221136308
55.017 -2.94347810257623 3.67845170296046 9.49293638463725 -31.9837222009488 -6.36962411689597 -10.2097038758553 301.517789177596 134.614255193127 76.3380290643865 0.839719558056626 0.864801543382966 0.866467973186402
55.031 -2.92931174793079 3.56918032702934 9.52580417271771 -32.7288614312356 -6.39144033116057 -10.3047640226209 302.446010259836 134.592829673814 76.7442261579479 0.839624811436656 0.865193863208395 0.866447138784495
55.046 -2.91710071168752 3.46892070535241 9.56711671122597 -33.4849829216998 -6.53473904613612 -10.420852505855 302.861409233853 134.513546706433 77.5298035421531 0.839918501786517 0.865053382069058 0.866797951205777
55.077 -2.9067093289114 3.36210720327572 9.60932586224693 -34.1250342478504 -6.76599796594999 -10.5100649651932 303.775268310467 134.62219203579 78.0568231879378 0.839803860793558 0.865297330423332 0.866497061266702
55.091 -2.9019060870603 3.26142607260117 9.64611695079641 -34.6674926551265 -6.88710809301911 -10.6094401480632 304.117741479421 134.239972832211 78.411140869144 0.839953474728772 0.865022767301703 0.866719829303757
55.106 -2.88555230563241 3.15477189536424 9.68958392621848 -35.0434914812169 -6.79381713104544 -10.7568930798217 305.085967331479 134.19597554899 78.6700267822296 0.83970871574978 0.865022993222726 0.866550349024574
55.137 -2.85221896647237 3.01874012752353 9.71864847137129 -35.3689133254616 -6.71825221183403 -10.8766236191678 305.597370598331 134.036377994091 79.0230241040066 0.839615053360495 0.864775863821158 0.86652127703885
55.151 -2.83143665264984 2.90020211044531 9.75989006573196 -36.0182815349002 -6.845663631872 -10.882854387022 306.477633538498 133.712740194682 78.920721693606 0.839404136518331 0.864553447359746 0.866371651986158
55.167 -2.81207415346151 2.78202572617156 9.78970521641585 -36.7317205569827 -6.9786545205932 -10.8701414674038 306.909870184648 133.541466175213 79.6686495242454 0.839340932052191 0.864353272544476 0.866113391969045
55.198 -2.78728572920423 2.66914277511736 9.82527765589487 -37.3783958295287 -7.04872799983159 -10.8884708321138 307.178883166183 133.507319557692 80.1017845718209 0.839157427340857 0.864049241567931 0.865880957953643
55.211 -2.76677182074304 2.55455957565815 9.851367196061 -37.7848310557361 -7.18507657389423 -10.7912268023375 307.240994849565 133.176587601923 80.4316061146388 0.838611501764185 0.863899487331842 0.865671767339782
55.241 -2.73591930946036 2.43353804392317 9.87215431983869 -38.0658899348953 -7.40931700810786 -10.5663025953862 308.376895364608 132.878928841731 80.8484455031749 0.838500940081652 0.863640834876561 0.865607093256996
55.256 -2.71659159016899 2.33635025420218 9.90588634421468 -38.3661711704134 -7.65159141416731 -10.3974585953896 309.339205828147 132.791035957558 81.1636009528574 0.838147739238569 0.863655656570407 0.865301553852001
55.286 -2.70560113804601 2.20841923831489 9.91745072492993 -38.525737259479 -7.83834066969714 -10.3058043389041 309.725285245333 132.471932361802 81.5672408575717 0.838083553808598 0.863545260834071 0.865150303648304
55.288 -2.69247756198402 2.08633813391852 9.93653758069011 -38.9105681136837 -7.84763637371979 -10.2057582561587 310.492756720799 132.364739125622 81.8705167718145 0.838025786921624 0.863445904671368 0.865014178464976
55.317 -2.67641662772318 1.97508847532327 9.95898298949122 -39.2294349664375 -7.68348342337071 -9.96075494962679 310.88348104872 132.328265213059 82.3234650946331 0.837973796723347 0.863356484124935 0.865015263269671
55.331 -2.64915282025177 1.85245828465511 9.98947896239268 -39.332445668267 -7.43345569172067 -9.68147334779389 312.075132943848 132.175438691754 82.6111185851698 0.837800233765662 0.863399740893944 0.864892642124207
55.347 -2.63030162895535 1.70743504437109 10.0124362022618 -39.3969110251045 -7.14125516071654 -9.42401303591526 312.727619649463 132.217894822578 83.1700067266528 0.837897419574788 0.863314936725254 0.86502934082852
55.378 -2.6131559799148 1.557281673899 10.0341152886396 -39.5152351897696 -6.77522124769832 -9.15565753385046 313.854857684517 132.19610534032 83.1330060539875 0.837858266111195 0.863362348234231 0.865152369662401
55.393 -2.58078592330515 1.39802205908362 10.0542249923807 -39.7064597623957 -6.41907316873001 -8.94772536825167 314.569371916065 132.116494806288 83.6397054485888 0.837949648685768 0.863405018592311 0.865386419257341
55.423 -2.5670954583016 1.25420956550297 10.0956073027129 -40.2961191296676 -6.23365440147533 -8.85982306043414 315.032434724458 131.864845325659 84.2757349037299 0.837905272311077 0.863567019384273 0.865597063892787
55.439 -2.55956246238294 1.13208063644103 10.1415902812429 -41.125285842655 -6.04616682392322 -8.65628350248233 315.869191252013 131.818360793094 84.5481614133569 0.838370916573496 0.863712820097039 0.865786644064688
55.454 -2.55553609533318 1.01180967794595 10.1751937424374 -41.5936732889239 -5.64384021786678 -8.43874675528753 316.862272126811 131.776524713784 84.5533452720212 0.838411034101839 0.864090824648515 0.865833942574952
55.47 -2.52270310881622 0.865438152313873 10.2013068755179 -41.6388861127032 -5.08632642508773 -8.44143696525496 317.57604491413 131.078872242406 84.4980107448191 0.838573610159807 0.864060647365166 0.866246074617189
55.5 -2.47429906513889 0.711258139277081 10.2175064110496 -41.5925547533413 -4.77540370624308 -8.51027036796611 317.798440422717 131.110985018165 84.5082096703372 0.838719928611978 0.864527056792374 0.866247430072203
55.514 -2.44635758864819 0.570281493125481 10.2284348509078 -41.5821542398392 -5.02763432798519 -8.49741127010079 318.478596380446 130.779886516349 84.7573887033035 0.839104107244307 0.86457685376433 0.866618213364714
55.531 -2.44389533461278 0.429097152463903 10.2274366111783 -41.6941678234889 -5.58670295625537 -8.3972884637014 318.730736742401 131.081897864714 84.5016498329731 0.839070905705569 0.864991642551622 0.866582354944976
55.56 -2.44473192210029 0.292394587438384 10.2292915485407 -41.9087205067889 -6.08223113391228 -8.29572755626256 319.257663068161 131.293708078242 84.8114848496758 0.839419986628539 0.864871383477962 0.866796593614204
55.574 -2.4567974309477 0.152602865434658 10.2368866475319 -42.1132683034382 -6.28316832586456 -8.27149831208669 319.851896761345 131.124337270418 84.7303363647082 0.839355197151378 0.865133531691346 0.866495839434286
55.591 -2.44574946466262 0.0269100255998712 10.2276212577726 -42.2607200990486 -6.10523317266742 -8.23595153431313 320.92670708521 130.431903543376 85.1973027282374 0.839675848929767 0.864999083703714 0.866841781790589
55.621 -2.41126572760798 -0.079150630185061 10.2058149997627 -42.0522053410521 -5.66264878669839 -8.16502813660701 321.714036376689 130.588713189039 85.1975724554137 0.839458852530676 0.865248461894523 0.866536508793032
55.634 -2.37167108958534 -0.221651285722005 10.1676941893311 -41.3225573260309 -5.20554421337206 -8.21035738401501 322.06263273902 130.129841870135 85.4378152098723 0.839642967292178 0.864978785625775 0.866632144474909
55.651 -2.33022996996854 -0.376836642474664 10.1139923973511 -40.7101489216721 -4.91857757829439 -8.36718424103336 323.156369465118 130.136857683121 85.4740336888851 0.83930248727761 0.864983409714391 0.866594892944151
55.681 -2.30113310708119 -0.475083778665125 10.1047461727527 -40.5513477699629 -4.92748317924358 -8.41138184746437 324.140732518607 130.263171914809 85.2666303199966 0.839249447735541 0.864863973924454 0.866314308831239
55.695 -2.265309266092 -0.588884738414579 10.0964843659938 -40.0557549776994 -5.23778829643373 -8.34505282302328 324.366659266746 129.836854723328 85.4999672879969 0.838948319676637 0.864508872809911 0.866061783129618
55.711 -2.23917301759864 -0.753794277306581 10.0678002085692 -39.3723168845096 -5.71629954312623 -8.34489868575912 324.869993340071 129.993169250996 85.5299705591972 0.838677304423622 0.864560488180113 0.865834509998159
55.741 -2.2158299708284 -0.900536922749446 10.0653878253466 -38.5602760357533 -6.28970775675254 -8.27224087825191 325.442994006064 129.893852325896 85.3169735032775 0.838686783166953 0.864235735640005 0.865753561649536
55.754 -2.17668514465545 -1.01452907455257 10.0782402934223 -37.6172255314146 -6.85004995817652 -8.17249770645725 325.898694605458 129.864467093306 85.4252761529498 0.83831499801534 0.864067331996709 0.865557110666085
55.77 -2.17030493928719 -1.13507853030226 10.0981871648064 -36.5493961080442 -7.42535030587032 -8.21097312665122 326.488825144912 129.778020383976 85.9427485376548 0.838234086707691 0.863915768717742 0.865503902250669
55.8 -2.1570808694994 -1.33880240391846 10.0923170414654 -35.8425481002932 -7.80266260352756 -8.14025749337541 327.019942630421 129.340218345578 86.1684736838893 0.838034494751572 0.86390309702747 0.865208681946307
55.815 -2.14296456035098 -1.46343609098633 10.1145672709126 -36.4277589391188 -7.93002993096107 -7.98348365243482 328.097948367379 129.54619651102 86.0116263155004 0.838108254462107 0.863644083602626 0.865190316402869
55.83 -2.10631786456215 -1.59487973812854 10.1219032684307 -37.1384181597108 -7.69275212870466 -7.74925742459592 329.188153530641 129.491576859918 86.3504636839503 0.838048017509782 0.863534845163068 0.864926454683287
55.861 -2.06782917979814 -1.72060103860768 10.1118659567243 -37.7406068780908 -7.30515630514717 -7.60944618595312 329.629338177577 129.262419173927 86.3554173155553 0.837993804252689 0.863560265828264 0.864936311866151
55.874 -2.03528428796045 -1.82183905524557 10.10522657556 -38.2077675643276 -6.92731243035764 -7.44544813224331 330.206404359819 129.236177256534 86.7798755839998 0.837945012321306 0.863459409166142 0.864945183330729
55.891 -1.98223143270413 -1.92025557830225 10.0919487529039 -38.2969144720169 -6.61015370640585 -7.12762087627088 330.905763923837 128.67255953088 86.9818880255998 0.838154190557327 0.863368638170232 0.865199951558836
55.921 -1.93023415908933 -2.07808274931572 10.0375016498303 -38.4565360019145 -6.55066505332251 -6.94539313978883 332.075187531454 128.225303577792 87.2236992230398 0.838215980687287 0.863657737269942 0.865305919319686
55.951 -1.90773776029694 -2.18134112572844 9.99352712342758 -39.3635541574482 -6.75743060905897 -6.90657901664964 332.647668778308 127.822773220013 87.3213293007358 0.83839806208671 0.863794466194141 0.86540129030445
55.953 -1.88018868138029 -2.28037887289681 9.94329579093712 -40.2126949249095 -6.91374861685536 -6.61515775620605 333.582901900477 127.400495898012 87.2291963706622 0.83856193534619 0.86404098249146 0.865610447835185
55.98 -1.84713452252418 -2.38669126160048 9.90221757369033 -40.5708147453957 -6.92084703761257 -6.30402365997476 334.36461171043 127.200446308211 87.446276733596 0.83883574182614 0.864262847159047 0.865798689612847
55.995 -1.81205867403153 -2.52486947411688 9.8533360720586 -40.3030462479553 -6.83105241018719 -6.11865946191622 335.128150539387 126.96040167739 87.4616490602364 0.838955847111678 0.864462525359876 0.865721323302755
56.011 -1.78001157051387 -2.67167552025073 9.81814141520064 -40.1368637605644 -6.74336701649672 -5.9892362638162 336.415335485448 127.224361509651 87.7154841542128 0.839316433894037 0.864518775475081 0.866144717272211
56.04 -1.77169946079906 -2.8109835598852 9.77198134167374 -40.2827193692408 -6.57666390263331 -5.74451111071702 337.093801936903 126.981925358686 87.7039357387915 0.839388469972785 0.864939372091298 0.866032748196183
56.055 -1.75984913628212 -2.93929367786519 9.73289127025051 -40.3933787300266 -6.16174560397303 -5.37387679353845 337.344421743213 126.763732822817 87.8135421649124 0.839705794469034 0.864947937533361 0.866424999676296
56.069 -1.75091965068201 -3.07841556244378 9.66820171063879 -40.1838118493904 -5.50434966952993 -5.05251964853575 337.629979568892 126.267359540535 87.6121879484211 0.839612424207823 0.865202430341205 0.866285002359859
56.101 -1.73210920454997 -3.24522448456244 9.60351672100191 -39.9364230308635 -4.66383836669907 -4.87856539360584 338.126981612002 126.420623586482 87.430969153579 0.83978118180161 0.865061092488587 0.866652028423605
56.119 -1.71350386347119 -3.36506586857995 9.56020415717809 -40.0504143155635 -3.78142399567802 -4.77315160233686 339.174283450802 126.078561227834 87.1478722382211 0.839553652115334 0.865304269800909 0.866489328232438
56.131 -1.68813992684255 -3.48902414073074 9.50584008301301 -40.0812507466025 -3.07427396252243 -4.52866086958409 339.696855105722 126.07070510505 87.433085014399 0.839854458397328 0.865029012741522 0.866589681970374
56.159 -1.6717168671951 -3.59555876698665 9.46678847675029 -40.010530252095 -2.63402213878927 -4.24297035514476 340.22716959515 126.483634594545 87.0297765129591 0.839492829272245 0.865152074384103 0.866309618954839
56.173 -1.64634178129422 -3.7026328245989 9.42302291337701 -39.4903932574198 -2.28283366536836 -4.08203209825624 341.244452635635 126.075271135091 86.4867988616632 0.839547225813172 0.865015772127195 0.866427943620535
56.189 -1.62500057859052 -3.82767002584262 9.37369795510816 -38.7528043133572 -1.94691671104526 -4.22421056781993 341.740007372071 126.007744021582 86.0581189754969 0.83934309172574 0.864893100095978 0.866287651909675
56.219 -1.59358306744244 -3.95887826205841 9.32792886379046 -38.4317223553039 -1.65604183383387 -4.42774370951122 342.726006634864 125.766969619423 85.7323070779472 0.839032599267816 0.864782695267883 0.8661613893699
56.234 -1.57153222577464 -4.04703818251089 9.30415449395194 -38.3961837075598 -1.70723154358025 -4.29183956756773 343.553405971378 125.850272657481 85.8590763701525 0.83887992783492 0.864435722018998 0.866047753084103
56.25 -1.55527776733063 -4.1810297473317 9.26833247412218 -38.2023668635214 -2.13345495410772 -3.96112889325371 344.11806537424 125.745245391733 85.7931687331372 0.838615751766077 0.864123446095001 0.865821882957196
56.28 -1.56644628871997 -4.27444796896389 9.24824323000586 -38.2462523145738 -2.61247587091069 -3.73982516423368 345.226258836816 125.77072085256 85.6138518598235 0.838504765083355 0.863842397763403 0.865742197312669
56.295 -1.57589940812755 -4.39856738868127 9.21100931533047 -38.2681919686126 -2.70695347465932 -3.56660600658894 345.743632953134 126.033648767304 85.0924666738412 0.838278105289669 0.863837063168566 0.865423147502107
56.311 -1.5762070708266 -4.52116849740836 9.15056407303692 -38.5024414740414 -2.42938789818575 -3.33131945173157 346.209269657821 125.910283890573 85.103220006457 0.838074111475351 0.863708526772413 0.865506795668629
56.34 -1.57073787684361 -4.62528457689726 9.09466694460286 -38.7667011434312 -1.98873918470305 -3.01650811724544 346.868342692039 126.039255501516 84.5128980058113 0.838017288821702 0.863716579276674 0.865335021283269
56.355 -1.5615658983748 -4.74951511426369 9.01179841756201 -38.8381226321415 -1.58375839600374 -2.7591321146812 347.581508422835 125.915329951364 83.8616082052302 0.837966148433417 0.863600091269711 0.865180424336445
56.37 -1.55253300295718 -4.8573721450889 8.9310516202394 -38.9390431933548 -1.25668026632703 -2.64199752916728 348.583357580552 125.923796956228 84.1154473847072 0.837920122083961 0.863495252063445 0.865164884553993
56.4 -1.53781933688921 -4.97611100098407 8.83156446969007 -38.9817800953934 -1.10353132366379 -2.51596571518185 349.245021822496 126.051417260605 83.5039026462365 0.838005319061258 0.863400896777804 0.865274359015327
56.414 -1.51853168401542 -5.07124439437016 8.74196619113232 -39.0904723148617 -1.23439956534322 -2.33765158641176 349.780519640247 126.346275534545 83.1335123816128 0.837955375649018 0.863439712281527 0.865372886030527
56.431 -1.49925743693193 -5.18888687693021 8.63008341479253 -39.0256998925358 -1.70408937980126 -2.12449711479348 350.322467676222 126.07164798109 82.6201611434516 0.838037047269808 0.863474646234877 0.865584883988655
56.461 -1.49507872302008 -5.25442282798536 8.54495121200041 -38.8742749414502 -2.42528349525625 -1.91204740331413 350.6902209086 125.824483182981 82.1581450291064 0.838237022010979 0.863753144528122 0.865775682150969
56.473 -1.49832091366057 -5.34369182982428 8.4661774500533 -38.3815039358548 -3.03848033657032 -1.75748388435677 351.44119881774 125.662034864683 82.0423305261958 0.838416999278033 0.863880332726503 0.865824076852606
56.487 -1.49932352573995 -5.44695840238079 8.38325017669714 -37.9433535422693 -3.28654069985985 -1.69318587760048 352.177078935966 125.215831378215 81.6380974735762 0.838325887844115 0.864118262370586 0.865867632084078
56.517 -1.48909283761374 -5.52828647457252 8.3103514609836 -37.4406212414775 -3.28765762224028 -1.5406611829702 353.079371042369 125.294248240393 81.1542877262186 0.838623299074273 0.864332399050261 0.866153343039396
56.531 -1.4768326141017 -5.64984461452982 8.22780364436827 -36.6568644608412 -3.2543117073445 -1.39651872879532 353.591433938132 125.544823416354 81.0188589535967 0.838511557660731 0.864648445706414 0.866287295296636
56.546 -1.4758540622214 -5.74200865733404 8.15141567304363 -35.954536793383 -3.24949122363295 -1.37289739026693 354.592290544319 125.230341074719 80.716973058237 0.838916573388185 0.864562506317276 0.866654092066704
56.576 -1.47311786101635 -5.85117280281585 8.07500506086317 -35.1514495262585 -3.19629782646049 -1.33179085734711 355.013061489887 125.067306967247 80.4452757524133 0.839028595517518 0.864978729849273 0.866737969421213
56.591 -1.47161295968034 -5.9516950469941 8.00455957034082 -34.5683656423349 -3.10414895984498 -1.25662703878797 355.511755340899 125.160576270522 80.320748177172 0.839381907459293 0.864859762045848 0.867059698778824
56.607 -1.46074159405594 -6.04611547187538 7.93894395868942 -34.0229794597808 -3.00747452187575 -1.15157502193207 355.780579806809 125.30451864347 79.5486733594548 0.839320925899057 0.865123072402444 0.866856231552134
56.638 -1.44910186048118 -6.12941791470859 7.86995400465398 -33.4153380023524 -2.90596371090955 -1.1196236266091 356.262521826128 125.434066779123 79.2138060235093 0.839645004802678 0.864989670343702 0.867043082560646
56.652 -1.4346756713012 -6.21971303691877 7.79409637579503 -32.9257125990637 -2.79933680546745 -1.13514217997872 357.236269643515 125.370660101211 78.9724254211584 0.83930432103706 0.865116666226065 0.866841276955774
56.667 -1.43324412492685 -6.2772161823846 7.72618361588581 -32.5316146216001 -2.75299091118024 -1.05597910701902 357.572642679164 125.37359409109 78.2151828790426 0.839377568401505 0.864860169524163 0.866906435821377
56.698 -1.43021992672478 -6.37930709084903 7.64291576394079 -31.6708195716538 -2.59677578952787 -0.928243791736962 357.815378411247 126.276234681981 78.0736645911383 0.83919040005524 0.86500011548848 0.866718294890432
56.713 -1.42037540521319 -6.48208253944845 7.55283139808748 -30.8251116602899 -2.30503714187279 -1.02320567210525 358.453840570123 126.308611213783 77.2862981320245 0.839148569235409 0.864755273860336 0.866548968052582
56.731 -1.41139562588419 -6.57236582069037 7.46205893752373 -30.167027975177 -2.0210983131817 -1.15752632626877 358.66845651311 127.057750092404 77.057668318822 0.838857529026517 0.864534916395007 0.866149241168028
56.76 -1.39858526880878 -6.61357770587597 7.39245445368346 -29.6350580020868 -1.95868313835208 -1.06314773944342 358.681610861799 126.951975083164 76.4319014869398 0.838595592838515 0.86433659467621 0.865913222232728
56.775 -1.39250276293162 -6.67060014807219 7.3260993853598 -28.6234605988247 -2.14296749627259 -0.847672660155567 358.633449775619 126.556777574847 76.1687113382459 0.838486622048549 0.864034231486492 0.865824402660648
56.791 -1.37649401848737 -6.74837627294393 7.26051405925057 -27.0634046152781 -2.45920509779037 -0.827790890323217 359.190104798057 126.201099817363 75.4518402044213 0.838134853008776 0.864009713519345 0.865497132315288
56.819 -1.36633585237166 -6.83902479066907 7.20112811200472 -25.6868351461167 -2.94000214526324 -1.05798890052754 359.751094318252 125.820989835626 74.8666561839792 0.838071956201784 0.863740038445314 0.865326324265262
56.834 -1.35910887428553 -6.84668749142699 7.17048554425822 -24.8929607918104 -3.58645994600409 -1.18425107917707 360.375984886427 125.478890852064 74.0999905655812 0.837761653746688 0.863621204521487 0.865172597020238
56.849 -1.36283979632048 -6.87183968039464 7.14847373490381 -23.6601532622476 -4.19040937125101 -1.19101681095402 360.878386397784 125.711001766857 73.9499915090231 0.837736076865905 0.863390380347241 0.865157839969407
56.88 -1.35632155374516 -6.97713646720747 7.08933834604783 -22.279634119229 -4.54083408298087 -1.38947238176702 361.270547758006 125.979901590172 73.7549923581208 0.837586285893964 0.863430247494019 0.864897225893171
56.893 -1.37349931629743 -7.03078318921536 7.03857053851214 -21.5730447531076 -4.71881174338508 -1.57495262450635 361.503492982205 125.621911431155 73.6994931223087 0.837578245798453 0.863342392665322 0.864910005955047
56.91 -1.37453423946124 -7.09756041724512 6.96402938546354 -20.7615418045144 -4.58662522553512 -1.57547262923128 361.833143683985 126.019720288039 73.5295438100779 0.837571009712493 0.863263323319494 0.865044968276275
56.941 -1.36894147702177 -7.14437209211912 6.89616424484504 -19.9716471660477 -4.13101613809611 -1.62708567165167 362.249829315586 126.257748259235 73.3765894290701 0.837564497235129 0.863315896169047 0.865166434365381
56.954 -1.3581619004141 -7.14472379663401 6.85184501388776 -19.0378412280689 -3.47287635634757 -1.62086565410482 362.384846384028 125.991973433312 72.7589304861631 0.837811726979768 0.863486809203335 0.865275753845576
56.97 -1.33702796754814 -7.18753739338053 6.7935223708669 -17.5149731357964 -2.81871849170518 -1.71526763831266 362.806361745625 126.17277608998 72.3830374375468 0.838034233749943 0.863640630934195 0.865374141377752
57 -1.31238105944613 -7.24923356897472 6.74324661464569 -16.1718727687816 -2.33302984864153 -2.01015308822185 363.425725571062 126.095498480982 71.8047336937921 0.8382344898431 0.863902530757508 0.865586013801157
57.015 -1.2891813074215 -7.30912952894127 6.6530473289288 -15.3241511407584 -2.17606274163997 -2.06180953512486 363.983153013956 126.145948632884 71.5242603244129 0.838541040873359 0.864138240598491 0.865899886584766
57.03 -1.27434688401196 -7.28031623310586 6.5963486484346 -14.6047131259192 -2.05769310869735 -1.76097209306275 363.704837712561 126.371353769596 71.4518342919716 0.838564145971716 0.864473703099822 0.865812400577483
57.06 -1.26614344351268 -7.26898888301915 6.53939422830855 -12.7388983018769 -1.7015421184383 -1.56426419673358 363.634353941305 126.634218392636 71.0866508627745 0.83908992594347 0.864528835441033 0.866226686819466
57.074 -1.24499368875721 -7.32152233915388 6.45006743250712 -10.4337107617656 -1.19551004399905 -1.6513492274419 363.690918547174 126.270796553373 70.397985776497 0.839184612817274 0.864825238458109 0.866229981054252
57.09 -1.22955020853429 -7.33761801478439 6.35770231942913 -8.55064502910044 -0.804966673186932 -1.61903873217863 363.861826692457 126.063716898035 70.9781871988473 0.839648346104473 0.864721619793801 0.866602509248559
57.12 -1.21583064128651 -7.32133858940458 6.28163658196254 -6.54138205290796 -0.457294433349155 -1.35713485896076 363.715644023211 125.817345208232 70.8403684789626 0.839687190962177 0.864998744375601 0.866568221240436
57.135 -1.20922910925472 -7.25640887208095 6.28991157961956 -3.86968659570876 -0.0275955243653846 -1.15653587688148 363.82407962089 125.955610687409 70.4763316310663 0.839974643359486 0.865001372589234 0.866906925416124
57.149 -1.18808455249719 -7.26937920618633 6.30436214643482 -0.405618699496667 0.326309066239093 -1.02790518995669 363.801671658801 126.200049618668 70.7486984679597 0.839727767517423 0.86525052189149 0.866842195791245
57.179 -1.17731445116745 -7.30816685052436 6.30964632783321 2.6379966055675 0.287571289386176 -0.890000167144228 363.541504492921 126.180044656801 70.6338286211637 0.840011162259208 0.864980639623046 0.867030450375845
57.193 -1.18946845307601 -7.27035186491956 6.36491974551071 4.82076183050694 -0.0427125571096936 -0.640694806918355 363.307354043629 126.282040191121 70.2904457590473 0.839633862747937 0.865108538577474 0.866829907989454
57.21 -1.2175255922197 -7.27241094531908 6.39539249263932 7.13792228867762 -0.154471835749869 -0.27280853233339 363.096618639266 126.013836172009 70.7014011831426 0.839800476487712 0.86497658990123 0.866649419841701
57.241 -1.25361078152526 -7.22272894044782 6.4638785557991 9.57985525064955 0.241128019580843 0.00332728273201038 363.086956775339 126.672452554808 70.6512610648284 0.839571017332827 0.864857836092609 0.866486980508724
57.253 -1.26962731930138 -7.20542874270736 6.55125367972663 12.408892626348 1.07961063747009 0.130475470489344 362.958261097805 126.305207299327 71.0861349583455 0.839237732314194 0.864627222404053 0.866340785109045
57.27 -1.28302465664614 -7.20572012365513 6.63312343657087 14.90311786753 1.94645873402842 0.0983439539747605 362.482434988025 126.214686569394 71.597521462511 0.83906454757666 0.864419670084352 0.866209209249334
57.301 -1.28700183737817 -7.18880397409784 6.74283898979488 16.718912951006 2.45562965451871 0.112173680714689 362.474191489222 126.193217912455 72.3577693162599 0.838781909533643 0.864232872996621 0.865967193505903
57.314 -1.30303114868887 -7.14472931322981 6.84218151369747 17.866105625371 2.5177002768531 0.27652883172719 362.1067723403 126.413896121209 72.6819923846339 0.838527535294928 0.864064755617663 0.865872976806506
57.331 -1.34181853131373 -7.11086808768686 6.9212348848497 18.5901820857347 2.53157910412962 0.480173658478135 361.59609510627 126.552506509089 72.9137931461705 0.838171674930518 0.864037185237399 0.865416975403758
57.359 -1.38438861366438 -7.05998239929476 6.99884725718932 19.3059730374666 2.89368836928918 0.672614307897497 360.956485595643 126.61725585818 72.8224138315535 0.838105095931351 0.863640750371887 0.865377780514575
57.373 -1.40163272139127 -6.99808425320683 7.0932988027564 20.3532383291398 3.48065541022286 0.744284174817671 360.920837036079 126.615530272362 73.4001724483981 0.837918403052866 0.863531845255403 0.865095172383822
57.39 -1.41266328260328 -6.98217952203898 7.17345695196074 21.431654954241 4.00663567072729 0.601153467259568 360.768753332471 126.733977245126 74.1601552035583 0.838003771933272 0.863557565911365 0.864964560326942
57.42 -1.43725528268539 -6.94883140282764 7.21848494260146 21.7060467107253 4.34719347770036 0.493709876258802 360.031877999224 126.600579520613 74.1241396832025 0.83795398323383 0.863456979240933 0.864970606945441
57.436 -1.45555735184422 -6.86997638067842 7.27816372914881 21.8499458564467 4.68728329023567 0.626018277945899 359.968690199301 126.480521568552 74.8117257148822 0.83803579409614 0.863366451237544 0.86509950916763
57.451 -1.47520152825419 -6.78464161683238 7.35725319806132 22.5015924921761 5.15214274747164 0.656546221143675 359.311821179371 126.132469411697 75.070553143394 0.837982803180412 0.863532308764982 0.86509206090206
57.479 -1.48120956508789 -6.76787493821188 7.41843792578631 23.2216622505921 5.59418038112143 0.542036637197247 358.540639061434 125.999222470527 75.6034978290546 0.838061732048063 0.863557983069987 0.865085357463047
57.495 -1.49248258669799 -6.69544382866804 7.4861934374069 23.5620914453802 5.8439226483528 0.491649767370652 358.206575155291 126.119300223474 75.9631480461491 0.838259238311408 0.863704687414181 0.865326108277923
57.51 -1.47868628859185 -6.61654900291488 7.5705767563249 24.0799281023689 5.88166778809767 0.415767233381678 357.785917639762 125.987370201127 76.1668332415342 0.838436993948419 0.863960181589496 0.865419460366864
57.54 -1.48554294907746 -6.58157638411754 7.61832998614896 24.5009429257198 5.58281398638714 0.24594623523435 357.287325875785 126.108633181014 76.5901499173808 0.83847050373927 0.86419012634728 0.86538001698137
57.555 -1.5168530607554 -6.50024178952902 7.68656672020008 24.6317646636822 5.09247151904613 0.248069168962824 357.318593288207 126.337769862913 76.6111349256427 0.83887962485887 0.864273616363745 0.865714489446958
57.57 -1.52719535210723 -6.44996512530085 7.74786009471938 25.041870640062 4.72520909996595 0.259903473440587 356.926733959386 126.123992876621 77.1700214330785 0.839121662387552 0.864718728891096 0.865769003418996
57.601 -1.56116369169052 -6.38095366297218 7.80853074265711 25.3934087668955 4.4862759762289 0.109485645180498 356.334060563448 126.291593588959 77.7930192897706 0.839591690717723 0.864749358653179 0.866187629376827
57.614 -1.58497158409144 -6.31315715913224 7.87761930352323 25.6998694169235 4.46436593585792 0.0519721951662649 355.920654507103 125.602434230063 78.2337173607936 0.839509730831643 0.865146896951586 0.866194829355878
57.631 -1.61663390148567 -6.24411971394045 7.92256067746168 25.9184320935518 4.72174613616525 0.0673856626725391 355.668589056393 125.702190807057 78.5103456247142 0.839814929242006 0.86501111243793 0.866447820584015
57.66 -1.64668621673185 -6.1555300863727 7.96456421512323 26.1716270521355 5.32896083552583 0.0667539666342929 355.381730150753 125.731971726351 78.9393110622428 0.839584024811691 0.865382475357862 0.866429001442347
57.673 -1.65607605624793 -6.08765073229171 7.99051608828864 26.6865254156243 6.22736246189691 0.0180938371464361 354.583557135678 125.818774553716 78.9053799560185 0.839881793824049 0.86509939774278 0.866658575461837
57.69 -1.65566836221753 -5.99597335704532 8.03990970422174 27.2010789809321 7.07256514700493 -0.156997989316299 354.16520142211 125.836897098345 79.2948419604167 0.83964420293553 0.865461932132227 0.866495220566846
57.72 -1.64841811439757 -5.93142026229233 8.06628772946607 27.8053985637549 7.49507962467085 -0.251985213285433 353.668681279899 125.85320738851 79.645357764375 0.839809782656546 0.865170908839709 0.866718172673887
57.735 -1.65512085480718 -5.86206969228563 8.0849402904428 28.082873974555 7.48755639502819 -0.15503096676605 353.041813151909 126.527886649659 79.5408219879375 0.839579392884777 0.865156320606931 0.866548858057691
57.751 -1.68850707283522 -5.73991888112287 8.13219377040121 28.6310751267178 7.44032747308262 -0.0364744349749409 352.717631836718 126.415097984693 80.2867397891438 0.839372042090185 0.865019593727741 0.866643258813102
57.781 -1.70263323132013 -5.63363429319674 8.2077020583086 29.9297996751147 7.63980617615604 -0.110689586897294 352.005868653047 126.853588186224 80.7780658102294 0.839185426375052 0.864772804275671 0.866481435582985
57.796 -1.69008794674708 -5.57179626594615 8.27619824804659 31.2207891732521 7.75521487151754 -0.240842002253366 351.665281787742 126.828229367602 81.0402592292065 0.838890700452196 0.864426820126006 0.86645925494142
57.81 -1.70501369758934 -5.49609060976475 8.3367673575681 31.9116873551635 7.40335750650319 -0.225918107371541 351.058753608968 126.985406430841 80.9762333062858 0.838752218900862 0.86423930803411 0.866315832098471
57.84 -1.74382541052541 -5.36528729105207 8.4235414999546 32.3151751081968 6.88668587799027 -0.0491278233519442 350.092878248071 126.826865787757 80.6186099756572 0.838373890175858 0.864070547151403 0.865939418809328
57.854 -1.77899537210501 -5.25576442513656 8.53366060893131 33.1004514905069 6.60870431309201 0.0237238902809601 349.163590423264 127.104179208981 80.4767489780915 0.838413710343965 0.863918662356967 0.865971439845128
57.871 -1.79532544962916 -5.18017820746116 8.63055318451279 33.9591086315325 6.49592548483624 -0.177121781189884 348.747231380938 127.653761288083 80.7690740802824 0.838196156024218 0.863781966041975 0.865753201042118
57.901 -1.8250461442979 -5.12220624891292 8.69836343994456 34.3723580737228 6.42877568444422 -0.238035557269369 348.072508242844 127.608385159275 81.3321666722542 0.838127128915682 0.86353506571568 0.865433050858611
57.914 -1.85939634058283 -5.01550353593264 8.77549374405191 34.4511528007017 6.51032559691583 -0.178354138947012 347.285257418559 127.507546643348 81.1789500050287 0.837938232738763 0.863436729064816 0.865268650954252
57.93 -1.87594632101124 -4.91204907619924 8.8355735925166 34.6388619481124 6.82036173951433 -0.169679030395822 346.816731676703 127.896791979013 81.5210550045259 0.837894997958772 0.863224352436237 0.86524428851002
57.961 -1.88222217373907 -4.81804222575399 8.86175305730058 34.8894795700951 7.15053930602091 -0.0870622723944081 346.335058509033 128.427112781111 81.8889495040733 0.83785608665678 0.863157087113318 0.865222362310211
57.975 -1.87715638708644 -4.68752725164509 8.88956424372751 35.2768674909482 7.4026609479379 0.176605786906101 345.30155265813 128.184401503 82.100054553666 0.837821066484988 0.863220283583489 0.865326088995923
57.991 -1.86164370505428 -4.56940535819902 8.93680052260183 35.8278066960518 7.54636431879297 0.462762002108621 345.091397392317 128.3259613527 82.2900490982994 0.837916169022182 0.863400757876333 0.865542766657511
58.02 -1.87066662903204 -4.42472857340909 8.99038638144394 36.2434993088894 7.41844544416558 0.779844580523713 344.242257653085 128.87336521743 82.0410441884694 0.838128231588115 0.863439587270202 0.865614452908493
58.035 -1.87363973196364 -4.32606307957831 9.02341046455199 36.8603707520462 7.08576120509253 1.15147844308203 343.238031887777 129.006028695687 81.9369397696225 0.838192617614996 0.863598131194375 0.865678970534377
58.05 -1.88373754265323 -4.21469879413483 9.06689880957628 37.5476161195897 6.65962783267488 1.39129243083489 342.514228698999 128.705425826119 82.5032457926602 0.838629527347024 0.863864280991671 0.865860360042119
58.08 -1.91395440556778 -4.06209776638302 9.13357166055225 38.1714804618292 6.20511543108678 1.51323189004148 341.862805829099 128.794883243507 82.6529212133942 0.838770254080473 0.864103815809237 0.8657768266891
58.094 -1.95341986588991 -3.93068249677139 9.22051194551631 38.8940270721349 5.99681762843612 1.62450412088466 341.096525246189 128.695394919156 83.2076290920548 0.839149400165953 0.864072339409816 0.866071618183915
58.108 -1.98379125153145 -3.83425583530531 9.29438884773592 39.5641663496542 6.04522746864594 1.70098500650612 340.28687272157 128.24585542724 83.5868661828493 0.83911166933505 0.864537579632559 0.866090419282257
58.14 -2.00214722712446 -3.75417559822559 9.37757756458586 39.7917191803376 6.07352914926227 1.65073383409978 339.438185449413 128.321269884516 83.6881795645644 0.839456673895072 0.864462726850806 0.866476903653763
58.154 -2.05517919325479 -3.63493760955476 9.45669707787215 39.4583487890214 5.95701592899253 1.66657648122416 338.734366904472 128.689142896065 83.599361608108 0.839388215691258 0.864765740726906 0.86645517620512
58.169 -2.1009327363698 -3.51427574633488 9.5156942707197 38.9346513146994 5.95368074830702 2.07625471096434 337.740930214025 128.540228606458 83.5194254472972 0.839705565615659 0.864668071835718 0.866805184884339
58.198 -2.15192716643765 -3.35342663239475 9.55741927342678 38.6251556488784 6.41938137576639 2.59916359101294 337.086837192622 128.766205745812 83.6874829025675 0.839358825768743 0.864950551213326 0.866627169047098
58.213 -2.17429910891254 -3.21985532383057 9.59640829548596 39.13515916796 7.37362644429662 2.87054494183531 336.97815347336 128.729585171231 83.8387346123107 0.839805137760794 0.864710666012698 0.86695997844212
58.228 -2.19180023783147 -3.11640054172217 9.63078020321153 39.5475974496373 8.19656914337841 2.90868128734644 335.920338126024 128.936626654108 83.7348611510796 0.8395752124786 0.864865562328161 0.866766483249101
58.258 -2.20808996063798 -2.98851546811407 9.65692642605444 39.195891139788 8.54714123667416 3.03613376929882 334.968304313422 129.002963988697 83.7613750359717 0.839621370698892 0.864634176016049 0.866839121485371
58.272 -2.23047199221548 -2.83954094499957 9.67147985049612 38.7549279800077 8.7206713878159 3.11038298778878 334.71147388208 129.182667589828 83.5452375323745 0.839409822122888 0.864549663595947 0.866410379257538
58.288 -2.25420714353409 -2.64261608109425 9.72055081381077 38.8412672430757 9.07074165361446 2.93980270427708 334.120326493872 129.464400830845 83.2307137791371 0.839219428404485 0.864349867157057 0.866395304248518
58.317 -2.26048529983956 -2.54403323637441 9.75633493531055 39.4663008241116 9.34458351878737 2.92444838804784 333.468293844484 129.71796074776 83.0676424012234 0.839048074057922 0.864293785622854 0.866258276474859
58.331 -2.29390837706385 -2.43579592740829 9.78931874753511 39.3219608180363 9.11165188446588 3.21673637367054 332.821464460036 129.766164672984 83.460878161101 0.838767083366779 0.864119576981272 0.866011354008876
58.348 -2.32787973246507 -2.33018220457103 9.80487844993004 38.6332761866144 8.66766226853838 3.80956655309738 332.179318014032 129.869548205686 83.5147903449909 0.838640963523987 0.863962789203849 0.865912721259181
58.377 -2.37581189776837 -2.14367135160565 9.84713373466726 38.1577348274949 8.31310978214256 4.30723585198612 331.421386212629 129.782593385117 83.5033113104918 0.838400683886238 0.863821680204169 0.865576619053967
58.392 -2.42613346849721 -2.03883894497215 9.86355580584165 38.4175338638294 8.30698964362296 4.58719928968827 330.919247591366 129.404334046606 83.3129801794427 0.838311203991499 0.86344679584198 0.865521459799764
58.407 -2.48177780635513 -1.9303041358059 9.86079817142447 38.5750171186678 8.67934411437517 4.96359386453624 330.22732283223 129.663900641945 83.1416821614984 0.838103900306999 0.863481021439284 0.865224483740492
58.437 -2.51713336045167 -1.78012993269551 9.88148019128764 38.72362227703 9.30835626782315 5.3580741727391 329.244590549007 130.25751057775 83.1075139453485 0.838044098770185 0.863264215573259 0.865204538017635
58.452 -2.54195031405647 -1.65269444882919 9.9146387822663 38.839046308869 9.81797865630801 5.58638889286977 328.180131494106 130.491759519975 83.0167625508137 0.837990277387052 0.863069090293836 0.865186586867065
58.468 -2.56027530027472 -1.52399643510624 9.94136900728064 38.4833859527913 9.92244033266194 5.97813168297211 328.062118344695 130.702583567978 83.2950862957323 0.837815066362996 0.863017351185156 0.865170430831552
58.5 -2.58101747983435 -1.38829634860198 9.95010333381698 37.9419175865198 9.72866958183849 6.44825744597261 327.055906510226 131.07232521118 83.4855776661591 0.837910768912389 0.863094521248143 0.86515589039959
58.515 -2.61189588207369 -1.24431918025053 9.96167526056712 37.8713899500052 9.45198582976152 6.66602712122267 326.810315859203 131.585092690062 82.8770198995432 0.837996901206843 0.863287571774522 0.865266264276364
58.529 -2.65812180309026 -1.10803596416148 9.96909726926993 38.2415028634017 9.24342846815941 6.73301219535995 325.809284273283 131.866583421056 82.5093179095889 0.838074420271851 0.863461317248263 0.865365600765461
58.561 -2.68482120515581 -0.972572090378693 9.97565729560832 38.5188792946187 9.25954363661065 6.75971097582395 325.088355845955 131.93992507895 82.35838611863 0.838270657712817 0.863494090704939 0.865578327250095
58.576 -2.67383548928805 -0.837187220589481 9.98293804355603 38.4448539605767 9.22671904394195 6.82114445839423 324.979520261359 132.305932571055 82.162547506767 0.838447271409687 0.863647184285638 0.865646457441818
58.59 -2.68070774060644 -0.680086216273453 9.99439880157836 38.2377731446717 8.7406883609218 7.09551856217313 323.741568235223 132.81533931395 82.1662927560903 0.838732544283288 0.863784968508268 0.866077337997368
58.621 -2.72154883845589 -0.534086472638738 10.0059106311678 38.4888049905099 8.03532181490596 7.36611937771154 322.687411411701 132.613805382555 82.2296634804813 0.838736499040652 0.864155758218621 0.866095567114364
58.635 -2.75387655768342 -0.420463651581071 10.0162712777984 38.9208405219932 7.48904154181231 7.28065247810833 321.798670270531 132.492424844299 82.1066971324331 0.839119020630114 0.864119087578261 0.866358484566653
58.65 -2.76184268361522 -0.314132973697897 10.0299054186343 38.7432602865878 6.86380150976848 6.94037348983948 320.998803243478 132.863182359869 81.5160274191898 0.839084327752795 0.864456465381615 0.866348599026721
58.681 -2.77445898860269 -0.139725975823804 10.0704875887154 38.0292396014405 5.86902441222675 6.86236667520668 320.33892291913 133.496864123882 81.1644246772708 0.839432066471043 0.864513321494647 0.86670926542378
58.694 -2.79706642397857 -0.0114302509716789 10.0930652946876 37.8133385420598 4.74853418474453 6.97154985501425 319.925030627217 133.767177711494 81.2679822095438 0.839112676538588 0.864811275906362 0.866664301798136
58.711 -2.8460238221462 0.105891405908021 10.1015938100797 37.8816230084645 3.99658152962886 6.88584525119222 319.792527564495 134.250459940345 81.3611839885894 0.839457580378256 0.864709053497228 0.866993397918053
58.739 -2.87727649001856 0.211540752084034 10.1031642416938 37.8407889518929 3.93051116292551 6.62779507721803 319.313274808046 134.32541394631 81.2050655897305 0.839389031526123 0.864987434708685 0.866796560777441
58.754 -2.891098537939 0.348403990356008 10.1056549960217 37.280374178841 4.27639134434289 6.30318350842753 318.221947327241 134.572872551679 80.8845590307574 0.83958012838808 0.86486759641932 0.866866191260877
58.77 -2.89456013342489 0.486963647682559 10.1081360471703 36.7332527914912 4.61669114120631 6.06828500491302 317.419752594517 134.495585296511 80.7761031276817 0.839372704043158 0.865006799694121 0.866558477316292
58.801 -2.89564049989655 0.587306336831234 10.0952256941012 36.4713778940215 4.74128156907041 5.95611299297134 316.937777335065 134.78602676686 80.7984928149135 0.839439113106994 0.864761289645413 0.866528592501396
58.814 -2.89433834031827 0.693117209915384 10.0752865216027 36.0349271275201 4.70226791598016 5.99485283871237 316.323999601559 134.027424090174 80.6386435334222 0.83924579029018 0.864787663332065 0.866378235902449
58.83 -2.89424378641492 0.829287852624712 10.0419584996304 35.3375412849971 4.67249913964932 6.05567289835258 315.951599641403 134.484681681157 80.4347791800799 0.838945027975811 0.864440193276761 0.866242914963397
58.86 -2.91576634914916 0.989669804972104 10.0133400040985 34.8320314313066 4.85868434018821 5.96155599019672 314.596439677263 134.836213513041 80.4313012620719 0.838801113672116 0.864375079130588 0.866121126118251
58.874 -2.93358042601861 1.10211084354075 9.9753728936423 34.8724924103133 5.38655636418465 5.80509504766559 313.976795709536 134.672592161737 80.6681711358648 0.83867159079879 0.864192741138233 0.86576418342713
58.89 -2.93590629187927 1.21719413460629 9.95119833621166 34.7066172150835 6.03568698730817 5.70321149709751 313.359116138583 134.945332945563 80.3413540222783 0.838555020212796 0.863904763302313 0.86569026773561
58.921 -2.95410057384705 1.35285139198307 9.91794907754167 34.1687799210561 6.44127859392087 5.63747050005951 312.923204524724 134.710799651007 79.8072186200505 0.83806933534893 0.863769456892786 0.865376410882753
58.936 -2.96951774786951 1.49194176300052 9.89239409898672 33.7938866617749 6.57883012384176 5.70349444241997 312.110884072252 134.319719685906 79.3864967580454 0.838012990307923 0.863399794861735 0.865341272445671
58.951 -2.97926322249509 1.60425426337436 9.87011292578239 33.8083911253684 6.49957306565606 5.84077858596424 311.619795665027 134.327747717316 79.3678470822409 0.83783550799178 0.863314985296266 0.865309647852297
58.981 -2.99509703780357 1.73221043741686 9.86849515737407 33.6832772036713 6.24579896519732 6.01853278843652 311.057816098524 134.574972945584 79.1110623740168 0.837675773907251 0.863114783044542 0.86528118571826
58.994 -3.01934326587746 1.83881171938166 9.85698352844697 33.5241097886476 5.8654938778379 6.28003828821882 309.892034488672 134.497475651026 78.9399561366151 0.837785405702219 0.86318220992159 0.865255569797627
59.011 -3.05624832718339 1.93271780368434 9.84422886304123 33.344981252531 5.54841013890907 6.36806499374808 309.502831039805 134.367728085923 78.9659605229536 0.83788407431769 0.863242894110934 0.865232515469058
59.039 -3.09419143803805 2.03752413114977 9.85399819551763 32.9906357990336 5.43708057539984 6.28622032643434 308.792547935824 134.250955277331 78.1493644706582 0.837846255379806 0.863421107351033 0.865458550483332
59.054 -3.08721982784173 2.13406447220807 9.86141396587065 32.4312668756188 5.43383053312703 6.16675859913442 308.093293142242 134.325859749598 77.8344280235924 0.837938839027518 0.863581499267123 0.865415198086192
59.071 -3.08657174718768 2.24112192078499 9.87557002030287 31.6324149972172 5.38892076225708 5.99664762471716 307.943963828018 134.393273774638 77.5509852212332 0.838148634592918 0.863725851991604 0.865376180928766
59.101 -3.10017411779515 2.32927347973646 9.87268833031482 30.9394025051291 5.20041036542068 5.86873858743628 307.329567445216 134.693946397174 77.5358866991099 0.838463771148195 0.863855769443636 0.865587849397069
59.114 -3.12378872219758 2.40801133294995 9.84992364385927 30.2118744683566 4.94601818384045 5.70094869815831 306.056610700694 135.084551757457 77.2822980291989 0.838494603219068 0.864219479060453 0.865655027374096
59.13 -3.15419966683421 2.50431380492534 9.82835806017402 29.233435113124 4.86973697614342 5.4346706222356 305.990949630625 135.436096581711 77.294068226279 0.838901314390689 0.8643000338056 0.865961998800411
59.161 -3.15828591619998 2.59972485740858 9.79871382062391 28.3161984720406 5.06520602662069 5.28051653711128 305.151854667562 135.81248692354 76.5246614036511 0.839014862419771 0.864742504588765 0.865991761837103
59.174 -3.14460557134512 2.68834813392053 9.77574503789623 27.4815251897221 5.35334191250824 5.04559465439252 304.816669200806 135.371238231186 76.252195263286 0.83949557074672 0.864647159311392 0.866265059817118
59.189 -3.13127573816385 2.75212779005667 9.72730032536638 26.4578001516659 5.33174817927268 4.75706572330441 304.335002280726 135.874114408067 75.4669757369574 0.839549693140199 0.864808406296986 0.866387840396586
59.22 -3.1386120601452 2.86459611380369 9.69303750932144 25.0295773884077 4.90391687279579 4.74242785326405 303.781502052653 135.966702967261 75.1202781632616 0.839850895319707 0.86470647084879 0.866621530520653
59.235 -3.14515490686505 2.97090529076103 9.65160660690004 24.0228028556738 4.51199846795896 4.76360491526589 303.463351847388 135.630032670535 74.5082503469355 0.839743014973429 0.865108297927636 0.86646188011978
59.25 -3.14990621229061 3.04892631773809 9.60156969498933 23.4556370739232 4.50507343032337 4.32312228633472 303.297016662649 135.927029403481 74.3174253122419 0.839898713490655 0.864976373316375 0.866688166271527
59.281 -3.15065093117996 3.12620813016289 9.55551890377409 22.8383176413401 4.67899356820706 3.8305047141898 302.967314996384 135.894326463133 73.8456827810177 0.839659430635475 0.865228022545917 0.866398254825877
59.295 -3.14150496075788 3.19899393049651 9.51185856918281 22.1476156481984 4.78361329535582 3.71844660918303 302.850583496746 136.28489381682 73.961114502916 0.839697167040079 0.86496039021203 0.866630903507014
59.311 -3.13447068706369 3.28108099336422 9.47477889054822 21.5351441597145 4.71441227116375 3.63591492536396 302.265525147071 136.516404435138 73.7050030526244 0.839478038829957 0.86496685384202 0.866346718337816
59.34 -3.1439415804316 3.35986748249826 9.45116355413622 21.0098740185522 4.51625348679547 3.34484251679703 301.438972632364 136.304763991624 73.1745027473619 0.839280823440847 0.864849073639321 0.866461333065214
59.355 -3.15342306421125 3.43586298446205 9.41871685738349 20.714993486926 4.27302508468081 3.0828773490868 300.935075369128 136.594287592462 72.3370524726258 0.838976557811411 0.864743071456891 0.866317702409886
59.371 -3.14711233966879 3.50497719604087 9.38664179106043 20.7610513901418 4.00602791972418 2.80817740043766 300.541567832215 136.554858833215 72.2433472253632 0.83870271874492 0.864647669492705 0.8660648373504
59.401 -3.13143689328431 3.54395622871798 9.38033959620731 20.7360912892955 3.57565413538535 2.23270317184427 300.307411048993 136.399372949894 72.2790125028269 0.83870965605612 0.864438072464139 0.866084316532093
59.415 -3.15264347994922 3.59639535125328 9.36610839384977 20.0189707099843 2.75854673711399 1.86057789282779 300.036669944094 136.319435654904 72.4911112525442 0.838462507165158 0.864373170399227 0.865731054799588
59.43 -3.18232375208675 3.65819517770022 9.35695145384834 19.0254705855508 1.83841725424228 1.87910025621676 300.033002949685 136.487492089414 72.3220001272898 0.838493465634335 0.863943137017532 0.865536854501132
59.461 -3.21286671600466 3.72740211485574 9.33679900637 18.3526945193621 1.33396484179516 1.9003505359386 299.189702654716 136.878742880473 72.7698001145608 0.83826793578555 0.863927728497282 0.865238338971723
59.474 -3.21653307594411 3.78519922255351 9.31237708989437 18.1128449147541 1.45553018967671 1.61565899379512 298.730732389245 136.930868592425 72.8728201031047 0.838191730700881 0.863542239305781 0.865093410256053
59.488 -3.20145730779367 3.8134541549582 9.27722922084024 17.751942102668 1.8031069417014 1.19989462113317 298.85765915032 136.797781733183 72.7855380927942 0.838249766816485 0.863443185295908 0.864962974411951
59.519 -3.18992418592391 3.87126517638254 9.24822980568371 16.9156791901111 1.88386494982134 0.993645617035116 298.491893235288 136.318003559865 72.5869842835148 0.83830199932053 0.863354036687021 0.864969179621949
59.533 -3.17804798971311 3.93257263014932 9.21638415818418 16.0760196680466 1.72372272964837 1.00496807823237 298.102703911759 136.306203203878 72.4682858551633 0.838222387882362 0.863521135669512 0.865098224576487
59.549 -3.15293434999015 4.0073818210681 9.19490576891606 15.5875016707076 1.56127412080567 0.92737203376791 297.992433520583 136.53558288349 72.721457269647 0.838150737588012 0.863424192023265 0.865214365035572
59.576 -3.13446208007598 4.03448749577281 9.17162471808646 15.1501255494384 1.42041388429762 0.627764601383485 297.293190168525 136.502024595141 72.3493115426823 0.838212873014903 0.863460678002441 0.865195431183207
59.59 -3.13657165915487 4.07821577485154 9.1540236514597 14.1679374219754 1.16615875540984 0.446667530558114 297.263871151673 136.471822135627 72.3743803884141 0.838395265181564 0.86374057311893 0.86530185098162
59.607 -3.13422056452081 4.13684455480352 9.14111562148829 13.254960473671 0.94343600963985 0.624901540861081 297.357484036505 136.564639922064 72.2769423495727 0.838559418131559 0.86386901845823 0.865520952444638
59.636 -3.13425935878437 4.18721625738896 9.13111449101061 12.7172506858459 0.967413019362888 0.614319783721538 297.501735632855 136.708175929858 71.7692481146154 0.838833476332973 0.86386102179391 0.865841331363899
59.667 -3.13495269036962 4.21381614387236 9.11517024772009 12.2852202737499 1.10425950368614 0.402506125960071 297.211562069569 136.657358336872 71.4923233031539 0.838827337885368 0.864224206175699 0.865883161144243
59.669 -3.12713712409144 4.24074881476344 9.10345409575082 11.4895226738558 1.16024576705799 0.350805131684675 297.190405862612 136.611622503185 71.4830909728385 0.839200775590358 0.864304288209322 0.866167319193543
59.698 -3.13063759167497 4.29701064707799 9.10224688884297 10.4573642996 1.20223645752776 0.393587213936055 297.051365276351 136.810460252866 71.7147818755547 0.839031286525208 0.864746333552115 0.866176550190922
59.713 -3.13049600028549 4.31801806701985 9.09421727213275 9.67116985437281 1.37132578887422 0.364915515443212 297.046228748716 136.98941422758 71.9233036879992 0.839384329366214 0.864774202848096 0.866554421471561
59.731 -3.12270710620482 4.3375232709685 9.08417737322758 8.86893836511874 1.52045275197153 0.223843811227135 297.221605873844 136.610472804822 71.6909733191993 0.839323105615286 0.865046069124467 0.866524942241139
59.76 -3.11749277490258 4.34753625034443 9.06718076322416 8.01334223853053 1.45237694242323 0.167108285066254 297.07944528646 136.80942552434 71.6618759872793 0.839646966547284 0.864920367393523 0.866867974316756
59.774 -3.1191445050646 4.37049413119988 9.04931003797596 7.03872557192938 1.33767359932595 0.100779135948942 296.891500757814 136.928482971906 71.5756883885514 0.839559479078249 0.865300804817895 0.866683679536274
59.788 -3.12428220433078 4.39869797583136 9.04082802786123 6.02950950328606 1.36344822412618 -0.018459082989464 296.962350682033 137.395634674715 71.4981195496963 0.839733531184993 0.865149629517608 0.866764598143826
59.819 -3.12022717287018 4.41779662688714 9.02445531952701 5.08304710257578 1.48435531011051 -0.093712411331739 296.906115613829 137.696071207244 71.9083075947267 0.839383994781143 0.865260629482581 0.866343308250148
59.833 -3.11927110692746 4.43049632477887 9.00558990003158 4.26329201063881 1.57332435925213 -0.0881579640916949 297.155504052446 137.426464086519 71.977476835254 0.839322804488721 0.864989736455027 0.866581451588858
59.849 -3.12481514281827 4.45377731592769 8.97957295562169 3.52703914545279 1.68774764851775 -0.105296366155808 296.359953647202 137.363817677867 72.3397291517286 0.839141112533735 0.864993265460717 0.866302211611475
59.88 -3.12633318603156 4.47365284208639 8.96094610439546 2.86899171945713 1.9136293722156 -0.228354515799769 296.543958282482 137.727435910081 72.0057562365558 0.838977589774247 0.86474910883535 0.86617449310152
59.894 -3.10872538298474 4.48860788563654 8.94376289379722 2.24545132613737 2.06883132049022 -0.374221354296128 296.349562454233 137.334692319073 71.4651806129002 0.838830419290708 0.864653103133317 0.866059546442561
59.911 -3.10347268053984 4.4933884640315 8.92165413676613 1.59495199505035 1.97645200523509 -0.465806852454302 296.53460620881 137.701223087165 71.4586625516102 0.838697965855523 0.864566698001488 0.86570876171901
59.94 -3.11646234752919 4.51079923806597 8.90157667856437 0.962174352797226 1.77193657570395 -0.535256701560016 296.101145587929 137.911100778449 71.4527962964492 0.838578757763856 0.864241324479242 0.865516790728611
59.954 -3.12815304781961 4.51737097708591 8.87422943169793 0.549163024387732 1.72756734561447 -0.658830268045236 296.131031029136 137.439990700604 71.1475166668043 0.83834469870212 0.864196097212821 0.865220281576454
59.97 -3.1299358503756 4.52023292608448 8.84357156802643 0.228597866987127 1.82580297746524 -0.821954874828499 296.157927926223 137.735991630544 70.9927650001238 0.838134045546557 0.863783771149767 0.865077158600311
60.001 -3.12986443311606 4.52639997924019 8.82256356283511 -0.0385367288718913 1.88749748887902 -0.886324272841832 295.5821351336 137.642392467489 71.0934885001115 0.837944457706551 0.863660563955494 0.864948347921783
60.015 -3.12986000064582 4.54170670143946 8.80365635816293 -0.243843361328214 1.91477827434226 -0.908378868458412 295.18392162024 136.83815322074 71.1841396501003 0.837773828650545 0.863425803837847 0.864956015780798
60.03 -3.12249383643481 4.52974508433507 8.78807639358077 -0.275947574813713 1.98436914919811 -1.05265548542936 295.065529458216 136.834337898666 71.1457256850903 0.837747034279376 0.863338393374767 0.86483931938422
