119.661 -1.37060747582518 8.84526709165734 -2.94357416939266 -5.27410423140209 -2.44395644417843 -0.980656540233443 238.312681050609 119.967995073076 -64.1035603444502 0.838427098093629 0.864057339147988 0.865895684554033
119.673 -1.37354766761187 8.85084467631485 -2.93131356756265 -5.28257167085731 -2.60414095243234 -0.865033634301702 238.241412945548 120.571195565769 -64.1732043100052 0.838588067752418 0.864154107884382 0.866178590262355
119.706 -1.37523616047135 8.85670249612843 -2.90591380584575 -5.36347480911509 -2.74372685718911 -0.74494248461199 237.937271650993 120.154076009192 -64.2358838790047 0.838606470162869 0.864487983657124 0.866186694152853
119.721 -1.37071045063225 8.85868254558785 -2.88844099272791 -5.40040977095167 -2.86630073635569 -0.637623808669875 237.603544485894 120.198668408273 -63.8722954911042 0.839128017715508 0.864541687942604 0.866686468278336
119.751 -1.36837310632128 8.86052438548097 -2.8684657451168 -5.39090314500154 -3.00944165508654 -0.589128603375406 237.003190037305 120.418801567445 -63.6050659419938 0.839218895412108 0.864836805709524 0.866767108011682
119.765 -1.36423442697578 8.86679095862111 -2.85192454188961 -5.33425557859299 -3.18101657354735 -0.601971468228705 237.182871033574 120.616921410701 -63.0045593477944 0.839553177364425 0.864855627789765 0.867208840751283
119.781 -1.36434033455896 8.86937825832784 -2.83955136832504 -5.19930330317644 -3.3713118627575 -0.624980428276064 237.044583930217 120.495229269631 -62.764103413015 0.839475068813675 0.865242539174513 0.866990459327347
119.795 -1.36335826166672 8.87428060430903 -2.82147233394004 -5.09922030110307 -3.58608907342831 -0.608283912166015 236.920125537195 120.745706342668 -62.1876930717135 0.839783733425835 0.865097190438565 0.867163887558338
119.826 -1.35966121180239 8.88701257042842 -2.80137048399941 -5.07632117175612 -3.83740383020762 -0.550508956063917 236.388112983476 120.671135708401 -61.7289237645421 0.839555948577137 0.865336757955888 0.866950001453697
119.841 -1.35573531708165 8.89643619894466 -2.7781312665626 -5.01601729885532 -4.08648787466777 -0.493167984121648 236.629301685128 120.964022137561 -61.6760313880879 0.839730353733992 0.865058252081004 0.867127475472052
119.856 -1.35226186681727 8.89875243699086 -2.7517093123154 -4.91059877507666 -4.33814443071245 -0.442324468152231 236.546371516615 120.687619923805 -61.0884282492791 0.839507906854479 0.865178389789637 0.86679363310635
119.916 -1.34626272233373 8.89868222411453 -2.72685216377581 -4.81190530978273 -4.64936815558013 -0.362977517520214 236.351734364954 120.438857931424 -60.5595854243512 0.839560795637182 0.864791847088576 0.866740232712448
119.918 -1.34122262220424 8.90376658501607 -2.70118871787553 -4.77956974063652 -5.03252294307556 -0.251107246684223 236.776560928458 120.334972138282 -60.2036268819161 0.83935530456735 0.864815165030911 0.866568712092396
119.932 -1.33758435685195 8.91283164556964 -2.67587697022585 -4.73901734672554 -5.45293477090541 -0.130576674687556 237.038904835613 120.241474924454 -59.5232641937245 0.8391703626045 0.864588818448524 0.866290746064659
119.946 -1.34023556147895 8.91362802508006 -2.65112117093886 -4.69259652808352 -5.85420617931105 -0.0251525950050604 236.675014352051 120.397327432008 -59.390937774352 0.8388771430587 0.864261232881575 0.866287634374927
119.962 -1.34196324081613 8.91578128626223 -2.62614748920875 -4.67448191344311 -6.20466342397536 0.0926298400679648 236.827512916846 120.537594688807 -59.3918439969168 0.838486321917912 0.864090279514122 0.865914040858138
119.976 -1.34633133648092 8.92113099119314 -2.60067842643747 -4.67955280606826 -6.46129631821905 0.21695464232071 236.724761625162 121.023835219927 -58.9126595972252 0.838388278220006 0.863688535220937 0.865701541953827
120.021 -1.34984363768924 8.92540699500962 -2.57440439082345 -4.69480363233167 -6.59684607571012 0.318159941447418 236.752285462645 121.221451697934 -58.4813936375026 0.838173267112655 0.863698586880346 0.865510292939947
120.023 -1.35300470877673 8.93200875156334 -2.5431561638459 -4.71845304009087 -6.60815383455132 0.406191275546951 236.957056916381 121.219306528141 -58.2732542737524 0.838233149587082 0.863460024470214 0.865461766297145
120.035 -1.35375474830555 8.93435898572098 -2.51898318852881 -4.73897414829552 -6.52749112285192 0.496106499137294 236.661351224743 121.457375875327 -57.8459288463771 0.838033651343023 0.863492927204696 0.865294494848933
120.064 -1.35574659353573 8.94114290907881 -2.49932242327243 -4.78034390903849 -6.38161223957436 0.591534017162496 236.155216102269 121.791638287794 -57.5813359617394 0.837980874702607 0.863522539665729 0.865267548015233
120.079 -1.36011301856707 8.95036094696732 -2.47199109399298 -4.84276753340181 -6.17856551943372 0.672075271934796 235.999694492042 122.032474459015 -57.0432023655655 0.837933375726232 0.86342545561986 0.865366756130443
120.094 -1.36212744159821 8.9571607706971 -2.44607608798723 -4.90581902433644 -5.89964026520027 0.721661637871087 236.039725042838 122.189227013113 -56.3788821290089 0.838017247339301 0.863461815239377 0.865332583168592
120.124 -1.36316230753055 8.96100609880927 -2.41562982753141 -4.9152371219028 -5.54555410127566 0.761709214541994 236.255752538554 122.510304311802 -56.320993916108 0.837966111099256 0.863618136366632 0.865301827502926
120.139 -1.36349513702683 8.95387262149671 -2.38948513587019 -4.91607982192626 -5.16657121023206 0.790881804538176 235.610177284698 122.679273880622 -55.9088945244972 0.838173179457482 0.863635227911471 0.865520931313813
120.154 -1.35703107034944 8.95397667328136 -2.35967015194625 -4.94355580919928 -4.78273851668977 0.772862326374435 235.149159556229 122.471346492559 -55.8980050720475 0.838359540979886 0.863774207771517 0.865594801099165
120.185 -1.35127326532408 8.95389074301377 -2.33110085994956 -4.99958190766867 -4.41438832914293 0.68641578839348 235.574243600606 122.164211843304 -55.4082045648428 0.838527266350049 0.863899289645559 0.865784607550429
120.201 -1.34944311992113 8.96793922974755 -2.30024096850417 -5.11870768636745 -4.08439987790803 0.596400163752605 235.476819240545 122.607790658973 -55.4473841083585 0.838551748900736 0.864258647242183 0.865955433356566
120.215 -1.34139149381921 8.98980051154575 -2.27372400895234 -5.18469951315055 -3.79733393591875 0.559660910736124 235.509137316491 122.527011593076 -55.3626456975226 0.83895274550419 0.864335285169158 0.866355416320641
120.246 -1.33839474613254 9.01725678927911 -2.24656673314103 -5.16775627939275 -3.57027229805207 0.580030697525107 235.778223584842 122.934310433768 -54.9263811277704 0.838808059447656 0.864651043213422 0.86634583760531
120.261 -1.33240563715802 9.03963313061487 -2.22445951737697 -5.12120965908706 -3.41706186213999 0.668592513268779 235.720401226357 123.120879390391 -54.1137430149934 0.839183424996418 0.864564844073582 0.86670678014451
120.276 -1.33024762015319 9.06791211567961 -2.20186954889657 -5.15183678478141 -3.35856178279622 0.804023338277779 235.608361103722 123.228791451352 -53.682368713494 0.839142291682469 0.864857646227404 0.866662065046792
120.305 -1.32513307876089 9.09719392123201 -2.17399684924449 -5.2465767704254 -3.38682774192118 0.972475966282062 235.56752499335 123.385912306217 -52.7541318421446 0.839358062528791 0.864874384255857 0.866991384841845
120.322 -1.32142782819299 9.11768178161125 -2.15112605397611 -5.37840764300118 -3.49547321200387 1.13171691927218 235.170772494015 123.167321075595 -52.3987186579302 0.839299465461605 0.865259419993996 0.866794749008853
120.336 -1.32126541684891 9.1379164339555 -2.13760522638001 -5.57415466496061 -3.67340680683402 1.27732385329916 234.693695244613 123.090588968036 -52.1988467921371 0.839625690408971 0.864988647915301 0.866987748271693
120.366 -1.32500982061767 9.15636708868617 -2.11657794386957 -5.81292240457142 -3.90453940859336 1.42211055193871 234.624325720152 123.981530071232 -52.0189621129234 0.839540330553767 0.865115746040504 0.866667878626026
120.381 -1.32407022514114 9.16531123995549 -2.0997483140601 -6.02552329388527 -4.18507783414624 1.54173155781354 234.081893148137 123.823377064109 -51.8570659016311 0.839589976966542 0.864859341357158 0.866996617063155
120.396 -1.32160850463661 9.18132167708665 -2.08077092823743 -6.24281829274102 -4.47954714996826 1.6173293943986 234.433703833323 123.681039357698 -51.351359311468 0.839381567763773 0.864875909872635 0.866799458008033
120.425 -1.32507917968945 9.20800133036187 -2.06333215109133 -6.45212424972646 -4.77892067924624 1.69452775266866 233.850333449991 124.212935421928 -50.7162233803212 0.839320620173088 0.864643488806076 0.866745475123963
120.441 -1.33059698660836 9.23261163967798 -2.04452478055618 -6.60156831330343 -5.04301334414605 1.81591467205828 233.625300104992 123.551641879736 -49.8446010422891 0.839139146649665 0.864558045106971 0.866573430262759
120.456 -1.34065069842039 9.24638117257908 -2.03095003811533 -6.6948465964769 -5.2463455975177 1.98623160179902 233.182770094492 123.556477691762 -49.6601409380602 0.838975820478584 0.864481145777776 0.866294992417986
120.486 -1.35239251334398 9.26068911168714 -2.01334580941214 -6.81391155514982 -5.36369577059036 2.15096722024507 232.784493085043 123.680829922586 -49.2541268442541 0.838955447616419 0.864040314858227 0.86604439835769
120.501 -1.35912942778106 9.27799550187951 -1.99588591900361 -6.95542116299362 -5.37007428513438 2.283962101274 232.906043776539 123.192746930327 -49.0087141598287 0.838683719569426 0.864138786023597 0.865818863703424
120.516 -1.36686859033438 9.29237420105069 -1.9792143378874 -7.07972637493853 -5.25062410852934 2.37999337206263 232.655439398885 123.233472237294 -48.6678427438459 0.838565936106369 0.863732191079465 0.865739479984274
120.546 -1.37413311155378 9.30214272805866 -1.96367122002426 -7.13969266874239 -5.02327162134053 2.45497113409301 232.789895458997 123.390125013565 -48.1210584694613 0.838333159210381 0.863614141892223 0.86554443716735
120.561 -1.3770798696733 9.29728741826549 -1.94447501839384 -7.12190660797502 -4.70262384851945 2.49649692144707 233.090905913097 122.991112512209 -47.6889526225152 0.838250431783229 0.863507897623705 0.865492496101808
120.576 -1.37685891273527 9.29219933195652 -1.91810047931538 -7.13643350442943 -4.34304848656827 2.47509150411152 233.061815321787 123.412001260988 -47.3600573602636 0.838049205319555 0.863536013042837 0.865322151673129
120.606 -1.37857541098811 9.28983477214343 -1.89753570831179 -7.19149244406282 -3.98584287455266 2.40162815522709 232.915633789608 123.430801134889 -47.0640516242373 0.837994873281485 0.863313708016456 0.86529243915701
120.622 -1.37826475490288 9.29770241492421 -1.87818944462859 -7.22806839049623 -3.65901431228824 2.33474778245247 232.784070410648 123.4477210214 -46.7976464618135 0.837945974447222 0.863237507135515 0.865142100422811
120.636 -1.37972095897039 9.31040968579141 -1.86239389188937 -7.18923101709547 -3.37173883525789 2.25318140115379 232.245663369583 123.76294891926 -46.1378818156322 0.838028586188193 0.863416259073156 0.865130393031723
120.667 -1.37917603811837 9.3229834861942 -1.84644209987984 -7.11229264821035 -3.0963970128008 2.14771058928268 231.821097032625 124.106654027334 -45.604093634069 0.837976316063259 0.863453538347343 0.865243316645284
120.681 -1.37982285405293 9.33585611230623 -1.82723722142338 -7.00182674216794 -2.85698631915431 2.02912273646129 231.558987329362 124.055988624601 -45.3636842706621 0.838182363925085 0.863363354433313 0.865591459144481
120.696 -1.37914803372408 9.34780062955461 -1.8103119726392 -6.81080437329466 -2.65220371777323 1.88269901243348 231.503088596426 123.950389762141 -45.2073158435959 0.838367807000728 0.863776305551162 0.865781599791213
120.726 -1.377882290601 9.3555578743384 -1.79376242715827 -6.57094531001099 -2.5190444146982 1.70893292798402 231.212779736783 124.095350785927 -45.1865842592363 0.838534705768807 0.863901177647239 0.865952726373271
120.742 -1.37147588317329 9.35745173290066 -1.77324146770279 -6.35583551183432 -2.52133844651082 1.50750528404058 231.131501763105 124.285815707334 -44.8679258333127 0.838558444377619 0.86438353404624 0.866106740297124
120.756 -1.36295677529038 9.36651838059448 -1.75166014501011 -6.17139699881883 -2.67378475453149 1.2735486487663 230.878351586795 124.3972341366 -44.1611332499814 0.838958771433384 0.864447683292809 0.866368540431137
120.786 -1.35606770491237 9.37713245363733 -1.7252937644889 -5.95960081038733 -2.95297116457453 1.01031592129425 230.530516428115 124.49751072294 -43.7650199249833 0.839066573758197 0.864875389127253 0.866357649304756
120.802 -1.35303985573919 9.38040031026334 -1.7034195265326 -5.67127431713485 -3.32713969697204 0.755085855882379 230.397464785304 124.647759650646 -43.1085179324849 0.839542110951303 0.864890352865721 0.866717410674012
120.816 -1.34827972201769 9.37579962936518 -1.68133851300058 -5.37971940450534 -3.78144862803819 0.53072230846208 230.337718306773 124.842983685582 -42.4576661392364 0.839591579324324 0.865273791742874 0.866671632523344
120.846 -1.34178095532892 9.38404905790815 -1.6606276310418 -5.17075509764259 -4.26055567363132 0.324214963112055 230.343946476096 124.958685317024 -42.1718995253128 0.839888592885419 0.865125317750089 0.866999995570741
120.862 -1.342276705564 9.39590278859195 -1.64504044147736 -4.89413760314551 -4.73221002993231 0.142175146190163 230.409551828486 125.242816785321 -41.9747095727815 0.83977694278257 0.86536207253626 0.86680249866486
120.876 -1.33967027657712 9.39651550884775 -1.6396311005271 -4.54441849931951 -5.16662261472534 0.00811030332687152 229.988596645638 125.618535106789 -41.6772386155034 0.839929248518882 0.865081035203339 0.866994722962099
120.906 -1.33983839982883 9.40275324018954 -1.63009400489776 -4.25104535167763 -5.5881282921841 -0.117128207921846 229.609736981074 125.83668159611 -41.529514753953 0.839686912160879 0.865198894599738 0.866797753317083
120.922 -1.33645826668265 9.41201834051751 -1.62210916867419 -3.99082631269307 -5.9766437072405 -0.261140577969356 229.628763282967 126.393013436499 -41.1565632785577 0.839848220959361 0.864934175060468 0.866743940902108
120.936 -1.33634904108097 9.41646632107147 -1.62761208466199 -3.69174368142377 -6.31714727544775 -0.440370031622802 229.88588695467 126.053712092849 -40.700906950702 0.83961398735731 0.864943260205615 0.8664484519934
120.966 -1.33702885283515 9.43148282067819 -1.6296318029002 -3.39661511480811 -6.61215010515488 -0.648241425407087 229.697298259203 125.688340883564 -40.2308162556318 0.839529797807272 0.864704104105758 0.866306109445253
120.982 -1.33267271971838 9.44242389407912 -1.62618231069765 -2.9393963514189 -6.86238547631879 -0.875783695080119 230.007568433283 125.959506795208 -39.8077346300686 0.83932740652043 0.864488863615886 0.866178001151921
121.026 -1.32504117896679 9.44460942215168 -1.61840907894124 -2.33324297581899 -7.11355150883958 -1.06912135610646 230.346811589954 125.903556115687 -39.6069611670617 0.839018482583037 0.864542479905491 0.865815370957433
121.029 -1.30961352953782 9.43765801667967 -1.6105752005805 -1.64037669350427 -7.48234902971135 -1.1736596021752 230.472130430959 126.393200504118 -39.2462650503556 0.838867222818619 0.864095515573169 0.865736336512883
121.038 -1.29453153344516 9.41978990864574 -1.60621818434859 -1.0251939859859 -8.03564084429746 -1.112782191576 230.344917387863 126.953880453707 -38.80163854532 0.838604317251406 0.863941133936557 0.865665205512787
121.053 -1.28604542254678 9.41777454464274 -1.5996632504314 -0.517331075936933 -8.74734393544024 -0.894633743410768 230.290425649077 126.918492408336 -38.821474690788 0.838494474020151 0.863678316820804 0.865601187612702
121.082 -1.28565037583653 9.44660646899316 -1.5916090185508 -0.00910941872491861 -9.49932709914812 -0.557078766016256 230.181383084169 127.066643167502 -38.7793272217092 0.838268843332786 0.863565655059428 0.865296238772136
121.098 -1.29481178821931 9.46375650629795 -1.59208151475175 0.635312973529253 -10.2066462976303 -0.15251592758257 230.143244775752 127.259978850752 -38.2013944995383 0.838065775714156 0.863464259474189 0.865392577811656
121.112 -1.30904256971308 9.48469815074262 -1.58723952271566 1.30536946243587 -10.7562106755008 0.284109710977214 230.708920298177 127.553980965677 -36.9612550495845 0.83788301485739 0.863496738708273 0.865355822681683
121.144 -1.31903707687523 9.4963630326288 -1.5846175244274 2.03513785970373 -11.1095972415385 0.706080419268806 230.978028268359 127.698582869109 -36.325129544626 0.837971922557344 0.863525970018948 0.865199145595017
121.16 -1.3228247496885 9.50757973382149 -1.57579337574443 2.67895231800817 -11.3413856089877 1.02020520176941 230.920225441523 127.768724582198 -36.2926165901634 0.838051939487302 0.863552278198556 0.865305193952249
121.174 -1.32294163108485 9.52701219012684 -1.56868961170972 3.13624792590201 -11.513353918318 1.21207781136346 231.228202897371 128.071852123979 -36.0233549311471 0.838250425006723 0.863452220299405 0.865523961118204
121.206 -1.32125117481307 9.53654060444546 -1.56002173467571 3.50430252262478 -11.6711788318297 1.32598453404391 231.085382607634 128.404666911581 -35.8410194380324 0.838302591691744 0.863609500920657 0.865720851567564
121.222 -1.31793411463996 9.53823284221868 -1.55240021029795 3.73631501845391 -11.8704731623872 1.39949295086852 231.436844346871 128.824200220423 -36.2769174942291 0.838349541708262 0.863627456010094 0.865898052971987
121.236 -1.31309324405044 9.5305382124768 -1.54667808305935 3.77031710439478 -12.1177769911866 1.38168106036182 231.213159912183 128.78178019838 -35.6492257448062 0.838391796723128 0.864013996970265 0.866057534235969
121.267 -1.31681689531908 9.53755929280993 -1.53673976980194 3.67038463059652 -12.3701214294725 1.24122287798976 231.131843920965 128.863602178542 -35.2043031703256 0.838682617065385 0.864115099924431 0.866324254976097
121.282 -1.32094629625653 9.54076575824329 -1.5375516622294 3.64914769425443 -12.5300558514108 1.03542120087781 231.118659528869 128.757241960688 -35.103872853293 0.838944355373416 0.864452876493168 0.86631779239522
121.295 -1.32310652750887 9.5363492928926 -1.54169409951827 3.59873674162288 -12.5243785105445 0.821192057889266 231.286793575982 128.841517764619 -34.4734855679637 0.839306091329601 0.864633551760585 0.866804456696467
121.326 -1.32840261475584 9.54883460667585 -1.54260910881693 3.53351955601021 -12.3398795907878 0.589454531489652 231.258114218384 128.977365988157 -33.8461370111674 0.839379161664792 0.865042670748251 0.866749973943553
121.342 -1.33017634406395 9.55767718970943 -1.54103840589346 3.56490042483667 -11.9471130057548 0.387760986737633 231.292302796545 128.919629389342 -33.1015233100506 0.83969741699184 0.865040906324619 0.866947450712923
121.356 -1.3242309605006 9.54103510397824 -1.54459274887879 3.62520427548277 -11.4119436899121 0.250511605621122 231.443072516891 129.107666450407 -33.0313709790456 0.839604884478349 0.865286102253337 0.866878668558364
121.386 -1.32079548671159 9.52378271357553 -1.54420035850858 3.50085178686579 -10.8371615346614 0.174315406891071 230.978765265202 129.156899805367 -32.488233881141 0.839900567524041 0.865136397209506 0.867186328002259
121.416 -1.31896051497143 9.51669510307613 -1.54618155156245 3.30954523413341 -10.23970492318 0.167570889102727 231.220888738681 129.62120982483 -32.2994104930269 0.83978771995733 0.865248720405289 0.866970197853226
121.418 -1.31910468993379 9.51241118999752 -1.55257345910075 3.1648502527048 -9.60962756063297 0.189745097902378 231.198799864813 129.799088842347 -31.6494694437242 0.840065119455124 0.864979018285464 0.867145652231629
121.446 -1.31791763774568 9.51094986759811 -1.56107950516227 3.12241102896104 -8.95171823968418 0.236419443073972 231.298919878332 129.959179958112 -30.8245224993518 0.839809196003497 0.864983619108111 0.867057049925199
121.461 -1.31343754475129 9.50053671982756 -1.56741813696339 3.16589511690463 -8.33898916380737 0.317357651438331 231.629027890499 130.103261962301 -30.8020702494166 0.83970548558884 0.864864162378802 0.866853847583872
121.475 -1.30641271184217 9.50738564717952 -1.57036957630737 3.15235904032867 -7.81730398788465 0.466537916828849 231.146125101449 130.172935766071 -30.601863224475 0.839485525523842 0.864756651322425 0.866670965476678
121.506 -1.30062905708252 9.52133080591127 -1.58176471134326 3.15773382331871 -7.45236748222595 0.65270855262688 231.191512591304 130.355642189464 -30.1816769020275 0.83941418215715 0.864536156110887 0.866382774110513
121.521 -1.29494492792456 9.53561723139315 -1.595491921964 3.10989937228455 -7.25522233705679 0.824842277516864 231.232361332174 131.000077970518 -29.9235092118247 0.839223352435321 0.864089824158026 0.866123401880964
121.536 -1.29629356190594 9.55571750318791 -1.6019207680786 3.00119951139197 -7.1823718590763 0.909533622284262 231.449125198956 130.800070173466 -29.1511582906422 0.838797910356871 0.864059746923726 0.865889966874371
121.566 -1.29559197299211 9.57021640106248 -1.60537237327376 2.98199559078712 -7.15573772660379 0.93842758830011 231.404212679061 130.740063156119 -29.056042461578 0.838795328506876 0.863661055889581 0.865803472838127
121.581 -1.29214734678741 9.57267113653607 -1.60770070315372 2.9921929782733 -7.16153799974494 0.907943608096053 231.363791411155 130.686056840507 -29.2104382154202 0.838412688821271 0.863673855482126 0.865478295475018
121.595 -1.28946616809317 9.57224673147011 -1.60943707013999 2.87694314609482 -7.22324679519029 0.842340086981105 232.407412270039 130.637451156457 -28.9893943938782 0.83832200843303 0.863561639854617 0.865432968578709
121.626 -1.28783122206403 9.57180487616368 -1.62338979409523 2.60985951850824 -7.31466257368653 0.819938139351696 232.206671043035 130.893706040811 -29.2104549544904 0.838240396083612 0.86346064578986 0.865392174372032
121.642 -1.29707382474548 9.60067632946528 -1.63522898584354 2.23742318497803 -7.34884517127971 0.805119897935611 232.326003938732 131.54433543673 -28.8694094590413 0.838166944969137 0.863369751131578 0.865231862116331
121.655 -1.30952217299526 9.63516006904682 -1.64995440926923 2.03810834739626 -7.20709042514411 0.753615541729836 232.373403544859 131.229901893057 -28.6224685131372 0.837974067186872 0.863535278669613 0.865087581086201
121.686 -1.31635626064645 9.6667939606712 -1.6641051151166 2.07551888670243 -6.82607603911824 0.698101315801127 232.356063190373 131.366911703751 -28.3402216618235 0.838053869653878 0.863436920723356 0.865204785894314
121.702 -1.31771854078984 9.67778685540608 -1.67935465971913 2.11758531864288 -6.30835393138963 0.697756833075976 232.160456871335 131.310220533376 -27.5461994956411 0.838125691874183 0.863472133832523 0.865433593866062
121.716 -1.32115922733739 9.69127171204076 -1.69475518942135 1.86460541273279 -5.75080098099876 0.779126187936318 231.744411184202 131.499198480038 -27.311579546077 0.838190331872457 0.863503825630774 0.865639521040636
121.746 -1.33000192372138 9.71250604062307 -1.71436174464456 1.46135097832974 -5.14900332564697 0.877549447005281 232.209970065782 131.429278632035 -27.4604215914693 0.838121887179097 0.86377940598443 0.865824855497753
121.762 -1.33706252570273 9.73281408371652 -1.73236677425115 1.13658992629829 -4.45700375644105 0.920328853449791 232.268973059204 131.246350768831 -27.3543794323224 0.838439698475757 0.86390396803718 0.865991656509157
121.776 -1.34150170798887 9.74522555788271 -1.75012754240938 0.979419483286781 -3.69603620522443 0.884784517723133 232.142075753283 131.381715691948 -26.8389414890902 0.838472937813874 0.864139534150195 0.866141777419421
121.806 -1.34028958841374 9.74340731727999 -1.77916063224651 0.883767611293981 -2.91040205035084 0.78485568427143 231.907868177955 131.383544122753 -26.7350473401811 0.838755644047056 0.864104485916678 0.866523125977211
121.822 -1.34105418530891 9.74344679261376 -1.80361447353998 0.719054972301988 -2.14684276134629 0.6361411082107 232.117081360159 131.325189710478 -26.461542606163 0.838757288828043 0.864566511488735 0.866496776296223
121.836 -1.3437773919802 9.74366189728793 -1.82209147471046 0.607454818583239 -1.41918138597502 0.50077127219879 232.245373224143 131.33267073943 -26.5153883455467 0.839137731438766 0.864612362991055 0.866965542207369
121.866 -1.3435348036916 9.73685247025445 -1.846980763595 0.565029947411938 -0.713141109972938 0.40183918314685 232.360835901729 131.579403665487 -26.443849510992 0.839101167480582 0.865023600855674 0.866894950903365
121.911 -1.34325661924758 9.73102324892481 -1.85920577626291 0.550511685495172 -0.0471705104260262 0.284556028190943 232.224752311556 131.561463298938 -26.6194645598928 0.839447222226051 0.86490014595161 0.86720098211276
121.913 -1.34234784842084 9.72027033885776 -1.87206379217681 0.556529219235731 0.590370968097493 0.10877218109704 231.802277080401 131.365316969045 -26.3575181039036 0.839379709189138 0.865036094273182 0.866983386552677
121.927 -1.34649791837231 9.7083182065528 -1.88136151709655 0.574922098838876 1.22599035983736 -0.0585935866309846 231.602049372361 130.52878527214 -26.9017662935132 0.839697909763752 0.864911390027366 0.867280574197141
121.942 -1.3456241475388 9.69558603723419 -1.88775425504296 0.634987140863385 1.88965086583836 -0.168764762319031 231.721844435125 130.555906744926 -27.3315896641619 0.839478707281262 0.865046213941363 0.86705501942862
121.956 -1.34783050300282 9.68765854084109 -1.88279366508707 0.783702167235062 2.55488425253697 -0.280132560896288 231.589659991612 130.820316070434 -27.5984306977457 0.839660836567705 0.864796762467931 0.867098804046938
121.987 -1.34843955828191 9.6674155406083 -1.89520826353655 0.941973171885602 3.24596071277945 -0.436088770455515 231.470693992451 130.69828446339 -27.5985876279711 0.839318569625584 0.864819588872331 0.866891426293437
122.002 -1.35646959298946 9.65039398776818 -1.90177255643033 0.939378908132156 3.98548677890609 -0.661182183486299 230.883624593206 130.708456017051 -28.078728865174 0.839263921848718 0.864592799905802 0.866704786315287
122.03 -1.36393604416338 9.64908063269253 -1.89636781608423 0.984372315028864 4.85716710864907 -0.941628850633852 230.775262133885 130.537610415346 -28.0908559786566 0.838961346378496 0.864264816193125 0.866413212865261
122.044 -1.36826163892765 9.64640220275458 -1.90868194218303 1.24318699192292 5.8813740619063 -1.28410718694451 230.617735920497 129.963849373811 -28.281770380791 0.838689028455296 0.864340837225005 0.866150796760237
122.059 -1.36299686162012 9.64261498693469 -1.91210321768366 1.58146371257796 6.95659543434162 -1.69004761328823 230.775962328447 129.74746443643 -28.6335933427119 0.838697334795459 0.863914037160732 0.866038219735406
122.074 -1.3532307314426 9.63387936333277 -1.91368599102714 1.87980589093848 7.95940917335021 -2.09356193592887 230.738366095602 129.492717992787 -28.6502340084407 0.838451418030562 0.863777803365363 0.865813302943368
122.136 -1.33821629591736 9.62176763396971 -1.90708990722136 2.0231230117683 8.76652169112969 -2.4582515438627 230.944529486042 129.503446193509 -28.7852106075966 0.838356864721392 0.863655192949531 0.865734475300225
122.138 -1.32398504413324 9.62349649114769 -1.90528342571172 2.1009633823472 9.31811379682588 -2.78876226733903 231.010076537438 129.393101574158 -29.1466895468369 0.838144994963902 0.863544843575283 0.865416197690906
122.152 -1.30926155803046 9.61703187087203 -1.90060498815458 2.23743192960866 9.64737111943337 -3.12438985739902 231.009068883694 129.353791416742 -29.7720205921533 0.838207704653204 0.863321655495657 0.865377080573009
122.167 -1.29654911539652 9.61282980912052 -1.90513323397948 2.41750553054092 9.72538209909309 -3.49134018463622 230.768161995325 129.678412275068 -30.5748185329379 0.838010750902533 0.863244659866796 0.865218277697211
122.181 -1.28289327068655 9.60850922292283 -1.91082473979753 2.52537329809752 9.58719503422195 -3.8895344104474 230.971345795792 129.670571047561 -31.2373366796441 0.838086884997973 0.863299099061619 0.865198952578683
122.196 -1.27682794073398 9.60408206009099 -1.91097913133826 2.57588940340227 9.25442972927304 -4.34714585489885 231.094211216213 130.083513942805 -32.0136030116797 0.838028784992061 0.863224359076161 0.865305020237548
122.241 -1.27304508333661 9.59919972917345 -1.91435025287621 2.68318595924525 8.81829973344497 -4.82998852131736 231.384790094592 129.435162548524 -32.7722427105118 0.838229585961006 0.863157093089249 0.865523804774973
122.256 -1.26257762353353 9.5861267182312 -1.92516542213815 2.88051621828256 8.33494304254322 -5.37065379132303 231.526311085133 129.691646293672 -33.3350184394606 0.838283836550598 0.863467346697058 0.865597387214209
122.261 -1.25764603353201 9.57519890663757 -1.92705805961184 3.09093787889705 7.80908232607516 -5.97480978623653 231.233679976619 129.862481664305 -33.3015165955145 0.83845913236369 0.863499517208854 0.865663611409521
122.286 -1.25069369319074 9.56171273408295 -1.93959519741439 3.41543187726689 7.24496798659741 -6.54526773891058 231.090311978957 129.656233497874 -33.7513649359631 0.838490428313014 0.863775528404702 0.865846536829749
122.301 -1.24724977114492 9.54394878641928 -1.94764645228538 3.68915586511272 6.64413531007508 -6.99684783524853 231.081280781062 129.590610148087 -34.0362284423668 0.838771385496281 0.864023938480965 0.866011169707954
122.316 -1.24929776995206 9.5403512748733 -1.95076257583278 3.88130898089152 6.05987445082329 -7.2773157234794 231.013152702956 129.471549133278 -34.3526055981301 0.838897926414805 0.864247507549602 0.865912555388352
122.346 -1.24659199007294 9.52053369575633 -1.96392201122741 4.13592617440542 5.59052822711501 -7.40683605952841 231.49183743266 129.42439421995 -34.8173450383171 0.83939032834225 0.864325259445835 0.866316826149248
122.362 -1.24882547695585 9.50335619593168 -1.96421347919494 4.36737172490381 5.23910899218977 -7.4463051253313 231.622653689394 129.441954797955 -35.0556105344854 0.839454974976176 0.864765207664976 0.866311106451057
122.376 -1.24820199584199 9.48232994447205 -1.96333855566433 4.64971852187908 5.00222099373415 -7.32991888760733 231.800388320455 129.51775931816 -35.3300494810368 0.839765648972086 0.864791189549672 0.866675522105682
122.405 -1.24255318917542 9.45155500742841 -1.96524459877954 4.92444132617972 4.84551034474242 -7.06868272403743 231.900349488409 130.005983386344 -35.7570445329332 0.83966629326057 0.865061357155885 0.866633932811848
122.421 -1.23926491270402 9.41781222259744 -1.97168859326254 5.03505062867625 4.71592114232924 -6.78624193254972 231.690314539568 130.145385047709 -35.7213400796398 0.839829663949082 0.864810391361001 0.866843013694388
122.466 -1.24247052726095 9.39630230160723 -1.97796702817152 5.02314861924374 4.62829849374517 -6.50761773929475 231.681283085611 129.850846542939 -35.9892060716759 0.83959728604806 0.86507863878608 0.866661214976142
122.468 -1.24774979165445 9.38496396445187 -1.98804688842657 5.09106276495296 4.64485795734776 -6.20571092719734 231.67315477705 129.945761888645 -35.9902854645083 0.839893728936781 0.864825944828177 0.866744380039708
122.481 -1.25190257976577 9.37302358302134 -1.9956223761281 5.26668931288514 4.80021948985726 -5.8996436512715 232.505839299345 129.67118569978 -36.7112569180574 0.839528172757752 0.865092636906539 0.86657244468693
122.496 -1.25162979319804 9.34527847188107 -2.01369307594663 5.37284480907754 5.0369914340013 -5.64174035484664 232.475255369411 129.484067129802 -37.0601312262517 0.839579034950128 0.864838543136589 0.866664486779417
122.542 -1.25395804961126 9.31845230773739 -2.02271424076408 5.27754506099422 5.29054419899812 -5.44932204455281 232.62772983247 129.615660416822 -37.6741181036265 0.839371719949001 0.864733594004433 0.866500540752669
122.546 -1.25282131123186 9.28975982888626 -2.03185083575353 5.20093559306273 5.57370351955632 -5.30667991643341 232.524956849223 129.61409437514 -37.5067062932639 0.83905836466875 0.864639139785492 0.866352989328595
122.555 -1.25305520136036 9.26315849504549 -2.054019994503 5.11519317879463 5.85755454164649 -5.22486688662213 232.9124611643 129.972684937626 -38.1960356639375 0.838903116695761 0.864182509465171 0.866220193046928
122.582 -1.25703657840679 9.23772088421892 -2.07618685987509 4.90901737236555 6.10233343862688 -5.15352523612786 233.50121504787 129.335416443863 -38.6964320975438 0.838636621740834 0.863895554796556 0.866100676393429
122.598 -1.26026068784287 9.22224910020987 -2.09667574548945 4.63490952825876 6.3600390260619 -5.04580630030133 233.491093543083 129.781874799477 -39.4467888877894 0.8383967762814 0.863637295594804 0.866116571670819
122.613 -1.26268353454015 9.19970537686491 -2.12283704743586 4.44012086550922 6.6767068791809 -4.89084399088188 233.361984188775 130.303687319529 -40.0021099990104 0.83818091536791 0.863652471216826 0.865760084424441
122.643 -1.26498380653627 9.16858219025264 -2.15176916777315 4.25565076369113 7.02888351950709 -4.75977485896927 233.305785769898 129.993318587576 -40.6818989991094 0.837986640545768 0.863542394015847 0.86568657863319
122.662 -1.26807159798653 9.14781381116268 -2.17972343557378 4.04077271022278 7.39546081641134 -4.66089660971356 232.835207192908 129.413986728819 -40.8737090991985 0.837811793205841 0.863567059795765 0.865496825951374
122.674 -1.26648118451813 9.12984057747683 -2.21098748499125 3.91990154607073 7.74141091797632 -4.53068481133763 233.071686473617 129.432588055937 -41.5863381892786 0.837781202379142 0.863465523736893 0.865326048537739
122.706 -1.26911996324879 9.11133026316787 -2.24499091792676 3.83783505558579 8.02833852846876 -4.32418121570005 233.524517826255 129.089329250343 -41.0277043703508 0.837753670635113 0.863497876544706 0.865295946335158
122.721 -1.27107587921639 9.10143462927662 -2.28104082305944 3.74947139735546 8.22397795806463 -4.06504553687813 233.81206604363 129.020396325309 -42.0849339333157 0.837855512757295 0.86340325881094 0.865392314618376
122.736 -1.27313547850865 9.08965551952889 -2.31869313323244 3.69589830342144 8.35806871187649 -3.76846464731246 233.770859439267 129.138356692778 -42.2564405399841 0.837820549975451 0.863441838111349 0.865479046073271
122.765 -1.27606650758878 9.07666012138459 -2.3562313545085 3.70569778605639 8.43447558114686 -3.46642734288656 233.97377349534 129.1245210235 -42.2907964859857 0.837915704163598 0.863476559481716 0.865680428027124
122.782 -1.28241544278648 9.0478457137078 -2.39528301611575 3.6954333509622 8.43377611463523 -3.19383041012462 234.276396145806 128.99206892115 -43.1617168373871 0.838001342932931 0.863754866450278 0.865861671785592
122.811 -1.28711194973158 9.01814182318419 -2.42695792247384 3.63581367998812 8.37360461004193 -2.95536339964651 233.768756531226 128.812862029035 -43.6455451536484 0.83820488810779 0.864005342721983 0.865901467523766
122.827 -1.29283518058927 8.99362303957793 -2.45893692728456 3.63940788450839 8.29960292766369 -2.76135377723911 233.431880878103 128.411575826132 -44.3209906382836 0.838134987790896 0.864230771366518 0.865937283688123
122.842 -1.29948246296827 8.9720947695862 -2.49454149982253 3.73500908079038 8.24521515398129 -2.63789015524039 233.668692790293 128.230418243518 -44.9888915744552 0.838451489026376 0.8644336571466 0.866339081619042
122.857 -1.31031327083633 8.95397626934267 -2.53604270262348 3.8073096994289 8.22222035614042 -2.54814694124307 233.641823511263 128.067376419167 -44.9900024170097 0.838483549309431 0.86473957799312 0.866331136373871
122.886 -1.32305375905268 8.95233417371944 -2.57506972470427 3.83268559971502 8.27480748083172 -2.44829407917983 233.917641160137 127.74063877725 -45.1710021753087 0.839017388947413 0.86464452537531 0.866693549036215
122.902 -1.33314353380888 8.96216886776717 -2.61216927097926 3.91277581836947 8.44274658007679 -2.39812115981147 233.925877044123 127.446574899525 -45.5739019577779 0.839119329520824 0.865052547001505 0.866773480693774
122.916 -1.34473824042937 8.97401281778245 -2.64992828840038 4.11691808386077 8.71831925031339 -2.46823270795246 234.113289339711 127.361917409572 -45.9965117620001 0.839463568062268 0.864926197482857 0.867091658924128
122.946 -1.35427565162355 8.97760946080889 -2.68899906582255 4.39148581745942 9.07702167642709 -2.60766897914194 234.28196040574 127.165725668615 -46.2568605858001 0.839394420441734 0.865182864295751 0.866884995682908
122.962 -1.35765192614473 8.98743051164573 -2.71991307353931 4.66378761739287 9.45405233321186 -2.79499368428118 234.013764365166 127.289153101754 -46.7911745272201 0.839711149891088 0.865043483047679 0.867192022414349
122.976 -1.35763796901533 8.99297746902608 -2.75449930562935 4.93481343580626 9.75826542050136 -3.0460286669981 233.772387928649 127.280237791578 -47.5120570744981 0.839363851616628 0.865165097659644 0.866975322824107
123.022 -1.35265744390335 8.98947029905828 -2.79029560328449 5.13980537466838 9.93282055784054 -3.37043343388608 234.035149135784 127.032214012421 -48.0408513670483 0.839557466469535 0.864779884171582 0.867027077102876
123.024 -1.35296337004524 8.98272249934655 -2.82197356439464 5.24643552422444 9.9754163646519 -3.74865726606999 234.271634222206 126.568992611178 -48.6367662303434 0.839352308316467 0.864804398405617 0.866826872043782
123.037 -1.35174232896586 8.97617063973171 -2.85640938475877 5.40957823134398 9.93818007169816 -4.15318085244009 234.484470799985 126.512093350061 -49.0530896073091 0.839420756952972 0.86457912848576 0.866646687490597
123.064 -1.35399527111429 8.96895722794971 -2.88596510346367 5.68770437767523 9.8664994691085 -4.57679406490601 234.856023719987 126.760884015055 -49.7277806465782 0.83922926975156 0.864376385557888 0.866360923923039
123.08 -1.35937479816774 8.95342699511445 -2.91064989080102 6.05328508494588 9.7958800565488 -4.95346580345357 235.550421347988 126.504795613549 -50.4550025819204 0.838930159491054 0.864193916922804 0.866227334181928
123.094 -1.36158275320738 8.92418680033323 -2.93885169783298 6.40826191996274 9.75216991348934 -5.25811922310822 235.695379213189 126.154316052194 -50.8695023237283 0.838787732035834 0.863905821508426 0.866107103414929
123.124 -1.3656049822087 8.90194071627769 -2.96058215819952 6.68804641498937 9.75099872366712 -5.51856684278213 235.82584129187 125.718884446975 -51.4825520913555 0.838405851997333 0.863770409278288 0.86575156299414
123.139 -1.37060166486933 8.87880682912868 -2.98786087742291 6.95969978875761 9.82017366046071 -5.7575498531604 236.243257162683 125.626996002277 -52.09429688222 0.838442475983292 0.863648538271163 0.865555311876229
123.154 -1.37671476383955 8.85750749082031 -3.01408766428389 7.27289011522536 9.99082805013983 -5.98255822662299 236.138931446415 125.54429640205 -52.884867193998 0.838095121550045 0.863538854364751 0.865378685870108
123.184 -1.38060046833709 8.84264764521118 -3.04026554870389 7.61659347011504 10.2436536420724 -6.17666881617443 236.165038301774 125.349866761845 -53.5963804745982 0.838036197888926 0.863316265206179 0.865343319934291
123.199 -1.38260121585687 8.8232882380509 -3.06412490768238 7.94882725287453 10.5406623236667 -6.34068132386997 236.548534471596 125.29488008566 -54.1167424271384 0.837983166593919 0.863487141336754 0.865064157861566
123.213 -1.38254638411188 8.79910112261983 -3.08823195007149 8.23638727567868 10.8415579233611 -6.48447578690282 236.893681024437 125.605392077094 -54.5850681844245 0.83806205912022 0.863393597123783 0.865060244726602
123.245 -1.37908530143724 8.76458361900043 -3.10777350878748 8.45396992215661 11.1207609096509 -6.63450149065528 237.624312921993 125.944852869385 -54.7065613659821 0.838006441702083 0.863309407332109 0.865056722905135
123.261 -1.37710757173144 8.73770773848466 -3.12637845828563 8.60017598337606 11.3132649713576 -6.8076925629638 238.101881629794 125.110367582446 -55.2359052293839 0.837956386025761 0.8633573717804 0.865177013531355
123.292 -1.37191588089207 8.709149996405 -3.14988653797892 8.7561889193896 11.4048392375806 -6.97119811582773 238.351693466814 124.659330824202 -55.7723147064455 0.838164426891336 0.863524137253553 0.865285275094953
123.305 -1.37011639838224 8.68135309216245 -3.17421611194897 8.86682956943537 11.4101568405401 -7.10613937294724 238.516524120133 124.313397741782 -56.5550832358009 0.838351663670354 0.863674226179391 0.865382710502191
123.322 -1.37035236863618 8.66190247532902 -3.20036244432707 8.8938870705071 11.3508205457991 -7.21002925244641 239.02487170812 123.642057967603 -57.1395749122208 0.83852017677147 0.863809306212645 0.865593726013152
123.336 -1.37086401678614 8.64535459992746 -3.22814385927241 8.93808614971594 11.2775705522879 -7.30047670888116 239.062384537308 123.577852170843 -57.4856174209988 0.838798159108892 0.863930878242574 0.865906827575562
123.367 -1.37270116475962 8.62549353644961 -3.25368581566085 9.02137677138556 11.2063020466774 -7.41088705326022 239.276146083577 123.340066953759 -57.6170556788989 0.838795552383696 0.86416375333505 0.865942107734739
123.382 -1.37309764326581 8.60971351569039 -3.28206052499595 9.10626199501037 11.1093359641471 -7.50109605785786 239.408531475219 123.186060258383 -58.515350111009 0.839172168638853 0.864249880652738 0.866343423260996
123.396 -1.37183838934572 8.59664865826198 -3.31172776923402 9.18418541382994 10.9319901539919 -7.54029942917132 240.247678327697 123.047454232545 -59.0838150999081 0.83925863124312 0.864574179148644 0.86633504385163
123.426 -1.36645535693352 8.58405238832201 -3.33340047036848 9.20622488771412 10.6395544973713 -7.54886490610151 241.182910494928 123.22270880929 -59.4154335899173 0.839588939612335 0.864495666415282 0.866697065766198
123.457 -1.36484279691384 8.56547325651496 -3.35781401010074 9.18178560504958 10.222927291909 -7.56115398801045 241.424619445435 123.260437928361 -60.0738902309256 0.839633725119253 0.864795386334934 0.866529861840772
123.467 -1.36369076781755 8.54270669639691 -3.38182126532541 9.07124063233088 9.6647567001227 -7.59511492508726 241.702157500891 122.754394135525 -60.606501207833 0.839926524100855 0.864818350352634 0.866995319197463
123.487 -1.36325249147372 8.52281531829164 -3.39774155959975 8.88320053856344 8.98683064843104 -7.65850419593732 242.251941750802 123.198954721973 -61.0258510870497 0.839811080876462 0.86508580187855 0.86692175019445
123.502 -1.36303760771713 8.49443849151009 -3.41889331649683 8.6979339198216 8.25226972099252 -7.73387515038939 242.626747575722 123.239059249775 -61.5232659783447 0.840086144282343 0.8648323916114 0.867225101474736
123.517 -1.3683508828112 8.47123365603095 -3.44086278001316 8.49302602402265 7.53772977179403 -7.80934259718251 242.96407281815 123.155153324798 -61.7309393805103 0.839701346568758 0.86509843901144 0.866881496508765
123.547 -1.37421022011297 8.44921204747742 -3.46326891648633 8.24066998650588 6.88701022972913 -7.86810299395281 243.507665536335 122.959637992318 -62.5178454424592 0.839861211926452 0.864967500291798 0.866819309774622
123.562 -1.38307492274156 8.43394162626849 -3.4809803968775 7.94255718632858 6.33800386324477 -7.90190338158043 243.996898982701 123.023674193086 -63.3460608982133 0.839625679227692 0.864849655444121 0.866639881448353
123.577 -1.38973634545306 8.41834268306303 -3.50230767781505 7.6299808570087 5.92252408760731 -7.8620947228117 243.957209084431 122.841306773778 -63.371454808392 0.839286928019572 0.864619859820413 0.866601856220251
123.606 -1.39459438119203 8.40400437117763 -3.52030513097318 7.27232628275821 5.62034801472445 -7.76138143373664 244.221488175988 123.0971760964 -63.9343093275528 0.839108823711501 0.864413043759076 0.866444173249419
123.62 -1.4004031329799 8.38673044086528 -3.53734080859547 6.87715472318468 5.40411473996956 -7.61577764150801 244.459339358389 122.96745848676 -64.3208783947975 0.838694834505433 0.864226909303873 0.86617866110598
123.636 -1.40401492501333 8.37130368507832 -3.54872248949282 6.42684383101888 5.22935212093443 -7.41832201476179 244.49340542255 122.910712638084 -64.4887905553178 0.838449167769539 0.86405938829419 0.866063297646575
123.682 -1.40822321759195 8.35849697074529 -3.55986381514376 5.9459915089857 5.08733293937534 -7.1909936300795 244.764064880295 122.739641374275 -64.879911499786 0.838101144157667 0.864032354646274 0.865712137802621
123.684 -1.41063401627419 8.34942501796397 -3.57725318321739 5.48421678556804 4.94195842406376 -6.96426067928529 245.547658392266 122.645677236848 -65.4119203498074 0.83791484645655 0.863760415459549 0.865643426673552
123.695 -1.41334242994676 8.34161931884092 -3.59128754182894 5.05258900014101 4.76608319234441 -6.73501018387585 246.252892553039 122.681109513163 -65.6507283148266 0.837620254975977 0.863639543834298 0.865334253926901
123.726 -1.41236825622699 8.329506527887 -3.6104426459453 4.56030719936355 4.52382601814814 -6.47906641739666 246.047603297735 122.952998561847 -65.865655483344 0.837735438664072 0.863530759371573 0.865303331185404
123.742 -1.41280832145436 8.31980216339786 -3.62343254768683 3.99740625041956 4.18747395068447 -6.21436588252722 246.462842967962 123.077698705662 -66.0590899350096 0.837585711512314 0.86343285335512 0.865275500718057
123.756 -1.41625698435744 8.31603621097409 -3.63697895184607 3.41140608339287 3.80078762431831 -5.9753720423661 246.536558671166 122.889928835096 -66.4131809415086 0.837577728854968 0.863344737940312 0.865373913562984
123.786 -1.42313164498008 8.31504105316404 -3.65312114455209 2.8588150933742 3.40009817486358 -5.77936155568675 246.962902804049 122.960935951586 -66.9718628473578 0.837570544463357 0.863512766797474 0.865339024857879
123.802 -1.42883999966618 8.31240953314426 -3.66962434438979 2.32178854586884 3.04253110546882 -5.61287578179746 247.346612523644 122.784842356428 -67.114676562622 0.837690699202714 0.863540395299229 0.865307625023284
123.816 -1.4385863526735 8.31093904949537 -3.6860933207403 1.73235778288501 2.74438486515095 -5.4187637761368 247.21195127128 122.386358120785 -66.6432089063598 0.837798838468135 0.863688858420499 0.865526149082136
123.846 -1.44532300091445 8.3074009917138 -3.70109495248768 1.08202276795529 2.53101508092593 -5.16772709317961 247.450756144152 122.627722308706 -66.9388880157238 0.838022634089473 0.863945935495182 0.865599497090655
123.862 -1.45240351906413 8.30954377370697 -3.71567381077742 0.405881559862047 2.41302807665013 -4.87232842966318 247.245680529737 122.784950077836 -67.3849992141514 0.838097579866219 0.864177304862398 0.865665510298323
123.878 -1.4618884565025 8.308778815129 -3.74214245665433 -0.227073008337899 2.39615274990115 -4.56448489967396 247.061112476763 123.046455070052 -67.5464992927363 0.838543993373124 0.864262077027351 0.865971433432216
123.907 -1.47240011467839 8.31078381478065 -3.76386932541456 -0.808182501397239 2.42142297109424 -4.24086083718748 246.895001229087 122.801809563047 -67.4518493634627 0.838693273503963 0.864708343488341 0.866000253005728
123.922 -1.48060365236674 8.32581634944028 -3.78198698767596 -1.30828028179187 2.44111273505352 -3.88547704354506 247.705501106178 122.461628606742 -67.1266644271164 0.839206140722492 0.864616414321009 0.866395754004886
123.936 -1.48972263083048 8.3372506942631 -3.80559516795194 -1.67592553605543 2.45196329360924 -3.5305171254501 247.65495099556 122.215465746068 -67.0139979844048 0.839162735835936 0.864904059450088 0.866382141521131
123.966 -1.49266246090997 8.34101742323767 -3.82941630644544 -1.99840931832775 2.46401887264526 -3.21257991672188 247.669455896004 121.693919171461 -67.4525981859643 0.839502633745869 0.864792558686582 0.866616401532743
123.982 -1.49788208422662 8.35153018668172 -3.85151374783764 -2.32146914985375 2.49089942812882 -2.95468070367565 247.142510306404 121.404527254315 -67.5473383673679 0.839302958865168 0.865062589379104 0.866580724296202
123.997 -1.50186148540021 8.37314224751184 -3.86876782578215 -2.57939857074624 2.50669498149915 -2.78974698445312 247.388259275763 121.744074528884 -67.8726045306311 0.839628834472178 0.864811500361898 0.866795126030307
124.024 -1.50400641491271 8.38828354339054 -3.88369792224751 -2.70542817932047 2.47968960548664 -2.70237533944293 247.129433348187 122.049667075995 -67.805344077568 0.839416539518846 0.865079636886888 0.866618116078469
124.041 -1.49947251317135 8.39317190581784 -3.89994820524859 -2.79213726978537 2.35767484341126 -2.58633627878108 247.676490013368 121.904700368396 -68.0448096698112 0.839604885581531 0.864826843118904 0.866828778634347
124.054 -1.49754678103833 8.3926632517656 -3.90487695249565 -2.92590064204347 2.12954094685639 -2.38419120052129 247.928841012032 122.014230331556 -67.7803287028301 0.839394985517263 0.864970121723746 0.866648403422105
