34.451 0.0887666097968896 9.52456732576562 -1.77833309280302 -0.951052651901405 2.08149647120403 -2.122557777476 249.668641378593 132.910657615962 -62.9311180853942 0.838335157123783 0.863817248176219 0.865541778017922
34.48 0.0921003775319529 9.53930820213681 -1.78114230490409 -1.01319929510821 2.11227812179355 -2.13701955698031 249.601777240734 133.359591854365 -62.8180062768548 0.838125458126054 0.863690693279302 0.865242770136834
34.495 0.0895342497397428 9.55161731112235 -1.77570987096444 -1.08439844956686 2.14303504243863 -2.14087485319068 249.36159951666 133.223632668929 -62.6562056491693 0.838190121499142 0.863576793872076 0.865220995774344
34.524 0.091773718002644 9.56485033632725 -1.7775843055637 -1.0828288336178 2.20583077483598 -2.14434461978001 249.565439564994 133.161269402036 -62.6905850842524 0.838121697843113 0.863474284405573 0.865201398848102
34.54 0.0963630059986176 9.57735858501264 -1.78088738127869 -0.998210072393428 2.26616372788674 -2.17036817306918 249.568895608495 132.685142461832 -62.5415265758271 0.838186737244494 0.86338202588572 0.865307221880026
34.554 0.0931311946775491 9.5914890480751 -1.78972593788196 -0.956404332329658 2.27542521769348 -2.19836952370119 249.512006047645 132.796628215649 -63.1873739182444 0.838118652013931 0.863546325948341 0.865279002343216
34.569 0.0992606760560848 9.58798570448585 -1.80707788327834 -0.986718097569974 2.28757735241268 -2.1823493652242 249.580805442881 132.896965394084 -63.64863652642 0.83818399599823 0.8636941960047 0.865253604760087
34.617 0.101545037165229 9.59231465173746 -1.8175471054867 -1.19262644048473 2.27714022785844 -2.17861824549568 249.642724898593 133.227268854676 -63.103772873778 0.838369275866559 0.863950739320963 0.865354207200812
34.619 0.104139657022009 9.60614665549682 -1.82649056559995 -1.41611188803931 2.31812849514893 -2.16075642094611 250.058452408734 133.284541969208 -62.9733955864002 0.838536027748054 0.864304951950047 0.865444749397464
34.66 0.107013511241778 9.60446963490563 -1.83765213888462 -1.4867144396934 2.3763919815119 -2.10956627503471 249.83260716786 132.976087772287 -62.6160560277602 0.838559634158942 0.864500419671775 0.865402777108911
34.665 0.114388383252595 9.61325542135404 -1.82908263088682 -1.40140177435001 2.42501232534544 -2.08181575440146 249.869346451074 133.178478995059 -62.7744504249842 0.838959842236575 0.864552880355791 0.865734973561745
34.676 0.120187796792246 9.60518124106556 -1.80898008002119 -1.03301732210585 2.47869429891777 -2.11943570567887 249.842411805967 133.420631095553 -62.4970053824857 0.839067537481069 0.864846878881392 0.865787439122304
34.692 0.110323798596135 9.58720042469826 -1.80190111327121 -0.504524750200609 2.48502334230844 -2.1548203793858 249.93817062537 133.158567985998 -62.3673048442372 0.839542978301887 0.864864693644446 0.866204221509805
34.72 0.0995906939373354 9.55563501861149 -1.79894177730038 -0.0586524278523033 2.51514696227607 -2.19811696740142 249.904353562833 132.802711187398 -62.2505743598134 0.83959235993985 0.865250698443726 0.866209762275557
34.732 0.0962755345045871 9.53596495699692 -1.7880782420798 0.145686097375675 2.54683837291869 -2.25922130119562 250.47391820655 132.482440068658 -62.0255169238321 0.839889295439392 0.865104533780856 0.866461260211727
34.748 0.0759937834208619 9.52963437239953 -1.78045583981549 0.271575502905283 2.55093316158102 -2.35238314054171 250.206526385895 132.134196061792 -62.2429652314489 0.839650954389339 0.865343366963951 0.866317636841747
34.778 0.0676162895380328 9.52369737864102 -1.77102191345341 0.433730929713992 2.60500015076643 -2.37745016999899 250.145873747305 132.240776455613 -61.898668708304 0.839942030443932 0.86506420018826 0.866558347321297
34.793 0.0537917657332602 9.51871323800592 -1.75846122887535 0.634632645902898 2.63839326546078 -2.41985782475482 250.271286372575 132.636698810052 -62.0088018374736 0.839571644114188 0.865307066730614 0.866405015240361
34.808 0.0363218704137489 9.54810545638062 -1.74051270949962 0.924604495816425 2.64401958776966 -2.50306288197399 250.144157735317 132.273028929047 -62.4679216537263 0.839744479717339 0.865031529978257 0.86663698788005
34.838 0.0229333112484173 9.54337397034339 -1.73172120512833 1.27870893173097 2.6651138121988 -2.56878712812774 250.689741961786 132.845726036142 -62.8211294883536 0.839647240931297 0.865154339897164 0.866475791743238
34.854 0.0198618645828327 9.52690526379977 -1.72632277245501 1.36457849657314 2.6421138813606 -2.63251910233786 250.820767765607 132.881153432528 -63.1390165395183 0.83955972602386 0.864894075828152 0.866577499130094
34.868 0.0209282853032375 9.52656831026526 -1.71757359714966 1.16476186828987 2.58324600467492 -2.76621375698957 250.338690989046 132.553038089275 -63.3051148855664 0.83935434191536 0.86478357342684 0.866298654398587
34.901 0.011712706937661 9.55218229604171 -1.7241842694133 0.949049040239508 2.50965422863491 -2.96516490037459 250.144821890142 132.977734280347 -63.4546033970098 0.839042724438473 0.864436512362058 0.866294751875462
34.917 0.0156291147508653 9.56553839962846 -1.72935574773397 0.915976197284259 2.46326895844318 -3.1823888683524 249.550339701128 132.939960852313 -63.8891430573088 0.838889040488511 0.864124157403755 0.866167779339109
34.931 0.00826026421234893 9.58713569034188 -1.74232993295889 1.07170682183064 2.32457565038512 -3.46796677541029 249.375305731015 132.545964767081 -64.1602287515779 0.838497029604743 0.864090646844883 0.865806171325902
34.962 -0.0037586554457615 9.60064759661898 -1.74772192631156 1.34392545262468 2.1654005280947 -3.78300215893796 248.857775157913 132.431368290373 -64.1642058764201 0.838524535829961 0.863936752081098 0.865728056844505
34.976 0.00571517665059536 9.59269703754912 -1.76646108860365 1.63319702949961 2.00305894856767 -4.04515995831134 248.871997642122 132.568231461336 -63.6877852887781 0.838295898961614 0.863921982054491 0.865534156341557
34.992 0.00197134183828088 9.6039170264822 -1.78063286037378 1.86758725021378 1.76611183233686 -4.37957526019013 248.82479787791 132.991408315202 -64.1590067599003 0.838216897559339 0.863661080126945 0.865359645888904
35.022 -0.0106756409974332 9.6257465457578 -1.79841527364671 2.17090486107026 1.5757601910879 -4.61795361203371 249.082318090119 133.552267483682 -63.9231060839103 0.83814579629729 0.863673877295753 0.865202586481516
35.037 -0.0153541609768363 9.61648314377602 -1.82615102251189 2.44465406961972 1.48688646205545 -4.78669260197538 249.374086281107 133.397040735314 -63.8907954755193 0.838081805161447 0.86343778584408 0.865184830484558
35.052 -0.0251313480845951 9.60275915724876 -1.84279335367516 2.40247873899363 1.41911384638426 -4.96909204406792 249.876677652996 132.777336661783 -63.6217159279673 0.838024213139188 0.863349177180377 0.865168850087295
35.081 -0.0324344403843757 9.61536713358321 -1.87656592870804 2.12864307883472 1.40850017166949 -5.08210650378326 250.509009887697 132.879602995604 -64.2795443351706 0.838099001010962 0.863393164643842 0.865277927995299
35.097 -0.0351166453779349 9.6167783610513 -1.91186937879073 1.89898487782148 1.41726847511323 -5.17007905951181 250.838108898927 133.211642696044 -64.2715899016535 0.838292780378017 0.863679811096191 0.865376098112502
35.111 -0.0288516489553996 9.62355507664295 -1.93789638153208 1.6640482221004 1.44119048256374 -5.24467420699574 250.954298009034 133.450478426439 -64.5644309114882 0.838593502354784 0.863690735168074 0.865464451217985
35.141 -0.0316527131547226 9.63294620441567 -1.95216285948299 1.45260523195143 1.41310196865851 -5.27898541225037 251.118868208131 133.245430583796 -64.5279878203394 0.838611361304999 0.86382416430246 0.86542050874738
35.156 -0.0289064271483296 9.63738792354319 -1.96524210957595 1.40123783852728 1.41912001606747 -5.29383496262838 251.506981387318 132.940887525416 -65.0951890383054 0.838880225189068 0.864067710788947 0.865627744433822
35.171 -0.0298465071529276 9.63587876452017 -1.99359330106892 1.41912932185012 1.40621564804851 -5.3484209320144 251.916283248586 133.446798772874 -65.0656701344749 0.838995882138313 0.864286902626786 0.865690932907173
35.202 -0.0579266230830663 9.6397877600164 -2.01701443704174 1.31309425226053 1.35414370156427 -5.41205212125571 252.104654923727 133.722118895587 -65.0991031210274 0.839478488493407 0.86423711754561 0.86599431378018
35.217 -0.0709284437211556 9.64689720270372 -2.03695622663682 1.15354055222532 1.4233094840796 -5.38687744348128 252.574189431355 133.309907006028 -65.3091928089247 0.839534319112218 0.864685879954774 0.866020845318896
35.231 -0.0749686376016321 9.65784463224414 -2.04736208541082 1.15498039013256 1.44433731429759 -5.47567061516369 252.396770488219 133.418916305425 -65.1382735280322 0.839837058694523 0.864719794610489 0.866414287086737
35.263 -0.0977584256912156 9.6618315542126 -2.06905750891167 1.46467319081396 1.42585778134112 -5.81741653074656 252.597093439397 133.877024674883 -65.104446175229 0.839730562010764 0.865120289313166 0.866398821294797
35.276 -0.120124739484628 9.66380368748763 -2.09145642930804 1.87469442135088 1.44586742305433 -6.1532321295803 252.657384095458 134.049322207395 -65.4340015577061 0.840013677303214 0.864987165563352 0.866877382706086
35.303 -0.134747760364389 9.67102542292588 -2.10838328851347 2.37959139142954 1.47456312349699 -6.42493181738563 252.711645685912 133.964389986655 -65.3706014019355 0.839762898066779 0.865360923170742 0.86669214708667
35.318 -0.149704128684678 9.68219369743627 -2.13301470625178 3.08514370266826 1.49886253633813 -6.69083558221195 252.880481117321 133.52795098799 -65.6735412617419 0.840168802829026 0.865080000774372 0.866895406541728
35.332 -0.177709636254976 9.69637512649025 -2.14847920013466 3.81556063011136 1.45279307659745 -6.83549248200602 253.272433005589 133.255155889191 -65.8261871355677 0.839902511040009 0.865321287258114 0.866708368538748
35.349 -0.205189085451249 9.69567100541227 -2.17406897848545 4.56148548313076 1.46400231855602 -6.89774476052298 253.32518970503 133.309640300272 -65.423568422011 0.840042259950578 0.865044328453007 0.866786818246054
35.379 -0.221660592956081 9.69814980330855 -2.19117414747803 5.1763293012299 1.4992814760134 -6.9881229562264 253.132670734527 133.598676270244 -65.7812115798099 0.839788622449406 0.8650423982589 0.866363306342153
35.394 -0.273774640681805 9.7121721413981 -2.20734690244611 5.69152079858782 1.42568920627465 -7.17251676747399 253.679403661074 134.33880864322 -65.6230904218289 0.839560348698351 0.864793328353714 0.86635293862467
35.409 -0.320198443760688 9.73472819691161 -2.20077356054439 6.34450612330919 1.45182257572353 -7.30946356400904 254.231463294967 134.584927778898 -65.420781379646 0.839607993296667 0.864692900699845 0.866220147413396
35.44 -0.358208996561362 9.75885936586791 -2.21832073051382 7.35051352624545 1.52572428761682 -7.56401339081424 254.60831696547 134.686435001008 -65.7187032416814 0.83927101068165 0.864478780550565 0.865977037853559
35.455 -0.393196614838118 9.76782831819714 -2.25194996880277 8.55744690644533 1.59070911076354 -7.95875708990076 254.887485268923 134.837791500907 -66.0468329175133 0.83909449810737 0.864286072416213 0.865881836719397
35.472 -0.421991991033978 9.76303149406785 -2.28724412578449 9.63605336083897 1.63774506991619 -8.2781485564832 255.558736742031 135.394012350817 -66.1621496257619 0.838808865011283 0.864236370356094 0.865548822968161
35.515 -0.433722186414147 9.74686304162152 -2.3179913204143 10.6006922995642 1.67702399803908 -8.70224209778145 255.622863067828 135.114611115735 -66.6859346631858 0.83867856700404 0.863944029598387 0.865496443322538
35.518 -0.462774570281277 9.73548383203334 -2.34177320968176 11.5513100925086 1.63985594938021 -9.45873544525521 256.100576761045 135.283150004161 -66.7373411968672 0.838434527018285 0.864052129289742 0.865078095268187
35.53 -0.51250460341123 9.72476370352971 -2.37353183422445 12.485492060357 1.5674734078773 -10.2838542671419 256.47051908494 135.494835003745 -67.3236070771805 0.83846828350215 0.863902086281472 0.865072788392561
35.557 -0.553909748147851 9.70236639277757 -2.41695865625702 13.3865611749319 1.61912301365446 -10.9829497564582 256.563467176446 135.325351503371 -67.4912463694624 0.838498664337627 0.863767047574029 0.865068012204498
35.572 -0.586086698786252 9.67095612373907 -2.47501683802512 14.1784394085838 1.77858475809054 -11.6274028724155 257.127120458802 135.772816353034 -67.5221217325162 0.838272614618514 0.86364551273733 0.865063713635242
35.588 -0.610496975555271 9.64059194523357 -2.51434052501118 14.7300611165804 1.84042093877003 -12.2272580050213 257.694408412922 136.35553471773 -67.8499095592646 0.838449032624814 0.86378346411479 0.86505984492291
35.618 -0.638152448154315 9.60709906159279 -2.55080923301574 14.9524748522506 1.78538647848082 -12.8648375480306 258.264967571629 136.699981245957 -68.2049186033381 0.838607808830484 0.863907620354504 0.865179823347353
35.632 -0.65556049449756 9.58671184067521 -2.58213468369183 15.017532710537 1.67402340315182 -13.5867507397924 258.898470814466 136.769983121362 -68.5244267430043 0.838750707415587 0.864019360970247 0.865287803929351
35.647 -0.709115982981154 9.55711065248781 -2.62744613864723 15.1028023402466 1.43868213153893 -14.2746405513094 260.06862373302 137.192984809225 -68.2119840687039 0.83887931614218 0.863996330054725 0.865508310097596
35.679 -0.742352152703668 9.54357783659816 -2.66391688923868 15.3726747779777 1.1879436893774 -14.9906879465601 260.461761359718 137.513686328303 -68.9507856618335 0.838995063996114 0.864099199700446 0.865583442004569
35.694 -0.756522832666456 9.49566479323376 -2.70386329597979 15.8850256207906 0.979836343340423 -15.7267336557209 261.595585223746 137.622317695473 -69.4357070956501 0.839225557611071 0.864191782381594 0.866020624103844
35.709 -0.792859332282501 9.44242762146653 -2.76764766550138 16.387362753368 0.742158052517831 -16.5464267023625 262.316026701371 138.020085925925 -70.0521363860851 0.839306681318116 0.864521890704615 0.866044524610192
35.74 -0.859081008898458 9.42228687958355 -2.82517330803938 16.6432829665809 0.461072018258415 -17.2139214367064 263.384424031234 138.078077333333 -70.3069227474766 0.839632184679831 0.864448606815656 0.866312546312898
35.757 -0.93292601603321 9.38458757242354 -2.89119189642489 16.8384966546556 0.283667106508909 -17.6742086823488 264.165981628111 138.0702696 -70.116230472729 0.83967264568 0.864876220297815 0.866183794332802
35.77 -0.964371320885882 9.343774860866 -2.94360558088977 16.9592271418618 0.185834747003056 -18.0510626232742 265.2293834653 138.42324264 -70.3046074254561 0.839961552605527 0.865014561184767 0.866560941199253
35.801 -1.00254817958099 9.30237470784825 -2.99568600561939 16.9755181681336 -0.0907639948728219 -18.5932846052216 266.00644511877 138.440918376 -70.2941466829105 0.83971598583886 0.86526239162747 0.866530809996061
35.817 -1.08155921836575 9.26828696774579 -3.03561520969918 17.0138442139157 -0.388557824393173 -19.2087653050048 266.885800606893 139.1168265384 -70.8247320146194 0.840126581823899 0.865115057646226 0.866873255296186
35.83 -1.16458030706537 9.23120350641433 -3.08657510634706 17.0803987238218 -0.490160057221032 -19.625293354657 267.797220546204 139.48514388456 -71.0622588131575 0.839991132827202 0.865476026045328 0.86656483494807
35.862 -1.25875216870807 9.22446384730122 -3.13357626995246 17.1883893857908 -0.325876875926409 -19.8108556222447 269.217498491583 139.576629496104 -71.0360329318418 0.840248191038009 0.865430926091988 0.866657638014443
35.877 -1.29801700844737 9.16147600444121 -3.18922499061347 17.1519931953033 -0.0291670509291883 -19.928243342463 270.435748642425 139.718966546493 -71.1924296386576 0.840100581119901 0.865513796399523 0.866370779394501
35.891 -1.30911407173609 9.08557346014944 -3.24068549192596 17.067328226918 0.223367974774418 -20.2506861837892 271.652173778183 139.727069891844 -71.2131866747918 0.840094202476062 0.865217586680275 0.866482988016231
35.921 -1.36333430976512 9.04138274087399 -3.28089473471029 16.8247175416308 0.101031177296976 -20.7111137486164 271.966956400364 139.31436290266 -71.7718680073126 0.839835370722342 0.86507473319375 0.866213594396111
35.937 -1.44469365928329 9.00490317726633 -3.35467203102991 16.4056045660937 -0.00601850531821799 -20.9812237478006 273.210260760328 138.822926612394 -72.0346812065814 0.839602422143993 0.864822429795079 0.866218197873233
35.95 -1.48397927391908 8.97243072376699 -3.40233695187407 15.8726776972706 0.279316169641085 -21.1052387776007 274.269234684295 139.160633951154 -72.0912130859232 0.839392768423479 0.864719091997074 0.866098880737103
35.981 -1.49006721593483 8.93608271288321 -3.43589800308559 15.4739595458641 0.604819667180793 -21.3916614647261 275.342311215866 139.344570556039 -72.7420917773309 0.839204080075017 0.864626087978869 0.865744162584097
35.996 -1.54522604838798 8.87691362387639 -3.49136177638543 15.1456475607434 0.694719379852027 -21.7402815777955 276.188080094279 140.230113500435 -73.2078825995978 0.839034260561401 0.864294775458885 0.86579570924242
36.01 -1.57254306461623 8.82850963789256 -3.54277553504144 14.5982583771881 0.803110037286672 -22.0425892978785 277.069272084851 140.787102150392 -73.1470943396381 0.83875465121991 0.864120467833701 0.865471308238883
36.058 -1.6669193505008 8.79218853936819 -3.59892402600141 13.8613333028281 0.776234148061821 -22.2627578490067 277.802344876366 141.228391935352 -73.1523849056743 0.838756395283612 0.863963590971035 0.865303082596497
36.06 -1.72366629827847 8.75040159308518 -3.64053923944436 13.0851236366674 0.986396992797624 -22.5296118350984 279.36211038873 141.925552741817 -73.4571464151069 0.8385045724699 0.863822401794636 0.86527527698804
36.088 -1.77946708311585 8.72087372854595 -3.66871539705815 12.439206692848 1.22439851489191 -22.818635384413 280.285899349857 142.072997467635 -73.2514317735962 0.838404703716796 0.863695331535876 0.86537371220597
36.101 -1.87703314164234 8.6857394234709 -3.7052668328925 11.8884157945556 1.51188232752485 -22.9016573421549 281.657309414871 142.265697720872 -73.2462885962366 0.838441442530809 0.863704703563791 0.865215246166875
36.117 -1.95167447393196 8.65100604203689 -3.74001864157712 11.2797268868557 2.26680096500138 -22.8053847377104 282.351578473384 142.259127948785 -73.4216597366129 0.838474507463421 0.863713138388915 0.865196224201381
36.131 -1.92434056936256 8.59394853628291 -3.74735325183805 10.766258014964 3.04928117384475 -22.6698844318783 282.976420626045 142.013215153906 -72.9794937629516 0.838504265902771 0.863844327201216 0.865302564697976
36.161 -1.96043305699722 8.53367835268331 -3.76682323461476 10.2606245798799 3.14358969768165 -22.5250333932706 283.598778563441 141.731893638516 -72.8815443866565 0.838657518780646 0.863962397132288 0.865398271144912
36.177 -2.05157425199178 8.47524531470197 -3.79200768094393 9.98570716005981 3.12159714012722 -22.3122247104321 284.338900707097 141.538704274664 -73.3333899479908 0.838795446370732 0.864068660070252 0.865360946681614
36.191 -2.0984664159497 8.42941918182186 -3.81353642601787 9.79018987916833 3.33768170092366 -22.0184068195416 284.705010636387 141.544833847198 -72.9600509531917 0.839045901748229 0.86428775697996 0.865574138574632
36.221 -2.14336282588366 8.35914600677322 -3.84338693075495 9.59666707445761 3.48711963770153 -21.6020623207935 285.814509572748 141.850350462478 -73.1640458578726 0.839144991041557 0.864608267843144 0.865642687633902
36.237 -2.18766018072358 8.27602829444734 -3.87324511039064 9.46906143571414 3.6422244678245 -21.1372759360424 286.573058615474 141.88531541623 -73.3476412720853 0.839486663430929 0.864649943710023 0.865950893034237
36.252 -2.24536460923783 8.23192794837052 -3.88994214857643 9.24810949061601 3.73143713554587 -20.4945407088504 287.315752753926 142.216783874607 -73.4528771448768 0.839415206273528 0.8649342359002 0.866105090291993
36.282 -2.27964136261611 8.16488392100478 -3.91269076399527 9.2408557934628 4.07203388000655 -19.7588270959806 287.924177478534 141.855105487146 -74.0875894303891 0.839855880215101 0.864819717491683 0.866367055426519
36.31 -2.28960101537885 8.07904604922901 -3.93250610112419 9.27402212251347 4.30070835460132 -18.8684405695887 289.25175973068 141.709594938432 -74.5988304873502 0.839873971661742 0.864963708659248 0.866479636445047
36.313 -2.30502904116793 7.99784151182625 -3.95111805509869 9.26723059728503 4.41262225196561 -17.9762530011794 289.906583757612 142.478635444589 -74.9989474386152 0.840142745989095 0.864846242974826 0.866827199100274
36.341 -2.30424978130773 7.93571090220857 -3.96541472355732 9.26875181236568 4.63929895806676 -17.1427498384661 290.555925381851 142.75077190013 -75.2990526947537 0.840005680575878 0.865234092841068 0.866646981841439
36.357 -2.31456178838356 7.87063555287822 -3.99049218964763 9.32431937922072 4.72804081798528 -16.1796198927874 291.320332843666 142.455694710117 -75.2691474252783 0.840261284011818 0.865089588738464 0.866977809957027
36.371 -2.34371447337577 7.82409857840094 -4.00911145632435 9.37967370084063 4.72775582015621 -15.048680804272 291.468299559299 142.130125239105 -75.3022326827505 0.839985744104522 0.865453104028343 0.866658934142827
36.402 -2.34193970954039 7.77748674569207 -4.02281618021401 9.49972159793214 4.80994207020166 -13.8819806627761 292.141469603369 141.537112715195 -75.7520094144754 0.840117169708639 0.865162963546213 0.866742327289724
36.417 -2.37044951494591 7.7303287007005 -4.03562927158897 9.72074180455114 4.87474938989905 -12.7479810697809 292.567322643032 141.183401443675 -75.9768084730279 0.839856041231661 0.865149169842784 0.866446999742254
36.431 -2.3909608111625 7.67789066591182 -4.05003409307204 10.0311103721876 4.80025155014579 -11.6731829628028 293.310590378729 141.105061299308 -75.9391276257251 0.839747646294187 0.865013158040009 0.866551586329209
36.461 -2.43635574452684 7.62800297223019 -4.06198090959492 10.195174907488 4.76679128062739 -10.572276880263 294.099531340856 141.514555169377 -76.6252148631526 0.839523470158654 0.86489074741751 0.866398930347481
36.477 -2.44518873220032 7.56855927481491 -4.07494766696306 10.271840622846 4.9030892518013 -9.53642323803824 294.629578206771 141.463099652439 -77.1826933768373 0.839194939857438 0.864780577857262 0.866261539963926
36.491 -2.43386511616718 7.5150001040778 -4.09499744639408 10.1187023620881 5.05247498310972 -8.7323992348451 294.986620386094 141.296789687195 -76.9644240391536 0.839152655057387 0.86455768999224 0.866261348884267
36.519 -2.43025791000853 7.48355624601377 -4.11932705699454 9.7411832709175 4.91516641609645 -7.97900663960487 296.147958347484 141.267110718476 -77.0079816352382 0.838861206266298 0.864480826174519 0.866014119177343
36.535 -2.42581432478008 7.43718054466069 -4.1296118157421 9.25943135603949 4.58929862944864 -7.17957925808713 296.893162512736 141.300399646628 -76.8671834717144 0.83885229482536 0.864040027215295 0.865791612441111
36.55 -2.43456422164777 7.38993575488883 -4.14820547616313 8.74493860211493 4.1723534993282 -6.25551446204941 297.143846261462 141.390359681965 -76.920465124543 0.838590882057474 0.864138527144958 0.865467621117704
36.58 -2.40844145007198 7.33113488836907 -4.1386634205207 8.1368569556439 3.94901127916638 -5.42309278683683 297.009461635316 141.231323713769 -76.7284186120887 0.838482382345612 0.86373195808869 0.865423361657127
36.597 -2.40181008506357 7.29156178191741 -4.13725816855652 7.53691171809477 3.67701091460852 -4.81589801196995 296.948515471784 141.508191342392 -76.8555767508798 0.838511353296743 0.863613932200526 0.865383528142607
36.612 -2.42181894357686 7.29060203393197 -4.12922984048566 6.88245718750667 3.4192334872698 -4.2121708061928 297.373663924606 141.397372208153 -76.6100190757918 0.838410806460955 0.863631444161976 0.86534767797954
36.641 -2.47125081875043 7.28812221193221 -4.12679274396456 6.22474581990104 2.97502006220694 -3.32225143549718 297.516297532145 141.897634987337 -77.1090171682127 0.838446935000552 0.863770802396971 0.865438873098319
36.657 -2.48629083029732 7.29492848668015 -4.11149110361656 5.55723306997201 2.75461729262747 -2.54727820034441 297.524667778931 141.747871488604 -77.3181154513914 0.838352829994382 0.863648892077978 0.86552094870522
36.671 -2.47193439417158 7.26741556126042 -4.12184119789053 5.00532655686793 2.36846854046396 -2.32919160168402 297.892201001038 141.973084339743 -77.1463039062522 0.838521226463095 0.863662908051683 0.865471356485891
36.701 -2.49007835042245 7.20440658150462 -4.13390963585599 4.09945038973076 1.64230870931833 -2.32604343388203 297.862980900934 141.815775905769 -77.471673515627 0.838672783284937 0.863922580163248 0.865673507398482
36.718 -2.50820356057674 7.17654862599088 -4.13585280160389 2.53378015991799 1.19181829640176 -2.11557649507398 297.476682810841 141.914198315192 -77.2845061640643 0.838682714142136 0.864032824798116 0.865732119575367
36.732 -2.50841524702242 7.16374672588569 -4.15047048431887 1.06437160957504 0.959659367524945 -1.73913334938337 297.489014529757 142.122778483673 -77.3560555476579 0.83907061422145 0.864008447499807 0.866031381781556
36.761 -2.52321040483056 7.14761619392212 -4.14842320891249 -0.0138212765732996 0.795754499474741 -1.4789604724603 297.620113076781 142.190500635306 -77.1804499928921 0.839167232267456 0.864480076913552 0.86617753016458
36.777 -2.52126301394467 7.143932503073 -4.14568287204529 -0.804042202351084 0.713888973191389 -1.51656060842038 297.378101769103 142.251450571775 -77.0224049936029 0.839506680534238 0.864534571873389 0.866555303447853
36.791 -2.49395224809555 7.11697440291218 -4.13639307681464 -1.241958592803 0.673034427017288 -1.70765263918139 297.220291592193 142.246305514598 -76.7001644942426 0.839433221666507 0.864953588849776 0.866525736019801
36.822 -2.49672632241167 7.09953560481762 -4.13641195890673 -1.58722838237766 0.363746251491132 -1.85139119205715 297.258262432973 142.421674963138 -76.7101480448184 0.839872094068782 0.864960732615991 0.866868688717553
36.837 -2.51209182283804 7.08168590709831 -4.11859216747315 -1.72621546780402 0.151035748479423 -2.04106123315678 296.812436189676 142.219507466824 -77.1991332403365 0.839762093847596 0.865337133518117 0.866807782762531
36.851 -2.53992683954411 7.0614911971563 -4.10464926771192 -1.51695269964957 0.191657364471176 -2.31100091136782 296.831192570708 142.217556720142 -76.7392199163029 0.840168079031762 0.865182325347808 0.867122530786009
36.881 -2.50733796895182 7.02511999530261 -4.10347312878253 -1.25533376556247 0.576308421917188 -2.40661837748294 297.028073313638 141.795801048127 -76.8652979246726 0.840028480314279 0.865413379374207 0.866912780358601
36.897 -2.47471594936224 6.99460053613185 -4.10468906930699 -1.11529657221233 0.836998190412492 -2.49801760843694 297.385265982274 141.476220943315 -76.9187681322053 0.84015563229742 0.865250946618289 0.867093976486466
36.911 -2.47079451197301 6.97090389880894 -4.11134996508014 -1.18391958674683 0.873909058394144 -2.70699447354744 297.346739384046 140.948598848983 -76.8468913189848 0.839890657561563 0.865351814873193 0.866639748758524
36.942 -2.45463580471797 6.94837982553266 -4.10716940010594 -1.4876650326523 0.949876931180683 -2.96377594222323 297.192065445642 141.193738964085 -76.6622021870863 0.8397788009911 0.865071803306578 0.866725060443851
36.958 -2.39400459452739 6.92685121683499 -4.08724602203077 -1.89538707900539 0.876263283864142 -3.17503193578717 297.052858901078 141.414365067676 -76.9759819683777 0.839678130077682 0.864943528157423 0.866555057050659
36.971 -2.33566564134602 6.91549606074292 -4.06314993030286 -2.3692071497308 0.393980466928109 -3.42852110862067 296.86757301097 141.912928560909 -76.5983837715399 0.8394609055638 0.864704345262385 0.866402053996787
37.001 -2.37581619452099 6.90461800351201 -4.05810313337853 -2.82388948819284 -0.252287808772335 -3.52231021913265 297.240815709873 142.181635704818 -76.678545394386 0.839265403501305 0.864612815917649 0.866264351248301
37.017 -2.36939473894828 6.91302366722636 -4.02213713747689 -3.07203489051859 -0.192707882856934 -3.30366698347892 296.976734138886 141.583472134336 -76.8706908549474 0.83908945164506 0.864530439507387 0.865893086044175
37.031 -2.33578284932012 6.91789530219745 -3.99994308849361 -3.33964056177208 -0.0345057968613167 -2.99696440726844 296.919060724997 141.705124920903 -76.6236217694526 0.839057715666247 0.864208691834551 0.865806280090951
37.06 -2.301342287834 6.88546889873247 -4.00241407543587 -3.70262307048036 -0.192123919465261 -2.73848934058739 296.987154652497 141.694612428812 -76.5212595925074 0.838775760814272 0.864290325302289 0.86548082200256
37.075 -2.25029435084061 6.84383529888302 -3.98291059246809 -4.46518519091324 -0.814132901564537 -2.67990758210117 296.868439187248 141.505151185931 -76.3691336332566 0.83864877322673 0.863992589049963 0.865311644983806
37.087 -2.39211646013673 6.92320213139096 -3.95787557284073 -5.88584224434101 -1.77546770301114 -2.56687865595213 297.301595268523 141.634636067338 -76.532220269931 0.838534484397943 0.863724626422869 0.865282983136619
37.118 -2.4692387040843 7.00031846839225 -3.92349276828798 -6.67130382143362 -1.60860795561079 -2.03385491249432 297.211435741671 141.391172460604 -76.3189982429379 0.838431624452034 0.863483460058485 0.86525718747415
37.132 -2.37153345254565 7.00148844192656 -3.89069272775679 -6.79501313394675 -0.904235709668028 -1.6190190395655 297.130292167503 141.292055214544 -75.7670984186441 0.838339050500716 0.863390283973341 0.865110373908238
37.148 -2.28958423651014 6.97782127383559 -3.8918184670737 -7.05215304192612 -1.19320145167832 -1.46780415850971 296.997262950753 141.142849693089 -75.8103885767797 0.838382354636337 0.8635537582272 0.865225299434147
37.179 -2.42250940546472 7.02313950350769 -3.91581597026562 -8.19884613468007 -2.17464466528912 -1.1729321396053 296.637536655678 141.12856472378 -75.8493497191017 0.838421328358396 0.863700885055673 0.865205272141925
37.193 -2.48671627055179 7.09696590922077 -3.90251823153832 -9.51025923113573 -2.18389775601211 -0.455638925644774 296.13378299011 141.175708251402 -76.1844147471916 0.838456404708249 0.863833299201299 0.865187247578926
37.209 -2.49554104814444 7.15556865950047 -3.87426971095864 -10.5462562087855 -1.81054614834983 0.305192142492223 296.040404691099 141.458137426262 -75.6459732724724 0.838614443705576 0.863952471932362 0.865294485737767
37.238 -2.46002858170433 7.22351427691835 -3.84483574656902 -11.1496458550825 -1.84170527397287 0.871619493128497 296.136364221989 141.412323683636 -75.7013759452252 0.839009170828545 0.863936129920628 0.865637511327715
37.255 -2.433933150368 7.24414347247175 -3.83444618131153 -11.478192719956 -2.51173321985802 1.15163311633473 295.56272779979 141.671091315272 -75.5712383507026 0.838985462931383 0.864168479845299 0.865699723111677
37.269 -2.5454203828547 7.29215844842099 -3.84389006148665 -12.1845719212428 -3.41628508871191 1.45021026271653 295.046455019811 141.543982183745 -75.4541145156324 0.839216916652814 0.864130537042271 0.86612527710024
37.301 -2.72255292037489 7.47603130673441 -3.79947769985398 -13.3584811413323 -3.38152680884836 2.20747931278075 294.76180951783 141.249583965371 -75.1687030640692 0.839298904455684 0.864589957501769 0.86613871230695
37.317 -2.74580198376801 7.63726711572771 -3.75226410936534 -13.6898085997181 -2.27314512032993 3.21192222119733 294.205628566047 141.764625568834 -75.2118327576622 0.839751208579042 0.864633464402785 0.86639731523998
37.332 -2.6058357761749 7.62136931688993 -3.76052895228165 -12.9040338466165 -1.38247182967099 3.70294373953561 293.885065709442 141.80816301195 -75.070649481896 0.839779767189289 0.864919404523687 0.866506870277162
37.361 -2.5032096570535 7.55732174639173 -3.77239657974331 -12.6937831337106 -2.22666739479549 3.66242035794846 293.356559138498 141.967346710755 -75.1835845337064 0.840057961963887 0.864806369252821 0.866974626790214
37.377 -2.67037760011585 7.6940282695675 -3.75183311882098 -13.8931071104159 -3.80476401409457 3.7778577114666 293.180903224648 142.05061203968 -75.5852260803358 0.839929374953191 0.865198206491264 0.866903127027926
37.391 -2.81592066400258 7.88134846507169 -3.72626311584544 -14.6946360940308 -3.66245555161641 4.54816354337337 293.202812902184 142.425550835712 -75.5267034723022 0.840192608951399 0.86505729102364 0.866962100886313
37.421 -2.76034123283334 7.94022232370368 -3.7110312611243 -14.4557068357728 -2.59391992011889 5.46662963178413 292.502531611965 142.04299575214 -75.834033125072 0.840050557241952 0.865424036085001 0.866768393448875
37.437 -2.6065311066661 7.97668877312652 -3.68870347413845 -13.955937678913 -2.51010044719097 5.83370712662098 292.232278450769 142.058696176926 -75.6306298125648 0.840175501532326 0.865260537658004 0.866964028267713
37.467 -2.61133510163608 8.01124436023038 -3.67788600033606 -13.8076721552965 -3.46061712002913 5.85415320785201 291.989050605692 142.072826559234 -74.9675668313083 0.840035160564786 0.865360446808936 0.866646530622444
37.482 -2.72764747999176 8.14924555744709 -3.70184864198641 -14.0169812756448 -3.96035693474377 6.37026460462406 291.530145545123 141.96554390331 -74.7308101481775 0.839908853694 0.864955698405946 0.866607840476933
37.497 -2.70747100408731 8.21622522228343 -3.69235027070769 -14.0374205526604 -3.30935940920833 7.25690226629906 290.99713099061 141.988989512979 -74.5177291333598 0.839668556818486 0.864962631216544 0.866449559080433
37.51 -2.65651162054412 8.27285577851578 -3.67386578532394 -13.7153578867074 -2.81506468966154 7.83655555111954 290.157417891549 142.250090561681 -74.5659562200238 0.83957891032233 0.864721538015594 0.866059773093094
37.555 -2.64302975761538 8.36189100144545 -3.65513483594956 -13.0354251514717 -2.31218417489386 8.05519007234346 290.301676102395 142.425081505513 -74.4293605980214 0.839371607783982 0.864380680491937 0.866079758700518
37.557 -2.58857857132833 8.37091493306971 -3.66275768200549 -11.9021116439582 -1.71684361999989 8.53898404220835 289.591508492155 142.342573354962 -74.5464245382193 0.839058263720234 0.864197782363448 0.86572695275117
37.569 -2.62157390366388 8.41447071759477 -3.70493270802491 -11.1233508612417 -1.39019742593883 9.13317724104095 289.07235764294 142.508316019466 -74.6517820843973 0.839156116816362 0.863909300405006 0.865533162657556
37.598 -2.64857621655219 8.53142256017245 -3.71697301132673 -10.7415501262626 -0.584002110825867 9.68474501312007 288.365121878646 142.537484417519 -74.8666038759576 0.838864321849375 0.863773540285209 0.865482349042993
37.612 -2.58483153282422 8.56084294148431 -3.73870291527981 -9.80250961745313 0.40645916895901 10.2132170766936 287.548609690781 142.743735975767 -74.0399434883618 0.838728478158323 0.863527482534591 0.865436616789887
37.627 -2.49543887703554 8.53985624636542 -3.75730214908905 -9.02912888471545 0.627645313131811 10.6544907888715 286.873748721703 142.389362378191 -73.7159491395257 0.83847944705714 0.863553639462635 0.865271860292401
37.657 -2.47466095384004 8.55334975533483 -3.73980436082351 -8.89873508021337 0.0534304001392408 10.9035455267783 286.446373849533 141.890426140372 -73.6043542255731 0.838508711537119 0.863577180697874 0.865123579444663
37.672 -2.52102325048485 8.62361311506746 -3.7227395417303 -8.86840355692486 -0.402294319263996 11.1643360122684 286.181736464579 142.041383526334 -73.8639188030158 0.838408428877292 0.863474632548791 0.86523718441693
37.687 -2.51402731257473 8.70708119504021 -3.71462366956563 -8.40446396459115 -0.101759543826146 11.6494291285988 285.283562818121 142.117245173701 -73.6775269227142 0.838444795175256 0.863506074475414 0.86521596862643
37.718 -2.43075739906247 8.71121438412994 -3.69211619476758 -7.4571473391244 0.416049998342728 12.1646388874946 284.475206536309 141.945520656331 -73.5097742304428 0.838477524843423 0.863534372209376 0.86519687441498
37.748 -2.34444201796664 8.678602219246 -3.67467266363158 -6.7213562693341 0.408032784767997 12.4153505712643 283.807685882678 141.730968590698 -73.1787968073985 0.838633451827232 0.863559840169941 0.865426473534662
37.749 -2.32020873555017 8.71203918512657 -3.65364638008702 -6.70799926835489 0.174099735298831 12.5921361248249 283.38691729441 141.597871731628 -73.0609171266587 0.838647315830202 0.86382981906968 0.865509789097929
37.794 -2.27661153133338 8.76158540775772 -3.63047300909187 -6.75399323464917 0.352109609097192 12.8917011382966 283.128225564969 141.478084558465 -72.9548254139928 0.838912584261751 0.863949339813905 0.865831284351861
37.796 -2.21373130490445 8.74069553611036 -3.62045073927247 -6.76180001805448 0.639036052767626 13.1078745359173 282.895403008472 141.250276102619 -72.7393428725935 0.838898535021268 0.864303692393694 0.865997442477855
37.809 -2.14061911353525 8.76014204618951 -3.60508606810096 -7.18103986357728 0.726277485658802 13.3398351739286 282.025862707625 141.465248492357 -73.0854085853342 0.839264853012669 0.864375825805518 0.866270172393795
37.841 -2.08900378449908 8.80613492546338 -3.57952628712704 -7.69881373981497 0.79181767602422 13.6989814275281 281.663276436863 141.598723643121 -72.8568677268008 0.839215576897094 0.864687529786146 0.866269118071149
37.857 -2.05751374635831 8.85560890392535 -3.54987856907413 -8.08923770934493 1.0569107175821 14.1558008420272 281.336948793176 141.358851278809 -72.5311809541207 0.839550190700912 0.864597681989034 0.866637732563765
37.871 -1.98595737761619 8.90761744102305 -3.52720591869443 -8.40321470176921 1.50389140154908 14.9051062540077 280.563253913859 141.382966150928 -72.3580628587086 0.839598851098972 0.865010387953856 0.866599922224122
37.903 -1.93185171496596 8.96807201314389 -3.50518443685611 -8.53235888044725 1.97029615452395 15.5810078423474 279.686928522473 141.344669535835 -72.0222565728378 0.839895137482602 0.865011851809663 0.866935456301441
37.916 -1.86118981550687 9.03624779827969 -3.47028162332034 -8.58370314507428 2.32441157723949 16.0564948443722 278.778235670226 140.950202582252 -71.720030915554 0.839782832920035 0.865383140792422 0.86674441332249
37.93 -1.80836801508564 9.09185992641071 -3.44587213622024 -8.31846260155922 2.6614360683705 16.3455018484846 278.560412103203 140.955182324027 -71.9280278239986 0.840060721121558 0.865099996633884 0.867065498289972
37.961 -1.71719406944064 9.11258182790416 -3.40050028705439 -7.79272321163231 3.11055963710597 16.458279907911 277.824370892883 140.659664091624 -71.8152250415987 0.839931858195095 0.865215959887229 0.866737853642478
37.975 -1.62843375415994 9.13374552011374 -3.36457373151637 -7.12490127214847 3.47583955125797 16.3719939018527 277.221933803595 139.973697682462 -71.5337025374389 0.839942351843737 0.86494953381921 0.866936542441955
37.99 -1.57877626131231 9.18948393654719 -3.33583113058916 -6.72462488539164 3.61756857323141 16.2905197025071 276.859740423235 139.776327914215 -71.460332283695 0.839698705153249 0.864957083088482 0.866745390848953
38.022 -1.57155377367366 9.23486011259462 -3.30655104372959 -6.38117003044026 3.70466667774033 16.5607043734778 275.633766380912 139.778695122794 -71.6942990553255 0.839732514106076 0.864840279961137 0.866573354415251
38.036 -1.5153738501599 9.24589091270601 -3.27038274813348 -6.07969424877028 3.99145191836324 17.2061606536872 274.95038974282 139.600825610515 -71.8448691497929 0.839509851189354 0.864735157146526 0.866541981890459
38.052 -1.42758208301043 9.24869583007188 -3.24788691945661 -5.92974009106882 4.33200138301547 17.6924148173262 274.335350768538 138.960743049463 -71.5003822348137 0.839309454564304 0.864640546613376 0.866142953622117
38.112 -1.34671398806311 9.28886912426196 -3.22518663121273 -5.93447600562606 4.59422109204217 17.8750817325401 273.901815691685 139.104668744517 -71.3103440113323 0.839255718293566 0.864307788229941 0.865907563441408
38.114 -1.29955065972571 9.33274632240095 -3.20529505473086 -5.87919634399476 4.69586768512803 17.8310850096678 273.091634122516 138.694201870065 -71.5593096101991 0.839080734958095 0.864255914588449 0.865571977017972
38.125 -1.27122945243386 9.34721644113742 -3.20367321546414 -5.85005533554948 4.8079603059282 17.7227856690063 272.542470710265 138.264781683059 -71.9633786491792 0.839049870647978 0.863961619407507 0.865393684497677
38.141 -1.20581705559135 9.36634478023901 -3.17503937341754 -5.93527880962812 5.03861465701477 17.6306597738614 271.508223639238 137.938303514753 -72.0270407842613 0.83876870029783 0.863944362648259 0.865233221229412
38.157 -1.13311938514269 9.38026820169021 -3.1375971817194 -5.94404100500118 5.21032571039726 17.3630136438035 270.937401275314 137.404473163277 -71.9643367058351 0.83876903945374 0.863928831564936 0.865212401757664
38.171 -1.06182568731865 9.39034528624531 -3.11706730573344 -5.82368270602778 5.21601069660945 16.9686970122476 270.603661147783 137.58402584695 -72.2079030352516 0.838642724002251 0.863914853589945 0.86519366423309
38.202 -1.02944438573385 9.39360869310662 -3.10613216920764 -5.78024573313493 5.13486764221568 16.7519799827786 269.403295033005 137.085623262255 -71.8871127317265 0.838529040095912 0.863778538151655 0.865176800460974
38.217 -0.980429341644033 9.41863228424517 -3.09910371867481 -6.00756467127182 5.13206790089487 16.6462476333557 268.502965529704 136.457060936029 -71.7784014585538 0.838426724580206 0.863655854257193 0.864914290335581
38.231 -0.909560597166405 9.43851984927769 -3.09960160524544 -6.2174952270454 5.17534966042371 16.4434549310888 267.632668976734 136.071354842426 -71.5005613126984 0.838461261307878 0.863792771482667 0.865048824218756
38.262 -0.832131777308869 9.44217314770564 -3.10022925619093 -6.31559303258513 5.1303337783508 15.9708651631708 266.96940207906 136.204219358184 -71.7305051814286 0.838492344362783 0.863792399515903 0.865169904713614
38.277 -0.768610908778746 9.44725678966115 -3.10109342888422 -6.56036960718922 4.90279658372183 15.1745420056323 266.372461871154 135.723797422365 -71.8174546632857 0.838773109941074 0.863668329485017 0.865525388405978
38.292 -0.707132563762878 9.47014776413741 -3.0769714870044 -6.73639371517259 4.69190623832674 14.2662481104126 265.535215684039 135.231417680129 -71.7157091969572 0.838899478415118 0.864050783097695 0.865598812482113
38.322 -0.645577128922655 9.48626050542387 -3.04622362476484 -6.52229632838815 4.43874614884522 13.3174858947912 265.621694115635 135.388275912116 -71.3841382772615 0.839013210041758 0.864148207439119 0.865788217795082
38.337 -0.591733468647939 9.47789734474354 -3.02824705620315 -5.9807537184501 4.10708527441871 12.3414624961518 264.499524704072 135.049448320904 -71.4457244495353 0.838862477531468 0.864482673256387 0.865958682576754
38.352 -0.549738518663772 9.4622302222687 -3.00578335922694 -5.46588445347532 3.73912483857989 11.4202933457732 264.329572233664 134.984503488814 -71.5011520045818 0.839358424347246 0.864536908581941 0.86635834061881
38.381 -0.499433360041852 9.45148169116122 -2.97006357909801 -5.04525020660107 3.4239909806761 10.5240655379135 263.636615010298 134.866053139933 -71.4910368041236 0.839426261380673 0.864955691887472 0.866348469473662
38.396 -0.45445799257607 9.44917018815227 -2.94707360149826 -4.59416030044478 3.10678272230315 9.6388345566412 263.312953509268 134.579447825939 -71.4219331237113 0.839865829811532 0.864962625349918 0.866709148826027
38.412 -0.429422762330628 9.42530257348133 -2.93631857289141 -4.20115648414076 2.8480128470194 8.7489969025038 262.541658158341 134.201503043345 -71.3597398113401 0.83988292629853 0.865338836978651 0.866540736594618
38.443 -0.396775553080073 9.40765243927163 -2.92179078149735 -4.13371259145187 2.68458560811899 7.88783767026869 261.967492342507 133.861352739011 -70.9437658302061 0.840276828237602 0.865307455931979 0.866759137098881
38.457 -0.36188640098509 9.40284052633812 -2.89866010804122 -4.31957797352806 2.53902781066587 7.04638214751663 261.630743108257 133.61521746511 -71.3493892471855 0.840126354599535 0.865525996899961 0.866462128570495
38.471 -0.328331382802756 9.39282352158638 -2.8820323746724 -4.42578811510655 2.35993418990462 6.22418668085657 261.507668797431 133.573695718599 -71.534450322467 0.840243719154151 0.865228567130669 0.866811442013177
38.502 -0.295139114267534 9.38063591506373 -2.86275783193019 -4.40305663184017 2.17432245030347 5.43993595170221 261.036901917688 133.416326146739 -71.8210052902203 0.839969935732621 0.865331673334336 0.866509202993362
38.517 -0.267959549463009 9.37457515406273 -2.84068221162475 -4.29252196102257 1.96681386939526 4.68525533363122 260.793211725919 133.214693532065 -71.7789047611983 0.840102942173928 0.865053675921606 0.866484245610759
38.53 -0.248406054320528 9.36104008204635 -2.82554268518731 -4.04952930690504 1.77852942902062 3.99230231935207 260.573890553327 133.033224178859 -71.5010142850784 0.839716464671185 0.865050810980639 0.866214726231186
38.559 -0.227755301886136 9.32473694664445 -2.82011725616138 -3.80411836094736 1.58082915787429 3.38620185840923 260.196501497994 132.929901760973 -70.8309128565706 0.839622027389759 0.864924635064078 0.86609575625926
38.572 -0.215454404377938 9.30014451189822 -2.81278032760334 -3.7198897309595 1.36167753979678 2.8590320542477 260.096851348195 132.596911584875 -71.1878215709135 0.839410413144669 0.864687341478374 0.865988683284527
38.587 -0.199595193035007 9.2811836228727 -2.79953317672472 -3.73721373496278 1.17970825909955 2.44335785645652 260.307166213375 132.597220426388 -70.7290394138222 0.839219960324087 0.86472110998173 0.865644984876779
38.649 -0.180234224133135 9.26555534237254 -2.78731145409162 -3.79631678894742 1.02127941792242 2.13260985707041 260.136449592038 132.597498383749 -70.79613547244 0.839175173477371 0.864380295261459 0.865582989040294
38.65 -0.165383118867076 9.2580141666558 -2.77972364974691 -3.80447136959466 0.861899567733227 1.83003589426413 259.682804632834 132.417748545374 -70.796521925196 0.838881472844284 0.864073562013216 0.865403595317767
38.663 -0.151239008586881 9.24488240865111 -2.77648592489368 -3.77593262958176 0.715404267448454 1.54474222850184 259.634524169551 132.615973690837 -70.6768697326764 0.838870534745548 0.863797502089797 0.865489198702724
38.678 -0.138988149767766 9.24102462280309 -2.77494864908522 -3.82200348876099 0.562184451390631 1.31164205145318 259.531071752596 132.494376321753 -70.5091827594087 0.838607297985643 0.863672921801522 0.865195448753156
38.695 -0.135803387408539 9.25161854876741 -2.76476640624701 -3.8665206971368 0.402912571137064 1.07971448752924 259.257964577336 132.204938689578 -70.6582644834679 0.838497156680964 0.863684534802872 0.865178406529033
38.709 -0.132338550697343 9.26067424226103 -2.7593133967182 -3.77147168085824 0.277888489595877 0.877086550226695 259.432168119603 132.24444482062 -70.6124380351211 0.838271257727517 0.863694986504088 0.865039471057633
38.742 -0.130656718770184 9.2588285244253 -2.75638091454455 -3.57524054330676 0.147046205521786 0.693194689097155 259.468951307642 132.400000338558 -70.451194231609 0.838321341140458 0.863704393035182 0.864914429133372
38.757 -0.118907857851253 9.25291771025182 -2.74679847856952 -3.38336534393792 0.0163110506184619 0.499447739271409 259.142056176878 131.940000304702 -70.6660748084481 0.838239795520298 0.863712858913166 0.864801891401537
38.771 -0.123656774088204 9.25370311436702 -2.73919183284575 -3.21220438206321 -0.134938375054071 0.28309075160381 258.66785055919 131.946000274232 -70.9194673276033 0.838419495436419 0.863596742942554 0.865070988822564
38.802 -0.117156890727097 9.25255450932069 -2.73462034109712 -3.07113661561262 -0.248925453579199 0.114323661176253 258.061065503271 132.131400246809 -70.967520594843 0.83845475507847 0.863739571299491 0.865313176501487
38.815 -0.126869306889487 9.25355581040279 -2.72661541262401 -3.00142753420403 -0.358384053259447 0.00441801261588001 258.414958952944 131.638260222128 -70.8307685353587 0.838612959038775 0.863744519351045 0.865531145412518
38.831 -0.123220487768035 9.25266140337374 -2.71635838472068 -2.98143745253935 -0.408805189918235 -0.0738863840655553 258.25346305765 131.794434199915 -71.1876916818228 0.838755342603049 0.86411935397712 0.865727317432447
38.861 -0.120834376068039 9.24419490369188 -2.70592995992201 -2.9504692798045 -0.464871235811908 -0.182528280010145 257.988116751885 131.934990779924 -70.9089225136405 0.839009808357313 0.864209921230601 0.866027059852927
