90.84 -0.0792586001448667 -8.89615386273506 4.67239997898945 -3.08124744813462 -0.561485580719129 -3.71615024964069 338.058803555023 20.8434410929493 174.544662957255 0.839624845291253 0.865402642135796 0.86682812350393
90.855 -0.075163462849811 -8.9171131987516 4.67951119645305 -3.38686316133642 -0.556482060815155 -3.65598560635601 338.692923199521 20.4390969836543 174.970196661529 0.839666040230279 0.865117547842921 0.867140837453268
90.871 -0.0721960998407202 -8.92981157354807 4.66747595701099 -3.84436005130965 -0.522207900535166 -3.42015803808682 339.443630879569 20.4951872852889 174.813176995376 0.8393232529219 0.865108295709822 0.866929256359134
90.917 -0.0949040118006942 -8.93393782662417 4.65077842921151 -4.39351183243823 -0.46617031658852 -3.21936360832394 339.759267791612 20.66566855676 174.671859295839 0.839394607097862 0.864976371320342 0.866738833374414
90.918 -0.102292732579834 -8.93370095390438 4.63150093838691 -4.94958049652265 -0.399705956685393 -3.14933564443811 339.983341012451 20.759101701084 174.844673366255 0.839205734881961 0.86485763936981 0.866690912953706
90.931 -0.10331620754301 -8.93276955632888 4.61133800046253 -5.35462244687039 -0.389506353383266 -3.15043261434544 340.485006911206 20.9031915309756 175.300206029629 0.838908978108415 0.864750780614332 0.866276991579039
90.96 -0.0981321202799627 -8.94509934736958 4.59175483670778 -5.41763348462609 -0.451319076823565 -3.24989316970479 340.636506220085 20.9728723778781 175.050185426667 0.838895289483266 0.864282986211127 0.866028197602638
90.976 -0.0829319544510498 -8.95739330667559 4.57652418869984 -5.32854189188868 -0.605423810362583 -3.34398782219996 340.652855598077 20.6755851400903 175.425166884 0.838629577249588 0.864357190241207 0.865680547763079
90.99 -0.0704489060082841 -8.94954364733372 4.56449254505264 -5.24301594697462 -0.741827994211821 -3.26760430715554 340.427570038269 21.1280266260812 175.7626501956 0.838517208018515 0.864052767494989 0.865614995637964
91.02 -0.0644215511647292 -8.9397854915542 4.54432668822193 -4.84314183319319 -0.933294049752471 -3.14618738789037 340.644813034442 21.1152239634731 175.04638517604 0.838289303931313 0.863902660666194 0.86543240125567
91.037 -0.054507803607055 -8.95446630519175 4.51713930252657 -4.29623223002654 -1.14912495012074 -3.16744651169675 340.660331730998 21.4037015671258 175.061746658436 0.838337582723874 0.863767564520279 0.865391663781296
91.05 -0.0524089057189839 -8.96827765883396 4.48889977946996 -3.98034946503915 -1.32505214976515 -3.28428964678662 340.614298557898 21.7233314104132 174.895571992592 0.838127641166136 0.863769713249754 0.865231402584669
91.08 -0.0464497546371922 -8.97149013800671 4.47563478244948 -3.92582596891692 -1.41697441570467 -3.30089885004689 340.572868702108 21.5309982693719 174.746014793333 0.838192086235215 0.863524038202681 0.865210764977395
91.096 -0.0354002898946796 -8.96444541802928 4.4665094813133 -3.95538077660538 -1.46000979856168 -3.21661049175976 340.775581831897 21.1178984424347 174.971413314 0.838123466105579 0.863550539563916 0.865068593661158
91.111 -0.0286280887736733 -8.9660659664058 4.45063527230245 -3.89419384398301 -1.60637523091925 -3.23006394640057 340.658023648708 20.8061085981912 174.7542719826 0.838188328680714 0.863697988258717 0.865064236946236
91.14 -0.0333070153666009 -8.96483099757283 4.43215861145099 -3.76584316187478 -1.7800888528655 -3.35209571969945 340.972221283837 20.8254977383721 174.01884478434 0.838120084306528 0.863707094614348 0.865183776168345
91.156 -0.0426655824189606 -8.96413847475037 4.42247284254527 -3.52284663194685 -1.93948454773162 -3.57413805612645 341.134999155453 20.2429479645349 173.956960305906 0.838311755344027 0.863715290334416 0.865537872715236
91.17 -0.034089461210837 -8.98464404942499 4.41279797078159 -3.08811922066056 -2.1615666273096 -3.89840363982678 341.281499239908 19.9586531680814 173.901264275315 0.838484259277776 0.863969724217708 0.865733372004892
91.199 -0.0464822458417446 -8.99920845689094 4.40247448969769 -2.72129203141893 -2.41105881954047 -4.17802892469907 341.353349315917 20.0027878512733 174.031137847784 0.83863951281815 0.86395165697744 0.865909321365583
91.216 -0.0412953258867917 -9.00459509487494 4.39246509691079 -2.49191091988009 -2.51804454063986 -4.35946267345053 341.238014384325 19.7425090661459 174.088024063005 0.83852615003022 0.864305777840876 0.866067675790205
91.23 -0.0377044886688909 -9.00040500219653 4.39518822032212 -2.28623127827376 -2.68379733848427 -4.52198968854823 340.834212945893 19.6882581595314 174.439221656705 0.839055729596124 0.864501162973521 0.866333382374909
91.26 -0.0214243361658324 -8.99938727190485 4.38602714059948 -1.95684479166776 -2.91389088707859 -4.83772965099112 340.530791651304 19.3394323435782 174.095299491034 0.839153836104663 0.864800333237349 0.866326007054152
91.289 -0.00114582442997122 -8.99332376215211 4.38412682102501 -1.56803054150862 -3.14921935562264 -5.2684605026859 340.617712486173 19.3854891092204 173.785769541931 0.839620647063122 0.864822802564807 0.866688932648468
91.291 0.0322481620571772 -8.9840358843805 4.39001812833291 -1.19138015911348 -3.40147299257946 -5.64237781119593 341.175941237556 18.5869401982984 173.987192587738 0.839662261824962 0.865212996472051 0.866646002300354
91.32 0.0633202846284294 -8.98010603938117 4.40411899952061 -0.85392153251511 -3.64224172385587 -5.96974308351146 341.0183471138 18.8882461784685 173.508473328964 0.839952207135993 0.865194199476039 0.86697692837005
91.336 0.0757827391119823 -8.97609033900751 4.41770762027473 -0.525781287660546 -3.79786487971455 -6.22162373699237 341.17651240242 18.9794215606217 173.497625996068 0.839834195608086 0.865424066089615 0.866658140714548
91.35 0.103099953820588 -8.97289515779841 4.43676082331989 -0.23198178484869 -3.84097915510188 -6.36587357703359 340.838861162178 18.8214794045595 173.247863396461 0.839980776061847 0.865136829401358 0.866864800806818
91.381 0.138638921103134 -8.97923723381544 4.45414812599766 -0.0263408582722175 -3.92253009455352 -6.52165263154397 340.534975045961 18.1993314641036 173.623077056815 0.839733286949548 0.865372433022402 0.866680823377329
91.397 0.165715876985718 -8.99212770034479 4.47243031771613 0.11675124282218 -3.98294884082336 -6.77406752106133 340.861477541365 17.7593983176932 173.720769351133 0.839889958269162 0.865090359640866 0.86663870395633
91.41 0.175300944241102 -9.00390869709498 4.48259952883393 0.14324405747126 -4.04343258269522 -7.08597374605444 341.035329787228 17.4834584859239 173.68869241602 0.839651550936132 0.865083826327973 0.866353738742199
91.44 0.158788385574266 -9.01289549767357 4.49426570433798 -0.00314141697815651 -4.12840230152494 -7.40714736381541 341.191796808505 17.3551126373315 173.179823174418 0.839563605028211 0.864954348876678 0.866220867519173
91.455 0.167330404446343 -9.01248418658419 4.51003250090858 -0.168476130242173 -4.08350100267015 -7.70460056636516 340.972617127655 16.9996013735983 172.961840856976 0.839357833019276 0.864714083909714 0.866101283418448
91.471 0.186630100303131 -9.01349063547948 4.51578307695908 -0.368422410347727 -4.03850968102909 -7.7593313494233 341.255355414889 16.9196412362385 173.005656771279 0.839045866431997 0.864745178169936 0.865746324997308
91.5 0.21650953021041 -9.00332332699745 4.53047554982653 -0.643030550992343 -3.95450604117046 -7.69561195493899 341.5698198734 17.0276771126147 172.745091094151 0.838891868282683 0.86427794401117 0.86567419514877
91.516 0.244418551859779 -8.99578884586021 4.5395687934126 -0.801628259251888 -3.96821574239692 -7.78635610295654 341.37283788606 16.6449094013532 172.630581984736 0.838626498169064 0.863981445887956 0.865485680815396
91.53 0.272110441628864 -8.9909829677134 4.55164327469756 -0.828335662334333 -4.02101248876792 -7.96955255372959 341.315554097454 16.5404184612179 173.007523786262 0.838641057537851 0.863714597577063 0.865439615385049
91.561 0.306310670945439 -8.97809845039152 4.574361618584 -0.870692935795556 -4.00288070553998 -8.15045989377648 341.083998687709 16.2663766150961 172.806771407636 0.838400768498715 0.863598307740061 0.865150823767249
91.576 0.328172478711659 -8.96859732117268 4.57966478129531 -0.975990054429741 -3.98274530674171 -8.21174978226143 341.475598818938 15.7797389535865 172.626094266872 0.838311280142729 0.863617382147558 0.865261704307257
91.59 0.379571277173806 -8.95555716913354 4.59018370622669 -1.16388723219287 -3.89973795164006 -8.27301755212689 340.928038937044 15.2817650582278 172.883484840185 0.838103968843105 0.863634549114304 0.865114439058034
91.621 0.409549622183247 -8.9614184215195 4.60006973547585 -1.19940690592015 -4.02808476716308 -8.52357839233405 340.67523504334 15.553588552405 172.875136356167 0.838170781144488 0.863649999384377 0.865105497803424
91.636 0.435632307927493 -8.96190514992419 4.60016846718949 -1.35045858174035 -4.08634499273684 -8.71549536226095 340.867711539006 15.2582296971645 172.68762272055 0.838104291523924 0.863663904627442 0.865097450674274
91.652 0.484365552306786 -8.95378388313123 4.60145442541744 -1.80854249455868 -4.07389369957003 -8.67295345962264 341.460940385105 15.0524067274481 172.938860448495 0.838297541839683 0.863552684085402 0.865336992168027
91.68 0.528105762279584 -8.92809925092163 4.59327441027438 -2.33074168021732 -4.09780203953669 -8.7033680373245 341.454846346595 14.9271660547033 172.624974403645 0.838344996841408 0.863699918328055 0.865429255867958
91.708 0.563042676457662 -8.88870252620788 4.57872979853161 -2.78316369540169 -4.10481572871279 -8.71471062290502 341.269361711935 14.874449449233 172.402476963281 0.83838770634296 0.863708831676752 0.865635616842342
91.711 0.598376479156821 -8.85713608370672 4.57252298307664 -2.94072518845694 -4.16914331614686 -8.78827772855345 340.622425540742 14.2270045043097 172.082229266953 0.838552615176815 0.86396391142581 0.865698018074841
91.736 0.616769373185642 -8.8639808592777 4.53808672290069 -2.8657366390769 -4.39192364102072 -8.92624384882788 340.400182986668 14.0043040538787 171.914006340258 0.838827353673703 0.864070022934422 0.866000690431082
91.751 0.660616880447156 -8.8512269345743 4.51475552673062 -3.2700026698257 -4.45044120058277 -8.82522251738021 340.620164688001 13.5038736484908 172.062605706232 0.838948297774484 0.864535494804705 0.866149907949154
91.767 0.707860784939367 -8.81628524850212 4.50016194541681 -3.80636118146908 -4.56951921792908 -8.62743309006967 340.758148219201 12.9934862836417 172.016345135609 0.839309639490563 0.864584447975427 0.866653360695007
91.796 0.743856105695461 -8.79130211702349 4.47691219412769 -3.94328231523057 -4.8400482121667 -8.602857719994 340.342333397281 12.8341376552776 171.674710622048 0.839382355009658 0.86499847734161 0.866613987542239
91.814 0.77511464967456 -8.79515349177744 4.44988223341243 -3.82299988523423 -5.16291361995767 -8.74486202433048 340.268100057553 12.8707238897498 171.427239559843 0.839700291002219 0.864877534788951 0.86682506295174
91.829 0.808155447966992 -8.81388280965292 4.42172454977456 -3.6521502783902 -5.34509554040465 -9.05205521121041 340.261290051797 12.7236515007748 171.144515603859 0.83960747108769 0.865262255473781 0.8667685195733
91.861 0.835318402105992 -8.81026876727406 4.40937115416905 -3.72968334215423 -5.56020430697487 -9.01936877405883 339.895161046618 12.4712863506973 170.890064043473 0.839902895472448 0.865114935107906 0.867087193915701
91.89 0.866229399133704 -8.81820902311501 4.39753483831269 -3.69106615297698 -5.79655028849113 -8.7220120493247 339.745644941956 12.3041577156276 170.961057639126 0.839789815110896 0.865229404513848 0.866757379705634
91.891 0.892193791945859 -8.84456864372221 4.37760461955711 -3.43264656058004 -6.02147541231377 -8.50095588256017 339.85108044776 12.0337419440649 170.904951875213 0.840067005093334 0.864837760340366 0.866954115898795
91.92 0.913586530995444 -8.854465836662 4.36762812366585 -3.19396205719379 -6.1842133672656 -8.28215800422782 340.185972402984 11.6703677496584 171.094456687692 0.839810893077886 0.864979947223063 0.866761206960109
91.935 0.942955500404903 -8.87606251929219 4.35386087862104 -2.96693226368815 -6.33602103817263 -8.0264612877745 339.947375162686 11.6433309746925 171.565011018923 0.83970701295579 0.864737122421461 0.866711049180831
91.95 0.987403935063662 -8.89645730877532 4.3416499349545 -2.92978102205216 -6.48562504122559 -7.77190676205049 340.392637646417 11.0789978772233 171.80850991703 0.839486900154097 0.864518580100019 0.866542446913941
91.982 1.03931868004988 -8.89577871046615 4.35490139005219 -3.09329146946527 -6.62103200275189 -7.57639547515842 340.433373881776 10.811098089501 171.307658925327 0.83941541932438 0.864321892010721 0.86626710740405
91.996 1.08071485693625 -8.91893038882749 4.36174003789694 -2.97709209351111 -6.74824177957594 -7.60272539329143 340.470036493598 10.5699882805509 171.216893032795 0.839224465885827 0.863896986467877 0.866019301845147
92.012 1.11030996622477 -8.94988242745939 4.35933554628376 -2.69846685362565 -6.93448630390842 -7.69054445701572 340.383032844238 10.3529894524958 171.255203729515 0.838925836011894 0.863886193002592 0.865796276842135
92.042 1.13544918997736 -8.99803011382112 4.33819743805126 -2.56220795452262 -7.12806057428094 -7.65355108001644 340.364729559814 9.73769050724619 171.349683356564 0.83878384090459 0.863628869980236 0.865719151809115
92.057 1.17591130051301 -9.02143123833378 4.27960896026786 -3.03804822777265 -7.11143772295971 -7.38743261323617 340.768256603833 9.36392145652157 171.614715020907 0.838402349979213 0.863644888163715 0.865402406548908
92.071 1.22699168306547 -8.97533488650358 4.26512667714086 -4.03042661110226 -7.05601914150344 -6.8265519473324 340.65143094345 9.02752931086942 171.373243518817 0.838312703475178 0.863535569268047 0.86536466854521
92.101 1.25345127864442 -8.94210822921309 4.24868090014333 -4.22585723243478 -7.24049356323096 -6.48969827931672 340.966287849105 8.78477637978248 171.095919166935 0.838358642313353 0.863560917522745 0.865330704341882
92.116 1.27409260049845 -8.97451331205349 4.18258394355184 -3.77350051682489 -7.32560451225137 -6.41019410024001 340.589659064194 8.98629874180423 170.906327250241 0.838273366575903 0.863583730951973 0.865176539089196
92.131 1.32313600100921 -8.9660291134165 4.16499521930164 -3.70378405292866 -7.06937993888883 -6.15161743830761 340.310693157775 8.50766886762381 170.675694525217 0.838196618412198 0.863604263038279 0.865037790361779
92.162 1.33842493520242 -8.96150574614224 4.1692766421957 -3.35248961710144 -6.94564805187018 -5.70897477844632 340.239623841997 8.13690198086142 170.408125072695 0.838254165756671 0.863499006655155 0.865159974242335
92.177 1.34548120581563 -9.01112467226043 4.12033777897863 -2.74014141875008 -6.75337332301904 -5.388458979991 340.295661457798 7.80321178277528 170.287312565426 0.838305958366696 0.863528011171142 0.865393263379281
92.19 1.35374722078552 -8.99760261335959 4.10867436050154 -2.80734865092087 -6.35895202125149 -4.90533827283159 340.106095312018 7.26289060449776 170.178581308883 0.838352571715719 0.863554115235531 0.865479899958086
92.22 1.36322170372406 -8.97872900210908 4.09721962796549 -2.69073592323336 -6.14061407103473 -4.5461021554721 339.995485780816 6.95660154404798 170.140723177995 0.83839452372984 0.863824666628711 0.865681196523458
92.236 1.35528859384894 -8.98819872656248 4.06314790415972 -2.19418141487949 -6.01968243492363 -4.42660644374168 340.075937202734 6.62094138964318 169.926650860195 0.838811242850383 0.863944702617033 0.865862363432292
92.249 1.35676792461907 -8.97553274260862 4.05211581142136 -1.70148083064345 -5.83450808456104 -4.16180839478736 339.968343482461 6.61884725067886 170.153985774176 0.838807327751038 0.864176195272063 0.866025413650243
92.281 1.37396090506824 -8.98843450451109 4.04404244439055 -0.990874732311932 -5.60983590205913 -3.93188709729336 339.751509134215 6.37696252561098 169.758587196758 0.839056594990503 0.864261078396049 0.86641839858495
92.296 1.39099082898478 -9.02165377531242 4.03611799731478 -0.464306343050204 -5.45801261719673 -3.84480525779303 339.556358220793 6.15926627304988 169.282728477083 0.839154614959604 0.86470744472017 0.866402521643188
92.31 1.39111457065982 -9.02192284220867 4.04131614555083 -0.317875708745184 -5.3076312028053 -3.76185144957098 339.500722398714 5.60333964574489 169.094455629374 0.83962134803257 0.864739202899346 0.866880713019638
92.341 1.40319694694498 -9.04281500775587 4.04946604420986 -0.0899049317637953 -5.0631276245095 -3.70169683896503 339.270650158843 5.8830056811704 169.105010066437 0.839662892697464 0.865014569170591 0.866818604634408
92.356 1.41610615506725 -9.07101517735992 4.07134572610479 0.232826019427851 -4.85681486205855 -3.80786303293112 339.543585142958 5.89470511305336 169.114509059793 0.839952774921245 0.864892017435034 0.867009218334692
92.371 1.41934474457762 -9.10375750499136 4.09403021286626 0.475192272446898 -4.68945398653972 -4.02478665330213 339.129226628663 5.60523460174803 169.303058153814 0.839834706614813 0.865152102252711 0.866810799152416
92.416 1.43566700353736 -9.1180224100098 4.12444204524785 0.445993655889231 -4.44493606880178 -4.19406371316276 339.116303965796 5.46471114157323 169.472752338432 0.840107407446859 0.865139394678633 0.867125245536906
92.418 1.4483219671355 -9.13157913202152 4.15761861594584 0.23116528266672 -4.14319055352466 -4.21740543344953 338.924673569217 5.6382400274159 168.965477104589 0.839847255196059 0.86537474177195 0.866915223634408
92.446 1.47371751261708 -9.13929104608987 4.18035477452338 -0.161416894454913 -3.74413867374471 -4.08421450842519 338.752206212295 5.31441602467431 168.86892939413 0.839992529691022 0.865092437515459 0.866972987832147
92.461 1.48885219865701 -9.13964769663835 4.19650775837475 -0.646038563788048 -3.37354160026337 -3.88877015681931 338.836985591066 5.02297442220688 168.782036454717 0.839743865215805 0.865085696415106 0.866901651965666
92.476 1.48032704806621 -9.12428665240787 4.20434168560124 -1.03715989824894 -3.14916453947367 -3.82355726327479 338.433287031959 5.12067697998619 168.343832809246 0.839773158162376 0.864956031955098 0.866713989420292
92.491 1.47259455755021 -9.11854219508334 4.20049858912364 -1.29451261071412 -2.92127098628966 -3.83967481939006 338.429958328763 4.84860928198757 168.309449528321 0.839673051531831 0.864591725037491 0.866421495659766
92.521 1.4744340106964 -9.11379113261847 4.1953040196705 -1.69559570078775 -2.64746449834772 -3.73967680309991 338.546962495887 4.72374835378882 168.398504575489 0.839329563093298 0.864511457715245 0.866281848744982
92.536 1.4785435728836 -9.1103531700219 4.18919238753988 -2.35580712307538 -2.35371041492516 -3.56036561133953 338.592266246298 4.79137351840994 168.29865411794 0.839273815969661 0.864067595601948 0.866156166521677
92.55 1.48056623929214 -9.10001651482391 4.18171671606189 -3.14160045656937 -2.07940807572272 -3.38906187463306 338.633039621668 4.61223616656894 167.968788706146 0.838970251087344 0.863916005962457 0.865919455051012
92.581 1.47053534025077 -9.0615042928154 4.19671598294752 -3.86789842617961 -1.86383368036419 -3.27992667953617 338.669735659501 4.81101254991205 167.551909835531 0.838823814472495 0.863779575286916 0.865830012197104
92.596 1.46228564590923 -9.05180285721672 4.18938578861395 -4.13301698050822 -1.68584725889266 -3.312239355094 338.702762093551 4.86991129492084 167.656718851978 0.838692021519131 0.863780522939727 0.865502180898098
92.61 1.44941411743204 -9.06138716652679 4.16058237878179 -4.26933360306808 -1.59283505208736 -3.42452686996628 339.152485884196 5.10292016542876 167.57104696678 0.838573407861104 0.863533766923657 0.865454465459481
92.642 1.44614959653891 -9.05361280305404 4.13998641545501 -4.73782009008952 -1.39614696672595 -3.41031845777881 339.557237295777 4.95262814888588 167.373942270102 0.838466655568879 0.863435560151996 0.865287924095035
92.655 1.48145889845499 -9.02590597984092 4.14736729241842 -5.30525945512637 -1.19699028532053 -3.2654698181078 339.561513566199 5.2973653339973 167.316548043092 0.838497199197684 0.863470909318299 0.865261634336725
92.671 1.49396394139834 -9.00599770531264 4.17124831715912 -5.35259610503358 -1.1543904934297 -3.30838848515198 339.685362209579 5.00762880059757 167.384893238783 0.838524688463608 0.863378988307173 0.865361433819786
92.701 1.48809994262136 -9.0171698044408 4.18178776538095 -4.90817618918671 -1.18551632958291 -3.4515954381635 340.276825988621 5.10686592053781 167.086403914905 0.838675899085399 0.86329625939716 0.865574576998987
92.716 1.50568697156021 -9.07241521871108 4.18612571629037 -4.67308376110773 -1.19291889509791 -3.54155039816395 340.449143389759 5.07617932848403 166.697763523414 0.83881198864501 0.863592596374177 0.865643082215822
92.731 1.51223776312032 -9.11962220605628 4.17853771512642 -5.14317996514963 -1.282023952153 -3.61716635071396 340.424229050783 4.74856139563562 166.167987171073 0.838934469248661 0.863735839387953 0.865704736910973
92.762 1.52735115502499 -9.13140285196677 4.20468867002369 -5.91435815184078 -1.37672232029648 -3.65086956297081 340.521806145705 5.29370525607206 166.051188453966 0.839171022338364 0.863988218365891 0.865883549781055
92.775 1.5540614612182 -9.17791842385627 4.2046416417817 -6.19162462673303 -1.50088214933553 -3.78425588911648 340.489625531134 5.54433473046486 166.066069608569 0.839383920119097 0.864215359446035 0.86604448136413
92.788 1.58522347992182 -9.21954306630341 4.19382537150917 -6.40452323276202 -1.59048859089053 -3.86002877348727 340.280662978021 5.34990125741837 166.259462647712 0.83932273729288 0.864543110062611 0.86606599614445
92.819 1.61883582221437 -9.25251610876364 4.1891185469437 -6.48162816139422 -1.62533286157247 -3.90914039995534 340.572596680219 5.77491113167653 165.833516382941 0.839772658132517 0.864591301707543 0.866454922829737
92.834 1.651481129649 -9.30427837194124 4.17704143765643 -6.29682412388075 -1.67119652198011 -4.00066910805141 340.355337012197 5.67742001850888 165.930164744647 0.839925392333835 0.865004645700514 0.866558717107943
92.849 1.67822828703169 -9.33332691032695 4.1619821665562 -6.30683636798123 -1.66438221329355 -3.9693044873226 340.399803310977 5.94967801665799 166.017148270182 0.840189024593979 0.865006683781656 0.86689837169688
92.879 1.69906854760389 -9.33079999779767 4.15507273774237 -6.32500769301516 -1.6834401751703 -3.86397709202546 340.499822979879 5.77471021499219 165.555433443164 0.840047331320274 0.86525530196467 0.866834497443925
92.894 1.72524681209093 -9.3510312506119 4.12533120722375 -6.10090387027853 -1.70822592864564 -3.8065870164107 340.829840681892 5.37723919349297 165.739890098848 0.840298769681773 0.864984941688907 0.867023521863258
92.909 1.74826855527073 -9.37450661676165 4.07366413245322 -6.01447760538809 -1.67251783959787 -3.81753136820474 340.706856613702 5.43951527414368 165.365901088963 0.840146101899289 0.865358921683742 0.866947132593665
92.94 1.76437929034271 -9.3655273295972 4.00920724603285 -6.19699931049813 -1.54954086479839 -3.74493853672778 341.136170952332 4.83556374672931 165.089310980067 0.840387663202887 0.86495432579327 0.867124893498024
92.954 1.76571084344421 -9.34158445991873 3.95718157052472 -6.26355892143305 -1.39000662564679 -3.59334544641378 340.802553857099 4.77200737205638 165.56037988206 0.840099485376484 0.865208179775123 0.866791309329724
92.97 1.77594734386237 -9.35463203428208 3.91341105484493 -5.8211724949386 -1.25253268063936 -3.59355288650523 340.562298471389 4.53480663485074 165.324341893854 0.840219536853405 0.865066266979114 0.866861464957932
93.031 1.76929861148266 -9.37427575681823 3.8445689146238 -5.46653616147528 -1.10056185532352 -3.59373958258753 340.76606862425 4.62132597136567 165.051907704468 0.83994817166195 0.864938545462705 0.866801281378872
93.033 1.77127547717155 -9.35286971891717 3.77901968936778 -5.5038520109766 -0.733253761394221 -3.34734272356542 341.069461761825 4.4591933742291 164.686716934022 0.839703942989641 0.864823596097937 0.866623655892178
93.046 1.77880073478277 -9.32271065382477 3.72265900594583 -5.46568055033696 -0.236264263117394 -3.03627257334628 341.102515585643 4.55327403680619 165.078045240619 0.839610757876369 0.864472532766046 0.866587253219693
93.06 1.78018651804735 -9.29640548886343 3.67277236064605 -5.05422699912006 0.194232392201979 -2.85401936181318 341.372264027078 4.51794663312557 164.830240716558 0.839273498803382 0.864280449410146 0.866307433079227
93.076 1.78197241784402 -9.29798966760771 3.62937076640426 -4.22514017707065 0.588549610997049 -2.86480063173873 342.095037624371 4.84615196981302 164.727216644902 0.839096737416929 0.864107574389835 0.866179192422497
93.09 1.7635881390685 -9.3071367572129 3.59635467307835 -3.39117577768419 1.03656487890498 -2.84625949986257 342.205533861933 4.96153677283171 164.814494980412 0.838810880389885 0.864075722132354 0.865816443100951
93.12 1.75757677732535 -9.30190173063102 3.57065048495295 -2.72076048999211 1.6100076276557 -2.67690072544883 342.36498047574 5.00538309554854 164.71304548237 0.838553609065546 0.863923319839823 0.86586076170759
93.136 1.74654017131294 -9.28013154810747 3.57181786310102 -1.90364627305397 2.10549541450845 -2.51684424069021 342.388482428166 5.64484478599369 164.621740934133 0.838448836652877 0.863909893037343 0.865653590718333
93.15 1.74684244013517 -9.28041028630209 3.58274458776199 -0.725495386206586 2.52853365931715 -2.49264073265172 342.22963418535 5.80036030739432 164.47956684072 0.838481162173282 0.863774073654313 0.865590734297693
93.181 1.76171911016126 -9.28066115067725 3.60526792046681 0.401252625696516 2.93140548422513 -2.53192627770716 342.386670766815 6.00032427665489 164.531610156648 0.838383634449839 0.863775571470385 0.865534163519117
93.196 1.7662495755108 -9.28022851186685 3.63595368716647 1.33059301198183 3.29093669152781 -2.56193975680667 342.168003690133 6.6602918489894 164.578449140983 0.838548950473007 0.863529310601249 0.865483249818398
93.208 1.77343945350812 -9.28857794080102 3.68362230885204 2.13112149704319 3.66489645748953 -2.52711982692753 341.49120332112 6.41426266409046 164.500604226885 0.838444643919592 0.863678882192317 0.865437427487751
93.24 1.783561497747 -9.28765288597873 3.73669943953911 2.6424368282549 4.04878849112989 -2.44998036331875 341.302082989008 6.13283639768141 164.370543804196 0.838477388713325 0.863813496624279 0.865642971300156
93.253 1.77531338019886 -9.27718364840624 3.77938114773058 2.948422153063 4.3851310160627 -2.36528767049833 340.891874690107 6.59955275791327 164.253489423777 0.838506859027685 0.864058109878584 0.865951148333866
93.267 1.77800557867037 -9.26644450109492 3.82180498097083 3.13754940340555 4.63669425033429 -2.34173600268513 340.882687221096 6.53959748212195 164.508140481399 0.838786173139486 0.864154801541919 0.866105320061659
93.3 1.78755130042446 -9.25163181139192 3.87973859954245 3.25051202031691 4.74401719171308 -2.33122652455402 340.754418498987 6.84563773390975 164.857326433259 0.83878476501123 0.86436528430446 0.866244074616673
93.315 1.78931898179482 -9.26744973224247 3.93211827619404 3.32088066561346 4.72305058704559 -2.3591725743887 340.278976649088 6.88107396051878 165.051593789933 0.839162460003634 0.864554718790747 0.866615193454737
93.33 1.78348786505607 -9.28390048350553 3.96118375608501 2.95749488912845 4.66601270391355 -2.34081256885823 340.031078984179 7.3329665644669 164.80643441094 0.839123423188964 0.864971721075398 0.866702960670444
93.36 1.77039884512914 -9.24932576184565 3.98985662116865 2.08082936968125 4.60399158619395 -2.17009009059836 340.407971085761 7.49966990802021 164.345790969846 0.839593275438993 0.86485345414936 0.867028190903131
93.375 1.75490771816933 -9.21539536385323 3.99896264720791 1.27274643271313 4.55809624436845 -1.85613451665303 340.387173977185 7.64970291721819 164.411211872861 0.839637627363245 0.865240582898149 0.867074658373998
93.39 1.74701106923905 -9.20077940763758 4.00248935802728 0.666845835243342 4.52442402451176 -1.55372717185795 340.008456579467 7.78473262549637 164.230090685575 0.839930036120448 0.865219027259528 0.867239666700323
93.42 1.73002800087411 -9.1964237416541 4.01128979012922 0.325352091413664 4.3460274235873 -1.38232392032101 339.78761092152 8.26625936294673 163.947081617018 0.839814241694096 0.8655695986973 0.867018202681484
93.435 1.71641917890559 -9.21267480773527 4.00711944835384 0.0828932181501603 4.14043231481636 -1.32424420004464 339.948849829368 8.09963342665206 164.172373455316 0.840215012093612 0.865391544009072 0.867311908713067
93.451 1.7071639883481 -9.22795918395638 4.00498223725259 -0.28875488229081 3.92562572455609 -1.31701061973483 340.033964846431 8.60967008398685 164.435136109784 0.839944099378136 0.865601676169345 0.867206680758493
93.48 1.70116866123342 -9.24973571429121 3.9934220828709 -0.762169470397607 3.72924635820735 -1.25782864173081 339.810568361788 8.76870307558817 164.491622498806 0.840079689454892 0.865296678473115 0.867235299243824
93.496 1.69655099354681 -9.25784243461013 4.00151314599189 -1.19282275236548 3.53189424147059 -1.19464119740506 339.909511525609 8.97183276802935 164.602460248925 0.839822309003288 0.865269513276997 0.867014271970635
93.511 1.68904320158807 -9.27327876075972 4.00017598506396 -1.30712826338847 3.33443000816322 -1.28891753567982 339.698560373048 9.09464949122642 164.162214224033 0.839843757571111 0.864997731870001 0.866815347424764
93.541 1.68653590463025 -9.2912415455419 3.99759586366938 -1.25427803246947 3.23228471727057 -1.39972043860039 339.928704335744 9.62518454210377 163.82599280163 0.839609970307885 0.864753128603705 0.86651271786379
93.571 1.68290266080876 -9.29046907937272 4.00951926451558 -1.0868654963981 3.19226235241374 -1.46890870008386 339.895833902169 10.1026660878934 163.643393521467 0.839272789991746 0.864656720924838 0.866240351258914
93.573 1.69052636042994 -9.27798243983755 4.02348247058661 -0.585812534544549 3.12876130801206 -1.54720866977013 340.106250511952 10.0523994791041 163.95905416932 0.839096099486457 0.864322345110257 0.866242279049756
93.601 1.68571595623281 -9.28709520659598 4.03425373036388 0.278875589138914 2.98611418484444 -1.73294581806029 339.635625460757 10.3071595311937 163.943148752388 0.838683382702894 0.864145280519935 0.865873221065485
93.616 1.68419978863763 -9.30313771154063 4.05131003915123 1.08228574014869 2.88139589613099 -1.88407871717029 339.812062914681 10.5364435780743 164.048833877149 0.83856563292649 0.863862048745844 0.865664804140439
93.631 1.68696523171753 -9.30063699351767 4.08886692814992 1.64352281498878 2.85508836758659 -1.89261741033876 339.430856623213 10.2027992202669 164.443950489434 0.83833288634849 0.863854749052763 0.865477228907898
93.661 1.69017239030085 -9.30383316278773 4.1329631855455 2.18527740371891 2.79782380563709 -1.85450070747282 339.387770960892 10.4425192982402 164.379555440491 0.838250186207527 0.863600570425389 0.86530841119861
93.676 1.68719304456605 -9.31886028886125 4.16025982353392 2.58354355647679 2.66078951667644 -1.87821094206905 339.228993864803 10.5382673684162 164.441599896442 0.83817575608066 0.863743016034043 0.865156475260252
93.69 1.67631148863697 -9.31939613497513 4.19512185502025 2.51068538403522 2.53822201539047 -1.82321427534306 339.326094478322 11.1044406315745 164.497439906798 0.838235389658287 0.863623884351343 0.86514333038542
93.721 1.67429924817858 -9.29210558840267 4.2458907459495 2.12831913570803 2.43325477568349 -1.63402261880112 339.53348503049 11.3739965684171 164.787695916118 0.838162439186343 0.863516665836913 0.865254960263611
93.736 1.67051300536374 -9.2794552979645 4.27141158231951 1.87884600076318 2.20977662635941 -1.51413180730269 339.300136527441 11.3165969115754 164.868926324506 0.838096783761595 0.863543904434724 0.865355427153983
93.751 1.65459568319422 -9.26842919031771 4.28600063725285 1.51309880526702 1.96437148280744 -1.53600106932051 339.270122874697 11.3249372204178 165.122033692055 0.838290784853587 0.863692016642445 0.865445847355318
93.784 1.64422053412529 -9.23929220771782 4.30260239962314 0.876292741534208 1.77251448719845 -1.53888951200678 339.423110587227 11.2724434983761 165.16983032285 0.838465385836379 0.863825317629394 0.86552722553652
93.796 1.62949593945681 -9.20887905063622 4.30862555733539 0.248968810892238 1.48762945069235 -1.49797766004275 339.380799528505 11.6451991485385 165.272847290565 0.838748847267311 0.864068748783188 0.865723789544048
93.809 1.62294757441585 -9.18749275537485 4.3022549792935 -0.340813566380192 1.19840849035594 -1.40543180243542 338.862719575654 11.7406792336846 165.245562561508 0.839003962555149 0.864287836821602 0.866023884753368
93.837 1.62501475878869 -9.15818945227999 4.30496099991884 -1.0044421334063 0.965590542083703 -1.25496495806974 339.296447618089 11.6466113103161 165.401006305358 0.839233566314203 0.864608339700622 0.866047459194765
93.853 1.62914972604794 -9.14342832260375 4.30404453936177 -1.41850173685956 0.716359732150142 -1.12107151569788 339.26680285628 11.5019501792845 164.760905674822 0.839692404251709 0.864650008381753 0.86643823957502
93.867 1.63490626604691 -9.15025458061437 4.31177899953387 -1.53314011279192 0.427929865805356 -1.03110176870824 339.180122570652 11.0717551613561 164.36481510734 0.839726843294689 0.865057481707302 0.866420378534251
93.898 1.65169903091789 -9.18207608452803 4.31431072100992 -1.5729558725051 0.167579627316424 -0.962342736875588 339.222110313587 10.8045796452205 164.128333596606 0.840262228865251 0.864930638718075 0.866773866980557
93.913 1.66513657974185 -9.2163417350474 4.30982566903528 -1.86146181197215 0.0172338783252395 -0.85465808150864 339.439899282228 10.9841216806984 164.215500236945 0.840113215164419 0.865063537763001 0.866598982933695
93.927 1.67609311706109 -9.242631889393 4.32302735773172 -2.2127202109276 -0.0676956163775135 -0.682932731373043 339.695909354005 10.7257095126286 163.873950213251 0.840358065141504 0.865059686637894 0.867057528181094
93.957 1.68110574692145 -9.29610078663534 4.32497297400933 -2.28763139594171 -0.188406970770297 -0.602425717777724 339.806318418605 10.8531385613657 164.046555191926 0.840199467813046 0.865426192137829 0.866977738279718
93.973 1.6905850774913 -9.35553546962952 4.33055474765332 -2.49779955405747 -0.292467037052045 -0.564320550580104 339.845686576744 11.3878247052292 164.141899672733 0.840435692525269 0.865138742844751 0.867275490751477
93.987 1.68235706748386 -9.40190388158991 4.34395804173259 -2.95717990399523 -0.392991325713253 -0.56514040391904 339.76111791907 11.3890422347062 164.46770970546 0.840142711766627 0.865374155121455 0.867050444327523
94.018 1.67429345365006 -9.44375513848097 4.35045445710279 -3.36680542504609 -0.439951735126661 -0.649847737572938 340.105006127163 11.8101380112356 164.820938734914 0.840258440604534 0.865215644790813 0.866847902545963
94.034 1.66960996552382 -9.48944186141876 4.34672443345062 -3.67516305048041 -0.466948928026208 -0.78562632259427 340.354505514447 11.2891242101121 164.718844861422 0.839983185037966 0.865072985493234 0.86666561494256
94.048 1.65677570847339 -9.52295836482156 4.33103730924313 -3.90153987520336 -0.525597546673969 -0.999430102548583 340.519054963002 11.6002117891008 164.44696037528 0.839735455028055 0.864944592125413 0.866625016365038
94.081 1.65587906433046 -9.54528220302202 4.31679916364596 -3.98314161287387 -0.604335501930236 -1.28269319916395 340.607149466702 12.0601906101908 164.262264337752 0.839512498019135 0.864705302833576 0.866465017379727
94.096 1.65824441068977 -9.56926417177622 4.28064136489611 -3.93444577219717 -0.678253096775381 -1.6261796044384 340.806434520032 12.1141715491717 164.456037903977 0.839185064931871 0.864613677731721 0.866197420823257
94.11 1.66169003206739 -9.56074092232321 4.2591126631294 -3.92115386673318 -0.718061374884102 -1.93608072796402 341.645791068028 11.8627543942545 164.090434113579 0.839143767624377 0.864407479879253 0.866080181392124
94.169 1.6682028254114 -9.56683666804255 4.22387524878332 -3.63132855639574 -0.841675084723936 -2.37606044142716 341.621211961226 11.4564789548291 163.821390702221 0.838853207576588 0.864345637072831 0.865603459530815
94.172 1.6566465270736 -9.56514024107594 4.17139188440456 -3.46132547174853 -0.926209866327878 -2.74761470262796 341.599090765103 11.3308310593462 164.059251631999 0.838845096004622 0.863918357023775 0.865545616228926
94.187 1.65767817248865 -9.5408086243475 4.11763265125585 -3.60832269556604 -0.81297819267219 -2.79117384305219 341.819181688593 11.0977479534115 163.793326468799 0.838584403118809 0.863781691242102 0.865246224526738
94.201 1.66830316081611 -9.50897421805899 4.06547848933309 -3.78184157104761 -0.682062052794284 -2.80594958851796 341.537263519733 10.7679731580704 164.033993821919 0.838603171992621 0.863782427299395 0.865224104725257
94.216 1.6743342062381 -9.48116124602115 4.02847567099365 -3.76854291012605 -0.613855847514855 -2.991003484628 342.12353716776 9.87117584226335 163.890594439727 0.838493443287244 0.863659354490159 0.865204196903924
94.23 1.6856279474986 -9.46696331142148 4.00558790175348 -3.39168861911345 -0.637203087190851 -3.38350618960031 341.871183450984 10.084058258037 163.941534995755 0.838394687452406 0.863548588961848 0.865309740130265
94.26 1.69010607920519 -9.4708847705015 3.98893936224189 -2.80061136025554 -0.611650717403064 -3.72912503628914 342.784065105886 9.85565243223332 164.287381496179 0.838305807201051 0.863696232716856 0.865281268768432
94.274 1.71275132169513 -9.49404651851849 3.97629000914758 -2.24268762881014 -0.398577248716192 -3.85621253266022 342.705658595297 9.59008718900999 164.778643346561 0.838352435666638 0.863829112096363 0.865255644542782
94.29 1.73768101874162 -9.49831227300819 3.97849268471598 -1.87872420944057 -0.0930706688827411 -3.88509509618809 342.815092735767 9.29107847010899 164.680779011905 0.838520871568126 0.86407216380346 0.865479366649683
94.336 1.75281542607995 -9.49766231630674 3.98951320727526 -1.49085178849652 0.158984489608586 -3.97673825832501 342.853583462191 8.96197062309809 164.892701110715 0.838672463879465 0.864290910339848 0.865557392901448
94.338 1.76122900905179 -9.50910824287919 3.98913662028187 -1.01123225850183 0.334689094082842 -4.18898809661465 342.468225115972 8.96577356078828 164.663430999643 0.83880889695967 0.864487782222596 0.865504156262496
94.351 1.76078065391154 -9.51869126929928 3.98652320258504 -0.681864757842483 0.51038049001807 -4.40520379076998 342.421402604374 9.02919620470945 164.757087899679 0.83918417875723 0.864541506651529 0.865826214799972
94.38 1.77570003410373 -9.51785888171872 3.99781808691638 -0.564823320226174 0.762395876130766 -4.48758417505176 342.319262343937 8.78627658423851 164.781379109711 0.839269440349658 0.864959830150102 0.865869556236708
94.395 1.788768346371 -9.51262059715402 4.00696591231898 -0.538111980569969 0.962492166380285 -4.58920743693589 342.047336109543 8.38764892581466 164.50324119874 0.839724690883618 0.864966349786284 0.866278126912768
94.41 1.79418518715656 -9.48049258208584 4.00705867731877 -0.729338950451903 1.11051775890256 -4.62341646423467 341.682602498589 8.26888403323319 164.492917078866 0.839755901263408 0.865219001368836 0.866399600782672
94.44 1.79421209013662 -9.43906764104644 4.00887794844188 -1.06022184929984 1.33916063950086 -4.53817405445243 341.77434224873 8.34199562990987 164.663625370979 0.840036482630594 0.865076006413455 0.866755167004136
94.455 1.80267585560263 -9.3996304623605 4.00985692338834 -1.20458134375917 1.49608427020726 -4.53244825206062 341.976908023857 8.40779606691889 164.817262833881 0.839910043553227 0.86531769233329 0.866705613220456
94.47 1.80789904515071 -9.36174280217181 4.0132518863382 -1.21847435442142 1.5571628660873 -4.6127912131141 342.159217221471 8.227016460227 165.315536550493 0.84030123376683 0.865041093020665 0.866907526062135
94.5 1.8099662964355 -9.32524970863066 4.0111598243447 -1.17525287317775 1.56785879321902 -4.68280980172635 342.443295499324 8.0643148142043 165.403982895444 0.840021698884033 0.865409457882323 0.866719276107115
94.516 1.80925305826763 -9.29617675269069 4.01059377820479 -1.00505583013479 1.5370271123704 -4.74658989025601 342.338965949392 8.39788333278387 165.3635846059 0.840149529010199 0.865123682014795 0.866919822660128
94.53 1.79885476955741 -9.28311934582372 4.00834855405557 -0.875542613533523 1.43981295075168 -4.72689273329148 342.305069354453 8.03809499950548 164.90722614531 0.839885164603065 0.865237276730049 0.866730343045308
94.56 1.80003079887303 -9.25347102742177 4.00088103683056 -0.984934917065667 1.35613699918797 -4.58931796377912 341.974562419007 7.77428549955493 164.556503530779 0.839773857328451 0.865092454238547 0.866806595301958
94.576 1.79594168468779 -9.21547496075137 3.98859374586875 -1.11315898261101 1.23273703972719 -4.39908845747755 341.977106177107 7.47685694959944 164.900853177701 0.839547060089491 0.864962113996195 0.866504840953264
94.59 1.79016655747114 -9.18798225898776 3.97825344381453 -1.09802629045678 1.02702058766286 -4.22177503157712 341.919395559396 7.3891712546395 164.910767859931 0.839216170795192 0.864597198874478 0.866480319774671
94.62 1.79885531125085 -9.16677028339416 3.96553544978251 -1.03860534080041 0.863249826606501 -4.18738378796139 341.747456003456 6.95025412917555 165.399691073938 0.839045142209558 0.864392648907734 0.866334790448397
94.637 1.82947996250645 -9.13271568776348 3.94098100167468 -1.20268373801808 0.870817973716844 -4.07017212672251 341.232710403111 7.27522871625799 165.599721966544 0.838764444703252 0.864332289198464 0.865956481324262
94.65 1.83172346644272 -9.07686761523347 3.92049807103236 -1.57096498253688 0.80816365726119 -3.65475796748537 340.9494393628 7.26770584463219 165.95974976989 0.838638588726812 0.864154230199322 0.865986796108569
94.68 1.84475594901445 -9.04438131605143 3.89547938518309 -1.80012802626793 0.763225154130491 -3.35416766692004 341.17449542652 6.90093526016898 166.283774792901 0.838271623019213 0.864117712360892 0.865767021679215
94.696 1.85480924376907 -9.02436129052539 3.87990574609563 -1.96820682669457 0.67774233337393 -3.21340738877765 341.137045883868 6.21084173415208 166.575397313611 0.838195049211177 0.863837237402706 0.865445489431998
94.711 1.86673024829384 -9.01783542453437 3.86726614747636 -2.08054644936863 0.66798336721211 -3.05466206974722 341.103341295481 6.06975756073687 166.957857582249 0.837999361004709 0.863832418843938 0.8652798456703
94.751 1.85435510459086 -9.04841386633387 3.85325688941055 -2.1587513464165 0.772177396903113 -2.88583708414654 341.133007165933 6.12278180466318 167.002071824025 0.837950013398124 0.863704346880248 0.865254363754463
94.753 1.85596659883148 -9.06025243422929 3.8391521706233 -2.44898308200385 0.985035993090664 -2.6300778032128 341.39970644934 6.05050362419687 167.041864641622 0.837905600552197 0.863589082112928 0.86535489029575
94.766 1.85735708866376 -9.07868836481759 3.81580373651233 -2.63614584250576 1.18042552355259 -2.26859674044877 341.399735804406 5.86545326177718 167.07767817746 0.83799224968267 0.863609079083137 0.865445364182909
94.797 1.86136185878984 -9.09420324110439 3.81047215169471 -2.65955415901854 1.36390968875458 -1.95776760075504 341.759762223965 5.93890793559946 167.229910359714 0.838070233900095 0.863874134091557 0.865650114325798
94.813 1.85754413385217 -9.1211551971148 3.81890168880643 -2.23253004082661 1.54202253667302 -1.78412824525969 341.363786001569 6.00501714203952 166.886919323743 0.838266889978237 0.863865625863904 0.865711065809951
94.828 1.85554470103107 -9.16941384198462 3.8050601878335 -1.48942970849967 1.84278211506678 -1.71945587874899 341.427407401412 6.24451542783556 166.878227391368 0.838317410166106 0.863981565928707 0.86576592214569
94.861 1.85182985199501 -9.18507390965994 3.80978122936815 -1.02063940940543 2.21804588829293 -1.44216677942371 340.944666661271 6.28006388505201 167.170404652231 0.838615669164065 0.864209372252569 0.866061804094846
94.876 1.84345865726182 -9.18701739683725 3.81139654744085 -0.504071651670996 2.59853137579952 -1.10024017781722 340.510199995143 5.95205749654681 167.073364187008 0.83875778171581 0.864414397944046 0.866204910246541
94.89 1.85537747573593 -9.17206693507711 3.82410307075158 0.164656124183127 2.96539579547147 -0.871895549348471 340.719179995629 5.77685174689213 167.226027768308 0.839264198113154 0.864351863331144 0.866579945521618
94.922 1.85395383863215 -9.1499325110091 3.8423624337814 1.04590043542894 3.25816919302356 -0.740431185253318 340.967261996066 5.79916657220291 166.823424991477 0.839341457769991 0.864789151161754 0.866671237530637
94.936 1.84429285551814 -9.15562951030492 3.85568337748364 2.03062336898528 3.58578738822502 -0.60913615833104 340.77053579646 5.75924991498262 167.361082492329 0.839789506561917 0.864812738696772 0.866999640077304
94.966 1.85014275573827 -9.15082085843824 3.86976716318651 2.65427858933866 3.94171246619641 -0.382573687536104 340.893482216814 5.42332492348436 167.424974243096 0.839814235373877 0.86520393899082 0.866925638986307
94.981 1.82799404737178 -9.12733947678754 3.88776967584125 3.0155682876567 4.18418244095082 -0.13362929588173 341.364133995132 5.60099243113593 167.362476818787 0.840088983330016 0.86506245027324 0.867228601387408
94.996 1.8148238349869 -9.10866032342031 3.90169742398588 3.20027100087577 4.4352298457107 0.149962641340031 341.127720595619 5.46089318802233 167.606229136908 0.839957294182707 0.865428679409641 0.86700824389986
95.011 1.7887850006444 -9.08574385315103 3.92135515236671 3.21841183971949 4.57796640312436 0.391454926824348 341.094948536057 5.5148038692201 168.125606223217 0.840217736257964 0.865140981389381 0.867302945809606
95.041 1.77265235781873 -9.08307557287743 3.92743524095847 3.05534928170174 4.64841403762109 0.612614777653364 341.125453682451 5.74332348229809 168.053045600895 0.84007317181786 0.865252846167177 0.866951556410148
95.056 1.75705558955852 -9.06062264129159 3.94320240182967 2.58187542223385 4.62326729034753 0.794864750269707 341.212908314206 5.88899113406828 168.287741040806 0.840195854650643 0.864982731471163 0.867005687330313
95.071 1.73122705429957 -9.01970520214412 3.97319456246457 2.23284818535398 4.50903216436621 0.963469878296171 341.051617482786 6.02009202066145 168.378966936725 0.839926857679465 0.86498696097524 0.866560288517986
95.101 1.7112733967021 -9.03202043708718 3.98390695131089 2.245441229414 4.39171673418913 1.07933663092457 340.966455734507 6.31808281859531 168.401070243053 0.839557988626168 0.86474343479842 0.866530222582921
95.116 1.67936888160541 -9.04041068616411 3.9852880895996 1.98501924387718 4.24262139664808 1.1652960976031 340.649810161056 6.34627453673578 168.300963218747 0.839352778257436 0.864647996500081 0.866256105506131
95.131 1.65646076341481 -9.02874842461557 4.01238846726989 1.57964709048183 4.05194704324281 1.31212526646875 340.544829144951 6.3116470830622 168.630866896873 0.839041317146342 0.864438366770777 0.866009400137021
95.161 1.64589910632381 -9.05111285904 4.03312766505279 1.31633886998327 3.83530195723914 1.41831731997455 340.990346230456 6.46048237475598 168.627780207185 0.838887773925594 0.864249700014404 0.865910962774512
95.176 1.63663303487906 -9.04286951594606 4.05203236299453 0.899972158557458 3.62658092182057 1.53908100782442 341.03131160741 6.35443413728038 168.385002186467 0.838622813247684 0.864079899933668 0.865575036417765
95.191 1.62129052549668 -9.03700671291102 4.07730660281507 0.682494026671178 3.39522053956218 1.64700496811068 340.948180446669 6.01899072355234 168.16650196782 0.838511120416801 0.863679193598529 0.865520035427181
95.22 1.60460922780694 -9.04693338002934 4.0914941439801 0.653939280492609 3.16180535583497 1.69757164687213 341.113362402002 6.19709165119711 168.089851771038 0.83828382508977 0.863813776889869 0.865223201805167
95.235 1.57355491217727 -9.04820594244755 4.11461783138873 0.619079703588387 2.88531947674002 1.73468471119255 341.202026161802 6.4173824860774 168.080866593934 0.838206031074679 0.863563695478785 0.865079786806153
95.25 1.55045428183754 -9.07359260070524 4.13105974812473 0.612896924069243 2.64106233822633 1.80778112556948 341.161823545622 6.61564423746966 168.312779934541 0.838262637152903 0.863462495851611 0.865074310776731
95.281 1.55528167164695 -9.08345202578486 4.15591311054676 0.379851506471479 2.43191793646476 1.90791904354688 341.12564119106 6.67407981372269 168.161501941087 0.838060190152262 0.863371416187154 0.865192842615791
95.311 1.53831792422865 -9.07885810112996 4.18917476770802 0.243393073381583 2.09635973060454 1.88048591781815 341.033077071954 7.02667183235042 168.565351746978 0.838131380322729 0.863413179749941 0.865176061005405
95.313 1.51999794735373 -9.09896482565442 4.20372749242953 0.325923995051058 1.813441314796 1.88327702069282 340.949769364758 7.10400464911538 168.44881657228 0.838195451476149 0.86357436442614 0.865284417821598
95.341 1.51721677148814 -9.10969879810606 4.21365264243279 0.0757743436375553 1.70995977873625 2.06517832625713 340.514792428282 6.57360418420384 168.463934915052 0.838379585796685 0.863719430634719 0.865381938956171
95.357 1.49711633590884 -9.09338223860796 4.24072134959454 -0.30737560981017 1.52598670162598 2.16934751653218 340.543313185454 6.39624376578346 168.297541423547 0.838545306685168 0.863973450487981 0.865593031621734
95.386 1.46310449422622 -9.11299422913315 4.24311639488716 -0.365951025928389 1.30468574138705 2.1623364290011 340.448981866909 6.11661938920511 168.147787281192 0.838694455484803 0.864078608090376 0.865659691376294
95.4 1.44272905094526 -9.12190621674229 4.2440149929015 -0.606455159976772 1.16963701457659 2.28732416014679 340.004083680218 6.1049574502846 168.253008553073 0.838955009950892 0.864173249932531 0.866089248538396
95.416 1.42415173205527 -9.13154310208711 4.23045848720266 -1.10382491115467 1.04122293143954 2.44027113344509 339.903675312196 6.27446170525614 168.287707697766 0.838936718141495 0.864505211500458 0.86610628660129
95.43 1.40880880969279 -9.10310616095799 4.23376008492404 -1.81939661851248 0.953131172646729 2.58326692086394 339.993307780976 6.12701553473053 168.498936927989 0.839299217820873 0.864557193001605 0.866368132104886
95.462 1.37967729166907 -9.11067264676038 4.23894619305456 -2.07791497192841 0.779955459962209 2.59822267152564 340.133977002879 6.05431398125748 168.38904323519 0.839372975506937 0.864850760262625 0.866357281811131
95.476 1.37847833272005 -9.13807259857604 4.22254468822054 -2.29989446710198 0.660738539920187 2.52695002269368 340.380579302591 5.98888258313173 168.530138911671 0.839817872525169 0.864868186887555 0.866717079929749
95.491 1.36052015217708 -9.11933760815814 4.19437581739043 -2.93097372268186 0.609931861500687 2.54066723416477 340.062521372332 5.86999432481856 168.717125020504 0.839586673766538 0.86513065475998 0.866671334853507
95.521 1.3812284957698 -9.09732865965922 4.17872036493911 -3.53329619774192 0.671839438709397 2.69118066342005 340.256269235099 6.0029948923367 168.645412518454 0.84001020095881 0.864996494465484 0.866999727667888
95.537 1.36664645296314 -9.09739241310858 4.15577189621711 -3.54637879170818 0.518395952853725 2.55488702455896 340.370642311589 5.94269540310303 169.240871266608 0.839886390048621 0.865246131580116 0.866802257552292
95.551 1.3497517504273 -9.11762095667931 4.13134739843652 -3.28258060719386 0.514647960621787 2.33680290225574 340.65357808043 5.94842586279273 169.116784139948 0.840279945612685 0.865100423603607 0.866871318358243
95.581 1.37010041457219 -9.11350074867618 4.11666768235844 -3.27951338616913 0.660129729445105 2.29854245935841 340.848220272387 5.41358327651346 169.305105725953 0.840002539545302 0.86521634415998 0.866563091703921
95.596 1.37009856327 -9.10410627836178 4.10393477776242 -3.22942464297206 0.686483168714335 2.1931156943386 340.843398245148 5.71222494886211 169.414595153358 0.840005965058923 0.864949879664686 0.866656069094709
95.611 1.35591125390192 -9.10582667393259 4.10654107301169 -2.88739820920921 0.704094393827634 1.97151404856886 341.139058420633 5.5610024539759 169.453135638022 0.839755957046916 0.86483379687972 0.866369367366741
95.64 1.35481440932686 -9.13993614139651 4.0969755849427 -2.3284293806547 0.689410145284565 1.51482065897915 341.22515257857 5.72490220857831 169.66782207422 0.83953094983611 0.864481713469651 0.8663583935468
95.656 1.35825651804627 -9.17470484872902 4.09584855447883 -1.95512842732205 0.672377527702674 0.825934012928563 341.482637320713 5.57241198772048 170.401039866798 0.839328443346385 0.864412447304188 0.866225056843313
95.669 1.32029386091251 -9.19510305434684 4.09088377425678 -1.88404306550588 0.616590156611796 0.319676489498302 341.834373588642 5.79517078894843 170.220935880118 0.839146187505632 0.864350107755272 0.865857721079686
95.7 1.27409660573023 -9.22303823688823 4.05427333357579 -1.82159295742857 0.751877705836112 0.0266401382583955 341.730936229778 5.69565371005359 169.638842292106 0.838982157248954 0.864046393257648 0.865897911888451
95.716 1.26148891230122 -9.21585816197871 4.0125252423523 -1.93638022657121 1.05989604212273 0.0415333763409529 341.8178426068 6.14608833904823 169.534958062896 0.838707758238708 0.863896923852587 0.86556329062031
95.73 1.27270734113182 -9.16809608387898 3.99973194758637 -1.70075747108966 1.30886826997153 0.109899122676323 341.83605834612 6.37147950514341 169.621462256606 0.838587570908723 0.863762401388033 0.865509464209472
95.763 1.29118363679998 -9.15066830379919 3.98348942661771 -0.619994701079934 1.50164556511178 0.0347870730041108 342.392452511508 6.27433155462906 169.399316030945 0.8383526305325 0.863517457527132 0.865461020439718
95.774 1.28123666603762 -9.16245684680184 3.95372783480128 0.723684158341037 1.77056497806625 -0.135867206815384 341.873207260357 6.00689839916616 169.259384427851 0.838267955973136 0.863297008052322 0.865417421046939
95.789 1.2697106280273 -9.16253196290291 3.92921689156926 1.71772795624739 2.07060771690085 -0.141364455599495 341.945886534321 6.06620855924954 169.313445985066 0.838318369561515 0.863346212428592 0.865254584123748
95.819 1.28160325989239 -9.13398886106452 3.95288627449485 2.42839790871426 2.37881412078328 -0.0218844985891636 342.011297880889 5.87958770332459 169.122101386559 0.838237121099249 0.863390496367236 0.865231628362566
95.834 1.29924981866877 -9.11656012876666 3.98137136492562 3.44586346135428 2.54474950259808 -0.13419986552414 341.7701680928 5.77162893299213 169.249891247903 0.838290618175017 0.863553949381705 0.865457752087489
95.85 1.3038789726013 -9.11326421568248 3.99401937896101 4.48295650453183 2.63912951417034 -0.318489802635849 341.55315128352 5.55446603969292 169.244902123113 0.838338765543208 0.863701057094728 0.865414479529933
95.907 1.30271811753935 -9.09856636467087 4.00558216846664 5.15145474720842 2.76910969252429 -0.373663723135622 341.957836155168 5.47901943572363 169.600411910802 0.838508568457038 0.863833454036448 0.865375534228133
95.908 1.29712435725713 -9.07498330303288 4.03951172360789 5.59127110454865 2.90593918128713 -0.418740098913663 341.842052539651 5.29111749215126 169.800370719721 0.838787711625904 0.863952611283996 0.865710454969045
95.921 1.30771213582204 -9.05274107243053 4.0448493390889 6.02069361241439 2.90389488147903 -0.542514943984129 341.797847285686 5.06200574293614 170.040333647749 0.838786149649006 0.864306636716777 0.865765372388874
95.936 1.32939171026092 -9.00818244980661 4.07946099903682 6.1758761595699 3.01426875210975 -0.540935205310907 342.058062557118 5.39580516864252 170.076300282974 0.839163706177633 0.864378475696292 0.866061309313711
95.952 1.31963421609945 -8.99010641902883 4.11474147498458 6.60943358178085 2.94566630437969 -0.653253898520274 342.172256301406 5.33622465177827 170.108670254677 0.839251015028021 0.864813102290388 0.86620446494352
95.967 1.3098947916056 -8.98533014831125 4.1138729011403 6.94543678848826 2.97705387241501 -0.782584997217865 341.675030671265 5.52260218660044 170.497803229209 0.839582085018746 0.864710697242852 0.8665795447489
95.997 1.30585785331952 -8.95002659896475 4.14092378813503 6.5440228806318 3.31064619509717 -0.419593673068598 341.227527604139 5.4503419679404 170.968022906288 0.839627555985023 0.864988914079746 0.86667087683519
96.011 1.29510186573232 -8.92794988816495 4.15323874651025 6.24076563073656 3.55591745345005 -0.180687740876242 341.004774843725 5.44530777114636 171.21122061566 0.839920971880048 0.864868927853274 0.866999315451402
96.026 1.2811119061145 -8.90921810506745 4.18712694613901 6.22890280812092 3.73009670047146 -0.174069348468007 340.444297359352 5.56077699403172 171.190098554094 0.839806083877736 0.865254509231672 0.866801886557455
96.057 1.29180455518658 -8.88020892654923 4.23294924946517 6.25486748914089 3.84716336630217 -0.078799818201359 340.479867623417 5.72469929462855 171.591088698684 0.840081646983489 0.865107963490007 0.867117224201441
96.071 1.31010692399349 -8.86188178999782 4.25958465860984 6.39273951885275 3.89069130448112 0.0496908506416777 340.331880861075 5.6922293651657 171.891979828816 0.839950691470833 0.865346453702187 0.8667844069628
96.086 1.30018298400884 -8.83796539673413 4.31444174641402 6.8069006814713 3.88330156334598 0.026401154890487 339.778692774968 5.72300642864913 171.982781845934 0.839959301791901 0.865066978252672 0.8668552528277
96.116 1.28718129909139 -8.82685533853655 4.35064502889542 7.50712664385852 3.82932255204955 -0.0922694949497067 339.640823497471 5.63070578578421 171.944503661341 0.839713960106597 0.865062783078598 0.866548632726432
96.132 1.27518050774426 -8.82338056289212 4.39370261729921 7.85870405580854 3.83493991516521 0.0818429507284701 338.796741147724 5.54763520720579 172.270053295207 0.839493152589823 0.864811674691443 0.866643056014969
96.146 1.26569660518608 -8.80534933796277 4.42766604811995 7.78428403190708 3.86213294654945 0.420223541151806 338.577067032952 5.41287168648521 172.623047965686 0.83916765404549 0.864709412403801 0.866481253064665
96.177 1.25165442240871 -8.78086117616967 4.47379543177231 7.6272296745179 3.91790438471893 0.678964545815252 338.079360329657 6.19158451783669 172.280743169117 0.83887470535559 0.864617376344923 0.866212032939701
96.194 1.24434356343124 -8.76498695354171 4.50465766601513 7.60954487500504 3.83832768670505 0.672136793523803 337.391424296691 6.41242606605302 172.332668852206 0.838864444005724 0.864410808631135 0.866216792562464
96.207 1.23219726489222 -8.74890447980619 4.52985990058854 7.3829415325427 3.79953308597348 0.766755175240125 337.192281867022 6.55118345944772 172.319401966985 0.838601816319801 0.864348632949525 0.865850283226922
96.237 1.21557937270018 -8.73018058532289 4.56205886612661 6.88739547089149 3.90965611325399 1.10687355084588 336.71305368032 6.97606511350295 172.247461770287 0.838618843873513 0.8639210533128 0.865644160085733
96.253 1.19834878032457 -8.72553944939802 4.58158087143595 6.56735821387868 3.91182027292096 1.32824726446359 336.221748312288 6.93845860215265 172.242715593258 0.838380776200811 0.863907853163023 0.865334913997864
96.267 1.18505588160501 -8.73369257766989 4.60537559457983 6.23046972073508 3.91987488685024 1.40076604946761 335.659573481059 7.02461274193739 172.718444033932 0.838293287074616 0.863524351504948 0.86530392524927
96.313 1.17309227275741 -8.74109028386164 4.63780416251747 5.59978916087531 4.05842174931025 1.56755967352848 335.813616132953 7.28215146774365 172.606599630539 0.838341167552847 0.863427086275158 0.865276035375536
96.33 1.14885763544939 -8.75732501691957 4.67345421196397 4.99248200051297 4.23502232247083 1.87645256113747 335.532254519658 7.57393632096929 172.685939667485 0.838384259983255 0.863463282829144 0.865250934489176
96.332 1.12704646187218 -8.76876397442561 4.69177258623876 4.67720326611053 4.32220711312451 2.20789127448937 335.519029067692 7.47654268887236 173.237345700737 0.838296422478815 0.863619457197423 0.865228343691451
96.361 1.08443206784599 -8.79222708503969 4.71185042214309 4.25986461888879 4.46250548578153 2.62221665085722 335.207126160923 7.56888841998512 173.313611130663 0.838090596945583 0.863512681398385 0.865331472239039
96.376 1.05990563247329 -8.82657191956551 4.72824453489704 3.59723693562587 4.61091142575299 3.16075834455013 335.40641354483 7.53199957798661 173.622250017597 0.838285216719176 0.863540318440049 0.865300827666328
96.39 1.01305185330265 -8.82474148694734 4.73880941131761 2.93751324206328 4.66661417630746 3.5561328917745 335.045772190347 8.15879962018795 174.080025015837 0.83846037451541 0.863812249512777 0.865520031460876
96.435 0.976210551610766 -8.83267099044377 4.73455112986908 2.77734970411649 4.68163214798969 3.5608249461085 335.381194971313 8.30291965816915 173.832022514253 0.838491546249562 0.863933527212693 0.865593991231521
96.441 0.947602358893614 -8.8399870250969 4.72197982501816 2.48282084057507 4.7508735133434 3.77878825302437 335.143075474181 8.85262769235224 174.148820262828 0.838772391639175 0.863919079672926 0.865907066272094
96.449 0.905095577927882 -8.82107325682183 4.72173885850755 2.17041661911299 4.77883959712356 4.07495522924865 334.988767926763 9.28736492311702 173.653938236545 0.83877236166095 0.864276458266813 0.866065646206065
96.481 0.875219178818871 -8.81769784947461 4.70907215191705 2.31139022437726 4.69179533206769 4.08654367578944 335.089891134087 10.0386284308053 174.048544412891 0.839151296988382 0.864351315091325 0.866331555749183
96.496 0.849108534416445 -8.82214184397661 4.70982268971607 2.28177791949679 4.80505854695253 4.16262213263797 334.760902020678 9.93476558772478 173.863689971602 0.839113376475237 0.864788657745918 0.866324363090998
96.51 0.80687432649215 -8.81740253979745 4.72809551527266 2.09787493670741 4.8253160510359 4.44635991937418 334.284811818611 10.3812890289523 173.997320974441 0.83945821032124 0.864812294622519 0.86668745308163
96.54 0.786520777605295 -8.8348047418724 4.7346051547244 2.23617904609011 4.73591421692468 4.46508270606271 334.276330636749 11.2031601260571 173.577588876997 0.839516068757268 0.865080351721447 0.8666446706902
96.556 0.770836202915597 -8.84112929850791 4.73028845906092 2.46141610331316 4.52110142118641 4.12010115301369 334.448697573075 11.2828441134514 173.979829989298 0.839946656450466 0.865074819200495 0.866975729920911
96.569 0.742295022561629 -8.82868537500477 4.73298750507682 2.34657220290551 4.46517448517464 3.76305286977339 334.603827815767 10.9945597021062 174.221846990368 0.839829199991112 0.865439811444171 0.866904119845554
96.599 0.716787525195908 -8.82269319172183 4.73613490630254 2.26306002078289 4.3957562732984 3.43407582707086 334.92344503419 11.3951037318956 174.139662291331 0.83997628000657 0.865274735481256 0.867086182024723
96.616 0.704006136815874 -8.8097584749056 4.74872394176482 2.26194485839926 4.3340432413884 3.10364534360042 334.851100530771 11.995593358706 174.425696062198 0.839729240499799 0.865496548494311 0.866632733742955
96.63 0.677539123321588 -8.79045579178272 4.75670219456099 2.4701015175975 4.2281198332801 2.72152508404954 334.665990477694 12.5360340228354 174.683126455978 0.839633525635512 0.865202063565584 0.866841934532385
96.66 0.651025333903743 -8.80887668141548 4.79015897209891 2.93988525896752 4.18240708659331 2.29135730846901 334.619391429925 12.5424306205519 174.91481381038 0.839547382257653 0.865307820125759 0.86666024373034
96.676 0.628719155999285 -8.85478449590943 4.82194601144297 3.21536238192573 4.1030976756439 2.00038951655341 334.457452286932 12.3081875584967 175.243332429342 0.839343232525774 0.865032208033887 0.866496722008499
96.689 0.597929541777607 -8.87479310686536 4.86240565758261 2.97703225060339 4.13553599968257 1.83775514505074 334.011707058239 12.757368802647 174.998999186408 0.839159497767082 0.864907892412001 0.866349552458842
96.721 0.571595556596848 -8.8866358291073 4.88415483219606 2.73887101027588 4.16625720887461 1.5845139816907 334.210536352415 13.0416319223823 174.779099267767 0.838994136484259 0.864919605821994 0.86609350239446
96.736 0.553581199401557 -8.87921805002957 4.90492618903382 2.36116711535516 4.25039484676578 1.42835265985751 333.789482717174 13.0574687301441 175.301189340991 0.838845311329719 0.864558941517697 0.865986654806207
96.75 0.544910011905973 -8.86535945074561 4.92218389056501 2.02505040381964 4.33833246132584 1.40612808089466 333.350534445456 13.1317218571297 175.591070406891 0.838584596911396 0.864605550017121 0.865766894507089
96.781 0.536148263411413 -8.85276702526333 4.93903265543917 1.9026980351934 4.36938471137647 1.40368321173649 333.735481000911 13.3785496714167 175.791963366202 0.838476725714142 0.864276291293312 0.865692707707573
96.795 0.522576460298917 -8.83520882859638 4.9480314685238 1.81319159045269 4.35992715626935 1.4709484783491 333.84193290082 13.0006947042751 175.732767029582 0.838252869857378 0.863979958441883 0.865502342118319
96.81 0.513115169754942 -8.81413921297917 4.9660064607858 1.68301746957536 4.3911100131615 1.44446431753709 333.817739610738 13.0206252338475 175.559490326624 0.838051399586289 0.863713258875598 0.86545461055768
96.84 0.508849715129721 -8.80445409340855 4.98278252750629 1.65746381422088 4.39474710344841 1.28780414532537 334.455965649664 13.4585627104628 175.223541293962 0.83787007634231 0.863720838169541 0.865288054683415
