86.467 -0.569658311269131 -9.48826457364818 3.16280291021259 -1.29561273418487 -11.8397246730172 0.296179170530922 391.598365276316 -20.401575664816 182.066325069869 0.839895096349602 0.865348866613912 0.865775984736947
86.48 -0.680107038076025 -9.48221489164347 3.17129607385747 -1.35612779664424 -12.7717827400666 0.45511087179844 391.678528748685 -20.8814180983344 181.979692562882 0.840161758208169 0.865316482603713 0.866070860426977
86.498 -0.64477718846974 -9.47898480033679 3.1792392079802 -1.28616387194165 -12.7968945423958 0.388225738817069 392.050675873816 -21.253276288501 181.841723306594 0.840022791573045 0.865534120904522 0.865718944304984
86.529 -0.554442092570458 -9.49301669063392 3.17944482667193 -1.40029557635054 -13.1897241721257 0.436426065698721 392.385608286435 -21.4679486596509 181.357550975935 0.840024191883892 0.865359613995573 0.865896336435665
86.543 -0.508095849865193 -9.50139572378001 3.18980525466453 -1.71522785077655 -14.5127364877376 0.647745291189918 391.907047457791 -21.9611537936858 181.101795878341 0.839772361189388 0.865326155247208 0.865561872712803
86.558 -0.533781006318493 -9.48858611127139 3.20948456405983 -1.89026995119508 -15.9629895565211 0.84632954069688 391.716342712012 -22.1650384143172 181.111616290507 0.839545713564335 0.865048709643192 0.865631648358256
86.589 -0.546363163932112 -9.4574848205483 3.24174071561741 -1.89513608584657 -16.8857745703346 0.945666052276047 391.424708440811 -22.4685345728855 180.400454661456 0.839341730701787 0.864922743860375 0.865447388703933
86.603 -0.541466387162161 -9.43930992400373 3.27424284110767 -1.94913392764359 -17.7078841362019 1.08545059208661 391.70223759673 -23.161681115597 179.580409195311 0.838904450796691 0.864685639395042 0.865281555015042
86.619 -0.506593072756725 -9.4494682870721 3.29529460928114 -2.00765564938305 -18.5653399973909 1.23263072371764 391.652013837057 -23.6055130040373 178.78236827578 0.838891214902714 0.864472245376242 0.865379362430272
86.649 -0.416968131969509 -9.47794398567813 3.33321524257605 -2.00307329055161 -19.6278899671174 1.37730658264359 391.906812453351 -23.7049617036335 178.484131448202 0.838625910127092 0.86440392602012 0.865096596107949
86.664 -0.416331876734022 -9.50393126817111 3.3604605012698 -2.12719344241248 -20.9536505887263 1.54186600071511 392.196131208016 -24.0944655332702 177.915718303381 0.838640528300076 0.863970817076336 0.864842106417858
86.679 -0.405224760847501 -9.48350592623559 3.33572052242426 -2.6045504340491 -22.1651557588613 1.76325191972757 392.456518087215 -24.5650189799432 176.684146473043 0.838400292184717 0.864076238019896 0.864736800957575
86.709 -0.455981225201975 -9.42238658818967 3.31141947199763 -2.94562210820144 -23.626502778395 2.1014305445487 392.690866278493 -25.1085170819489 175.695731825739 0.838310851460131 0.863799910495809 0.86464202604332
86.724 -0.504175952460906 -9.40107764738828 3.34371734699482 -2.84724310348817 -24.6348448669677 2.26304321528467 393.681779650644 -25.537665373754 174.986158643165 0.838356975499811 0.863675089366932 0.864556728620491
86.752 -0.451902850839384 -9.42565360609916 3.37739428020306 -2.65259512901721 -25.1889176321794 2.24208240520659 393.793601685579 -25.9838988363786 174.407542778849 0.838398487135522 0.863686485611742 0.864479960939944
86.769 -0.377922291493017 -9.45279983530248 3.3825643790077 -2.4583279825277 -26.1066670903355 2.31329401201417 393.834241517022 -26.6855089527407 173.586788500964 0.838435847607663 0.863820339701761 0.864534467497143
86.783 -0.379394970776676 -9.46514066323463 3.36650764336981 -2.41936541328257 -27.6242446561111 2.44226995432421 393.930817365319 -27.4969580574667 173.028109650867 0.838342851340782 0.863693475652289 0.864583523398621
86.799 -0.458950927056705 -9.45511856315873 3.32601962736962 -2.70185635287034 -29.3038049233244 2.71636356957881 393.837735628787 -27.80726225172 172.105298685781 0.838512245674855 0.863703033268563 0.864504076240262
86.831 -0.545814320621939 -9.43921533797689 3.33524980174051 -2.81411346567491 -30.3497603088546 3.01037606758276 394.173962065909 -28.146536026548 170.734768817203 0.838664700575521 0.863835232592899 0.864679631532969
86.845 -0.497457812885688 -9.41131534195996 3.34463434839141 -2.90903799697001 -30.217074354305 3.17193388067181 394.176565859318 -29.2318824238932 169.201291935482 0.838675439703662 0.864077672250343 0.864837631296406
86.857 -0.415031177395802 -9.4287622989749 3.3189630754938 -2.85095862475393 -30.4365882929203 3.31962598878784 394.838909273386 -29.5486941815039 168.241162741934 0.838937895747865 0.864048810206811 0.865103154727945
86.884 -0.421471949750979 -9.44368645741359 3.33506398035439 -2.74296199891976 -31.479189005613 3.60445728303882 394.955018346048 -29.8338247633535 167.377046467741 0.838921315358771 0.86439321574731 0.865218802171884
86.899 -0.497059628070712 -9.44873845452502 3.34003784030693 -2.68316961582168 -32.1931021661204 3.87912605855174 394.819516511443 -29.9704422870181 166.239341820967 0.839285355316421 0.864456396823772 0.86556939611842
86.914 -0.507747404010284 -9.45298598892481 3.27137145194426 -3.02553967714027 -32.2921125601954 3.97670963590267 395.537564860299 -30.9333980583163 165.69540763887 0.839234028970472 0.86488323130512 0.865638419423312
86.944 -0.50695162316965 -9.44423924702696 3.2189689468713 -3.43977960255602 -32.8132829835652 4.22407684025133 395.223808374269 -31.2000582524847 164.845866874983 0.83969282064235 0.864897410825801 0.866070103780712
86.959 -0.538916271634164 -9.42810721532963 3.25512492579562 -3.67671767283477 -33.5632523951323 4.41388289668422 395.481427536842 -31.5000524272362 164.141280187485 0.839727218046267 0.865156956304401 0.865965596053834
86.975 -0.466170306540068 -9.44638887050566 3.3258528106422 -3.85561079104747 -33.8443317357717 4.34806712609976 396.013284783158 -31.7100471845126 162.727152168736 0.840010667735167 0.865143763325154 0.866241510612175
87.006 -0.449121667924406 -9.44763926568165 3.30403491792179 -4.40287413942364 -34.3675321499808 4.50944361959666 396.551956304842 -32.3190424660613 161.514436951863 0.839886810147343 0.865501861156363 0.866119862202151
87.021 -0.575933617934181 -9.42715693625094 3.22891318443803 -4.81067832853471 -34.8903209197156 4.77834658588127 396.496760674358 -32.4471382194552 160.242993256676 0.840154300626136 0.86533058022223 0.866257162543116
87.036 -0.61392876140886 -9.41494775812878 3.1811755029266 -4.82503034300949 -34.4379300491181 4.74784017156795 396.267084606922 -32.9824243975097 158.678693931009 0.839889459057408 0.865546808761187 0.865886616209509
87.068 -0.558162259378554 -9.4002484649514 3.14850664686306 -4.77306165985358 -33.9315416243589 4.61962103990734 396.54037614623 -33.5841819577587 157.270824537908 0.83977772233736 0.865247297805772 0.865923917505291
87.083 -0.534727612720598 -9.39432138533248 3.15148625866601 -4.84461045570028 -34.1750286832971 4.66910931759599 397.386338531607 -34.3657637619828 155.883742084117 0.839677159289316 0.865225070676388 0.865710430936264
87.098 -0.52327309213877 -9.4082603901403 3.20719947304752 -4.85175246356537 -34.3231746699292 4.69380143927151 397.187704678446 -34.1091873857846 155.355367875705 0.83946003185427 0.864957733529454 0.865518293024141
87.143 -0.379906262422802 -9.44193433968218 3.23244166868711 -4.76886729354471 -34.0786434624783 4.58625335641306 397.788934210602 -33.8182686472061 153.979831088135 0.839264617162729 0.864840865358011 0.865345368903229
87.145 -0.322762023328425 -9.43339497370712 3.24510400740311 -4.79732407564062 -34.828794383406 4.76732267726031 398.030040789541 -34.2164417824855 152.681847979321 0.838961972161105 0.864735684003712 0.865066001933611
87.157 -0.370930997358574 -9.42888184657567 3.25811618490224 -4.68553059937427 -35.8772126549891 5.05623926449611 398.427036710587 -34.754797604237 151.333663181389 0.83881636343888 0.864393411881244 0.864938306921752
87.188 -0.393812651479376 -9.39381512645668 3.21122905543332 -4.83300807378798 -36.6230791757497 5.26588251361902 398.124333039529 -35.4193178438133 149.58029686325 0.838558543809642 0.864456573344312 0.86457577250748
87.203 -0.455586405137896 -9.41085737327146 3.25204958555893 -4.7413103198443 -37.3630613345106 5.41334006378383 398.751899735576 -35.8373860594319 147.942267176925 0.838453277922563 0.864142212287784 0.864497100438234
87.218 -0.341134612148749 -9.44588762562937 3.34020355377611 -4.77023272297438 -37.6771368804489 5.44605185893217 398.836709762018 -36.2136474534887 147.068040459233 0.838358538624192 0.863859287336908 0.864302560315115
87.247 -0.132304284917486 -9.45413127578616 3.40960617393866 -4.99320945067694 -38.5300338794269 5.65335506998552 399.273038785816 -36.3122827081399 146.041236413309 0.838273273255659 0.86360465488112 0.864251209465106
87.262 -0.0995012571935408 -9.461071721053 3.44309869584991 -5.2015220933955 -40.6762671327056 6.1155004790175 399.185734907235 -36.5210544373259 144.757112771979 0.838069762644742 0.863499359313712 0.864204993700098
87.279 -0.206268470036198 -9.46378666579951 3.40177504281002 -5.53404163978114 -43.0544419461526 6.69860691966537 399.527161416511 -36.5289489935933 143.061401494781 0.838139995565961 0.863528328563844 0.864286996981281
87.309 -0.334979951870927 -9.42702504176106 3.37966723495541 -5.89514129259692 -44.5718985148961 7.25546378495074 399.71444527486 -36.896054094234 141.895261345303 0.838203205195057 0.863677998358652 0.864360799934346
87.324 -0.415745228969296 -9.40704783360546 3.36856890249686 -5.9636424305128 -44.7063117168416 7.52228381866941 400.063000747374 -37.5264486848106 140.425735210772 0.838386564143703 0.86368910370429 0.864427222592105
87.339 -0.336342320242441 -9.40271533036577 3.38802907939347 -6.08636215692717 -44.2410240566078 7.4387577268788 400.316700672637 -37.5538038163295 139.523161689695 0.838425116915025 0.863822695985054 0.864487002984087
87.369 -0.197123788653835 -9.43059908602548 3.41218715377682 -6.32200075039476 -44.5329521852982 7.53228653434359 400.605030605373 -37.5184234346966 137.930845520726 0.83883877671705 0.863819331568051 0.864787589246859
87.384 -0.229186018877349 -9.45647256899398 3.41627218843729 -6.557739606653 -45.8277485698218 7.92333269006954 401.104527544836 -36.7665810912269 136.497760968653 0.838832108231038 0.864063361327979 0.864934793238906
87.398 -0.362489080941488 -9.43780037160386 3.34034149516729 -6.71570610400296 -46.6495538655114 8.31802232182595 401.374074790352 -36.8699229821042 134.667984871788 0.838952576876085 0.864035930376684 0.865313788078741
87.429 -0.432901862128803 -9.43051230069103 3.27403894068993 -6.54642556993854 -46.6700946621664 8.40072390643724 401.916667311317 -37.2629306838938 133.561186384609 0.838934528374169 0.864504811502741 0.86528491192206
87.442 -0.550621738610472 -9.41293971976133 3.20514897408065 -6.48567614271568 -46.7069019898429 8.3835522791523 401.985000580185 -37.4366376155044 131.785067746148 0.83929724703028 0.86455683300366 0.865628894893579
87.459 -0.539792439858144 -9.43507252848588 3.21269956739524 -6.3424520398945 -46.1568224778815 8.15741079169508 402.346500522167 -37.292973853954 130.366560971533 0.839371201795403 0.864850436264474 0.865691968320954
87.489 -0.40147743957045 -9.46564621969857 3.17873382131856 -6.43874118705009 -45.8777814514674 8.14319643008283 402.43185046995 -37.2836764685586 128.24990487438 0.839816276184789 0.864867895289219 0.865995245652584
87.503 -0.386229392917177 -9.47275200407027 3.12990884388031 -6.58723348055882 -46.2701559780764 8.49757907715088 402.148665422955 -37.0353088217027 126.104914386942 0.839838328034461 0.865376632060029 0.865898223738518
87.518 -0.470369145600099 -9.45221239555167 3.08022028569467 -6.71171623937317 -46.832453357368 8.78675246714572 402.55379888066 -37.3517779395325 124.354422948248 0.840236689799941 0.865217874035529 0.866057687925847
87.549 -0.648506896491139 -9.43665967787761 3.0376553627618 -6.57489576047402 -46.4621851208678 8.89891691508763 403.098418992594 -36.9766001455792 121.998980653423 0.840090230005639 0.865445373193156 0.865954421784455
87.562 -0.689719346280654 -9.4275105214607 2.94607594842623 -6.39832221496097 -44.6556612652696 8.61971224647963 403.528577093334 -37.1789401310213 120.179082588081 0.840211207019645 0.865279741055343 0.866231453769735
87.578 -0.543414694472337 -9.45494989900213 2.90291939289788 -6.28749762705266 -43.3290264364525 8.14629064015228 404.155719384001 -37.2410461179192 118.541174329273 0.840067295503373 0.865377729866542 0.865987213574264
87.609 -0.445678319696352 -9.51765326573033 2.89197093944031 -6.35416771167564 -42.7167344798302 8.0095241715569 404.360147445601 -37.0569415061273 116.827056896345 0.839937775138728 0.86497125315779 0.866014455133571
87.623 -0.445822205689936 -9.54164487046223 2.84614445001135 -6.5782929252409 -42.6931526349006 8.0788007620348 404.004132701041 -37.3112473555145 115.224351206711 0.839694586118741 0.864976630493204 0.865915512271407
87.639 -0.518077033651521 -9.51301892330248 2.8431479802452 -6.49450943424353 -42.3383411882044 8.02206572399926 403.983719430937 -37.2401226199631 113.84191608604 0.839602336692559 0.864734137364588 0.86557913096497
87.684 -0.564132324957237 -9.47719993349909 2.85661202705406 -6.26490581906345 -41.2945834052619 7.76184388442376 404.565347487843 -36.8161103579668 112.597724477436 0.839392691517189 0.864392019906032 0.865400123049976
87.698 -0.579724710080074 -9.43365016719996 2.85424473914357 -6.23078164937084 -40.0010029273311 7.49558316010352 405.028812739059 -36.6144993221701 110.817952029692 0.839077239080119 0.864207987836133 0.865115280665683
87.713 -0.538152521157008 -9.4516169948098 2.82482028334903 -6.08709279741086 -38.7405972910865 7.22159736317714 405.325931465153 -36.4330493899531 109.456156826723 0.8390467243578 0.863794472710748 0.864982657780617
87.729 -0.513307108256586 -9.5136959722087 2.83371260460824 -5.60510107492168 -37.7382932871687 6.957452894035 405.593338318638 -36.3897444509578 107.870541144051 0.83876586863667 0.863793930621176 0.864863297184058
87.743 -0.467064075937898 -9.54005846116947 2.84806032207558 -5.2735986010173 -36.99881510349 6.65254729928799 405.594004486774 -36.470770005862 106.803487029646 0.838639870266888 0.863545833836961 0.864879470116845
87.759 -0.460221126619903 -9.50398951233036 2.85893819833054 -5.05997919893084 -36.574506112225 6.52393379073323 406.254604038096 -36.4836930052758 105.423138326681 0.838526471734085 0.863570155634767 0.864646693025865
87.789 -0.498714335212643 -9.49038179034537 2.89566305372942 -4.66848509583165 -36.356750157491 6.40207476280495 406.249143634287 -36.2553237047482 103.700824494013 0.838424413054562 0.863592045252793 0.864560928904781
87.803 -0.501335776552142 -9.51153404099834 2.93452136898484 -4.37491902899657 -36.188250714261 6.19698179034125 406.664229270858 -36.3497913342734 101.850742044612 0.838332560242991 0.863611745909017 0.864607338665496
87.819 -0.388893100653215 -9.53919018432282 2.88653477297228 -4.51070956884501 -35.6816393832929 6.08491719909338 406.497806343772 -35.7748122008461 100.48566784015 0.838376513404385 0.863753073969308 0.864525509980449
87.846 -0.359221467108241 -9.54588470272525 2.87501013516785 -4.64666151272387 -36.3142388037423 6.2603949448329 406.168025709395 -35.0773309807614 99.1971010561354 0.838289450557832 0.86388026922357 0.864451864163907
87.859 -0.447797806916277 -9.5437694914249 2.89923418974341 -4.64382742252018 -37.3331966027574 6.55725621370839 406.231223138456 -34.9295978826853 97.9173909505219 0.8384641849702 0.863871147482716 0.864632640664249
87.874 -0.483343492619074 -9.53240868989593 2.93833394124026 -4.56494086347427 -37.3601822859931 6.59313364577266 405.74810082461 -34.6166380944168 96.7056518554697 0.838494975658873 0.864109995651177 0.864671879249017
87.905 -0.417471616570839 -9.51817376801938 2.96406663007064 -4.40921013590547 -36.8340877215159 6.41778974684425 406.033290742149 -34.2149742849751 95.6150866699227 0.838775478107555 0.864201498737253 0.864953977885296
87.934 -0.388653143439909 -9.52930433204386 2.93551127207151 -4.41256393147523 -36.9361751325704 6.3928046652896 406.469961667934 -33.6734768564776 94.3335780029305 0.838775139482492 0.864407311780261 0.865084543013499
87.935 -0.444957349474031 -9.5227420209403 2.91166696630601 -4.55833043909107 -37.3952293750386 6.5054325957072 406.682965501141 -33.0061291708298 93.1202202026374 0.83915379702777 0.864469083253428 0.865325375273329
87.98 -0.40758436436188 -9.57393757211165 2.91013881280438 -4.36967296770104 -37.1152484222675 6.46023284758686 407.114668951027 -32.5255162537468 92.0281981823737 0.839115626510686 0.864771461489265 0.86541880066273
87.981 -0.30236204428731 -9.59655041432676 2.90199987334981 -4.55789651062559 -37.4159373204988 6.35543093687398 407.323202055924 -32.5129646283722 91.2253783641363 0.839460235353144 0.864673220521841 0.865749394760182
87.995 -0.358197390704679 -9.56279306652812 2.90927944400585 -4.8570686916241 -38.2377023670749 6.65729242333925 407.690881850332 -31.9616681655349 89.4828405277227 0.839517891285981 0.865078372633382 0.865800418200897
88.028 -0.429697745742793 -9.53300997951031 2.90649368004808 -5.01792670795788 -38.4818710616651 6.86179218863892 407.841793665299 -31.4055013489815 88.5745564749504 0.83982227365091 0.865073038021237 0.866092850544532
88.059 -0.413004336091037 -9.52440111641646 2.86639751467236 -5.11918747227659 -38.0771954058803 6.81759770259945 408.457614298769 -31.1449512140833 87.2771008274554 0.839843725753971 0.865438208382838 0.865862470671582
88.065 -0.35261014461412 -9.55364359144474 2.82264952784593 -5.01566567161382 -37.9137506744526 6.81751732165249 408.411852868892 -30.550456092675 86.1093907447098 0.840115524672101 0.865149557465259 0.866148697768149
88.089 -0.373732578991896 -9.59977383068893 2.80320806138946 -4.99196169987229 -38.4246656833432 6.85942971162464 408.130667582003 -29.8954104834075 84.9384516702389 0.839854560698776 0.865260564635466 0.865912733172836
88.103 -0.43745448491488 -9.58083744035686 2.81342363506467 -5.21642965202246 -38.7463212524134 6.9711966641263 408.357600823802 -29.0658694350667 83.764606503215 0.83987278409705 0.864989678092624 0.866070746416733
88.118 -0.484090152098365 -9.51106241214148 2.82064242497007 -5.36883248834693 -38.4579486691568 7.07102356259917 408.321840741422 -28.3192824915601 82.2281458528935 0.839509322401995 0.865116673200095 0.865842576956562
88.148 -0.503137769741083 -9.50123653591757 2.8280371725701 -5.28614771279468 -37.7037568556763 7.05170746588123 408.10965666728 -28.0673542424041 80.9053312676042 0.839562069629947 0.864860175800789 0.865760821912099
88.163 -0.486941366591094 -9.52567266626136 2.79614578784788 -5.35295278884346 -36.6684956739254 6.94577336051449 408.518691000552 -27.7206188181637 80.0747981408438 0.839483071852645 0.864753063402213 0.865687242372082
88.192 -0.453989105699692 -9.54353520157614 2.73805473239378 -5.46193231911942 -35.7657682439375 6.82295174965388 408.466821900497 -26.9885569363473 78.4273183267594 0.83915858138203 0.864656662243494 0.865373688055578
88.209 -0.446298870991082 -9.57678992345344 2.73030491463384 -5.26612076659679 -35.3105654653453 6.79943520064269 408.300139710447 -26.6897012427126 77.3045864940834 0.838993311737712 0.864198279677373 0.865091489170725
88.223 -0.436863747433195 -9.56523958558808 2.7156686406616 -5.25172243039513 -34.9802722775894 6.80040771111277 408.270125739402 -26.3007311184413 76.0541278446751 0.838844569057827 0.864280954360829 0.864713636531555
88.239 -0.450817776199016 -9.52090644581589 2.70237628411803 -5.24563415682126 -34.8234664238762 6.85471808503966 408.243113165462 -25.4706580065972 75.0487150602076 0.83871070064593 0.863984155202648 0.864621178059902
88.268 -0.524847536512464 -9.50602607497698 2.70651416592198 -5.23710127549028 -34.7624938272901 6.84481879561966 407.798801848916 -24.9035922059375 73.6038435541868 0.838463447295986 0.863840909603088 0.864414230174616
88.283 -0.560289838220104 -9.51501952918583 2.70957986663936 -5.08056672046034 -33.8175421544848 6.65193996949281 407.758921664024 -24.6332329853437 71.9434591987682 0.83849431175208 0.863711988563483 0.864351712338657
88.299 -0.446680305873237 -9.51766682248306 2.69144957200728 -4.89999096444484 -32.4480016794943 6.4180436824672 408.023029497622 -24.3299096868093 71.3491132788913 0.838395469070758 0.863719694888638 0.864171711025496
88.329 -0.326295648641779 -9.53327732605629 2.68722303750553 -4.92525904357288 -32.7085450229953 6.22814771116704 408.44072654786 -23.5169187181284 70.5142019510022 0.838433131349375 0.863726630581276 0.864133445104449
88.343 -0.38727936860388 -9.55666420450413 2.69203827419077 -4.87853466593314 -32.8728050245125 6.26945507745492 408.396653893074 -22.6052268463156 69.222781755902 0.838340406708323 0.863609137443853 0.863975270514708
88.359 -0.428038928357948 -9.5504184269065 2.66339185510451 -5.01663539781311 -32.671784064046 6.29518132543462 408.956988503767 -22.024704161684 67.8205035803118 0.838383575223183 0.863750726350661 0.86408024611443
88.388 -0.442276889188459 -9.54455785481521 2.65161616809107 -5.0325291099402 -32.3755980240536 6.30154105548657 409.04128965339 -21.5622337455156 66.7384532222806 0.83829580619475 0.863754558897097 0.86417472415418
88.403 -0.403376299086246 -9.54556814904561 2.64921819454674 -4.94988688596908 -31.8930000537093 6.19581443085395 408.997160688051 -21.2660103709641 65.7646079000526 0.838596225589845 0.86375800818889 0.864506538299942
88.418 -0.456532244035333 -9.56191997595623 2.65095058041433 -4.84955468592179 -31.6746924147506 6.28539329311206 408.957444619246 -20.5194093338676 64.5281471100473 0.838740282499012 0.864131493931181 0.864681847386682
88.449 -0.468220148219523 -9.58633310378786 2.60791772864121 -4.93406486618457 -31.0873758450313 6.3110524370833 408.981700157321 -19.0674684004809 63.5953323990426 0.83899625426368 0.864097249719566 0.864962949209193
88.464 -0.506152874589435 -9.5642516504037 2.55554122562877 -5.05668891391726 -30.5274932223602 6.23414566665741 408.823530141589 -18.5407215604328 63.0557991591383 0.838847217331197 0.864436811308789 0.865092617205007
88.478 -0.609664326632444 -9.54036804649004 2.56430697592203 -4.8823177324492 -29.846499625315 6.06721964960999 408.92117712743 -17.9466494043895 62.0902192432245 0.839344690167003 0.864619093094644 0.865455829648232
88.508 -0.579164110771797 -9.55963408302756 2.53532543318365 -4.68645237141802 -28.5175748536232 5.63378012739709 409.369059414687 -16.9319844639506 61.221197318902 0.839413900618454 0.864906470346359 0.865412749334602
88.522 -0.517776107253416 -9.60384843961738 2.46542816046084 -4.63841782129912 -27.5917715667342 5.27574562610776 409.652153473219 -16.2587860175555 60.5590775870118 0.839854705125535 0.864918325962916 0.865867000700873
88.538 -0.591215242858336 -9.61131962135144 2.42125524893288 -4.63869817657379 -27.2241974634959 5.15351457494737 409.546938125897 -15.6529074158 59.8431698283107 0.839872914081133 0.86529896753035 0.865782803281979
88.569 -0.635762646718865 -9.60164344306029 2.43393264247374 -4.47711843525229 -26.2918540530242 5.00533868997171 409.512244313307 -15.16761667422 59.1388528454796 0.840267817241945 0.865271573428508 0.866076997117506
88.584 -0.628569830886166 -9.58682965035949 2.45527822405156 -4.23246002684156 -24.8359510904698 4.70175138586004 409.301019881976 -15.030855006798 57.9649675609316 0.840118244703443 0.865493702646837 0.865848202587258
88.613 -0.613537027923739 -9.59959405776006 2.42953811851194 -4.07486287911924 -23.5218216302778 4.37661441521297 409.530917893779 -14.6077695061182 56.9684708048385 0.840236420247668 0.865199502302858 0.866135856492257
88.629 -0.615749378045031 -9.58863634570964 2.41277651876554 -3.92844529349739 -22.520784505418 4.15345679048556 409.377826104401 -14.2269925555064 56.1916237243546 0.839963366716787 0.865428838633752 0.865901176024534
88.642 -0.569916316008236 -9.59906525645728 2.42522439560603 -3.72491374124689 -21.5671793373189 3.91292027174235 409.000043493961 -13.8842932999557 55.7324613519192 0.840097030059678 0.865141124691081 0.865937021338814
88.659 -0.581099577071368 -9.60761328250833 2.42960401655416 -3.61578114574816 -20.7921407929 3.74223893159102 409.140039144565 -13.4558639699601 55.3192152167273 0.839711143768359 0.865129514873166 0.865722224386435
88.689 -0.578415388454884 -9.5942375514865 2.42193378461462 -3.53817249682219 -19.9167435075031 3.51305320637085 409.146035230108 -12.9502775729641 54.4672936950545 0.839617238577216 0.864995468567352 0.865528907129294
88.718 -0.613828004529973 -9.5958463776672 2.42652275669332 -3.43397356775066 -19.2258325155315 3.29075551932155 409.511431707098 -11.7752498156677 53.5805643255491 0.839532723905187 0.864751091631321 0.865354921597867
88.72 -0.613676912603587 -9.61860274331845 2.44124715186139 -3.38981285219697 -18.2757683479478 3.00519141777107 409.480288536388 -11.917724834101 53.1425078929942 0.839330040008554 0.864778485119382 0.865074599358785
88.748 -0.814953154639432 -9.61945094219217 1.99122110000533 -3.7897628646872 -16.9978098337637 2.76192418439091 409.272259682749 -11.3859523506909 52.5682571036948 0.839147624501584 0.864307920265672 0.864946044604409
88.763 -0.788704043313291 -9.66732030109795 2.0646190076287 -3.08712245608107 -15.9728380106927 2.02084626976861 409.205033714474 -10.6673571156218 52.4114313933253 0.838856678766075 0.864008424517007 0.864582736421871
88.778 -0.752330719546461 -9.6439037769696 2.15533740185637 -2.99749417993861 -15.2671572630585 1.58899065042534 409.384530343027 -10.2606214040596 51.6702882539928 0.83884822007516 0.863738878343209 0.864626965430877
88.808 -0.863546102448688 -9.65850242820331 2.07130519327168 -3.14049285354781 -14.4595255062183 1.31329769225304 409.186077308724 -10.0145592636536 50.8832594285935 0.838587214782293 0.863620160429593 0.864419438808493
88.822 -0.760432080213176 -9.64877658647551 2.19319784441571 -2.76766494223883 -13.3234966197186 0.895708381042999 409.487469577852 -10.1531033372883 50.4149334857341 0.83847908179795 0.863637049568136 0.864479997578837
88.839 -0.73736058692689 -9.64648771490681 2.19127157746834 -2.62295951671724 -12.0942003928613 0.927511588740226 409.458722620067 -9.61779300355945 49.5734401371607 0.838254990332804 0.863652249792825 0.864410903002456
88.869 -0.746823039834695 -9.66962666695739 2.22072241979017 -2.41562539710658 -10.7282918039568 1.07063829246162 409.25285035806 -9.1960137032035 49.5960961234447 0.838306700485216 0.863665929995045 0.864348717883713
88.883 -0.681178847418723 -9.66447468446575 2.26183279404498 -2.38703995663256 -9.15775269989701 1.17426148611622 409.487565322254 -8.75641233288315 49.6764865111002 0.83822661893058 0.863678242177043 0.864292751276844
88.899 -0.647657176375238 -9.64415587049916 2.30170517011991 -2.51932832738152 -8.22518353677754 1.27668266574888 409.218808790029 -8.60077109959484 49.8688378599902 0.838407636505674 0.863565587880043 0.864365978800353
88.928 -0.650826931464536 -9.64167065378006 2.33214351693849 -2.57273900609375 -7.43854304569521 1.11542661291445 409.096927911026 -8.70069398963535 49.2019540739912 0.838444082040799 0.863711531743232 0.864555343837051
88.942 -0.668882894934293 -9.65481672545649 2.32697686994129 -2.56813686120957 -6.25117729074401 0.863425936355827 408.927235119923 -8.61062459067182 49.501758666592 0.83860335330487 0.863719283750411 0.864849096014526
88.959 -0.663465733904609 -9.65982474559883 2.31167270044137 -2.60597966363823 -4.80850230976121 0.562579525926351 409.194511607931 -8.70956213160464 49.3515827999328 0.838620227160076 0.863973318292103 0.864866689064266
88.989 -0.653143479447635 -9.6391329318971 2.29789894789143 -2.70645039956448 -3.50246123909043 0.27731393974593 409.315060447138 -8.55860591844417 49.0964245199396 0.838888204458638 0.864078489114086 0.86512930671902
89.002 -0.680424881596332 -9.62883015430187 2.28831574293688 -2.71519467258513 -2.45145175640276 0.045002393099581 409.183554402424 -8.54274532659976 48.8667820679456 0.839129384027343 0.864419926763858 0.865118878698311
89.018 -0.704200028734474 -9.64391869267418 2.26610376512452 -2.77420955647166 -1.2979096341976 -0.232780288958469 409.245198962182 -8.34847079393978 48.8401038611511 0.839472617118136 0.864480436738665 0.865479464992205
89.049 -0.703930133006336 -9.6554034408384 2.22546300359467 -2.89068173059548 0.0402782757870452 -0.494235084490103 409.600679065964 -8.1136237145458 48.396093475036 0.839529034874474 0.864904867228523 0.865434021144177
89.063 -0.689441728670622 -9.65981405882121 2.1973258829227 -2.85886546593288 1.28739548637628 -0.69061310275865 409.740611159367 -8.20226134309122 48.2964841275324 0.839832302880554 0.864916883156864 0.865639905590939
89.077 -0.705970556806826 -9.65324913777186 2.18989912653961 -2.73633769796555 2.38537349499056 -0.795597594009502 410.106550043431 -8.1620352087821 48.4468357147791 0.83985275206065 0.865297669004903 0.865701877948579
89.109 -0.762206332032057 -9.62902501211113 2.18213765607773 -2.67491766862701 3.49187431343044 -0.954969132318476 410.495895039088 -7.94583168790389 48.1621521433012 0.840123648348112 0.865146807285915 0.866004164317446
89.124 -0.808269550929224 -9.60638540076207 2.16377987372725 -2.61963964222232 4.97932810346144 -1.31367069236907 410.666305535179 -7.8112485191135 47.8459369289711 0.839988492698993 0.865381413118504 0.865782653067204
89.139 -0.8014832829205 -9.60624071139388 2.13486787594422 -2.37370621235124 6.74475407174125 -1.76169293610926 410.519674981661 -7.63012366720215 47.501343236074 0.84037183799802 0.864974568084556 0.865953674321664
89.169 -0.752878561148149 -9.6322073117938 2.09980897531269 -2.01877833920772 8.32295042029232 -2.21529463486475 410.447707483495 -7.88711130048194 47.3712089124666 0.840085242692103 0.865103074192834 0.86586080954069
89.184 -0.733016474123986 -9.65186621928629 2.08046639345906 -1.67033561979076 9.28836530192721 -2.54033005687446 410.502936735145 -7.99840017043374 47.0140880212199 0.839827306916779 0.864847936694255 0.865653633768124
89.199 -0.749317827590875 -9.64112810657397 2.07598675831695 -1.4124623631552 9.96334556562762 -2.69545735653052 410.552643061631 -8.21856015339037 47.0526792190979 0.839595164718986 0.864742048206332 0.865467175572814
89.229 -0.810197135301148 -9.62541846364118 2.08260927389151 -1.10022376042746 10.6983087189885 -2.86865971248052 410.717378755468 -8.17670413805133 47.4474112971882 0.83951285743278 0.864523013306403 0.865299363197035
89.244 -0.81997752233599 -9.61666670974533 2.0842599790402 -0.786384590491587 11.8223709768607 -3.23599221451491 410.685640879921 -8.4390337242462 47.6226701674693 0.839312160183388 0.86407799563399 0.865148332058834
89.259 -0.794183653988728 -9.60549814286626 2.09729763756165 -0.470341551289756 13.0195231921517 -3.69788917626953 410.597076791929 -8.73513035182158 48.0804031507224 0.838877837330131 0.864049101252094 0.865012404034454
89.289 -0.837468125580212 -9.60215019091483 2.14769789776179 0.0125704664346394 14.3381815599594 -4.17313842658151 410.817369112736 -8.94161731663942 48.1923628356502 0.838740642091004 0.863775487404787 0.865013666282201
89.304 -0.861879376910741 -9.61092845414147 2.18850912929451 0.430397389256824 16.4753557703757 -4.6512444312516 410.715632201463 -9.42745558497548 48.5931265520851 0.838490394596553 0.863653108585013 0.864643595931884
89.32 -0.804661278434945 -9.60865356755911 2.17867203605958 0.675143909873127 18.8629346971549 -5.13879174385163 410.384068981316 -10.1047100264779 48.8338138968766 0.838391943630783 0.863542967647216 0.8644344062594
89.348 -0.778184400059301 -9.59649064152829 2.15281981276978 0.950377610488868 20.5186259602639 -5.54399653893212 410.445662083185 -10.4742390238301 49.650432507189 0.838429958453398 0.863567576063997 0.864369870814962
89.391 -0.817502283505366 -9.60475749381834 2.17300757808246 1.3293856509667 21.8331755779779 -5.97203963313051 410.561095874866 -10.7468151214471 50.2053892564701 0.838337551101943 0.8635897236391 0.864311788914969
89.393 -0.842713019357711 -9.61453196950364 2.17597337701402 1.64988220037385 23.5903160354473 -6.5053700209625 410.42498628738 -11.3521336093024 51.5448503308231 0.838254384485635 0.863609656456692 0.864259515204975
89.422 -0.819434006011417 -9.59681322766192 2.1816353452666 2.01008482003112 25.4809027525133 -7.05712309520212 410.182487658642 -12.1369202483722 52.5103652977408 0.838306155222764 0.863627595992526 0.86433606633567
89.424 -0.824040996130643 -9.56410696440501 2.21869370214314 2.43426717772266 27.2434995001627 -7.62240315209413 410.084238892778 -12.603228223535 53.1393287679667 0.83835274888618 0.863767339044466 0.864528422618836
89.438 -0.863980603602234 -9.56172582805362 2.27383346145306 2.90534427674429 29.2565541302991 -8.2685597834496 410.1158150035 -12.6629054011815 53.58539589117 0.838521153465714 0.863769510321522 0.864701543273686
89.469 -0.82199498330358 -9.58029260605758 2.30658013926405 3.27435183380269 31.6889139844448 -8.90200914861609 409.84423350315 -13.3766148610633 54.766856302053 0.838546247304835 0.863895061940563 0.864857351863051
89.483 -0.677246966792375 -9.58185940715837 2.30809983587079 3.55607695576593 33.6849080821835 -9.36142655436517 410.199810152835 -14.138953374957 55.4701706718477 0.838821622588921 0.8640080583977 0.864997579593479
89.498 -0.631070085316804 -9.5724357879147 2.34484189429115 3.87680513805193 34.300386739614 -9.54589458595155 410.459829137551 -14.6450580374613 56.6431536046629 0.838816669515721 0.864233215474663 0.865123784550864
89.528 -0.686775339797056 -9.56425379359589 2.39909843514768 4.08759790668949 34.5558442488587 -9.7355799365167 410.933846223796 -15.2205522337152 57.6988382441967 0.839065002578719 0.86431239657839 0.865483880259503
89.543 -0.68669168337129 -9.57658232430099 2.45134104410179 4.35059384121138 35.6628552438202 -10.0704188894299 410.580461601417 -16.2784970103436 58.468954419777 0.839288502335416 0.864753631084276 0.865561455150286
89.558 -0.570078624939404 -9.57504849296342 2.47663202094466 4.57736651815894 37.0286307881404 -10.336659443235 410.502415441275 -16.8706473093093 59.2820589777993 0.8397418466708 0.864780770627041 0.865877783798982
89.588 -0.487811935235991 -9.5837835728663 2.49903477019755 4.76695811061786 37.2685158009294 -10.2869629645604 410.492173897148 -17.3435825783784 60.0738530800194 0.839771341471872 0.865051980125517 0.865792508070277
89.603 -0.505170564910711 -9.5899093621556 2.55756432521362 4.72995695604462 36.669145136867 -10.0117017826082 410.482956507433 -18.3692243205405 61.2664677720174 0.840050378818212 0.864925687294468 0.866085731426974
89.618 -0.549583602900154 -9.59141227664805 2.6174235228421 4.64474751998214 36.7243680277605 -9.88534076465268 410.47466085669 -18.9323018884865 61.7398209948157 0.839922550122083 0.865182405126201 0.86585606346578
89.648 -0.490016404349965 -9.58522314782968 2.63227132711306 4.62302085958698 37.5381907669692 -9.95863874925612 410.587194771021 -19.4390716996378 62.6458388953341 0.840186466603402 0.865043069795084 0.866142931282927
89.663 -0.393848991596129 -9.5915641333702 2.61061914938833 4.46758900263592 37.6355167284402 -9.91620998883432 410.208475293919 -20.015164529674 64.0612550058007 0.839918408436947 0.865288049376755 0.865907543336137
89.679 -0.36380147892543 -9.5927219938674 2.5902942196561 4.26281483519675 36.6589879563595 -9.6543599823173 409.927627764527 -20.5936480767066 65.8751295052206 0.840056567607822 0.865014414359784 0.865942751919256
89.708 -0.401641583069935 -9.57987771196113 2.59384886408148 4.13271655778395 35.4343105347694 -9.37060337339855 409.614864988074 -21.414283269036 66.4876165546986 0.839674727561689 0.865015475574999 0.865727381908833
89.723 -0.466223754547335 -9.56897627499354 2.61404688344268 4.04616245925746 34.6458413133535 -9.1984285322419 409.093378489267 -22.1528549421324 67.2788548992287 0.839584463991213 0.864892833199001 0.865409813638654
89.739 -0.489332501347927 -9.5726921843289 2.61726133095504 4.00108819806454 34.7262953499571 -9.14270781642229 409.04404064034 -23.3575694479191 68.2909694093058 0.839249834306741 0.864658719799806 0.865124002195493
89.768 -0.473319525351585 -9.57178683460939 2.62494273245884 3.9513610576474 34.9925971126713 -9.08110879050526 408.879636576306 -24.0818125031272 69.0818724683753 0.838948667590716 0.864571753001328 0.864990507157446
89.799 -0.475487692502553 -9.57450347585548 2.63065889412659 3.59439289081396 35.0078412181981 -8.96994447634023 409.091672918675 -24.8536312528145 70.2736852215377 0.838931010017337 0.864245873979098 0.864870361623204
89.801 -0.48474135698147 -9.58766250708463 2.6247302556142 3.22121314371729 35.1650723635539 -8.89127063939323 408.922505626808 -25.1882681275331 71.586316699384 0.838661725730253 0.864076456501892 0.864638495381588
89.844 -0.479542416643506 -9.58340465633954 2.61634188867553 3.0441299972845 35.6035269592595 -8.91588403346917 409.190255064127 -25.9094413147797 72.7076850294456 0.838546141651113 0.863923980772407 0.864553551024932
89.846 -0.467800476233428 -9.57568198092776 2.5988564071978 3.16414447847208 35.8508078511198 -8.90521166065661 409.071229557714 -26.6784971833018 74.076916526501 0.838442115979887 0.863786752615871 0.864353365843143
89.859 -0.504338650179147 -9.56041171832082 2.60574468176886 3.38666132833479 35.9619102721147 -8.83224774649934 409.504106601943 -26.8306474649716 74.7692248738509 0.838475113567591 0.863539373632186 0.864296934440331
89.919 -0.521301563029503 -9.55277371421335 2.6076345700144 3.56478908863109 36.5473986342162 -8.97421381154407 409.653695941749 -27.6875827184744 76.2323023864658 0.838251418925482 0.863440606189672 0.863998537274201
89.922 -0.508496170143797 -9.55230400575588 2.58868548793666 3.71899720266874 37.2209030456038 -9.15389166703088 409.368326347574 -28.158824446627 77.7290721478192 0.838176865526819 0.863475450752207 0.863977588728284
89.937 -0.497450156420929 -9.55457473051599 2.57905333211785 3.90358603202019 37.5102631227228 -9.25300631712169 409.291493712817 -28.4029420019643 78.7761649330373 0.838109767468023 0.863506810858489 0.864082332506648
89.946 -0.505106124350842 -9.56858937965677 2.58528829488842 4.08040300133725 37.5638169631223 -9.28266751747058 409.522344341535 -29.2826478017679 80.1385484397336 0.838175999906913 0.863411299693345 0.864300062172717
89.961 -0.493561145427301 -9.57419954264324 2.6075394708546 4.16167567830276 37.7211757248253 -9.3124160328991 408.770109907381 -29.9543830215911 80.8846935957602 0.838235609101914 0.863696132640744 0.864372558606638
89.978 -0.496757760729618 -9.56871421209718 2.6176296018331 4.2989432249763 37.9177604424191 -9.35522023113591 408.273098916643 -30.618944719432 81.7362242361842 0.838415727659875 0.863829022027862 0.864561265662708
90.007 -0.496941234248484 -9.55695387487184 2.62796766246278 4.49194966583745 38.1206408867268 -9.41206462023606 408.425789024979 -31.0970502474888 82.9826018125658 0.838577834362039 0.864072082741809 0.864854425657617
90.022 -0.496807085494045 -9.55977718321595 2.64768670813667 4.7190905771163 38.2574317598862 -9.4074993795865 408.383210122481 -31.7073452227399 84.2843416313092 0.838850050940404 0.864290837384361 0.86524145725558
90.038 -0.473642161804298 -9.55908596773249 2.67267629042054 4.92886090871765 38.3645130113785 -9.40568073933777 408.104889110233 -32.1366107004659 85.8159074681783 0.838968725314515 0.864611040207105 0.865219814181215
90.069 -0.465662564025396 -9.55086223118874 2.7073773551117 5.0481885583039 38.3219548400116 -9.42007449746506 407.73440019921 -32.5229496304193 87.0743167213605 0.839454047351989 0.864652438837588 0.865570306926819
90.083 -0.467279617654747 -9.55770637840067 2.74555149151062 5.11817886277885 38.3302173712777 -9.44447926145902 407.640960179289 -32.7506546673774 88.2068850492244 0.839512322084942 0.865059669117554 0.86551577888533
90.099 -0.44706744074893 -9.554229422659 2.7851754528866 5.16590296123379 38.5575009776613 -9.4259855337864 407.43686416136 -33.1955892006397 89.826196544302 0.839943284445373 0.865179665122532 0.865836675160522
90.128 -0.410381272018599 -9.54301977537601 2.80581340514891 5.14091571854553 38.6918272157731 -9.3551427055986 406.893177745224 -33.3560302805757 90.9235768898718 0.839826165186529 0.865534172774004 0.865755510295663
90.143 -0.405375881118161 -9.55854907377835 2.85060406914299 4.99170964287418 38.4310414407607 -9.18985744267233 406.703859970701 -34.0404272525181 92.3312192008846 0.840099720161403 0.865235925417308 0.866052433429821
90.159 -0.402726533820554 -9.5940732366825 2.88959885708342 4.58261501446463 38.2367922585167 -8.98384879764173 406.533473973631 -34.2963845272663 93.7180972807962 0.839966957330955 0.865461619436757 0.865826095268342
90.189 -0.343419977554969 -9.60264162483676 2.91158591275081 3.8518344290487 38.2589145593826 -8.70989139879359 406.620126576268 -34.7667460745397 95.0862875527165 0.840226433091387 0.865046753770984 0.866115959905233
90.203 -0.299441317644082 -9.580665101971 2.91856529621481 3.09107846705986 37.7742444774901 -8.29157401463943 406.698113918641 -34.8300714670857 96.6776587974449 0.839954378276134 0.865291364955065 0.865883269096212
90.219 -0.349942362242666 -9.5293425950698 2.92646281398713 2.69265764325464 36.8937665946266 -7.88684409409151 406.408302526777 -35.1270643203771 98.2298929177004 0.84008894046309 0.865017398380263 0.865920905103324
90.249 -0.402516051471585 -9.50721411406624 2.94129188487571 2.73789569572307 36.5975197061563 -7.83556426483503 406.3274722741 -35.4543578883394 99.3269036259304 0.839830634910666 0.864894563723739 0.865707719774494
90.263 -0.389079506105501 -9.52794007509614 2.94404370453633 2.88242673683778 36.8766990332506 -7.94132081545077 406.13472504669 -35.9889220995055 100.674213263337 0.839598159913485 0.864784012532868 0.865515852978548
90.278 -0.306896360134767 -9.55964180275498 2.95184744775305 2.88960391048225 36.8775787482461 -7.90673071863851 406.021252542021 -36.2900298895549 101.946791937004 0.839388932416022 0.864436907557484 0.865343172862195
90.309 -0.271418320908266 -9.56919933955102 2.95887081664809 2.83194122935769 36.1539430108261 -7.68857673074413 405.979127287819 -36.2610269005994 103.152112743303 0.838946932339502 0.86424838672244 0.865187760757478
90.323 -0.272947053111301 -9.55248240471091 2.96656850137122 2.75180054153642 35.166029625774 -7.4693373782804 406.361214559037 -36.2949242105395 104.416901468973 0.838802827599438 0.863954844328099 0.865171487332924
90.352 -0.309038835760986 -9.52702237224763 2.96655323944516 2.8300556018866 34.3051518540363 -7.25446470915465 406.345093103133 -36.4454317894855 105.795211322076 0.838546361554143 0.863938265076791 0.864909508520335
90.369 -0.3397257906172 -9.53948269834684 2.95337140716934 2.93178286612542 33.7578427755029 -7.09848388709415 406.87058379282 -36.400888610537 106.855690189868 0.838315542113378 0.863799608489817 0.865044520585035
90.383 -0.353278116760253 -9.54806332484395 2.93187109373055 2.88822290012356 33.2942722384107 -6.93825381899542 406.263525413538 -36.1207997494833 107.930121170881 0.838234576395926 0.863798552822338 0.864795238447236
90.399 -0.381396648029326 -9.56063417818108 2.89731762178578 2.90932427423334 32.8228602817452 -6.77496278824092 406.317172872184 -36.828719774535 109.137109053793 0.838288327942026 0.863673867460808 0.864570884523217
90.429 -0.422564914888 -9.56404713594281 2.86155080826137 2.96266665597032 32.497062803189 -6.67685582239393 406.245455584966 -37.1058477970815 110.583398148414 0.838210083641709 0.86368538589623 0.864492701252398
90.459 -0.44926143085884 -9.54066282334951 2.83845863370049 2.98624731861756 32.304608431267 -6.62062062183392 406.240910026469 -37.2952630173733 111.705058333572 0.838266284463231 0.863572017227311 0.864545933778351
90.468 -0.464070621692481 -9.52590175112808 2.83892423177911 3.07388212874054 32.1138422446289 -6.65703184209328 406.056819023822 -37.165736715636 112.774552500215 0.838190244510793 0.863593720686083 0.864717303317249
90.486 -0.46871990880073 -9.53458352959804 2.85592311261732 3.15886032808022 31.9161984781813 -6.6898019403267 405.83113712144 -37.4691630440724 113.677097250194 0.838248429245407 0.863736851268667 0.864748075636717
90.501 -0.481403686887331 -9.54443227121221 2.86110660110687 3.25671475328747 31.8833572563173 -6.71013472339327 405.688023409296 -37.6822467396652 114.549387525174 0.838427265789018 0.864112452702981 0.864899230989779
90.517 -0.488030682462133 -9.56005969228435 2.86140231497384 3.48676846879842 32.1049451948077 -6.84141132738982 405.619221068366 -38.1740220656986 115.274448772657 0.838714539224685 0.864203710083876 0.865035270807534
90.549 -0.49800526838691 -9.55532993002613 2.86298526710835 3.63122139291094 32.3684964768537 -7.03894958396381 405.43729896153 -38.2566198591288 116.647003895391 0.838720294487909 0.864532625636668 0.865157706643514
90.564 -0.507341525624909 -9.54490802100789 2.85207979726703 3.64443513148244 32.5095094245882 -7.17474928205598 405.333569065377 -38.0309578732159 118.062303505852 0.839104436532645 0.864581865724194 0.865391222540343
90.578 -0.536214579645442 -9.54767887662194 2.84992631239811 3.60136566413573 32.3860393981599 -7.19391557522443 405.540212158839 -38.0078620858943 119.156073155267 0.839071202065074 0.8649961533155 0.865478063203042
90.607 -0.584167125377339 -9.55478156391092 2.8646877285521 3.49466421222597 32.4169011071989 -7.10963852151878 405.606190942955 -37.2670758773049 120.02046583974 0.839420253352093 0.864875443165452 0.865802731046463
90.623 -0.542809099751665 -9.55985714897491 2.85379156559832 3.23298405054536 32.9347529812118 -7.1956212342524 405.48557184866 -37.2603682895744 121.338419255766 0.839481907485036 0.865260373012632 0.86584842085855
90.639 -0.476796601681072 -9.5430568626968 2.81339908620829 2.92189938594884 32.9267738662967 -7.14552475968212 405.257014663794 -36.894331460617 122.64457733019 0.839789888230059 0.865236838362562 0.86613605293642
90.669 -0.507287628473185 -9.50998015744519 2.80607555789752 2.86177051605624 32.0951651819571 -6.83249900127116 405.231313197414 -37.2248983145553 123.760119597171 0.839688108592746 0.865585628690031 0.866024950293971
90.684 -0.594045895655164 -9.47614093610375 2.83013015821281 3.16643315910711 31.4543509538378 -6.67749337595321 405.388181877673 -37.3424084830997 124.944107637454 0.840101492302397 0.865282235741732 0.866294929428299
90.699 -0.618378512548693 -9.49518581618722 2.86805987806352 3.6734539653338 31.6073891408967 -6.86775930553346 405.349363689906 -36.9081676347898 125.829696873708 0.839841931566043 0.865503298728739 0.866167939136662
90.729 -0.516677203018028 -9.52351910224428 2.91698081896811 3.94885666040348 32.1092456466544 -7.13899864215569 405.254427320915 -37.0573508713108 127.166727186337 0.839987738424008 0.865208138776569 0.866177108139729
90.743 -0.430233704064988 -9.5392626853365 2.95909430628516 4.02649007833259 31.9112981812256 -7.14418274740577 405.048984588824 -36.9516157841797 128.250054467704 0.839739553075493 0.865189827550105 0.865938302507259
90.759 -0.39193888188723 -9.53026801928088 3.01435441415457 4.01620748271307 31.1461225615763 -6.99235989251252 404.864086129941 -36.6164542057617 129.225049020933 0.839769277236095 0.864926014715799 0.865846974907726
90.788 -0.390034684669882 -9.51349381134693 3.0624125716771 3.9626783374952 30.2505942748843 -6.85495596432997 404.637677516947 -36.3748087851856 129.92254411884 0.839542938006371 0.864688583164924 0.865517447337658
90.803 -0.42608943801991 -9.50103059583113 3.09519027927685 3.85114332817316 29.5736264504493 -6.78854433736262 404.373909765252 -36.577327906667 131.330289706956 0.839212460920383 0.864598630029934 0.865468205255085
90.819 -0.445011477665948 -9.50441836571579 3.10098761849852 3.7645022777986 29.3086302176181 -6.79594944561109 403.956518788727 -36.8195951160003 132.17726073626 0.83904180332223 0.864393936947645 0.865300289911079
90.849 -0.447257117328209 -9.51333312322991 3.0869917619221 3.68194517978973 29.178530554635 -6.72551480639349 404.000866909854 -36.8576356044003 133.119534662634 0.83863451615509 0.864333448434383 0.864901557197874
90.861 -0.44664457073554 -9.52159587261346 3.07499404084617 3.57863615799396 28.8835782625302 -6.58960454712819 404.160780218869 -36.2918720439603 134.327581196371 0.838648273725273 0.864155273511649 0.864666571398791
90.875 -0.447230526483756 -9.51532556757868 3.06533332465828 3.44901681700373 28.4723196729184 -6.50468989394209 403.824702196982 -36.6226848395642 135.534823076734 0.838407263067395 0.864118651341987 0.864455084179616
90.905 -0.447398756751449 -9.50794641505665 3.06046939908332 3.36213040247893 28.0189808353976 -6.47025143889903 404.122231977284 -36.5604163556078 136.62134076906 0.838317125254541 0.863838082485691 0.864388480943157
90.919 -0.465147544272868 -9.50411842165279 3.06955924945056 3.36561201871958 27.5583041259036 -6.45299728737554 403.790008779556 -36.984374720047 137.839206692154 0.838236001222973 0.863833179418624 0.864204802769546
90.935 -0.550313886399384 -9.48816350011129 3.06157926902455 3.45347829776366 27.5986569194201 -6.42220137543187 403.7310079016 -37.0059372480423 138.695286022939 0.838289610286368 0.863705031397466 0.864286825143784
90.965 -0.558369710798844 -9.50995652891486 3.04045106338216 3.38980985730027 28.0624553496155 -6.56471406231617 403.43790711144 -36.7853435232381 139.465757420645 0.838211237751617 0.863589698178424 0.864237047810908
90.979 -0.531263158997104 -9.52304607347211 2.98917380601245 3.19815711584505 28.3531563795395 -6.57465486982501 403.654116400296 -36.7068091709143 140.879181678581 0.838267323162148 0.863609633542084 0.864439305946551
90.996 -0.519317111027424 -9.52321472509706 2.9418870177574 3.01116583174146 27.9422682225016 -6.4668077034532 403.788704760266 -36.6961282538229 141.731263510723 0.838444270314085 0.863751172839069 0.864621338268629
91.027 -0.575962448703216 -9.49846683809761 2.9215351432598 2.90012558444518 27.2526215529232 -6.38195899417658 403.72983428424 -36.2665154284406 142.79813715965 0.838603522750828 0.863878558206355 0.864785167358499
91.042 -0.63322802596119 -9.48612969103101 2.92141437143412 2.97805195729837 27.0334662678598 -6.38269439246885 403.676850855816 -36.2398638855965 143.398323443685 0.838746849943896 0.864116665302453 0.864932613539383
91.059 -0.672496761794332 -9.46934007092694 2.9441104615658 3.10085744859143 27.31561582428 -6.40854709062654 403.269165770234 -35.7358774970369 144.178491099317 0.839002164964076 0.864330961688941 0.865188638746624
91.088 -0.691258781476715 -9.45686298445802 2.95484041138853 3.21290910831244 28.0245122571191 -6.54708169454099 403.022249193211 -36.2422897473332 145.000641989385 0.83910562793582 0.864647152081226 0.865295737788695
91.103 -0.631410434833674 -9.48585615607448 2.95587824849217 3.38703804480944 28.8358014894225 -6.79619031898002 402.98002427389 -35.7980607725999 145.680577790447 0.839451236635765 0.864684939524297 0.865638638173551
91.133 -0.577906053505697 -9.50907697128368 2.95627361894782 3.41932660674071 28.9942060733047 -6.86084609624232 402.522021846501 -35.2182546953399 146.592520011402 0.83950979244034 0.865088919735592 0.865577277007389
91.149 -0.559859196462355 -9.51453314286869 2.96315363372388 3.34227944224985 28.5840984430735 -6.71521950188526 401.989819661851 -34.6964292258059 147.413268010262 0.840066883096337 0.864958932943536 0.865892023470375
91.163 -0.601855981455555 -9.49645938333036 2.98299260728081 3.34087592550578 28.2241618812089 -6.51850671200208 401.750837695666 -34.5867863032253 147.911941209236 0.839937403972396 0.865212326210362 0.86568172630484
91.178 -0.63270990381209 -9.48629823198463 3.0111427407788 3.24648298944375 28.0994556167521 -6.48268657515302 401.115753926099 -34.5481076729028 149.380747088312 0.840199835068683 0.865193596240519 0.866109079974087
91.207 -0.620974102582645 -9.47673415127884 3.02121482801379 3.14091865996502 28.1757695970616 -6.51304387183619 401.084178533489 -34.4532969056125 150.162672379481 0.840057060747508 0.865423523177647 0.866000674627872
91.223 -0.563186255290608 -9.47991789862654 3.04195144038148 3.0703382443502 28.0055208816303 -6.45334253808769 401.05576068014 -34.0079672150513 150.986405141533 0.840307526166284 0.865136340780587 0.86627308132881
91.238 -0.555829054589123 -9.47452330725022 3.08557395572138 2.93277006877014 27.2980985644596 -6.29503118504228 400.910184612126 -33.7271704935461 151.847764627379 0.839900590264305 0.865371993263708 0.866024678377431
91.268 -0.549686413832054 -9.47092511776055 3.1365059533835 2.80437855807634 26.7835558835862 -6.26171127264492 400.719166150914 -33.4144534441915 152.802988164642 0.840040531252444 0.86521369911884 0.865924713190881
91.283 -0.518121093655418 -9.47421092858581 3.15750489703898 2.77203230532214 26.5884064020978 -6.3523340385102 399.947249535822 -33.4930080997724 153.542689348177 0.839913687312892 0.865071234388458 0.865711147053296
91.298 -0.468344055804423 -9.46938703421356 3.15144440596179 2.74673747173649 26.2272756855521 -6.35755864992635 399.55252458224 -33.2637072897951 154.50842041336 0.839672907075488 0.864819280870317 0.865518937529469
91.329 -0.470650640004407 -9.45965860453488 3.14778561352083 2.74916296120406 25.2404259795923 -6.20271881546807 399.617272124016 -33.2373365608156 155.437578372024 0.839456204861825 0.864592522703989 0.865345948958025
91.344 -0.497865683025298 -9.45623005182065 3.16191051267137 2.53226193225923 23.8499711678926 -5.9923705980434 399.495544911615 -33.1536029047341 156.213820534821 0.839134401090292 0.864388440354295 0.865190259243725
91.359 -0.513440823125402 -9.45972842649088 3.17139075275555 2.35308154056002 22.7687908449965 -5.86259918709402 399.265990420453 -33.6782426142607 157.032438481339 0.838971549475148 0.864204766239569 0.865050138500855
91.389 -0.513332655043208 -9.46802451618432 3.17088485428358 2.2376207147483 21.9667209208022 -5.79465987907164 398.879391378408 -33.2504183528346 157.829194633205 0.838698211242283 0.864163194797115 0.864676420928672
91.403 -0.502581107626084 -9.47974076039719 3.1685740292251 2.12988917762461 21.1341709661266 -5.66099541788204 398.711452240567 -33.1653765175511 158.966275169885 0.83857897861194 0.863754158975632 0.864711281486998
91.433 -0.500446451911083 -9.4912430599373 3.15356561006724 1.96651858047284 20.124570663407 -5.47428518907093 398.44030701651 -32.848838865796 159.149647652896 0.838344897465396 0.863757648259571 0.864371449616201
91.449 -0.515045255311207 -9.49261685803903 3.13820251639145 1.66146977586067 19.1296708489747 -5.22609331138521 397.716276314859 -32.4439549792164 159.674682887607 0.838387616904549 0.863760788615116 0.864313209836084
91.464 -0.555717494983562 -9.47511863048709 3.12120342983714 1.51975027919063 18.4449480388864 -5.07447634665891 397.784648683373 -32.4395594812948 160.267214598846 0.838299443707979 0.863639879674309 0.864260794033978
91.48 -0.586875701158424 -9.46092643143984 3.11117149055521 1.43724090012653 17.7416746090436 -5.01817375016096 397.546183815036 -32.8556035331653 160.740493138961 0.838220087831067 0.863407187984781 0.864337217281773
91.509 -0.624135766216379 -9.46138139190303 3.10244200820196 1.52786795515204 17.2690338656965 -4.97971515377081 397.691565433533 -32.5100431798488 160.926443825065 0.838148667541846 0.863568971837496 0.864405998204789
91.538 -0.639414036680694 -9.4574812974515 3.0784246283275 1.4857681825376 17.0963289524093 -4.92449172999679 397.762408890179 -32.1390388618639 161.393799442559 0.838211009973354 0.863714577304939 0.864344303565813
91.54 -0.64807680047402 -9.46618167692266 3.05136217094977 1.34558831084873 16.9798258281607 -4.89692805318031 397.766168001161 -31.9851349756775 162.114419498303 0.83839358844417 0.863969082491179 0.864659159770411
91.569 -0.63659996506735 -9.47981798768498 3.04047334269451 1.24919741869515 16.8314615659553 -4.88509784328213 397.649551201045 -31.9666214781098 162.282977548473 0.838557909067905 0.864198137158794 0.86494253035455
91.583 -0.627408057902732 -9.48005977976732 3.03079310723335 1.18076622644396 16.4803764780621 -4.85154989101499 397.304596080941 -31.8299593302988 162.554679793625 0.838705797629266 0.864404286359648 0.864950779970288
91.599 -0.630747220326494 -9.48285116888653 3.02968249024323 1.11841479463926 15.9773769981948 -4.80990635229517 397.234136472847 -31.4669633972689 163.279211814263 0.839091389359866 0.864466360374876 0.865328176136984
91.629 -0.655001003809897 -9.47943776372884 3.04987162323032 0.967642017465408 15.5399446418868 -4.75868670943206 396.990722825562 -31.320267057542 163.151290632837 0.839185929892031 0.864892198501113 0.865297861174479
91.643 -0.631399434150572 -9.48600238731933 3.06672503326447 0.850267128695967 15.4912936891485 -4.68358139726748 397.131650543006 -30.9482403517878 163.996161569553 0.839523508396355 0.864905481302195 0.865640549220756
91.658 -0.607644109137042 -9.49238938842504 3.0656723657916 1.01714881277294 15.6810956179436 -4.67247516593768 397.498485488705 -30.613416316609 164.636545412598 0.839448366742412 0.865287407335701 0.865702457215414
91.689 -0.602844162172541 -9.48874037344118 3.07436162945658 1.04596828264068 15.4916120103477 -4.68538032109964 397.648636939835 -30.3720746849481 165.632890871338 0.839759701561698 0.865137571783633 0.866004685657597
91.703 -0.613068988966762 -9.48431909870083 3.09235733792511 1.02992107269722 15.22184012229 -4.66417053326448 397.363773245851 -29.8548672164533 166.349601784204 0.839534319899414 0.865249777522003 0.865906719743031
91.719 -0.611976263863878 -9.48267426005877 3.10615927617544 0.937615988328264 15.099656110061 -4.64584508299147 397.467395921266 -29.629380494808 166.994641605784 0.839837059403 0.864979969690507 0.866188521932453
91.749 -0.585674126097295 -9.49166849176774 3.10553261018509 0.83011393148017 14.9950340105053 -4.69271095637171 397.26065632914 -29.7264424453272 167.635177445205 0.839603941956585 0.865354446885181 0.86594857492071
91.763 -0.567209591700494 -9.48934860456606 3.11017600634737 0.743285744439024 14.6069809911342 -4.66008108210859 397.254590696226 -29.5137982007945 168.631659700685 0.839899719254454 0.865197907378166 0.866103003989819
91.779 -0.567769906133884 -9.47445171560604 3.11770694201329 0.749873200529472 14.0920844187383 -4.63605770672216 397.069131626603 -29.502418380715 169.108493730616 0.839660335822894 0.865180619291542 0.86587160877234
91.809 -0.660031969437427 -9.41866713898562 3.08252640436714 0.950458399560495 13.8683721600706 -4.6388641497904 396.962218463943 -29.1921765426435 169.357644357555 0.839697981708756 0.865041462543891 0.865910410811839
91.824 -0.650472076317155 -9.42963283780678 3.07253144863807 1.06228278861208 13.3754280738345 -4.67574109358999 396.925996617549 -29.0929588883792 169.761879921799 0.839478772031766 0.864792486210206 0.865698274912158
91.839 -0.649170486551956 -9.44973718097923 3.07670408502426 1.12704687616308 12.7310150374434 -4.63335782392564 396.053396955794 -29.2436629995413 170.245691929619 0.839154711543239 0.864444533867088 0.865630950072135
91.87 -0.6415347115002 -9.47130265508102 3.09452539099937 1.18533455495899 12.1853944497296 -4.60971669802163 395.748057260214 -29.4992966995871 170.681122736657 0.839116449574608 0.864131376758282 0.865446760246424
91.881 -0.640648018342428 -9.48131436116105 3.11259963584261 1.11870949640966 11.9248702719322 -4.47164579157825 395.113251534193 -29.4893670296284 170.953010462992 0.838701697782229 0.863973409003158 0.865157254142486
91.898 -0.636677680333411 -9.47392465478127 3.10791721170232 0.944243126921362 11.7987954584795 -4.2855499147105 395.141926380774 -29.0004303266656 170.957709416692 0.838582116497892 0.863831238023546 0.86514403137943
91.928 -0.648427264022788 -9.4657775086696 3.10094967685716 0.765849348580371 11.6318930118682 -4.04325446522418 395.227733742696 -28.860387293999 171.261938475023 0.838220798013185 0.863827019402694 0.86476092451939
91.943 -0.670972898120845 -9.47334900401846 3.08522180797974 0.62590563509638 11.4480930236584 -3.83511222480863 395.364960368427 -28.9143485645991 171.715744627521 0.838149306705752 0.863575613740328 0.864540001988155
91.958 -0.68551788435742 -9.47926546546354 3.061130798599 0.474002094487505 11.3956501335063 -3.75312771988502 395.008464331584 -28.6029137081392 172.244170164769 0.837958192749826 0.863596957547798 0.864341171710044
91.989 -0.691006783005876 -9.47878440689326 3.03585756725747 0.322021732366999 11.4385278682473 -3.76483784865988 394.807617898426 -28.2026223373253 172.719753148292 0.837912961968729 0.863368558070921 0.864285959720542
92.002 -0.693073752543881 -9.47685504381014 3.00539037799846 0.209666887374574 11.3725376768424 -3.78835406379389 394.806856108583 -27.7823601035928 172.967777833463 0.837872254265742 0.863410607445331 0.864359866399681
92.019 -0.712591257412631 -9.47236526391643 2.99329278364191 0.221524626118032 11.1490243671734 -3.75532018413206 394.806170497725 -27.5241240932335 173.431000050116 0.837962238024861 0.863448451882301 0.864426382410906
92.048 -0.72177730803436 -9.47293337924842 2.99030583048829 0.320746209307756 11.0593127701508 -3.73093320388679 394.325553447952 -27.1717116839101 173.727900045105 0.838043223408067 0.863729569610804 0.864486246821008
92.063 -0.718253309769147 -9.47913087079135 2.98935335527333 0.413099069293011 11.17322882138 -3.78303072319277 394.312998103157 -26.6745405155191 174.055110040594 0.838242580535412 0.863735517831226 0.864663585055641
92.078 -0.683478249826473 -9.48686334493048 3.01872293040578 0.46415557457745 11.3528525041275 -3.84823910125517 394.481698292841 -26.7670864639672 174.769599036535 0.838295531667563 0.863864468699297 0.864576131731579
92.108 -0.669598514185943 -9.49454087915081 3.01869962112985 0.402472841547186 11.3358878644017 -3.85425488578614 394.633528463557 -26.3703778175705 174.812639132881 0.838595978515376 0.8641039847461 0.864744481475155
92.123 -0.680689639759002 -9.50109150620155 3.01634428647353 0.404210290216895 11.2106960245265 -3.78944008423043 394.710175617202 -26.4333400358134 175.391375219593 0.83874006013199 0.864319549188223 0.864772535978832
92.138 -0.624232553909962 -9.47699973534213 3.10562312973017 0.33096483371429 11.1430615365776 -3.71889302237227 393.639158055481 -26.0700060322321 175.732237697634 0.839122225612318 0.864266499450904 0.865044568942129
92.169 -0.667034468177627 -9.4195238371253 3.13018919562526 0.236036289274158 10.9173050012405 -3.63173654456253 393.515242249933 -25.8630054290089 175.679013927871 0.839213682519238 0.864712323669538 0.865166074964649
92.183 -0.586444651595059 -9.43740688737273 3.13494068564678 0.0742647214154447 10.7942767911928 -3.63955525651849 393.16371802494 -25.556704886108 175.991112535084 0.839548485760841 0.864743593953778 0.865521941631909
92.199 -0.535162356952998 -9.45517761983907 3.13939660353992 -0.135451827061978 9.84691018077578 -3.39086690643916 393.267346222446 -25.7010343974972 175.972001281575 0.83947084637045 0.865141708722125 0.865595710385452
92.228 -0.540603340381538 -9.44669055472406 3.15328301397145 -0.217326491684024 8.71641763598064 -3.13269624632959 393.060611600201 -25.2909309577475 175.894801153418 0.839779933226932 0.865006443031415 0.866031665646638
92.244 -0.58680020038559 -9.43947114524775 3.11915369099838 -0.298647277630126 7.82034839146655 -2.92400677436839 393.234550440181 -25.5218378619727 176.185321038076 0.839552528398124 0.865255085289453 0.865807404263477
92.259 -0.585820438840455 -9.43877964595735 3.1038799101096 -0.267255832309861 7.23220668209089 -2.86595724196972 393.331095396163 -25.7896540757755 176.506788934268 0.839979470127238 0.864984746681212 0.865975950398309
92.289 -0.596490677337467 -9.45006840270561 3.10240379100874 -0.16419437121628 6.59982570853829 -2.79004854067351 393.537985856547 -25.9106886681979 177.036110040842 0.839858732300207 0.865235558574271 0.865757260539981
92.303 -0.583468687064009 -9.46759045876683 3.0953890483901 -0.0805993615755676 6.03755306134858 -2.70112002248402 393.724187270892 -25.7796198013781 177.152499036757 0.839876538538337 0.864967172637548 0.865807497402716
92.318 -0.596409176164768 -9.48156473121901 3.07381274712012 -0.106127211677553 5.31929393841983 -2.55848893626615 393.291768543803 -25.6616578212403 177.617249133082 0.839639473178389 0.864972958024986 0.865481917583149
92.348 -0.611287785506757 -9.47516746296161 3.06121756802731 -0.234445788219721 4.66064698732594 -2.40187668386091 393.202591689423 -25.6154920391163 177.735524219773 0.839426114354436 0.86485456740399 0.865436228476027
92.362 -0.641797077301006 -9.4594141749174 3.05125855956137 -0.315581362069505 4.08542198324983 -2.25023863379543 393.362332520481 -25.5739428352047 178.201971797796 0.839234091412878 0.864748015845094 0.865271510809927
92.377 -0.669674424805814 -9.46115761765515 3.046724720779 -0.350435439603013 3.73260497576454 -2.13819186965253 393.266099268432 -25.5365485516842 178.141774618017 0.83893449898624 0.864652119442087 0.864999529649638
92.407 -0.66950521035067 -9.47248309047826 3.03486311791802 -0.376460597932788 3.57308493620336 -2.09078489642774 392.999489341589 -25.2028936965158 178.267597156215 0.838791637581501 0.864442077418583 0.864754746605379
92.42 -0.665941177276418 -9.48153875939675 3.01688536726056 -0.478509194628058 3.34860087006394 -2.02750793350252 393.41954040743 -25.0826043268642 178.080837440593 0.838536290538001 0.864253039597429 0.864410568222744
92.435 -0.670335142434518 -9.4811895251807 3.01542971780257 -0.579513236997314 3.02290108840105 -1.92628385770952 393.617586366687 -25.1543438941778 177.852753696534 0.838433249978086 0.863959031915589 0.864348416581972
92.466 -0.68751767452438 -9.47052021865873 3.03057976588926 -0.565836722457888 2.84732853681286 -1.84815928873246 393.615827730019 -25.75890950476 178.187478326881 0.838213741694927 0.864065631375223 0.864044871201678
