94.04 1.79371343853583 -9.1619625832621 -2.88568597841525 3.58600126601942 4.65882163348845 3.02495447018772 332.130138079879 -33.5003628902988 -13.7919303824159 0.840314093344355 0.865066106313335 0.866720978692765
94.055 1.79390722634653 -9.16603762620543 -2.87047536797759 3.87472938369229 5.12042038617014 3.30490177126055 332.517124271891 -33.0303266012689 -13.6127373441743 0.840033272503805 0.865431969845727 0.866551383474682
94.086 1.79587728490465 -9.17551103872526 -2.83864972258303 4.25519537662077 5.35570659182794 3.59349556360015 333.165411844702 -33.027293941142 -13.2714636097569 0.840159945267994 0.865267678042657 0.866768719290939
94.1 1.75724817553192 -9.1791889158708 -2.81323883472109 4.74112622063808 5.40792219218713 3.87918417517906 333.448870660232 -33.2045645470278 -12.9043172487812 0.83989453923508 0.865366873155124 0.866470752543347
94.116 1.72206299220649 -9.1738199968179 -2.80928321067892 5.27388382758191 5.39919104167071 4.15767797140162 333.883983594209 -33.304108092325 -12.6338855239031 0.839782294497265 0.865209091021114 0.866572963850193
94.146 1.6881816927951 -9.17820561340809 -2.79159737275006 5.76405269673212 5.39438644132043 4.32053612845993 334.155585234788 -33.1536972830925 -12.0304969715128 0.839554653541424 0.865067087100506 0.866418170116367
94.16 1.66074113944424 -9.18334981570864 -2.77053258996572 6.13955582400547 5.39311573611968 4.27397869882004 334.100026711309 -33.3183275547833 -11.5474472743615 0.839223004901931 0.864815548311159 0.866402316021463
94.176 1.62700652688074 -9.17714585754475 -2.74187775416403 6.45155444007821 5.44617057472146 4.1336037297014 333.990024040178 -33.526494799305 -11.5327025469253 0.83917791359743 0.864589163400748 0.86626458707051
94.205 1.5951490009665 -9.19161367916943 -2.72620390620734 6.80487227851313 5.63437794473023 4.08207541779996 334.07102163616 -33.4138453193745 -10.8594322922328 0.83875701540277 0.864385416981377 0.865893298284163
94.22 1.57683215184565 -9.20451503250493 -2.71269599288916 6.84117894379159 5.98315389071522 3.99371520426424 334.683919472544 -33.732460787437 -10.9134890630095 0.838631902356378 0.864202045203944 0.86580647110694
94.236 1.56597335615953 -9.19439887929106 -2.68443786820962 6.88377860666434 6.55354079172003 3.83709177544087 335.05552752529 -33.5992147086933 -10.3021401567086 0.83839252883539 0.864160745865052 0.865604729177749
94.266 1.575653333776 -9.22072849209437 -2.67438829887981 7.31982822691394 7.23711801025795 3.80834442995785 335.269974772761 -33.239293237824 -9.63192614103772 0.838303864445736 0.86387596755645 0.865299426180678
94.279 1.58227037725997 -9.23772138537761 -2.65325297965772 7.66494464086376 7.82561994969017 3.92980006329794 335.822977295485 -33.2753639140416 -9.02873352693395 0.838097294715812 0.863743540721509 0.865148388744113
94.296 1.58684905175702 -9.24260019822535 -2.63333335567266 7.97936620731174 8.28962284021734 4.12536967528876 336.140679565936 -33.2478275226374 -8.42586017424055 0.838038153738117 0.863500482927261 0.865136052520895
94.327 1.58636102501455 -9.24094578829661 -2.61175452812389 8.30967386138973 8.69959185390553 4.26168766959195 336.546611609343 -32.9830447703737 -8.2432741568165 0.837984926858191 0.863529339816037 0.865124949919998
94.339 1.56652876219663 -9.22664782888224 -2.5884430212725 8.71076754395304 9.16398381355315 4.35612958965565 336.971950448408 -33.1647402933363 -7.65894674113485 0.838190113640523 0.863555311015936 0.865238417844732
94.357 1.56837203933161 -9.21880753177282 -2.55603035118718 9.33129384299285 9.73613505051844 4.55563113450688 337.294755403568 -32.9082662640027 -6.95305206702136 0.838374781744622 0.863825742831076 0.865463862621439
94.381 1.57493909746434 -9.22503909472713 -2.52063400590306 10.0057980464798 10.3052696370697 4.80770160884245 338.125279863211 -32.9774396376024 -6.61774686031923 0.838667303584729 0.863822073729471 0.865543439276028
94.396 1.57779684558533 -9.20413173142751 -2.47261644939082 10.5632335090074 10.7419182458818 5.05364900521012 337.97275187689 -33.0996956738422 -5.89597217428731 0.838677782411949 0.863942369007717 0.865615058265159
94.412 1.57635853494724 -9.18675162408066 -2.42874223178175 11.2901162649769 11.0326119174768 5.33530700545246 338.735476689201 -33.509726106458 -5.18637495685857 0.838940004185323 0.864174095023679 0.865802838999823
94.442 1.56524782602954 -9.18876671206932 -2.39452269839239 12.0496542567998 11.1866026341261 5.62925722093775 339.121929020281 -33.4587534958122 -4.60773746117272 0.839049683234942 0.864382648438044 0.865848518016574
94.457 1.5731448402253 -9.1801057047723 -2.3565424963861 12.6347651669977 11.3748125997211 5.9052627965539 339.469736118253 -33.652878146231 -3.84696371505545 0.839526909480374 0.864323288775742 0.866136140378641
94.473 1.57785795363013 -9.1990659404169 -2.31625510618353 13.189609260985 11.7449649275352 6.14221743292904 339.962762506427 -33.7675903316079 -3.2222673435499 0.839451427718029 0.864763434061893 0.86614848925751
94.504 1.549658330371 -9.20960597113107 -2.26347646741805 13.761488029543 12.3048195798199 6.37074378123919 340.706486255785 -34.0508312984471 -2.12004060919491 0.839762456439753 0.864665995837206 0.866529166631491
94.518 1.5358905483097 -9.22513734026552 -2.21831003691617 14.5433544937642 13.0300628126776 6.82374573899314 341.675837630206 -33.8857481686024 -1.18803654827542 0.83978989026393 0.865071870417211 0.866502212885075
94.532 1.52487620909305 -9.24863257459224 -2.16287605642554 15.317263319197 13.7698046230129 7.43144750097169 342.368253867186 -33.6771733517421 -0.409232893447878 0.840193095806462 0.864943588556992 0.866847517896299
94.561 1.51633996843658 -9.25816634700973 -2.09107852589438 16.0954606513994 14.4203050767421 8.00204320888979 343.051428480467 -33.3094560165679 0.59169039589691 0.839924374719702 0.865198516262473 0.866665268757862
94.576 1.50698141228583 -9.2910478896464 -2.02424611399784 16.9309527541984 14.8668241873885 8.58351827731378 343.42628563242 -33.3385104149111 1.97252135630722 0.840188108741259 0.86493383455693 0.866871216045801
94.592 1.48634828303539 -9.29705843805359 -1.94847476855112 17.6592315245801 15.0503707762833 9.21676950301752 343.943657069178 -33.18465937342 2.9152692206765 0.839919886361018 0.865189737662417 0.866562999622723
94.623 1.45832136727229 -9.31024905573505 -1.86483795978302 18.6085755476946 15.0613642330061 9.94929102599821 344.589291362261 -33.586193436078 4.06374229860885 0.840057897739486 0.86492593381688 0.866655986221631
94.637 1.41388366928865 -9.3040443825529 -1.7662812191636 19.7240538707877 14.8926323898582 10.749018411948 345.470362226034 -33.1675740924702 5.51736806874796 0.839802696459423 0.864935843086385 0.866245557520172
94.654 1.37879786173555 -9.33144033263379 -1.66040176019585 21.0692057356174 14.4842851814067 11.584803593654 345.963326003431 -32.9708166832232 7.00563126187317 0.839573015307366 0.864697428698451 0.866246964684888
94.683 1.34566440534639 -9.35867046395171 -1.55224140762254 22.14320119259 13.8060856708996 12.2713614022275 346.526993403088 -33.2737350149009 7.86506813568585 0.839366302270515 0.864730188479799 0.866001173397902
94.7 1.29148328619046 -9.3910185969999 -1.45920665513543 22.7632322183691 12.9628816839623 12.6816298421574 347.094294062779 -32.7663615134108 8.57856132211727 0.839053488758113 0.864512339552523 0.865779961239614
94.715 1.22925289556542 -9.40828060601329 -1.3421361188686 23.067061668288 12.2467461873218 12.9531615144302 347.544864656501 -32.8497253620697 9.88070518990554 0.839025349067994 0.864316275517975 0.865704467766846
94.746 1.14828599171482 -9.41884843850889 -1.22031250064934 23.4313478678714 11.7808501945438 13.2433415461933 348.370378190851 -32.2647528258627 10.752634670915 0.838746630875844 0.86426355314768 0.865389190910866
94.76 1.07553548821785 -9.44278457473002 -1.10408718964784 24.0592054474965 11.6004750987536 13.6083203686732 349.353340371766 -31.7382775432765 11.8973712038235 0.838749176973952 0.863968494110815 0.865229177001282
94.776 1.02382669337671 -9.47911124268426 -1.00235745159979 24.7189337577086 11.6030230087255 13.8352745913479 350.17800633459 -31.6844497889488 12.9876340834411 0.838498075991207 0.863950549881236 0.864961429221858
94.806 0.95514241297317 -9.50252770935822 -0.885063019527754 25.0264296949149 11.6534077307538 13.8204494222894 350.740205701131 -31.4560048100539 14.388870675097 0.838398856885972 0.863686791171015 0.864844191481175
94.819 0.873634251409225 -9.52587704260941 -0.790870488480115 25.0978325269501 11.77050970577 13.735351044946 351.666185131018 -30.7104043290486 15.2299836075873 0.838436180383067 0.863449408331816 0.86486227498425
94.835 0.807040526676285 -9.52809700131234 -0.689218088205502 25.045301182652 11.9942220939716 13.5923502915964 353.099566617916 -30.7593638961437 16.7069852468286 0.838343150838646 0.863359637419339 0.864878550137018
94.866 0.734895744956828 -9.50962453567817 -0.586777455403667 25.250694728509 12.2986166784676 13.3628862548032 353.609609956124 -30.3834275065293 17.9762867221457 0.838386044940474 0.863402578858908 0.864893197774509
94.88 0.683791956934896 -9.53525691166968 -0.512716964001293 25.764556553368 12.6061595907735 13.2754525911549 354.308648960512 -29.6850847558764 19.2386580499312 0.838551119914578 0.86356482362421 0.865029840913792
94.91 0.63528463539502 -9.52797956110941 -0.419307316942366 25.9216886842907 12.8386734026885 13.2074493167723 354.577784064461 -29.2965762802888 20.974792244938 0.838573217108813 0.863710843912982 0.865152819739146
94.926 0.583966600570271 -9.52579939522063 -0.325601976159231 25.9722679074647 13.0509892685265 13.0676204156294 355.120005658015 -28.4069186522599 22.1173130204442 0.838719574866083 0.863718664703186 0.865386824326411
94.94 0.534368631398549 -9.52509418866976 -0.243122673967197 26.1208426434358 13.33138652488 12.8875759313184 356.148005092213 -27.9062267870339 23.2055817183998 0.838977617394044 0.863849300884061 0.865474104810504
94.955 0.48811437307823 -9.51177019842217 -0.153328988199277 26.2995980737487 13.6501562693385 12.6690473458201 356.593204582992 -27.8156041083305 24.3050235465598 0.839209855669209 0.863966873446848 0.865922220629185
94.986 0.441278152114406 -9.4922369507052 -0.0594064175291449 26.6192565869845 14.0194917874429 12.4074861226885 356.813884124693 -27.9140436974975 25.7145211919039 0.839166079287981 0.864319472663343 0.865955961483
95 0.397270046987948 -9.47334019426383 0.0359576601502069 26.9443538290494 14.435099860607 12.2300962890456 357.552495712223 -27.7026393277477 27.1630690727135 0.83950564285271 0.864390028048202 0.866232839498425
95.015 0.37274622319831 -9.47973637655864 0.139861553196618 27.2140405835491 14.7984601035539 12.1574683395303 357.617246141001 -27.2723753949729 28.7067621654421 0.83955875803559 0.864700311804562 0.866235518465315
95.046 0.336010296249257 -9.47573666163227 0.255700989917972 27.4201174412247 15.0178507344199 12.1005001315315 358.215521526901 -26.9451378554756 29.7960859488979 0.839985076800957 0.864856243540839 0.866607492918515
95.06 0.302708541825146 -9.50607465852446 0.34481314810162 27.6231438650412 15.1397297831153 12.1385417214318 358.873969374211 -26.4106240699281 31.2564773540081 0.839863778306554 0.865119905747935 0.866572706543397
95.076 0.263220011122283 -9.4900437994225 0.456378137994217 27.5524325319722 15.2249934460252 12.0720157935634 359.52657243679 -26.1095616629353 32.3908296186073 0.840259595044824 0.864986820354644 0.867033879429826
95.106 0.224627726311019 -9.46777501136868 0.577077492411501 27.8941358436604 15.3437154754684 11.9739745195506 360.173915193111 -25.7786054966417 33.3517466567466 0.840110844726034 0.865360612482905 0.866832994138036
95.12 0.194144378335355 -9.48244904068836 0.688280675711244 28.5970886715081 15.3223210271582 12.142989281336 360.8165236738 -25.5407449469776 34.5165719910719 0.840481954822357 0.865203456416117 0.866898981285413
95.136 0.14282720407642 -9.50816539455409 0.787884700806746 28.8549370562657 15.0229133519233 12.3592247043474 361.33487130642 -24.7866704522798 35.7449147919647 0.840310968525814 0.865309073691238 0.866587988338374
95.166 0.0818575512242052 -9.46038192089458 0.905360914926358 28.6442525109445 14.6870342304715 12.5072716995615 361.861384175778 -24.1680034070518 37.1504233127683 0.840283551141384 0.865033336242819 0.866678476065717
95.18 0.0267454437200785 -9.39211796739155 1.03712644963917 28.8721936720638 14.4877964562793 12.7053994914375 362.2752457582 -23.6712030663467 38.9553809814914 0.840005784521131 0.86490890780004 0.866513131110338
95.195 -0.039076168675611 -9.38526815490532 1.15170513501277 29.5819208697429 14.3832916198117 12.7623404583242 362.64772118238 -23.584082759712 40.3398428833423 0.839755794562903 0.86467318694074 0.866364320650497
95.226 -0.104660254126241 -9.40531983062573 1.27122624138454 30.0092249659747 14.2594662746244 12.5479384735605 362.682949064142 -23.2056744837408 42.2458585950081 0.839530803600499 0.864584773428168 0.866230391236641
95.24 -0.156204052035913 -9.38547809795989 1.39615320640319 30.0968520876979 13.7831379677726 12.4710072216243 362.894654157728 -22.9251070353667 43.6612727355073 0.839328311734334 0.864505201266854 0.865862522033681
95.255 -0.211452019749497 -9.41640241035628 1.5080487681405 30.1528157338899 12.8384119572549 12.7796316903016 363.145188741955 -22.85259633183 44.8751454619565 0.839146069054786 0.864185977418072 0.865902232747046
95.285 -0.27589952874638 -9.41430675168759 1.61276506957199 29.9375341605009 11.7889219065676 13.0467066892104 363.19066986776 -22.727336698647 46.1476309157609 0.838855278863957 0.864022549596969 0.865567179393046
95.3 -0.371551107720649 -9.3945240066641 1.70473525145757 30.0766051719317 11.1917091052238 13.1366925088389 363.951602880984 -22.3746030287823 47.4128678241848 0.838720339471447 0.863875464557976 0.865389366635244
95.316 -0.455901734253272 -9.40048204834998 1.782301019601 30.6620744257309 11.3076526985182 13.1085194411612 364.756442592885 -21.8171427259041 48.6715810417663 0.838472122238952 0.863743088022883 0.865352932622912
95.345 -0.507396440703128 -9.43301847257382 1.88149904397604 31.1019738533869 11.8753607111091 12.9900339092588 364.820798333597 -21.0154284533137 49.8644229375897 0.838375498508942 0.863500075498497 0.865320142011814
95.358 -0.564994425474215 -9.44230966578275 1.99310318697224 31.2597153993459 12.529046014044 12.9757633427604 365.538718500237 -20.3538856079823 51.5979806438307 0.83841515784374 0.86352897313015 0.865167032992135
95.376 -0.613660297601171 -9.45540024766639 2.08163576187548 31.4116064548311 13.1929353057694 13.3247518939805 365.644846650214 -19.6984970471841 52.7381825794476 0.838450851245059 0.863678578468328 0.865152832344115
95.406 -0.660871316619588 -9.46412915524228 2.17957086141577 31.5269343589663 13.9057028438948 13.8159408267199 365.980361985192 -18.8686473424657 54.1243643215029 0.838609445588705 0.863813223272688 0.865386835670883
95.42 -0.711980363393909 -9.44313509347782 2.28818287946884 31.8643172589476 14.5784913381312 14.3221330035899 366.342325786673 -18.0617826082191 55.9119278893526 0.838625710215527 0.863934403596613 0.865350654754988
95.436 -0.790300220845716 -9.42920831813883 2.38874689189884 32.324450418549 15.0397261737838 15.0036601612462 366.728093208006 -17.1556043473972 57.7007351004173 0.838766818662126 0.864043465888144 0.865441552196222
95.466 -0.856358823715368 -9.41038950658862 2.4881130407598 32.5775015599002 15.3716314190008 15.6109277329078 366.895283887205 -16.7600439126575 58.8906615903756 0.839020136810482 0.864141621950523 0.86564668353778
95.48 -0.91641011614089 -9.35328982213459 2.6074701145601 32.8968506405514 15.7039339259557 16.0345677840445 367.225755498485 -15.9840395213917 59.7815954313381 0.839121802597586 0.864476746316651 0.865707978100736
95.496 -0.976441777752203 -9.33559847419847 2.72979538398788 33.6590739734428 15.7907924417571 16.5853094789225 367.343179948636 -15.1056355692526 61.2434358882042 0.839465793831354 0.864531574336179 0.866009654454387
95.541 -1.03579737872454 -9.32111278067877 2.85353506288951 34.4038535989993 15.4216368617035 17.1634197524043 367.388861953772 -14.2550720123273 62.9790922993838 0.83952289391637 0.864950891066286 0.866034651925682
95.543 -1.13392912862217 -9.28533081016705 2.96424238099478 34.9146132772673 14.751228900724 17.6073831206753 367.549975758395 -13.3695648110946 64.6611830694454 0.83982677601826 0.86483470714116 0.866303660896839
95.556 -1.25409060285254 -9.22128413738399 3.09841530514201 35.340709201449 14.2333579190485 18.0565684727299 367.454978182556 -12.5726083299851 66.2950647625009 0.839847777884586 0.865100522988224 0.866422581368335
95.586 -1.39359996526626 -9.173458301618 3.21115039282239 35.90892835764 14.3130755622582 18.1944230758386 367.3694803643 -12.4553474969866 67.8855582862508 0.840119171589654 0.864969375870904 0.866652797395226
95.601 -1.52550301977266 -9.07822150313345 3.33912774169323 36.4806309417233 15.4726077006889 17.894828096499 367.53253232787 -11.1498127472879 69.6770024576257 0.839984463616382 0.865344912447539 0.866490020306897
95.616 -1.61195389653685 -9.0347659795596 3.47968586901316 37.0966899849556 17.3581713581009 17.4923681876125 367.379279095083 -10.2748314725591 71.3493022118632 0.840242188748271 0.865189326384287 0.866836544575938
95.645 -1.67300029002525 -8.99398011646693 3.62097237664004 37.2610667879867 19.0551786497717 17.2797725902253 367.001351185575 -9.60734832530323 72.9743719906768 0.840095179059136 0.865419680307039 0.866531795299847
95.659 -1.74757447900979 -8.92692635073088 3.750644166686 36.9265631626232 20.1710348305961 17.377749529676 366.961216067017 -8.82661349277291 74.4969347916092 0.840089340621374 0.865256617457837 0.866751089933587
95.691 -1.82827834244914 -8.85891652358015 3.86603199191498 36.4568076097196 20.8096565383762 17.5727990041894 366.865094460316 -7.82395214349562 76.2872413124482 0.839830995053122 0.865233458363247 0.866454886121731
95.706 -1.90641850194049 -8.7864548944155 3.99017188621409 36.0454779937858 21.1867061517141 17.4582671953735 367.138585014284 -7.16155692914606 77.8985171812034 0.839725104733503 0.865089017708425 0.866558684070738
95.721 -1.99482085073631 -8.71770797217365 4.10046127146048 35.8645943165447 21.3649821014282 17.0582420025537 367.144726512856 -5.96540123623145 79.4686654630831 0.839503182754038 0.864835285858287 0.866405318314857
95.736 -2.07192892221786 -8.65655404965111 4.19092302357163 35.6346234345085 21.3208503034991 16.6516544435197 366.85025386157 -4.58886111260831 81.1817989167748 0.839176681193284 0.864730662453961 0.866143691664874
95.766 -2.15623008955875 -8.58912547802951 4.29053451569384 35.1192526941111 21.1429637464317 16.2300004495494 366.645228475413 -3.52997500134748 82.1836190250973 0.839136222259648 0.864512766129269 0.86615528541512
95.78 -2.24628678336167 -8.52981644012951 4.39616615132843 34.5584724628679 21.0057666084297 15.816160709938 365.980705627872 -2.33697750121273 84.2852571225876 0.838846416748333 0.864440394697844 0.865794926794312
95.796 -2.31764130033037 -8.46141469304344 4.5140992512377 34.1736175829934 20.8296174285028 15.4536286084098 365.922635065085 -1.56327975109146 85.7567314103288 0.838838984259192 0.864003638886288 0.865594339296384
95.827 -2.37210399124307 -8.42337611756844 4.60347964555668 34.0509123132436 20.5145946169502 14.8395634574925 365.630371558576 -0.746951775982311 87.681058269296 0.838578902547922 0.863982180179162 0.86529007528745
95.839 -2.43422866654351 -8.38291648127547 4.68966807893498 33.7427676468048 19.9929061476216 14.0281261957127 365.307334402719 0.0477434016159204 88.9929524423664 0.838471600787015 0.863715258439148 0.865139972940207
95.856 -2.49385188333948 -8.34512617973605 4.76831503485068 33.2203992790709 19.339417059577 13.3558479272865 365.136600962447 0.642969061454328 90.1736571981297 0.838501649894007 0.863598902515938 0.865004880827689
95.885 -2.55445595663273 -8.29303867925512 4.85304354227565 32.6342372137592 18.761200544459 12.8859119895197 364.802940866202 0.878672155308896 91.6562914783168 0.838402073398491 0.863617917445847 0.865006895396113
95.898 -2.60750325991049 -8.22820343353725 4.9521039837329 32.175393645055 18.3866072075703 12.6164047600334 364.442646779582 1.51080493977801 93.1706623304851 0.838439075244335 0.863758628352455 0.865008708507695
95.914 -2.65566480582954 -8.18607242505291 5.04724387947277 31.9662512271144 18.1624503036072 12.4112528336483 363.878382101624 2.19972444580021 94.2935960974366 0.838345756213787 0.863637935437914 0.865133800573659
95.944 -2.69086991929413 -8.13612362981325 5.14142906031211 31.712374196006 17.8950602350785 12.0052420541003 363.730543891461 2.81975200122019 95.3042364876929 0.83851486006056 0.863776644545315 0.865122923167486
95.96 -2.76110115513266 -8.05136611378627 5.24780336047292 31.3464802878558 17.4544091734027 11.3863972380032 363.117489502315 3.49777680109817 96.3338128389236 0.838667053522655 0.864024943007517 0.86523659376747
95.975 -2.85250100074763 -7.94288234397563 5.33402327619565 31.1606872209023 17.2051514621693 11.0637880485541 362.805740552084 4.34799912098835 97.9804315550313 0.838804027638541 0.864124951357959 0.865338897307457
96.006 -2.90363624613185 -7.90073258118146 5.43873554398929 31.207977277438 17.4289111251127 11.2596993200345 361.925166496875 5.11319920888952 98.9823883995281 0.839053624889257 0.864091361403665 0.865677481740436
96.02 -2.93289854753643 -7.87554689439816 5.5673932605712 31.0703856565644 17.6096841347388 11.4123553422296 361.792649847188 5.38187928800056 100.064149559575 0.839025471586024 0.864554699427024 0.865735696483126
96.035 -2.98652851547566 -7.83468386107101 5.65637012485221 30.5236524344195 17.3800134311886 11.313104540831 361.493384862469 6.04369135920051 101.217734603618 0.839379095920948 0.864601732135514 0.866157653134545
96.064 -3.05712143152148 -7.76594454562736 5.71238757518132 29.3491497863974 16.9290349888331 11.1970612623204 360.744046376222 6.39932222328046 102.615961143256 0.839318395514546 0.865014033085688 0.866167850737823
96.081 -3.10946216198078 -7.68953438862627 5.79015704405784 27.7386622886737 16.7651391235376 11.0964391055541 360.1896417386 7.31939000095241 103.75436502893 0.839642727456619 0.865015132428312 0.866546591963773
96.096 -3.15920243870262 -7.59622467992722 5.86834968697262 26.5548723956842 16.6542740661457 10.8539707675177 359.63067756474 8.08745100085717 104.838928526037 0.839682134179108 0.865386093349206 0.866394435418588
96.125 -3.19906057904104 -7.54343042467253 5.93758585665731 26.0627439347417 16.3178542931189 10.6800240724453 359.247609808266 9.37870590077146 105.455035673434 0.840096115330123 0.865349986665478 0.866750518176461
96.14 -3.23924246421402 -7.53356441582039 5.98403680277564 25.6633397702752 15.6868322225856 10.4990445659642 358.422848827439 10.0608353106943 106.72953210609 0.839963712982803 0.865687462162656 0.866577969010008
96.155 -3.28121208242427 -7.4959545677137 6.01267455773978 24.9176164802705 14.8708207560523 10.2865446895204 358.220563944695 11.0947517796249 107.336578895481 0.840097341699092 0.865497621127893 0.866792646272732
96.186 -3.33867706440554 -7.4191298018603 6.05945764861192 23.7915036872053 14.0371737949508 10.1181955640798 357.378507550226 11.2452766016624 108.422921005933 0.839838196023069 0.865697145576283 0.866492286826961
96.2 -3.3873429320693 -7.38488298035041 6.10252011014538 22.8627349978741 13.2174258811046 9.88805539698483 356.740656795203 11.5007489414962 109.64062890534 0.839858055888913 0.865382600939359 0.866592344705445
96.231 -3.43617003164649 -7.35136737861969 6.14103690558836 22.0115760019035 12.4155306212384 9.57176894125581 356.046591115683 12.8106740473465 110.016566014806 0.839749459485715 0.865470303762157 0.866312015416404
96.244 -3.50429585875833 -7.28924075161283 6.14703147209434 21.0195787070567 11.8480233606413 9.25428670361878 355.361932004115 13.9296066426119 110.654909413325 0.839525102031029 0.865178443306645 0.866183316525956
96.259 -3.58613937468913 -7.24332258160291 6.12650933799221 19.8344147294808 11.8510072841192 9.03801833860041 354.925738803703 14.8766459783507 111.289418471993 0.839323180321812 0.865039504157483 0.866067487524554
96.289 -3.67302652631629 -7.21552343120019 6.13359750751025 18.444103027525 12.7651431969286 8.96246077954953 355.013164923333 15.3689813805156 112.580476624793 0.83901467900428 0.864790723662439 0.865592035050001
96.305 -3.74230653435971 -7.15327437177158 6.15374353030354 17.1844255492 14.2939723886861 8.93491699167091 354.851848431 16.4120832424641 113.382428962314 0.838863799597737 0.864318934954423 0.865535334196194
96.336 -3.78059681407498 -7.07887472618988 6.15397829859581 16.6385020782495 15.8302240047794 8.90631078868703 354.4066635879 16.9308749182177 113.684186066083 0.838601236352613 0.864265946640484 0.865236970697279
96.338 -3.7999746097793 -7.05776403465304 6.15472827299649 16.6418274429436 16.911323741706 8.85995451897863 353.82599722911 17.6977874263959 114.975767459474 0.838491701211237 0.863970648254338 0.865215776278744
96.366 -3.81992853525309 -7.03553221927673 6.17276121924115 16.8020721795653 17.1705730469247 8.84876822738611 353.243397506199 18.5680086837563 115.838190713527 0.838393119583999 0.863704879706807 0.865196701302063
96.38 -3.86111082592334 -6.98583546554974 6.18964928760939 17.0760634348912 16.6351951315452 8.96618148098338 352.599057755579 19.5912078153807 116.374371642174 0.838304396119485 0.863465688014029 0.86517953382305
96.395 -3.924511128295 -6.93602072545229 6.20550691820514 17.4447929692647 15.697629816864 9.05429615731252 352.139151980021 20.1520870338426 116.856934477957 0.838224545001422 0.86337428913333 0.865040485622247
96.426 -4.00437613752055 -6.880054408446 6.21912041667699 17.7606190158497 14.8416072931929 9.04657646524539 351.665236782019 21.5568783304583 117.231241030161 0.838279299686972 0.8634157654015 0.865038939711216
96.44 -4.08505334043414 -6.81747430634652 6.2497480573976 18.1097479539594 14.4024847318125 9.08314019276665 351.238713103817 22.2211904974125 118.048116927145 0.838328578903968 0.863576691512543 0.865037548391287
96.456 -4.12887253985326 -6.77593640749592 6.28599189484631 18.6888494944413 14.1843736632114 9.15116205135258 350.374841793435 22.9390714476713 118.903305234431 0.838372930199264 0.863721525012482 0.865159756468892
96.486 -4.1593315955298 -6.72723971842174 6.31388279287084 19.2375217969056 13.7437988923101 9.08795424316389 349.897357614092 23.2851643029041 119.612974710988 0.838539316647489 0.863851875162427 0.865146283473195
96.497 -4.2070355972317 -6.65953049992125 6.34185764033851 19.4305635103448 12.9846861786516 8.96007484938185 349.107621852683 23.7166478726137 119.891677239889 0.838815384997309 0.863845592827687 0.865380941687056
96.512 -4.26583080536131 -6.59380380452812 6.3816396669083 19.4508659379363 12.2053015302521 8.82284599039787 348.696859667414 24.4049830853524 120.3225095159 0.838811055683271 0.864086996461651 0.865468810435083
96.542 -4.33520662527684 -6.53123805649108 6.40792653639911 19.4836419395625 11.7450767207383 8.59552322341915 347.907173700673 25.2044847768171 120.65025856431 0.838933629583095 0.864057201996989 0.865671215952755
96.556 -4.39393383033339 -6.46457393521392 6.43326065850078 19.3467281272856 11.7965232471378 8.38940601558105 346.896456330606 25.6240362991354 121.365232707879 0.839043946092937 0.86440076835847 0.865730057274213
96.573 -4.41362862974939 -6.39296438295535 6.4566000513299 19.1166354672288 12.1260312277675 8.13672495600768 346.646810697545 26.1816326692219 121.948709437091 0.839521746052569 0.864463194173816 0.866152577846523
96.604 -4.42291436067704 -6.34084588884316 6.47371494281861 18.923292531193 12.2508326851434 7.98335780391836 346.242129627791 26.6234694022997 122.293838493382 0.839446780633005 0.864766161317614 0.866163282978604
96.621 -4.42199403171077 -6.28310550390782 6.49564252652442 18.7920319803637 11.8387265158657 8.10715942810668 345.637916665012 27.0211224620697 122.844454644044 0.839758274063232 0.864668450367356 0.866665398221512
96.636 -4.42248252145352 -6.23221657102497 6.52447530947074 18.8273325991213 10.9472202764929 8.24377172957082 344.55412499851 27.9190102158627 123.640009179639 0.83978612612506 0.865074079494345 0.866624821316094
96.666 -4.46009214322479 -6.19389839254491 6.54856934537242 19.0163550644 9.92272725647721 8.19954722836947 343.998712498659 28.1871091942765 124.176008261675 0.84018970808148 0.864945576726413 0.86683481334821
96.681 -4.51734411359469 -6.1349911506415 6.5623530720748 19.2841852068149 9.17549269876842 8.27959250553252 343.558841248793 28.9683982748488 124.478407435508 0.840047946459024 0.865200305614952 0.866653834664582
96.696 -4.56402264512158 -6.07371466893916 6.59636611119606 19.7145453120876 8.91901213118165 8.34399966719301 343.162957123914 29.3115584473639 125.110566691957 0.840173151827691 0.865059180234959 0.866860925361849
96.726 -4.60304055043974 -6.03604349081783 6.63386118151871 20.1896556663751 8.93474450584975 8.25387450963401 342.206661411523 29.9804026026276 124.959510022761 0.840033045830615 0.865179225128197 0.866553738007166
96.74 -4.64096986140834 -5.95425539539816 6.67652512554641 20.330995443249 8.90920898656248 8.37123515027366 341.28599527037 30.0423623423648 124.883559020485 0.839906950433246 0.86479259889328 0.866524327123183
96.756 -4.67013826566363 -5.86729843610431 6.71785560516401 20.4406439905272 8.83279190470013 8.67456965051347 340.337395743333 30.4581261081283 125.175203118437 0.839666843883807 0.864815841655145 0.866374397062058
96.789 -4.69890376267514 -5.80645498508727 6.7631933146824 20.6919994388027 8.68691729438279 8.78650199843922 339.723656169 30.7123134973155 125.797682806593 0.839577368681119 0.864713162671133 0.866115862537355
96.799 -4.72114156786515 -5.74726663417681 6.81387331373479 20.9411201056094 8.26708052677657 8.69487469935866 338.5112905521 31.2410821475839 125.937914525934 0.839370220306893 0.864373142681922 0.866006778934812
96.816 -4.75983034763259 -5.69824678647873 6.85774953025865 21.0752523698577 7.40449461150349 8.54218112255257 337.78016149689 31.8369739328255 126.18412307334 0.839057014990853 0.864190998334435 0.865661270962035
96.846 -4.80919502252509 -5.64335502637944 6.92183853559155 21.0150553771467 6.36022835646001 8.42918438434311 336.882145347201 31.893276539543 126.525710766006 0.83902852267746 0.863903194778894 0.865474049047334
96.861 -4.84656031794104 -5.60077593434025 6.98215225969963 20.8807254119511 5.51122842157737 8.32977739629048 336.493930812481 32.6039488855887 127.133139689406 0.838749487124363 0.863891780482507 0.865305549324104
96.876 -4.87593936801034 -5.56592631675156 7.04164200695049 20.7529582142675 4.91659412903795 8.15710500017288 335.544537731233 32.8835539970298 127.679825720465 0.83875174759762 0.863633898712159 0.865277497042886
96.906 -4.93141021621297 -5.52773821655529 7.09177105729304 20.521937202001 4.46157593750821 8.07498228641514 334.93008395811 33.1351985973269 127.691843148419 0.838627161331743 0.863649414022446 0.8651286525201
96.92 -4.96619068049255 -5.46158587011949 7.16017082725038 20.2682167642437 4.20778475597113 8.10107184403316 334.197075562299 33.6616787375942 127.522658833577 0.838515033692455 0.863663377801704 0.864994692449593
96.936 -4.99204628285345 -5.43838079339196 7.22945190126362 20.1406317290407 4.0396780360992 7.96424710237794 333.657368006069 34.0155108638348 128.450392950219 0.838414118817095 0.863552209942238 0.864997725855827
96.966 -5.03602617338219 -5.42018968670902 7.29234355081317 19.8845838233122 3.76090107218394 7.68614300282717 333.351631205462 34.2739597774513 128.385353655197 0.838449916121078 0.863699491599207 0.865000455921437
96.98 -5.07608691473233 -5.36072205432657 7.36187475969669 19.4152094104466 3.47183386572891 7.55798671781163 332.416468084916 34.3265637997061 128.386818289677 0.838355513002856 0.863832045090479 0.865002912980486
96.996 -5.09651939528668 -5.3172568702257 7.44037424966941 18.8401006831424 3.18190238755296 7.3678369009923 331.994821276424 34.1939074197355 128.32813646071 0.838523641170721 0.863827745762934 0.865251908243618
97.026 -5.14094560555355 -5.27125486942139 7.50976684789583 18.1049455766602 2.78584955337782 6.9142593177633 331.195339148782 34.734516677762 128.695322814639 0.838548486239342 0.864070934103374 0.865352680335989
97.041 -5.20379382263186 -5.2279975522638 7.56437917143754 17.1517029273912 2.38131039956675 6.58008529438392 330.655805233904 34.6810650099858 128.725790533175 0.838697317083559 0.86416634334423 0.86556669886357
97.056 -5.22929242155459 -5.19229811213141 7.61718140474545 15.9716471384688 2.17142363441924 6.34268745196842 330.230224710513 35.1729585089872 129.053211479857 0.838704794560896 0.86437567192654 0.865759315538393
97.086 -5.24583666534578 -5.14999329252594 7.67709345607388 14.6897496001945 2.06802172899258 5.89391488997769 329.667202239462 35.6756626580885 128.807890331872 0.838964315119376 0.864440607385079 0.866055858148279
97.101 -5.2624024243178 -5.12329137805301 7.73077483464862 13.4116143348315 1.90015085380325 5.41444706510206 328.740482015516 35.8280963922796 129.127101298685 0.838945092793131 0.864745833207751 0.866076235250184
97.116 -5.27677292445499 -5.11871256068228 7.79201675197111 12.1383918326461 1.65975408903361 5.00506342729414 328.326433813964 35.9052867530517 128.994391168816 0.839306755007345 0.864773752538169 0.866464138024897
97.145 -5.30706434386252 -5.13548105032633 7.85629232591951 10.8657740234273 1.50141226791651 4.54425174105328 327.653790432568 36.0347580777465 128.934952051934 0.839379758974762 0.865168851448077 0.866443687139141
97.16 -5.34318515900324 -5.1786447143977 7.92449524283318 9.52957830047386 1.5466908884531 4.15242198679528 327.168411389311 36.0312822699719 128.761456846741 0.839697954570813 0.865154468954463 0.866671792588952
97.175 -5.37162375369862 -5.17505474475847 7.97588212144292 7.80181131012113 1.63705996754672 3.84710345223789 326.43157025038 35.8481540429747 129.385311162067 0.839605368299424 0.865511496222741 0.86650711598125
97.206 -5.39290893005605 -5.15153292049014 8.02721797393486 5.97659201117008 1.68022419979968 3.57537020625074 325.708413225342 35.9833386386772 129.64678004586 0.839901002963009 0.865215516521172 0.86672887854685
97.22 -5.43983830148526 -5.08158145453671 8.07467718392663 4.09114655051109 1.69922468058307 3.27355837646536 325.717571902808 36.1650047748095 129.582102041274 0.839788111852401 0.865319927785788 0.866434895873667
97.235 -5.45944952787055 -5.07482897734171 8.10889104130911 2.24310059775006 1.69037091481484 2.73856895103257 325.545814712527 35.7885042973285 129.943891837147 0.839812980135312 0.865043104927913 0.866663880450026
97.267 -5.49535543758655 -5.05743916775756 8.13327901771409 0.23024091965444 1.63354756379137 1.96165862081481 325.571233241274 36.1096538675957 130.089502653432 0.839582270615666 0.865041297086315 0.866499995056216
97.28 -5.54478930567787 -5.03999266576147 8.1291314710147 -2.04087477536444 1.82897143336644 1.35556909461119 325.774109917147 35.9786884808361 130.040552388089 0.839501252739792 0.864916072559186 0.866352498201787
97.296 -5.55761646451133 -5.01249939398207 8.12330374261441 -4.45129111462189 2.51172314499162 0.673447299653886 326.376698925432 35.8008196327525 130.29649714928 0.839301715959699 0.86480337048477 0.866343211298342
97.325 -5.53695890207509 -5.0007439690492 8.1118936640683 -6.47639101079329 3.2529172427062 -0.360309644051961 326.559029032889 35.7607376694773 130.166847434352 0.839122132857614 0.864701938617796 0.865964060089212
97.339 -5.49586157410818 -4.99441380241466 8.07696433985202 -8.18066030666052 3.35510643446612 -1.46855348880707 326.6031261296 35.8446639025295 130.410162690917 0.838960508065739 0.864239028414244 0.865746559261794
97.356 -5.44462851652036 -5.00032854323643 8.0489396702406 -9.73511335996394 2.54402327193554 -2.43238516282713 326.82281351664 36.1001975122766 130.089146421825 0.83881504575305 0.864194030754322 0.865427073256319
97.385 -5.39666324825761 -5.0213936827635 8.01970721940611 -10.9012966804561 0.930078960009158 -3.30288710455968 327.140532164976 36.3301777610489 130.760231779643 0.838684129671631 0.863781911337118 0.86538686858188
97.398 -5.36582465742538 -5.05824896055953 7.97651888424529 -11.7638387681357 -1.15987550087725 -4.13824724906555 327.606478948478 36.237159984944 130.704208601678 0.838439533419117 0.86365889012411 0.865227086905194
97.415 -5.35129786528208 -5.09806262575236 7.9433356180284 -12.6187526012458 -3.33396428666739 -4.93968969973151 328.025831053631 36.0334439864496 130.533787741511 0.838346168571091 0.863671906293202 0.865206880865868
97.445 -5.32529507574789 -5.09552784373743 7.89216225634458 -13.422526196083 -5.29522434655027 -5.69457569159042 328.523247948268 36.0900995878047 130.620408967359 0.838262140207868 0.863683620845384 0.865065097960784
97.458 -5.32146515694874 -5.11150234589323 7.85209172925748 -14.1619529657877 -6.66799198823112 -6.31595781708787 329.030923153441 36.2010896290242 131.118368070624 0.838186514680966 0.86357042868155 0.865061090815898
97.474 -5.30963853222982 -5.13389994188557 7.818781607998 -15.1564446921097 -7.25004775124007 -6.86833150102794 329.547830838097 36.0009806661218 130.426531263561 0.838118451706755 0.863468555734099 0.864933886915811
97.506 -5.28720310231616 -5.14304446117052 7.76342393784456 -16.3324032763338 -7.27466129672675 -7.32577316008545 330.313047754287 35.6408825995096 129.983878137205 0.838183815721772 0.863624202811882 0.865066461140963
97.519 -5.2417523881844 -5.16546019556495 7.69989525522649 -17.6060331777081 -7.01055394568003 -7.61609660743568 331.061742978858 35.4967943395587 129.525490323485 0.838116022643481 0.863640687712197 0.8651857779436
97.536 -5.16756737420422 -5.23459575750564 7.62488263171189 -18.9141321500136 -6.71713213889829 -7.89189152684479 331.735568680973 34.7671149056028 129.232941291136 0.838434420393702 0.863531788861681 0.86541648671042
97.564 -5.12079245021458 -5.28065689365388 7.5467769025678 -20.402871606768 -6.63167846699319 -8.04163367187023 332.522011812875 34.7704034150425 128.789647162023 0.838594657822483 0.863927896536693 0.865500800956112
97.579 -5.06989632401331 -5.28194920981218 7.47073566784691 -21.7801416979996 -6.76622054395799 -7.9519741214771 332.869810631588 34.1733630735383 129.11068244582 0.838738871508386 0.864037609534217 0.865823195024225
97.593 -5.02798037248967 -5.32333489147683 7.38500047806112 -22.3082343984286 -6.94685039795914 -7.99799808337519 334.082829568429 33.3360267661844 128.499614201238 0.838615572851433 0.864383135141975 0.865990162082983
97.624 -4.99306921230064 -5.36423314709539 7.29736417308338 -22.3949682104942 -7.07430276274338 -8.09285476358729 334.634546611586 33.242424089566 128.129652781114 0.839010187059817 0.864570784544511 0.866386672174416
97.638 -4.93261946499025 -5.42444488792784 7.22711061634023 -22.3600515421165 -7.24855187578202 -7.9728822643278 335.311091950428 33.2181816806094 127.856687503003 0.839112847821987 0.86486299265124 0.866250507608168
97.653 -4.89042510920473 -5.49030718853325 7.17872645137368 -22.2713746321797 -7.61224630652443 -7.80307495392556 336.159982755385 32.5963635125485 127.131018752703 0.839583757608714 0.864879196037309 0.866620983147082
97.683 -4.8824974149499 -5.51648341700659 7.11830157349401 -22.2335501460609 -7.98766289724603 -7.55940867990705 336.683984479846 32.2767271612936 127.317916877432 0.839629061315994 0.865263750597303 0.866584847749107
97.698 -4.85477237552706 -5.53160248176955 7.0613454548409 -22.1330958948136 -8.06370576782677 -7.25919300275604 336.975586031862 31.6890544451643 126.826125189689 0.84004834975332 0.865239878188766 0.866921889273928
97.715 -4.82341534480724 -5.58070368149909 7.00667317818615 -21.7724580610575 -8.02832755745631 -7.26151797728959 337.538027428676 31.5801490006478 126.92351267072 0.839920723963681 0.865465176931069 0.866608605528038
97.746 -4.80866142438596 -5.6186698428902 6.94759206871104 -21.5043725602952 -8.07816655743587 -7.27582419482781 338.344224685808 31.422134100583 126.831161403648 0.840058651581882 0.865173829158667 0.866820219138959
97.759 -4.78442942196201 -5.63093244005259 6.88867299169223 -21.4447749989222 -8.14057890932587 -7.0062570425206 339.249802217227 30.9799206905247 126.688045263283 0.839929995609386 0.865282409159533 0.866640699876256
97.776 -4.75986726666157 -5.67572698863461 6.8408532179289 -21.4689997891063 -8.20438361381313 -6.8514328649861 339.764821995504 30.8819286214723 125.899240736955 0.840066996063017 0.865009338164284 0.866602592805364
97.806 -4.76182305441496 -5.71454571967228 6.77967930169936 -21.5839318712644 -8.18241853487457 -6.92430484566306 340.708339795954 29.953735759325 125.18931666326 0.839810884950601 0.865010906999049 0.86632123870633
97.821 -4.75496414565621 -5.76911506013486 6.70804295836719 -21.7324089131456 -7.72600874245581 -6.91584382674561 341.377505816359 29.4183621833925 124.610384996934 0.839707005641234 0.864888721480646 0.86619161748689
97.836 -4.70814953384022 -5.83624380489957 6.65224921016841 -21.9202367241211 -6.86867504378275 -7.05632051277334 341.979755234723 29.0565259650533 124.56934649724 0.839613514262803 0.864655019253286 0.866074958389394
97.881 -4.66739305976528 -5.89911371762251 6.60047863104 -22.0297397692662 -6.06119685238158 -7.37435258363341 342.101779711251 28.670873368548 124.112411847516 0.839402751330408 0.86469201997915 0.865722632471159
97.883 -4.64220439008026 -5.95443969632412 6.54903682033468 -22.038216174019 -5.51767258699075 -7.34455091305633 342.991601740126 28.3837860316932 123.761170662765 0.839213064691253 0.864230101639463 0.865652871875236
97.896 -4.61660170505477 -6.00632801352643 6.49950704539045 -21.7908831062354 -5.08117250386419 -7.20933246297207 343.792441566113 28.4854074285239 123.445053596488 0.838915574936777 0.86393838775342 0.865466489869215
97.926 -4.60606896832615 -6.08325430183443 6.45564850775204 -21.3637031925584 -4.74862777256174 -7.33114730827792 344.393197409502 28.2168666856715 123.040548236839 0.838901226628792 0.863675845255981 0.865422343533487
97.94 -4.59838517864075 -6.13501025821715 6.43287537641348 -21.1517603542186 -4.50277262889335 -7.32475013470203 344.993877668552 27.4351800171043 123.096493413155 0.838634920680562 0.863563430651087 0.865135279100842
97.956 -4.58057613694245 -6.18494254576519 6.42183666956742 -20.8923095096365 -4.26623582401929 -7.21059573191885 345.774489901697 26.8516620153939 122.90684407184 0.838522017106391 0.863585992767481 0.865124253841951
97.986 -4.56107643416739 -6.24041608179231 6.43135469137716 -20.3901014594362 -4.09991758512881 -7.35671173124605 346.537040911527 27.1064958138545 122.316159664656 0.838293632110402 0.863606298672235 0.864990733639259
98.016 -4.55430059884086 -6.3383459854539 6.41538034360785 -19.7396409318132 -4.05633804035639 -7.69355964209091 347.823336820374 26.855846232469 121.66454369819 0.838341478085054 0.863624573986514 0.864870565456835
98.018 -4.54215700555529 -6.39643567279718 6.39825012518029 -19.2267455409219 -4.19116225158792 -7.95473802902686 349.101003138337 26.0302616092221 121.438089328371 0.838384539462241 0.863641021769366 0.864886011562345
98.046 -4.5215312403025 -6.46098669894703 6.39671928494925 -18.6139946509519 -4.568229232536 -8.18750850093333 349.710902824503 25.9472354482999 121.654280395534 0.838549764984169 0.863532089513133 0.86514669696729
98.061 -4.50428483738736 -6.5386552142635 6.39653862842698 -18.1861829721162 -5.36407806500759 -8.56494085694687 350.679812542053 25.6925119034699 121.308852355981 0.838571997671444 0.863681383213013 0.865257990187294
98.076 -4.51252553928705 -6.5397235745968 6.40720982547503 -18.2309234535306 -6.35057102186561 -8.94966814529799 351.071831287848 25.4632607131229 120.517967120383 0.838718477372451 0.863692150073214 0.865481477729745
98.104 -4.48193424405585 -6.58042885614469 6.41579633232267 -18.129205153979 -7.09566659143478 -9.36233491855445 351.784648159063 24.4169346418107 119.686170408344 0.838723838820899 0.863948897982626 0.86568261651795
98.12 -4.44045583124695 -6.63053096908063 6.42956957766096 -17.9849869286575 -7.71358084832183 -10.1291548618135 352.186183343157 23.9552411776296 119.53755336751 0.838981454953378 0.864056510835557 0.86598682902988
98.135 -4.43436958535675 -6.69699113587496 6.44585606052292 -18.1628241136543 -8.2200853589095 -10.8177660931894 352.607565008841 23.7197170598666 118.743798030759 0.83921330947261 0.864400146313181 0.866014109043626
98.166 -4.40393239984659 -6.73519760090075 6.45853869253825 -18.8022668931286 -8.50876384591931 -11.1688139113514 353.466808507957 23.38774535388 118.269418227683 0.839548150018876 0.864462634333056 0.866408224438995
98.183 -4.35253707226885 -6.76180229530896 6.46265072942762 -19.5823455473272 -8.66475769033501 -11.7297951156361 353.820127657161 22.788970818492 117.782476404915 0.83959701448514 0.864888845063475 0.866393364911828
98.194 -4.3165763585875 -6.80130881619006 6.45198636640002 -20.2622789315258 -8.84026665412594 -12.5491820162862 354.678114891445 22.3100737366428 117.404228764423 0.839893484530153 0.864778865738631 0.866626502584371
98.225 -4.26266389809038 -6.84793784515455 6.41509451915821 -20.9223105803579 -9.13486594291182 -13.2072409138942 355.030303402301 21.6990663629785 117.123805887981 0.83978134526283 0.865173453328493 0.866589815242667
98.24 -4.19965775360453 -6.88631267216558 6.3749486784637 -21.8751176902611 -9.48092133335346 -13.7613259828102 355.34727306207 21.8691597266807 116.511425299183 0.840059382230075 0.865035013177146 0.866926360018132
98.254 -4.14169528081823 -6.93599336326201 6.33019830410183 -22.712033402151 -9.98626431452193 -14.387483460865 355.992545755863 21.3022437540126 115.840282769265 0.83993065319276 0.865280798420611 0.866612629197821
98.284 -4.08731440897115 -6.99656754416298 6.27992717287988 -23.2622041077374 -10.4334394097873 -14.9182007636335 357.053291180277 20.3120193786113 115.596254492338 0.840193759367011 0.864884014856453 0.866823840441764
98.298 -4.00976091797943 -7.09178574397032 6.23845403071091 -23.6321669030705 -10.6923855451444 -15.3072967178045 357.347962062249 19.7208174407502 114.716629043104 0.839924971924196 0.865021576287541 0.866643959048781
98.314 -3.94391320504959 -7.15198387665031 6.20585675843816 -24.2987212051299 -10.8887958455918 -15.6819105574744 358.033165856024 18.8887356966752 114.224966138794 0.839936154199927 0.864898323840289 0.866605526060636
98.346 -3.87788663826778 -7.19395177926849 6.16221386022801 -25.0833529014108 -10.9273971770632 -15.89539889104 358.589849270422 18.0798621270077 113.722469524915 0.83969312727382 0.864663661376965 0.866447476105765
98.36 -3.7941615807032 -7.24949985771981 6.11090436423511 -25.5712008173766 -10.9300773066851 -16.0279964065161 359.03086434338 16.9318759143069 113.090222572423 0.839601023732131 0.864452465159973 0.866181633676691
98.421 -3.69779991749067 -7.31679120686299 6.05467018048189 -25.9621723386924 -11.1492833164746 -16.2603112696813 359.367777909042 16.3186883228762 112.221200315181 0.839391509852803 0.864014502302203 0.865942375490525
98.423 -3.62531993070071 -7.36891388022882 5.99639797711571 -26.5964894559682 -11.6267213970409 -16.4846618221025 360.091000118138 16.0668194905886 111.019080283663 0.839076175582172 0.863991957253485 0.865727043122975
98.436 -3.56104562233828 -7.42222878149732 5.95023775551498 -27.2856954722034 -12.004507272604 -16.4010811360754 360.681900106324 15.3001375415297 110.117172255296 0.839045767209648 0.86372405780604 0.86565684146187
98.438 -3.50577249721535 -7.49068257342205 5.87936458993357 -27.9708663829983 -11.9758122705344 -16.2395989766664 361.333710095692 14.4901237873768 108.945455029767 0.838765007203333 0.863730557206938 0.865346327236388
98.466 -3.47697595294578 -7.52080724057936 5.80001644499661 -28.8745431034771 -11.2820478373741 -16.1469367889234 362.100339086122 14.1811114086391 107.95090952679 0.838639094976885 0.863612671406949 0.865190599694252
98.479 -3.40251663508651 -7.56719276980206 5.73788064903821 -29.5038826862592 -9.91033160325502 -16.0169759344585 362.79030517751 13.5430002677752 107.535818574111 0.838525773973082 0.863630309447757 0.86517404237602
98.496 -3.31263862117503 -7.64539151497762 5.66112885046129 -29.8802119748852 -8.504031267357 -16.002301241776 363.411274659759 12.6087002409977 106.0822367167 0.838423785069659 0.863646183684484 0.865159140789611
98.526 -3.21905912814474 -7.70050730503869 5.5837922200691 -30.3311220751066 -7.65210142306405 -15.953979514545 364.330147193783 12.0078302168979 105.01401304503 0.838331995056579 0.863660470497538 0.865022131892152
98.541 -3.1239439772779 -7.75687516508048 5.48845158563238 -30.6132770431684 -7.56322715862024 -15.7059098073653 364.317132474405 11.1070471952081 104.052611740527 0.838376004736614 0.863673328629287 0.86514588161967
98.556 -3.06838756744989 -7.86841890315007 5.40707430731816 -30.4717966670959 -8.26262963359791 -15.4925707350257 364.665419226964 10.5363424756873 103.187350566474 0.838415613448645 0.863684900947861 0.865257256374437
98.585 -3.0277241761529 -7.94283122807554 5.33341576002446 -30.3429376110733 -9.36155750993278 -15.251710608088 365.278877304268 10.2027082281186 102.228615509827 0.838451261289473 0.863695316034577 0.865357493653726
98.6 -2.97341004863771 -8.01201694300602 5.26706322439677 -30.020857590424 -10.4635696978708 -15.0509670281953 365.170989573841 9.60243740530671 100.945753958844 0.838483344346218 0.864075070992299 0.865447707205087
98.616 -2.93392457832746 -8.09469462416318 5.1819075382486 -29.4401458771831 -11.6538539494578 -15.1825115467498 365.433890616457 8.34219366477604 99.4311785629598 0.838891181405124 0.864170066544262 0.865652223045758
98.645 -2.93142763021457 -8.16688991470707 5.09916223616019 -29.2884977016786 -12.6724380201608 -15.1505199340595 365.430501554811 7.56797429829843 98.0680607066638 0.838879272450304 0.86437902280657 0.865836287302362
98.66 -2.90805155553997 -8.2149865944705 5.0369617241378 -29.4772051834191 -13.3975606303585 -14.8415748108826 365.96745139933 6.69117686846859 97.0212546359974 0.839121345219843 0.864443623177106 0.866248184871858
98.675 -2.87180989848298 -8.27126217360987 4.97870679775673 -29.5142174895047 -13.8242167810631 -14.8551272534585 366.270706259397 5.72205918162173 96.1391291723977 0.839339210712428 0.86487173502312 0.866249329301405
98.706 -2.85535327673008 -8.32735701032603 4.90299373936472 -29.4834064275771 -14.0891233472316 -15.0047290319294 366.723635633458 4.78985326345956 94.6852162551579 0.839787484210111 0.865010524437541 0.866742839912033
98.72 -2.81588203978584 -8.39484113122336 4.80600186054544 -29.4778138764225 -14.1748675010581 -15.0393706325533 367.191272070112 4.1308679371136 93.5566946296421 0.839812415257251 0.865258758554967 0.866571058572023
98.736 -2.76437660996954 -8.41912511883955 4.72128292201134 -29.8170553895436 -13.9909685372118 -15.1224564700613 367.612144863101 3.41778114340224 92.1810251666779 0.840087345225053 0.865111787880973 0.866786426878546
98.765 -2.72017650256909 -8.44217785506351 4.62444573889529 -30.2315330566961 -13.7964518361624 -15.2147909757269 368.05093037679 2.71600302906202 90.8829226500101 0.839955819888241 0.865349895654056 0.866610286841884
98.781 -2.65178569957933 -8.46831224240872 4.52412417754849 -30.5885324227822 -13.7419974922408 -15.397892030826 368.265837339111 2.14440272615582 89.2946303850091 0.840216409392944 0.865317408739843 0.866944784457427
98.796 -2.59586036925305 -8.49338939676892 4.42958505653131 -30.7266257453895 -13.8403168269862 -15.8817669498808 368.8792536052 1.80996245354023 87.9251673465082 0.839945356947535 0.865534954427039 0.866752808662878
98.826 -2.53128206185808 -8.53128171166967 4.31989943715442 -30.5944211861177 -14.0517049916158 -16.2203078121446 368.65132824468 0.60896620818621 86.6326506118574 0.840080821267351 0.865236628905039 0.86682681435777
98.84 -2.45412767635861 -8.56466658295265 4.21118658541896 -30.5067347926968 -14.4785955611565 -16.4776663439073 368.686195420212 0.248069587367589 85.2293855506717 0.839696555855265 0.865338928931269 0.866770095838726
98.856 -2.40204669869315 -8.60853943271403 4.1116092123919 -30.252244519534 -15.0307360050409 -16.9360065797455 369.497575878191 -0.85673737136917 84.1464469956045 0.83973057973789 0.865183941219644 0.866595588906047
98.886 -2.33853410932158 -8.66843563058643 4.00074104532599 -29.8438139607103 -15.3467463740024 -17.1004211889466 369.687818290372 -1.43106363423225 82.0318022960441 0.839508110257986 0.864920717018384 0.866438532666635
98.912 -2.25695192145766 -8.67924652462007 3.90514954386651 -29.6121043203645 -15.4563465457625 -17.2277836502046 369.559036461335 -2.24795727080903 80.6686220664397 0.839181115946837 0.864807550498048 0.866297182051165
98.912 -2.16353637570853 -8.69532102910997 3.81456821374744 -29.2608175524502 -15.621398914087 -17.6859213157185 369.743132815201 -3.16316154372813 79.3817598597957 0.839140213537846 0.864458091726146 0.866169966497241
98.943 -2.09484512741609 -8.72900147350122 3.70904313217982 -28.9507663315563 -16.0157475722966 -18.0280162070474 369.788819533681 -3.74684538935531 78.1035838738161 0.838723085349144 0.864267452474236 0.86593187502902
98.973 -2.01464751185694 -8.75314884583493 3.61077854655431 -29.0106515304618 -16.3599743417845 -18.1397184031365 369.649937580313 -4.45216085041978 77.3732254864345 0.838601365308115 0.864095877147517 0.865841190177311
98.973 -1.94378646750795 -8.76362869620627 3.55508110781532 -29.0324871407744 -16.1827555335603 -18.4058992345786 369.824943822282 -5.3869447653778 75.5759029377911 0.838491817271189 0.864065194614268 0.865512241080284
99.003 -1.87869471793962 -8.85428385865962 3.48131068223734 -28.5345819381473 -15.4148616595936 -18.4019505324948 369.802449440054 -6.16825028884002 74.618312644012 0.838519844729763 0.863789971430744 0.865463519623449
99.017 -1.79856432514422 -8.92162799476632 3.39318992800134 -28.1437191641799 -14.2283373256953 -18.1640455555812 369.662204496048 -6.87142525995602 73.5164813796108 0.838291676971436 0.863666144208374 0.865296072842606
99.034 -1.6920303199026 -8.98654737149818 3.33369326090769 -27.8568281637925 -12.9146638984693 -18.1155799313208 370.015984046443 -7.62428273396042 72.1648332416497 0.838339718459985 0.863678434969039 0.865268968209539
99.064 -1.60093811988827 -9.06095610328147 3.27954771068057 -27.5917560344361 -11.8613654475536 -18.1185257549826 370.634385641799 -8.72185446056438 70.7683499174847 0.838382955799679 0.863689496653638 0.865368034305318
99.096 -1.53535541748998 -9.11044625879195 3.20382208180153 -27.4150231790841 -11.0805724142486 -17.7585815764309 371.010947077619 -9.40966901450794 69.8115149257362 0.838548339687863 0.863575716908978 0.865580517435966
99.098 -1.46166650226114 -9.12499996817886 3.11819136039964 -27.2513834565955 -10.4144999056482 -17.229288304284 370.809852369857 -10.4487021130571 68.7703634331626 0.838570714904769 0.863844108134814 0.865648428609103
99.127 -1.37008765134571 -9.15797020909291 3.07577975895898 -26.8132680116993 -9.95625602195362 -17.0269701608785 371.168867132872 -11.0838319017514 67.5333270898464 0.838717322882444 0.863962199972525 0.865709548664926
99.14 -1.30592247360967 -9.18919963166507 3.03808818137851 -26.2792694548042 -9.95986706097963 -16.9639678012792 371.011980419584 -11.1754487115763 66.4199943808617 0.838849270062351 0.864191942892006 0.865887880359613
99.155 -1.26541206700225 -9.22257335059695 2.95688027628845 -25.9727165551253 -10.2394528739656 -16.5858916318383 371.290782377626 -12.0379038404187 65.4779949427755 0.839094343070685 0.864398711519539 0.866171566487377
99.185 -1.20650705810743 -9.20975357657241 2.90971038182306 -26.2304067316739 -10.4742862125233 -16.266997125143 370.761704139863 -12.2741134563768 64.330195448498 0.839314908778186 0.864708126928765 0.866056912489832
99.199 -1.16091457411371 -9.23023816077919 2.87150719260926 -26.134846974537 -10.6115904156984 -16.184572221789 370.345533725877 -12.7867021107391 62.9971759036482 0.839765612469293 0.864739816887081 0.866446747540581
99.215 -1.12299380366256 -9.29015387412021 2.79941563453455 -26.0518966282284 -10.5229504580981 -16.0096264499918 370.150980353289 -13.3080318996652 61.9774583132834 0.839792730690515 0.865138309362098 0.866304575437715
99.246 -1.06821511683687 -9.31349205955365 2.74171585422319 -26.4260962783826 -10.2126401451127 -15.9697325072827 370.09588231796 -13.8972287096987 60.699712481955 0.840195652190389 0.865126981077081 0.866669644193675
99.26 -1.01322806922637 -9.34592878804653 2.67464270515646 -26.7201278719184 -9.85778834434186 -16.0742859741117 369.686294086164 -14.6675058387288 59.4297412337595 0.840179766439502 0.865486757133098 0.866628642691041
99.276 -0.946321911049268 -9.38008981930657 2.60284456899826 -27.0748326419785 -9.68422325036569 -16.0355596667769 369.437664677548 -15.2407552548559 58.4067671103836 0.840417961289079 0.865193251340493 0.866838252585662
99.306 -0.882275646715505 -9.383600669987 2.5305049415624 -27.6642959426661 -9.83183145968027 -15.8930724023892 369.093898209793 -15.3966797293703 57.1260903993452 0.840253374345863 0.865423212767624 0.866656929978289
99.32 -0.832295452763864 -9.40567465831667 2.44893914427124 -28.2352709285522 -10.1570452602771 -15.8831544751274 368.604508388814 -15.9570117564333 55.5534813594107 0.840484208404804 0.865136061411565 0.86674052354164
99.336 -0.813110800275411 -9.39585308024135 2.35972819893744 -28.7438049043993 -10.3970659250891 -15.9116329207444 367.924057549933 -16.58131058079 54.1381332234696 0.84018637605821 0.865248418187142 0.866445376368978
99.366 -0.775972740372306 -9.39204152633709 2.26770675929653 -28.9419434979288 -10.4092677295268 -15.8975688653112 367.611651794939 -17.323179522711 53.4043199011227 0.84017141792054 0.86510248154993 0.866550125293261
99.396 -0.709568359571951 -9.38531904408302 2.1711208053136 -28.8737033466092 -10.4477302695512 -16.1559035818335 367.330486615445 -17.8708615704399 52.1438879110104 0.839904864622372 0.86497113857644 0.866274017945437
99.398 -0.667042667971483 -9.40799929787784 2.06252591857649 -28.6977833936277 -10.8266213647335 -16.5746643686884 366.657437953901 -19.0237754133959 50.5894991199094 0.83966496665402 0.864852929900299 0.866149118802086
99.426 -0.635174034809856 -9.4449314542717 1.92480734928849 -28.7509058176237 -11.4889973961991 -16.7637628173157 366.411694158511 -19.3413978720563 49.5505492079184 0.839575679174311 0.864374920568497 0.866036709573071
99.441 -0.579377931752016 -9.4520736695623 1.80672643134954 -28.8460442434949 -12.1523113970372 -16.9385315737521 366.19052474266 -19.3872580848507 48.3754942871266 0.839241927971529 0.864192598432351 0.865811943797266
99.456 -0.543885780034849 -9.47125076305529 1.67256115570631 -28.5141115748706 -12.7080726237457 -17.3523120041631 365.511472268394 -19.9085322763656 46.5979448584139 0.839068323668262 0.863904634867019 0.865733252068733
99.486 -0.503204006843318 -9.47420474635059 1.51895198996335 -28.2329294250171 -12.9739065827451 -17.9460884373346 364.660325041554 -20.617679048729 45.3581503725725 0.838785308016085 0.863769341301021 0.865415096782564
99.501 -0.407453628384366 -9.44304527711714 1.42326067485335 -27.8691784672482 -12.9017067641653 -18.6759070745172 364.374292537399 -20.8959111438561 43.8823353353153 0.838657365708362 0.863771312352422 0.8653760897555
99.532 -0.289614968302811 -9.47581441883902 1.30745039222768 -27.0448560403707 -13.1122994465274 -19.37243850447 364.176863283659 -21.4463200294705 42.7341018017838 0.838542217631412 0.863773086298682 0.865217385961453
99.548 -0.213667264106541 -9.50081760601396 1.18269085739372 -26.7312101309902 -14.0354206469128 -19.786339692191 363.879176955293 -22.1816880265235 41.5806916216054 0.838565205053963 0.863650947589518 0.86507455254681
99.562 -0.15327504920006 -9.4751970194238 1.07525553424046 -26.778699804914 -15.0792068264963 -20.0138125932009 363.191259259764 -23.0235192238711 39.7626224594449 0.838459273042452 0.863664758012069 0.865069599943322
99.572 -0.0749800412092226 -9.46195466123142 0.971740268488697 -26.3191504351097 -15.8720495026253 -20.2964007995297 362.932133333788 -23.421167301484 38.2463602135004 0.838617025206359 0.863429578488765 0.865188602865723
99.602 -0.00804597809019239 -9.49127665879236 0.85044465913174 -25.7116628725147 -16.513088827172 -20.6331729333171 362.098920000409 -23.4190505713356 37.0017241921503 0.838505911179608 0.863465525821391 0.865295705495884
99.616 0.0696124970248114 -9.4882776473931 0.744630492810585 -25.508435516561 -16.8923142955998 -20.8942831209015 361.709028000368 -23.6571455142021 35.6415517729353 0.83853252924734 0.863497878420754 0.865515421507476
99.632 0.153630912840137 -9.48599748626097 0.657418319956223 -25.0575919649049 -16.8923958431391 -20.9651601523228 361.358125200331 -24.4714309627818 34.4173965956418 0.838556485508299 0.863774053495412 0.865589842273461
99.678 0.258756024127992 -9.52955491079161 0.57204403374412 -24.2121381119258 -16.8474310679855 -20.7862013889989 360.742312680298 -25.0242878665037 32.5356569360776 0.83870451642562 0.863899150797064 0.865780144607295
99.679 0.346126159267836 -9.56145430862847 0.517892237548396 -23.6313823160004 -17.1268100985915 -20.6083446088776 360.608081412268 -25.5818590798533 31.0220912424698 0.838711273968751 0.864135198634091 0.865828093063299
99.693 0.408957553121936 -9.60111719304272 0.454072150031655 -23.2094654584462 -17.645426798656 -20.3788078579135 360.127273271041 -26.203673171868 29.2998821182229 0.839096318065403 0.864347641687415 0.8662408100567
99.723 0.454073493671559 -9.60383372843815 0.380353500640329 -22.9847021187084 -18.0587467142103 -19.9752782171603 359.694545943937 -26.8833058546812 28.4698939064006 0.839063895444555 0.864785351682399 0.866242691967764
99.74 0.509102903299459 -9.58443145758409 0.291920206125917 -22.6953922121811 -18.1292079206518 -19.7609565023145 359.185091349544 -27.1349752692131 27.3629045157605 0.839539700469026 0.864809319165352 0.866613949070719
99.756 0.545102133595581 -9.56373722082226 0.218854440310307 -22.2915018459248 -17.7491115560676 -19.8718837528464 358.366582214589 -27.2414777422918 26.6066140641845 0.839589409890274 0.865200861412542 0.866701840724827
99.788 0.637536049703034 -9.59126070790751 0.136096417658366 -21.6547180735461 -16.9932843699265 -19.806832782142 357.32992399313 -27.5173299680626 25.385952657766 0.839886640394774 0.86518327792248 0.866904130816069
99.8 0.73497207238013 -9.57167921948371 0.0761589733536577 -21.2365745104663 -16.3863223451475 -19.5169891985842 356.276931593817 -27.6455969712563 24.2873573919894 0.839775185540989 0.865414236691412 0.866716220385655
99.816 0.819252758685361 -9.5622560485119 0.0282007778682294 -20.6174972120914 -16.2568504159763 -19.0393360802525 355.449238434436 -28.3610372741307 22.8186216527905 0.840179861555816 0.865127982942975 0.866917072510815
99.845 0.886725666639457 -9.58053043221662 -0.0220843471588509 -19.7366635214166 -16.5380356033863 -18.4529597241357 354.644314590992 -28.5849335467176 21.9167594875114 0.83991246389412 0.865364471209858 0.866727867910927
99.86 0.95158128963463 -9.60942721428182 -0.0638095126302674 -19.1133788486643 -17.0582778445744 -18.0145339807298 353.859883131893 -28.9664401920459 20.5650835387603 0.840051217519277 0.865083194009577 0.866804367681014
99.875 0.980921647190026 -9.62226617391443 -0.0961547749416502 -18.9150180630345 -17.5165721975215 -17.8039202773133 353.573894818704 -29.2497961728413 19.5285751848843 0.839796684261235 0.865077377259812 0.866626433564106
99.906 1.00080377570299 -9.62280792047562 -0.148848395691199 -18.7571040429906 -17.4664416953266 -17.4517725243911 353.016505336833 -29.3248165555571 18.2957176663958 0.839820695303263 0.864824809454535 0.866466292858888
99.92 1.04784709255255 -9.61407784864291 -0.196033234428658 -18.529485241745 -16.7594921822825 -17.0035418368375 352.45485480315 -29.4523349000014 17.1261458997563 0.839589214266822 0.864597498429786 0.866074833493704
99.936 1.1272363487514 -9.61693483810113 -0.238499589292372 -18.3322619084102 -15.8507185365734 -16.7024242943751 352.009369322835 -29.5071014100013 16.1335313097806 0.839380881334026 0.86451665376831 0.865846255325836
99.966 1.19353915068198 -9.6130417426272 -0.280250758702902 -18.2822418244394 -15.2419825607786 -16.4161513305865 351.368432390552 -29.7963912690012 14.7601781788026 0.839320002386316 0.864196284669382 0.865764132444445
99.981 1.24327573310753 -9.62061116455588 -0.346557227470292 -18.2860787106977 -14.8895400298916 -15.8592690219553 351.031589151496 -30.416752142101 13.7641603609223 0.838884895312766 0.864031826123148 0.865442889120705
99.996 1.27888083277422 -9.60156619571382 -0.413475508419705 -18.3864784732157 -14.5150898436963 -15.2496779976224 350.128430236347 -30.6150769278909 12.6277443248301 0.838873614967182 0.863883813431537 0.865401102859828
100.026 1.31631237105976 -9.58592213412583 -0.464663852686911 -18.3081359694056 -13.9628175005481 -14.7491376787762 350.215587212712 -30.8535692351018 11.7849698923471 0.838610070185114 0.863750602009088 0.865363495225038
100.041 1.36478496047661 -9.60871324438269 -0.528330745788123 -18.0895361129231 -13.3428716283559 -14.2933078803642 349.694028491441 -31.3082123115917 10.7864729031124 0.838626272352295 0.863630711728883 0.865329648353727
100.056 1.40182623075967 -9.5907982721783 -0.580842550836539 -18.2584450970506 -12.7429356105584 -13.916648848053 349.344625642297 -31.7173910804325 9.40782561280112 0.838514233610951 0.863646545737497 0.865051853439059
100.086 1.45132423169188 -9.57347764982498 -0.649052431800248 -18.4555013507043 -12.1007031182049 -13.4715488487438 348.310163078067 -31.9656519723892 8.40704305152101 0.838540019435549 0.863537061084452 0.865049170746346
100.101 1.50006229335164 -9.54412241947993 -0.711279294447555 -18.5672031240308 -11.5379610506592 -12.9724855669229 348.09914677026 -32.5490867751503 7.38633874636891 0.838563226677686 0.863562260157509 0.865046756322904
100.131 1.53333220470633 -9.54134553824971 -0.786736364564109 -18.5517041856736 -11.0902718158223 -12.4141683079405 347.249232093234 -32.5341780976353 6.28770487173202 0.83858411319561 0.863584939323261 0.865168043607347
100.146 1.55555382003205 -9.53034691353241 -0.876315255821474 -18.6728696449688 -10.6293362372935 -11.8132094924137 346.484308883911 -32.5207602878718 5.53893438455882 0.838729381344201 0.863728948042128 0.865277202163346
100.16 1.57692993846372 -9.49333375995993 -0.957714372748787 -18.9574910774185 -9.97098276623591 -11.3700564821036 345.79587799552 -32.7486842590846 4.74504094610294 0.838860122677932 0.863858555889108 0.865375444863744
100.189 1.59377424568089 -9.45798687612092 -1.00110590506314 -19.0060167788369 -9.14716693236041 -11.0704554140459 344.936290195968 -33.0738158331761 3.91053685149264 0.83897778987829 0.864098663216931 0.86558718693855
100.219 1.62174310073392 -9.46813310809501 -1.08068015618967 -18.6710639559151 -8.48588535362818 -10.700814452794 344.402661176371 -33.0064342498585 3.03948316634338 0.839210010905031 0.864314759811971 0.86590094240842
100.222 1.63679956601682 -9.45709355140538 -1.15864161053759 -18.5657896213923 -8.12813651292185 -10.3925650685833 343.802395058734 -33.1857908248727 2.49553484970904 0.839292689282679 0.864509246747507 0.865936811084311
100.237 1.66507473474702 -9.44476375101338 -1.23407416998859 -18.5107373768103 -7.94433049521746 -10.1632322258471 343.202155552861 -33.2872117423854 1.46598136473814 0.839745614923337 0.864560824723949 0.866338656275611
100.266 1.69345528083409 -9.43025516079363 -1.29891085737511 -18.3886712727171 -7.93386691134456 -9.88202350707918 343.021939997574 -33.4984905681469 0.779383228264323 0.839774732899155 0.86497721641528 0.866330753564784
100.279 1.70780487833051 -9.4233625525817 -1.36713996035067 -18.1169797179644 -7.98628174692767 -9.42511886629493 342.079745997817 -34.2286415113322 0.10144490543789 0.840053431102766 0.864858399955254 0.866693204508037
100.295 1.71347705105807 -9.41805699419243 -1.4445873126585 -17.8579535018932 -7.89299708368528 -8.93527873539063 341.651771398035 -34.105777360199 -0.928699585105899 0.839925297178182 0.865121846520909 0.866526386708426
100.326 1.7221733174908 -9.39137504355248 -1.51800093876112 -17.7591810524672 -7.56629279516408 -8.59823941146988 340.966594258232 -34.1751996241791 -1.91582962659531 0.840188938953891 0.865112164520011 0.866746222201308
100.34 1.74179140110504 -9.36975548734787 -1.58826305115332 -17.4466217258465 -7.07760244694538 -8.30482768406335 340.649934832409 -34.2976796617612 -2.62424666393578 0.840047254244195 0.86535023462919 0.866574102632371
100.356 1.75292347115002 -9.34532991114726 -1.66706127206185 -17.1065397059336 -6.63396433965543 -8.01327621336694 340.364941349168 -34.047911695585 -3.2618219975422 0.840424723388701 0.865070381086975 0.866789166532859
100.385 1.7505523405229 -9.32669877168659 -1.73618402135103 -16.9485574910654 -6.17056790568988 -7.74477301951116 339.868447214251 -33.8231205260265 -3.35563979778798 0.84000606776448 0.865312629539457 0.866612752530766
100.398 1.7608083166261 -9.29760059556774 -1.78941622422691 -16.76973227631 -5.60083935939571 -7.47792930534631 339.061602492826 -33.1408084734239 -4.16007581800918 0.840261632481559 0.865160271767014 0.866577440194422
100.412 1.76973942019756 -9.30008283413718 -1.83397332769533 -16.317186529595 -5.0132745074256 -7.24387683282694 338.455442243543 -33.1267276260815 -4.76406823620826 0.840112678419096 0.865023149771816 0.866422198826173
100.442 1.7813088574846 -9.31255206308309 -1.91333963819057 -15.9083686399943 -4.52568751469831 -7.04315327168165 337.729898019189 -33.2940548634733 -5.60766141258744 0.839851999071072 0.864899739976137 0.866405941860289
100.457 1.79710831154937 -9.31186316765735 -1.96184482289294 -15.7037913179796 -4.06395845788497 -6.79761657046769 337.37690821727 -33.624649377126 -6.18689527132869 0.839744008349658 0.864664935899227 0.866267850325453
100.473 1.81270448484618 -9.28466759643605 -1.99735921126252 -15.1769236365633 -3.55221910064609 -6.47816025693237 336.879217395543 -33.5021844394134 -6.40820574419583 0.839393424229341 0.864453612230009 0.86601997047441
100.504 1.82955422507464 -9.3235181318669 -2.05140866191666 -14.34091066222 -3.18096665623033 -6.12805415490326 336.611295655989 -33.3319659954721 -7.14738516977624 0.839204670300292 0.864263420927712 0.866043936343703
100.518 1.84124740219181 -9.32484513642924 -2.09305014626516 -14.0045295196621 -3.07355701350806 -5.87860751803888 335.95016609039 -32.9987693959249 -7.51264665279862 0.838908019984913 0.864215984016444 0.865570838987235
100.535 1.84279300203382 -9.30096019019964 -2.12573905959427 -13.7918628272379 -3.03872039612672 -5.64265516318156 336.015149481351 -33.2388924563324 -8.02138198751876 0.838894427172114 0.863925681892702 0.865639718005245
100.566 1.84591983643584 -9.2989165965642 -2.16730965532094 -13.3409208193232 -2.95164224964382 -5.34022170793211 335.173634533216 -33.5150032106991 -8.17924378876688 0.838628801169552 0.863788283624136 0.865330916125425
100.581 1.83448848921728 -9.27786387657453 -2.20466334841159 -13.0778211038031 -2.87632535292371 -5.07413846843661 334.776271079894 -33.6435028896292 -8.32131940989019 0.838643130238289 0.863788360443225 0.865300327164075
100.595 1.82976680217986 -9.25352950384017 -2.24121455450213 -12.9257641842625 -2.7375477794634 -4.91863301853951 334.598643971905 -33.3391526006663 -9.22918746890117 0.838529405708346 0.863664694319607 0.865272797098861
100.624 1.83736858265523 -9.2234882905167 -2.25783008425852 -12.6744091398821 -2.55844949006668 -4.86264757928098 333.958779574714 -33.5452373405997 -9.56626872201106 0.838427053631397 0.86355339480835 0.865371480305708
100.638 1.84450946000448 -9.23900815195576 -2.30594374617416 -12.3329224243671 -2.50489461739589 -4.8328713709712 333.562901617243 -33.9107136065397 -10.16964184981 0.838334936762143 0.863700557978708 0.86533683492633
100.653 1.84608798397092 -9.22310837817253 -2.35421401751469 -12.2439049910907 -2.47883263657233 -4.81675980639317 333.146611455519 -33.8196422458857 -10.412677664829 0.838378652271621 0.86383300483203 0.865305654084891
100.684 1.86989445542552 -9.20185535590704 -2.39478422247556 -11.8752396828214 -2.37064402940365 -4.82058000895996 333.251950309967 -33.4976780212972 -10.7514098983461 0.838544466512611 0.863952207000021 0.865524375237581
100.713 1.89329548229507 -9.22295018530657 -2.43267405965794 -11.3243569359133 -2.35419031348619 -4.85836933630824 333.10675527897 -33.8079102191675 -10.9362689085115 0.838693699329501 0.864182949216752 0.865597900630557
100.714 1.90292409255861 -9.24295310226175 -2.47461592798414 -10.9697838377418 -2.5080842592368 -4.80917362405146 332.736079751073 -33.6071191972507 -11.1026420176603 0.838828008864703 0.86439061721181 0.865664073484234
100.745 1.91643810744368 -9.23635531705999 -2.5129023162572 -10.7102100341203 -2.64048194018335 -4.6221493914173 332.522471775966 -33.3064072775256 -11.4923778158943 0.839201379471759 0.864454058141822 0.866093192435542
100.759 1.91776695676401 -9.2144360176538 -2.54053657365278 -10.2773569696395 -2.68406733395128 -4.38359857441298 332.210224598369 -33.1557665497731 -12.0831400343049 0.839284920992735 0.864881126491365 0.866109836108721
100.775 1.90788973713894 -9.22014705227147 -2.5703155378619 -9.65725486046185 -2.6965766310905 -4.10249062536863 332.349202138532 -32.6001898947958 -12.4348260308744 0.839864498793492 0.864895516493421 0.866494378797581
100.806 1.89648633013647 -9.21229841607509 -2.59346543968789 -9.15259807670574 -2.69180446416466 -3.83651637199207 332.174281924679 -33.0001709053162 -12.8113434277869 0.839755258099836 0.865278439007804 0.866470903834556
100.82 1.87640703449083 -9.19912941125957 -2.61831064719921 -8.7411550629283 -2.62644081164132 -3.69713954395317 331.776853732211 -33.0001538147846 -13.3902090850082 0.840035903783379 0.865129500288526 0.866696287614825
100.836 1.85743784364551 -9.17644356669123 -2.63492523162632 -8.43421512915455 -2.4699036007062 -3.71292177276396 331.17916835899 -32.8801384333061 -13.3111881765074 0.839909522590734 0.865365836820854 0.866529161504536
100.866 1.84754816999873 -9.18960498852553 -2.66639835711481 -8.24880888341467 -2.25268423300199 -3.83323264892268 330.821251523091 -32.7121245899755 -13.6600693588567 0.840174741825188 0.865084423059472 0.866748719517807
100.879 1.83954528848088 -9.17601186409314 -2.69238981374647 -8.27354631568389 -1.90451504634301 -3.96975671227468 330.859126370782 -32.680912130978 -13.854062422971 0.839907856136555 0.865325267314705 0.86657635021722
100.895 1.84796486985466 -9.15958817936229 -2.71590183468353 -7.99886343984069 -1.34765132796825 -3.97965127005485 330.533213733704 -33.0128209178802 -14.0286561806739 0.840173242016426 0.865171645764737 0.866791189359223
100.926 1.86763319991631 -9.16036920670194 -2.75244542025052 -7.57073282104746 -0.748000698988221 -3.97939606671349 330.239892360333 -32.5915388260921 -14.6657905626065 0.839906506308669 0.865280444104997 0.866490975604803
100.94 1.90089701672735 -9.1546077453213 -2.77312420662512 -7.33427022596562 -0.283124293211536 -4.01199081118718 330.0959031243 -32.5723849434829 -14.3992115063459 0.839793064863495 0.865131304876 0.866591164605503
100.956 1.92586647624084 -9.14589097408507 -2.79245337417367 -7.15962182932326 -0.018170642516337 -4.01231844762571 330.14631281187 -32.6151464491346 -14.4592903557113 0.839564346871031 0.864997079569902 0.866310953326455
100.986 1.94899740655102 -9.13696851409722 -2.80727584872225 -6.84900315784131 0.129447948452854 -3.82940721355016 329.471681530683 -32.7736318042212 -14.5133613201402 0.839231728898577 0.864752541533616 0.866305820910543
100.999 1.96233335887382 -9.12720251748486 -2.83156954986076 -6.45265246037779 0.224900100172454 -3.53272603417988 329.344513377615 -32.5562686237991 -14.9220251881261 0.839185765194412 0.864532457300959 0.866177741470682
101.016 1.97499413271239 -9.1160189211624 -2.83356202610333 -5.80586049678276 0.306990242826964 -3.2473923620596 329.650062039853 -32.6606417614192 -14.7498226693135 0.83889100538962 0.864458116752366 0.865815137244318
101.046 1.99680359643243 -9.14102877678786 -2.83188364179133 -4.94817521046326 0.236596562055718 -2.98753862203685 329.805055835868 -32.5145775852772 -14.8348404023822 0.838879114036351 0.864267474997833 0.865859586436619
101.06 1.99691936506219 -9.1419897571413 -2.83157021943807 -4.50450272758488 -0.119124162852144 -2.7399297980011 329.644550252281 -32.2031198267495 -14.971356362144 0.838615019347365 0.864219632679553 0.86565253297446
101.076 1.97368008911658 -9.11316656725481 -2.82907349298071 -4.32809825635311 -0.498814800002044 -2.56975361209412 329.320095227053 -32.2228078440746 -15.0342207259296 0.838504105906514 0.8639289656895 0.865342449597718
101.106 1.93923750239654 -9.09045788935013 -2.81742919471566 -4.04108995743535 -0.495498205498023 -2.45247290737326 329.328085704348 -31.9405270596671 -15.2707986533366 0.838404283809748 0.863914974302053 0.865187109819449
101.121 1.93445568130652 -9.08480422459114 -2.82113496947322 -3.71255348077579 -0.126864415482571 -2.33470653266647 329.155277133913 -31.8664743537004 -15.5437187880029 0.838314443922659 0.86365477314975 0.865170901488697
101.136 1.94852754634237 -9.07528668131294 -2.82470958669216 -3.66419889605699 0.279715155836678 -2.31573969619371 329.299749420522 -32.2198269183304 -15.6093469092027 0.838233588024279 0.86354446575548 0.86515631399102
101.166 1.95430888976111 -9.07228739397998 -2.82786689912585 -3.63289351026808 0.562430663153774 -2.28492908535297 329.06977447847 -32.1778442264973 -15.6684122182824 0.838287438407544 0.863568924361434 0.865266645508652
101.181 1.96597643714059 -9.08048166636177 -2.83142674012757 -3.49174156382143 0.703134161723893 -2.08391709284821 328.622797030623 -32.1400598038476 -16.0815709964542 0.838462374034941 0.863837994842024 0.86536594387452
101.196 1.98168462533571 -9.10240128460718 -2.8430102948288 -3.37615519369883 0.72595051654387 -1.94880782631148 328.46051732756 -32.3460538234628 -16.3334138968087 0.838619816099598 0.863833100539324 0.865455312403801
101.227 1.98654446022646 -9.0905255093264 -2.84643244897782 -3.30571524684803 0.696866915271162 -1.94247666200094 328.134465594804 -31.9914484411166 -16.7400725071279 0.838635043675331 0.863952293136585 0.865412283814614
101.269 1.99672425702455 -9.08642138368673 -2.84987151761763 -3.01712845498765 0.69817259015626 -1.80624426297642 327.901019035324 -32.3323035970049 -16.4460652564151 0.838901539322367 0.86418302673966 0.865620341994333
