15.642 4.97312544832885 -7.97507026122496 4.07238251906263 0.336265752604554 1.31950591599172 -1.75551381546015 295.591425824344 -14.4308089770552 118.129858584722 0.83844680692988 0.863519790776499 0.865399463229158
15.675 4.96524757489794 -7.98003983193474 4.06395842082763 0.466761314748679 1.35167746179713 -1.81355022017368 295.552283241909 -14.4277280793497 117.95687272625 0.838225942951541 0.863546716880352 0.865485479822976
15.692 4.95103473375946 -7.9797838422105 4.04889484745978 0.588787473350147 1.43101353241131 -1.88334023632425 295.337054917718 -14.3649552714147 117.861185453625 0.83828055784208 0.863570950373819 0.865439434491871
15.704 4.94572508553305 -7.98176812163996 4.04186183663653 0.730672084793758 1.55737782802514 -1.95149476231015 295.143349425947 -14.6684597442732 117.535066908262 0.838329711243565 0.86371635798763 0.865521453959417
15.736 4.94998451667701 -7.99744028179652 4.04606660412949 0.918673578604459 1.76652554140583 -2.0494750570715 295.389014483352 -14.4016137698459 117.301560217436 0.83850041958736 0.86384722484006 0.865595271480209
15.765 4.94998728571244 -8.00561957057244 4.04159088320018 1.08024133524783 2.00972031550953 -2.15139778037198 295.490113035017 -14.5214523928613 116.731404195692 0.838654057096775 0.864088465272788 0.865785030893368
15.767 4.96118267182625 -8.00005230154925 4.02642970728709 1.20275155286808 2.28355744426392 -2.25381525424318 295.401101731515 -14.4493071535752 116.638263776123 0.838792330855249 0.864182121396702 0.865955814365211
15.796 4.94815447155342 -7.99246798318327 4.0237381230101 1.4450718174286 2.61016353189859 -2.36125815629978 295.380991558363 -14.8043764382177 116.854437398511 0.839043097784293 0.864266411908225 0.866355759228422
15.81 4.94462921223377 -7.97881860460371 4.02640338274583 1.75628982652544 2.91937618634232 -2.4663537147156 295.242892402527 -14.8839387943959 116.80899365866 0.839142467474016 0.864589057278582 0.866346146222313
15.825 4.9493573367715 -7.97652995817838 4.04759660541485 2.18218756143015 3.16636986541801 -2.57697025164099 294.998603162274 -15.0755449149563 116.768094292794 0.839484392220141 0.864632654201917 0.866584005763806
15.87 4.95445064247729 -7.97435049026886 4.0764268801761 2.61358712589782 3.28713745902888 -2.70095261578987 295.198742846047 -14.8279904234607 117.151284863514 0.83941316218382 0.864918675342905 0.866551568104159
15.872 4.96693547553791 -7.9777160508306 4.09154033954314 2.99497650491109 3.30498859862218 -2.84841460611928 295.378868561442 -14.7251913811146 117.376156377163 0.839728017458965 0.864929310459808 0.866891937593474
15.885 4.96027517307079 -7.96554186548631 4.08592901493941 3.18937198419097 3.20884088379813 -2.9414357409272 295.240981705298 -14.8126722430032 117.398540739447 0.839505804206954 0.865185665975007 0.866952030395307
15.916 4.95422101010331 -7.95398657267547 4.08315328835697 3.42386990027569 3.25665908549465 -3.07095628897188 295.596883534768 -14.7714050187028 117.898686665502 0.839937418355184 0.865169602028699 0.867252353655508
15.931 4.96295793047054 -7.94957230757406 4.09118961166666 3.78148291024813 3.52641302427343 -3.26615073641057 295.137195181292 -14.3142645168326 117.928817998952 0.839820885705358 0.865525115989554 0.86702962094115
15.945 4.970162742053 -7.9438636863595 4.11111160699718 4.12547202380347 3.81728317222777 -3.4891539833802 294.903475663162 -14.3228380651493 118.015936199057 0.84009496862835 0.865351509572102 0.86719913301076
15.974 4.9686265284251 -7.93387763777665 4.13245312497788 4.36406985959106 4.01265409164621 -3.67687980641623 294.333128096846 -14.0905542586344 117.854342579151 0.8398360602594 0.865442321531625 0.866981722360877
15.991 4.96281464348115 -7.91441555988156 4.14124570005334 4.59102165225791 4.23734288095487 -3.87026052806468 294.179815287162 -14.1214988327709 117.468908321236 0.839729663419153 0.865153259299167 0.867032836685969
16.003 4.96374902233371 -7.89977272902158 4.15185252767679 4.87924773130693 4.59376126461511 -4.07254745235745 293.861833758445 -14.0893489494938 117.422017489112 0.839507285571123 0.865016838550753 0.866708458198875
16.047 4.97530401740869 -7.88455913562381 4.17660181470403 5.18674280550448 4.96644620685589 -4.25307896666369 293.215650382601 -14.4204140545445 117.259815740201 0.839307145507896 0.864770324616382 0.866663575295721
16.049 4.99426278764964 -7.87535603730801 4.21348083687743 5.55509142571739 5.27285502128481 -4.40792374175305 292.934085344341 -14.17837264909 117.413834166181 0.839253640142799 0.864672197336246 0.866499720417342
16.061 5.00420292581582 -7.86599583526483 4.2506822527014 5.91332274116092 5.482974099309 -4.54881075689072 292.620676809907 -14.260535384181 117.372450749563 0.839078864622405 0.864583882784124 0.866104918296312
16.092 5.00919859736083 -7.85793080717353 4.28003349726464 6.23420420750284 5.66368432296588 -4.64583807814821 292.398609128916 -13.7944818457629 117.275205674607 0.83892156665405 0.864132778163939 0.866120389383414
16.108 5.01022313650475 -7.85210880151416 4.30148164175509 6.48940974095103 5.79502581433342 -4.68430770544789 291.778748216025 -14.0350336611866 117.847685107146 0.838526303153727 0.86397467026825 0.865763520365777
16.122 5.01377884104275 -7.83417969206892 4.31210601099633 6.64810235464219 5.82850033213672 -4.63648762192601 291.580873394422 -14.251530295068 117.882916596431 0.83842426133224 0.863832373162129 0.865689670980392
16.153 5.01841549474976 -7.82121584349802 4.32885054142746 6.90084937108637 5.88916174930473 -4.59650298187081 291.28278605498 -14.4463772655612 117.914624936788 0.838205651913666 0.86370430576662 0.865623206533546
16.168 5.02947181819959 -7.80984764278469 4.34296293906694 7.30771099886323 6.00024557437425 -4.59715802719518 290.834507449482 -13.721739539005 118.483162443109 0.838135675216185 0.863465171467861 0.865563388531384
16.185 5.03409537994042 -7.80308787507299 4.35823787318759 7.83190173103797 6.14754926121164 -4.65347275882681 290.851056704534 -13.2495655851045 118.694846198798 0.838199316880259 0.863497559502578 0.865509552329439
16.215 5.02975720158078 -7.79006085827187 4.36977069139862 8.33726117625479 6.29004624348742 -4.70033922340214 290.14595103408 -12.7046090265941 118.885361578919 0.838256594377926 0.863526708733822 0.865461099747688
16.229 5.02465574137143 -7.77905480296226 4.38517804646835 8.77910757771328 6.44501108478753 -4.71961827816116 290.111355930672 -12.6941481239347 119.416825421027 0.838308144125826 0.863676540511633 0.865664276334099
16.242 5.01252267532145 -7.75340748039614 4.40072060559105 9.24699834665951 6.68142600684313 -4.75910683202444 289.900220337605 -12.2647333115412 119.475142878924 0.838354538898936 0.863811389111663 0.865723811617423
16.274 5.01309507285888 -7.739303161571 4.42697916865865 9.8589397333676 7.06213836799088 -4.82518088164642 289.470198303845 -12.1182599803871 118.927628591032 0.838522764477194 0.86393275285169 0.865777393372414
16.29 5.01031819458605 -7.71870841670297 4.45863246715534 10.4188472867484 7.4444741495124 -4.87319714462682 289.32317847346 -11.7464339823484 118.914865731929 0.838800488044044 0.864041980217714 0.866072128198897
16.305 5.00195323952259 -7.69771910388704 4.50028853234471 11.0365045428064 7.87330917730926 -4.94694613245421 289.190860626114 -12.0117905841135 118.783379158736 0.838797648425332 0.864387068757122 0.866090878295741
16.336 5.00998707587917 -7.68493390690776 4.54687694862623 11.6549914931059 8.34170345041802 -5.04385457264391 288.531774563503 -11.8306115257022 118.965041242862 0.839174055076326 0.864450864532603 0.866354264629892
16.35 5.01979130484521 -7.65648825715326 4.59706653495257 12.1536144811999 8.72127356339149 -5.11809506957799 287.998597107153 -11.487550373132 118.948537118576 0.839260329036845 0.864878252243068 0.866468124728083
16.381 4.99964525083774 -7.61843733564326 4.64199774270915 12.6916881475837 9.02624544369356 -5.23452983742935 287.758737396437 -11.5387953358188 118.933683406718 0.839590467626687 0.864769332200264 0.866693786418999
16.394 4.97888018292254 -7.57898411073067 4.68824175124463 13.3286262030544 9.42285754054558 -5.4225272353658 286.882863656794 -11.2849158022369 118.980315066046 0.83963510033217 0.865041685541417 0.866773694338279
16.41 4.97431744577348 -7.54353605137269 4.75338440351274 13.9301147277871 9.85614430557499 -5.63447298511167 286.394577291114 -10.8764242220132 118.962283559442 0.83992776179248 0.864916422168778 0.867091851204183
16.423 4.98170313932174 -7.51534383081794 4.82422320734787 14.4913017282908 10.2560260582236 -5.87789591560813 285.955119562003 -10.1487817998119 119.426055203498 0.839812194798925 0.865297254115626 0.867008629000498
16.453 4.9737455996663 -7.4821298174566 4.89803381584282 14.925377662332 10.55332421576 -6.05193838511602 285.079607605803 -9.3739036198307 119.603449683148 0.84008714681256 0.865146433885566 0.86730329240018
16.483 4.9452754395715 -7.43948805801624 4.96015380461987 15.3129925678545 10.76135057281 -6.1726987450777 284.831646845222 -9.33651325784763 119.583104714833 0.839829020625189 0.865504264660734 0.866951868341664
16.486 4.92240564860507 -7.40577918713588 5.02102972245195 15.7870368225194 10.9745284926282 -6.2897800156081 284.4884821607 -9.18286193206287 119.80479424335 0.839849798030822 0.865209008115365 0.867005968068678
16.511 4.90762875828985 -7.37143090747564 5.07695530512313 16.2159667280537 11.183945872373 -6.38522949496332 283.87963394463 -8.86457573885658 119.704314819015 0.839615406721625 0.865190609955022 0.866684276443313
16.526 4.89857927281121 -7.3428518120894 5.12974237196189 16.57681280334 11.3884520484945 -6.45663020958913 283.211670550167 -8.45811816497092 119.853883337113 0.839531075235155 0.864926718880224 0.866765135360161
16.541 4.88947705613189 -7.3139583239957 5.17270175331124 16.8695132023953 11.5961717291412 -6.57279924969892 282.97050349515 -7.97230634847383 119.988495003402 0.839201784426289 0.864812952173704 0.866591124475338
16.587 4.87996822762442 -7.27293057173529 5.21363970977027 17.1833252409344 11.9976232585172 -6.8002521491565 282.333453145635 -6.87507571362645 119.449645503062 0.83890542269831 0.864710562137836 0.866434514678997
16.588 4.88242364675956 -7.23792095419799 5.26975719936454 17.6856034038638 12.5993876502227 -7.11946357546223 282.180107831072 -6.4275681422638 119.624680952756 0.838892089614171 0.864494675844757 0.866417026127831
16.602 4.8737997360631 -7.20683124754162 5.3367829156616 18.1872720711111 13.1875404882539 -7.4662958438702 281.262097047965 -5.96481132803742 119.72221285748 0.838626697367404 0.864424113441784 0.86615422869655
16.632 4.85969356426038 -7.15371141815184 5.39393375808287 18.5784685281221 13.7466490348483 -7.81966625948319 280.015887343168 -5.12833019523368 119.269991571732 0.838641236816356 0.863988985755833 0.865917711008398
16.662 4.8450228070775 -7.10548457489012 5.44465125645061 19.0313086982106 14.3758009252566 -8.20792864116845 279.014298608851 -4.85549717571031 119.342992414559 0.83840092984937 0.863968992361753 0.865581109828262
16.664 4.84528653283948 -7.05370071815489 5.50837323407703 19.5258877520537 15.0740986953264 -8.57568539537222 278.292868747966 -4.54994745813928 119.468693173103 0.838311425358318 0.863579376783805 0.865525501496629
16.693 4.83870039397509 -6.99566293317412 5.5844576121006 20.0221539386804 15.8094369173968 -8.95017792453729 277.82358187317 -4.33495271232535 119.161823855793 0.838357492008179 0.863476609026129 0.865475453998159
16.708 4.82612895382074 -6.92110298179091 5.65963731056156 20.4298622089345 16.4452871187869 -9.27882425422096 277.401223685853 -3.18145744109282 118.885641470213 0.838398951993054 0.863507853305019 0.865430411249536
16.723 4.81469497155512 -6.8449609109983 5.73172833185526 20.7838225529265 16.9435064985113 -9.55857541658513 276.541101317267 -2.50331169698354 118.877077323192 0.838436265979441 0.86365957062571 0.865389872775776
16.755 4.80631974701314 -6.7651204671763 5.82396401459991 21.0550586182446 17.3377054669808 -9.78897741691135 275.766991185541 -1.77298052728518 118.989369590873 0.838343227875382 0.863672518744641 0.865476848414932
16.771 4.79225781587567 -6.68614131268584 5.91362004424649 21.2388657335194 17.6772173630308 -9.97114837751029 274.950292066987 -1.23568247455666 119.210432631786 0.838512584555996 0.86368417205168 0.865431666224632
16.783 4.78289411390846 -6.61212719133547 6.00161275516913 21.285208167801 17.8865948633689 -9.99693430311804 274.095262860288 -0.752114227100998 119.649389368607 0.838665005568548 0.863941717763245 0.865637786163348
16.815 4.77213242582999 -6.53198723183022 6.07889083550244 21.2124125418606 17.91014911749 -9.8109813308215 273.445736574259 -0.0769028043908984 119.564450431746 0.838549093505578 0.864050048638114 0.865699970463747
16.829 4.7729215407299 -6.46057952808689 6.16178878121855 21.233156020499 17.9168441294052 -9.57492136567828 272.321162916833 1.19078747604819 119.908005388572 0.83882418416959 0.864023948955805 0.866125499717104
16.845 4.77207553839031 -6.38811242610828 6.25201911902382 21.4739625558536 17.9648543729532 -9.43116968712572 271.42904662515 1.85170872844337 120.097204849715 0.838818974938324 0.864370840621405 0.866262236306573
16.875 4.76113876511464 -6.32283219126418 6.3553727910753 21.9990853842378 18.1424147371846 -9.36973210772613 270.386141962635 2.80653785559904 120.387484364743 0.839193248938018 0.864312661740767 0.866508486839641
16.89 4.75147524604031 -6.26922753239472 6.47059730701171 22.5625356244399 18.3220663932371 -9.30222454580848 269.387527766372 3.48588407003913 120.108735928269 0.839151133229909 0.864753869730415 0.86648360107241
16.903 4.72422300990368 -6.20320637331723 6.58214038621655 22.9879614513089 18.3997834180356 -9.20253644237267 268.488774989734 4.21729566303522 120.097862335442 0.839492191400445 0.864780985408567 0.866830767264901
16.935 4.70226977362584 -6.1349886355369 6.68725771318022 23.3250431687734 18.4224004960793 -9.03953470653235 267.619897490761 4.9355660967317 120.028076101898 0.839420181446094 0.86505217342889 0.866773653455144
16.951 4.66096401895002 -6.05892821230609 6.79000358531007 23.4955922870106 18.3076413625019 -8.79741329694782 266.477907741685 5.22200948705853 119.725268491708 0.839734334795011 0.864925861267504 0.867214731650398
16.964 4.61121926920041 -5.96916540930973 6.90162846519765 23.6674071041111 18.1890909667098 -8.54438952450495 265.810116967516 6.43980853835268 119.812741642537 0.839638110501203 0.865182561701933 0.866995761136551
16.994 4.60553438260934 -5.89484322491563 7.02118460900381 24.0205137219442 18.1678917937029 -8.37621011403918 265.029105270765 6.87582768451741 119.711467478283 0.83993047094461 0.865043210713243 0.867291711322628
17.01 4.60281218404873 -5.83890673300573 7.13644657641764 24.2566302886811 18.0037743700578 -8.24698604920015 264.086194743688 7.62824491606567 119.620320730455 0.839688012344034 0.865164852558652 0.866817710111069
17.041 4.57947278006646 -5.77904693586482 7.23976339796289 24.1813489392023 17.685076322365 -8.08793629924197 263.597575269319 8.4254204244591 119.29828865741 0.839596420295323 0.864903537223491 0.867008413263687
17.054 4.54529921994007 -5.71350138458181 7.31628840475473 23.7227560300149 17.201301514556 -7.82570755481396 262.497817742388 9.44287838201319 118.588459791669 0.839513987451484 0.865039146417875 0.866810074588512
17.071 4.49395285354909 -5.63398011689694 7.399286734842 23.0878850071661 16.6903316684439 -7.52786962376004 261.928035968149 10.2985905438119 118.369613812502 0.839313177200221 0.864790401696792 0.866631569780854
17.101 4.44576592123678 -5.54212012438755 7.47871373991615 22.6676461247701 16.3006878145766 -7.26286892092602 261.475232371334 10.7687314894307 117.752652431252 0.839132447974085 0.864690266708615 0.866470915453961
17.115 4.39054637142572 -5.45471757544977 7.55708137959641 22.6321792222167 16.1003900254854 -7.07856676165785 260.2877091342 11.1318583404876 117.017387188126 0.838969791670562 0.864600145219256 0.866202729090068
17.13 4.36149878193635 -5.40855659747633 7.63210139105084 22.9689612999951 16.1140151450742 -6.97987039083557 259.03893822078 11.6386725064389 116.775648469314 0.838823400997391 0.864271426975233 0.866084958832254
17.143 4.36522360047428 -5.38023965690594 7.70135518398311 22.9980193684688 15.9537586687347 -6.80554747388942 258.155044398702 11.974805255795 116.438083622382 0.838564877612301 0.864346786928903 0.865855368130531
17.174 4.3503201788729 -5.31519023001845 7.76122950750374 22.5860036911639 15.5225049392658 -6.57766448222567 257.839539958832 12.6373247302155 115.894275260144 0.838458978344957 0.864043404513916 0.865772333968671
17.191 4.32481636876454 -5.2347387977301 7.82110194478437 22.218243016704 15.2076590254919 -6.39547055308707 257.015585962949 13.2935922571939 114.98484773413 0.838363669004347 0.863770360340427 0.865697603222997
17.204 4.29234598524502 -5.17723643551996 7.89611598355179 22.1193194783924 15.0143740389733 -6.29867158938142 256.454027366654 14.1842330314745 114.826362960717 0.838277890597797 0.863648494227088 0.86563034555189
17.234 4.25372539562402 -5.11399215254841 7.95357298108284 22.04250203437 14.8808755663737 -6.25506397242801 255.888624629989 15.0458097283271 115.103726664645 0.838073918252667 0.863662549985882 0.865446216178204
17.248 4.21142513694541 -5.05060791188768 7.99774252699921 22.0924503042154 14.9492765593546 -6.31352704083406 255.31976216699 15.5212287554944 114.573353998181 0.838017114921286 0.863798797638487 0.865527557477117
17.264 4.18173460193434 -5.01660630000495 8.02684085959592 22.193128937916 15.1032038652512 -6.4539300619415 255.047785950291 16.1891058799449 113.976018598363 0.837965991923043 0.863921420525831 0.865600764646138
17.311 4.14741152549945 -4.95996791922625 8.06470109278916 21.9654190975595 15.1417384405582 -6.53449125422063 254.263007355262 16.8501952919504 113.258416738526 0.838046601916431 0.864031781124441 0.865666651098258
17.313 4.10089859388914 -4.88912147405961 8.11631289650463 21.680327569483 15.3214577262733 -6.63295052574513 253.736706619736 16.7851757627554 112.672575064674 0.83824562119294 0.86413110566319 0.865725948905165
17.326 4.09213677366954 -4.82571882715719 8.17958280619499 21.674890232382 15.789311953646 -6.80706005332329 253.023035957762 17.3266581864799 112.145317558206 0.838551059088215 0.864096900278374 0.866025828178374
17.355 4.07491375792368 -4.77248716393915 8.23748340466485 21.6776302167774 16.1302280865257 -6.94391129989936 252.740732361986 17.9339923678319 111.910785802386 0.838573162365086 0.86431317316727 0.866172531921716
17.37 4.03606959988186 -4.69483070409126 8.30042768352209 21.4175007828859 16.2240755068807 -7.04646673479492 252.486659125787 18.8405931310487 111.099707222147 0.838719525596729 0.864384358501736 0.86642775289327
17.383 4.00194782742419 -4.62284497769916 8.35833447724264 21.2734606282614 16.3444160477957 -7.16014067200245 251.777993213209 19.7765338179438 110.969736499932 0.838724782222749 0.864695209212742 0.866410940520676
17.411 3.96255924757026 -4.55482565479497 8.42140401795221 21.1728321226872 16.4679897101917 -7.23420294068007 250.840193891888 20.1988804361494 110.552762849939 0.839108475494001 0.864728190942661 0.86676537276834
17.426 3.92956356813642 -4.48774245187956 8.48014185483497 21.0555489104185 16.5853128765771 -7.22452310462733 249.636174502699 20.6989923925345 109.817486564945 0.839201307412753 0.865004658409575 0.866838122052686
17.441 3.90525442907333 -4.42180106763826 8.54395942975797 21.0400703552545 16.7168579247973 -7.23336850408826 248.852557052429 20.969093153281 109.815737908451 0.839663371240403 0.86488309775012 0.867272753388186
17.471 3.88164039745139 -4.37544236533152 8.60588428756342 21.2818648464466 16.9215080101801 -7.32835226436646 248.267301347186 21.5721838379529 109.214164117606 0.839700713584514 0.865267262138833 0.8671714409661
17.486 3.82441488767452 -4.31660098390854 8.66041960758638 21.4017699648554 17.0400442320629 -7.41841780128859 247.800571212468 22.4149654541576 109.332747705845 0.83998681371959 0.865119441106452 0.867326771033215
17.501 3.77057757256734 -4.2462857713438 8.71195548572544 21.3928906782935 17.1177191981696 -7.46054548680859 247.560514091221 23.4734689087419 108.899472935261 0.839865341533324 0.865356783556987 0.867096596581087
17.532 3.70566385637201 -4.16450687797101 8.759175674305 21.4016932135176 17.2486953699557 -7.56334589995979 247.224462682099 24.0661220178677 108.269525641735 0.84000880739456 0.865200010382791 0.867259411086703
17.55 3.65017441794703 -4.09533514277248 8.80203299777416 21.4279361059063 17.4390930085326 -7.61693497408595 246.502016413889 24.5395098160809 107.522573077561 0.839885135840797 0.865305972261245 0.866912375159536
17.564 3.59915653364744 -4.00662465419867 8.85526904812492 21.2301806632546 17.5402218756183 -7.5124933850743 245.9718147725 24.6055588344728 106.970315769805 0.839900301724869 0.864906671313024 0.866970424204762
17.595 3.58227011707622 -3.93504520231335 8.92682431952092 21.1758648870055 17.6953599934 -7.41467916107069 245.19463329525 25.2050029510256 106.413284192824 0.839660860046268 0.864918506832914 0.866899344701019
17.609 3.58113829923151 -3.85829356885417 8.99445616140306 21.2582783983049 17.762465215434 -7.43122651213919 244.615169965725 26.104502655923 105.911955773542 0.839445362535527 0.864681826070327 0.86658831541242
17.624 3.55581851571034 -3.76497579434332 9.04078004599517 21.4675650622912 17.5969057167914 -7.47360004413138 243.733652969152 27.0340523903307 105.340760196188 0.839251414775859 0.864344939741197 0.866431986522371
17.655 3.51381722482351 -3.69619298713342 9.07600725150918 21.7215719148407 17.2486655267916 -7.42318660460374 242.880287672237 28.1706471512976 104.526684176569 0.838950090012923 0.864165615687782 0.866043957790838
17.67 3.48289939813889 -3.6346475905502 9.11734832933678 21.7219338073261 16.7986081344178 -7.21445573040291 242.052258905014 28.4135824361679 104.334015758912 0.838805669505516 0.863756337777231 0.865818467193257
17.685 3.45710842358836 -3.56177905437268 9.16532924423635 21.6245495868989 16.4454648782279 -6.94186511919468 241.727033014512 28.6922241925511 103.860614183021 0.838548919269614 0.863759609181011 0.865739123125124
17.716 3.42551684869321 -3.49272578272448 9.20623755440134 21.7262167656136 16.2375596117792 -6.67515952330574 241.614329713061 28.883001773296 103.374552764719 0.838571236528345 0.863514944540813 0.865667713463805
17.746 3.38463457071476 -3.39227062445783 9.25239245878177 21.9291676081362 15.963421971212 -6.39619318929578 241.152896741755 29.1747015959664 103.297097488247 0.83833792959016 0.863542355268234 0.865479847298927
17.748 3.34478792825663 -3.29653387649569 9.29919911134109 22.3171668778569 15.6365454229457 -6.09550516807613 240.737607067579 29.5572314363697 102.747387739422 0.83825472512503 0.863567024922913 0.865434365220227
17.777 3.29480014991155 -3.21234602973205 9.35197926200508 22.9625494267124 15.362967216529 -5.84320655966546 240.123846360822 30.2615082927328 102.73264896548 0.838179841106412 0.863465492351326 0.865516891614938
17.79 3.26555302218847 -3.16231463472851 9.3943937358595 23.8578975374763 15.2770521742654 -5.65659582736304 239.571461724739 30.6553574634595 102.239384068932 0.838239066181464 0.863497848297696 0.865591165370178
17.805 3.22875597306715 -3.09436188448197 9.45189993417296 24.4461535852554 15.216522529358 -5.42070723699314 239.134315552265 30.9498217171135 101.855445662039 0.838165748057203 0.863650566119119 0.865534551484353
17.832 3.20198328103388 -3.02841601051742 9.51969669612676 24.648103112226 15.1849466123 -5.18856017741597 238.380883997039 32.0548395454022 101.029901095835 0.838352852719634 0.863788012158401 0.865730382897098
17.847 3.15358671074299 -2.94631980607975 9.58574155288127 24.4878729536752 14.9130168365662 -4.96817744211712 238.062795597335 32.329355590862 100.406910986251 0.838394776633363 0.864035173859294 0.865906631168568
17.862 3.07764821522106 -2.83897425010862 9.62914083585608 24.1184749712848 14.551486145276 -4.83929862920312 236.936516037602 32.3364200317758 99.4862198876263 0.838685298984596 0.864134159124558 0.866188442215436
17.893 3.00960283225181 -2.74302165456172 9.66496799754025 24.0363984665227 14.4673298971606 -4.89277334643548 236.342864433841 33.0027780285982 99.0775978988637 0.838693978271829 0.864470029773282 0.866318884555072
17.908 2.95871691178145 -2.67138865662416 9.69912780255307 24.0571861007865 14.4999862204217 -4.96914486675376 236.168577990457 33.2425002257384 98.5898381089773 0.839080751938174 0.864525529447147 0.866682522399297
17.923 2.94051276687558 -2.62266083126784 9.73394171831217 23.8415438265857 14.5194532472345 -5.00887160145243 235.411720191412 33.6982502031645 97.6708542980796 0.838923265238242 0.864822263063612 0.866763556720547
17.955 2.9361599002222 -2.57665100901294 9.80657425317651 23.1383054744615 14.5560575408316 -5.02172489932246 235.39054817227 33.8084251828481 96.9037688682716 0.839287110207945 0.864718941938753 0.867082727348224
17.97 2.92966854398905 -2.5182433415261 9.87218300217527 22.5695130949543 14.5325128554507 -5.1516134780925 234.951493355043 33.7275826645633 95.7933919814445 0.839235608372843 0.865119521908603 0.867123741174581
17.985 2.88390301309936 -2.44436805446212 9.92171387416844 22.153019800726 14.4426203485316 -5.40515442035959 234.736344019539 34.434824398107 94.9740527833 0.839568219029086 0.865110072368936 0.867406893356855
18.016 2.80147391536456 -2.37051812111674 9.95557760485462 21.9415346145465 14.3869079319991 -5.65929546687325 234.182709617585 35.0713419582963 94.59664750497 0.83948860631187 0.865471539295767 0.867168706672362
18.031 2.74614205937345 -2.31566505997781 9.99024483521389 21.7557780996568 14.432186604448 -5.82848042400272 233.984438655827 35.3442077624666 93.716982754473 0.83979591717421 0.865179555286895 0.867324310168851
18.045 2.70041352791273 -2.25600223573509 10.0323389735187 21.2931773889277 14.2553801577437 -5.89601406099176 233.565994790244 35.70978698622 92.5652844790257 0.839566913950675 0.865287562674939 0.866970784333468
18.076 2.66476453199401 -2.19135221987185 10.0744135707347 20.6371420927831 13.8939642793739 -5.93007677702999 233.42939531122 36.158808287598 91.7687560311232 0.839740222570176 0.865013976328149 0.867146180063847
18.091 2.62531826067938 -2.1158092482318 10.096598678505 19.9970920056422 13.5511327369327 -6.00424467184607 233.006455780098 36.7429274588382 90.8718804280109 0.839516788807044 0.865015081346527 0.866934064708655
18.105 2.5759901032058 -2.01358348698284 10.112674665757 19.5729553241619 13.4097599212547 -6.13664463214238 232.445810202088 36.7286347129544 91.0846923852098 0.839568789394491 0.864768743132579 0.866866621154523
18.136 2.5522447429783 -1.94420550975978 10.1358220627677 19.4057361276236 13.37947095203 -6.30084276434799 232.601229181879 37.4957712416589 90.6162231466888 0.839362498948928 0.864670774000823 0.866682461690264
18.151 2.51626927876653 -1.87218852085274 10.1676680371855 18.9483686217315 13.1613711850713 -6.42877375508876 232.261106263691 38.186194117493 90.0746008320199 0.839050065768684 0.864582601782244 0.86639312070274
18.165 2.4633012344615 -1.79294816770316 10.1873511426772 18.5497149656652 13.1376004787779 -6.677499433015 231.774995637322 38.6275747057437 90.0071407488179 0.838895647685702 0.864131625262247 0.866256311283659
18.211 2.42718203039554 -1.74258111820961 10.1919576841407 18.39398011032 13.3604816522741 -6.98761208513335 231.39749607359 39.4448172351694 89.0464266739361 0.838629899631781 0.864097367917525 0.866009585336796
18.213 2.39653023932803 -1.70263772225093 10.1941882119607 17.8812996565399 13.4160365404818 -7.13923255600933 231.477746466231 39.6403355116524 88.4817840065425 0.838517498162488 0.863694914784001 0.865911129454309
18.225 2.34751553107287 -1.62479013516644 10.1992483031182 17.0183605305806 13.2942802146779 -7.16271388056107 231.849971819608 39.7563019604872 88.2736056058883 0.838289565060889 0.863580593226305 0.865698921690381
18.256 2.32082009406971 -1.56825455111986 10.1999117754187 16.5218679889729 13.4297376893933 -7.27621348487137 231.584974637647 40.3406717644385 87.6062450452995 0.838337817740492 0.863477703824379 0.865631532172536
18.271 2.32121505819637 -1.51803093030505 10.207930966224 16.2528872969459 13.6699700273242 -7.46691274707126 231.106477173882 40.3866045879946 86.7656205407695 0.838254624460329 0.863508838623443 0.865570881606475
18.285 2.31001852586459 -1.45756663269806 10.2261016643098 15.8375222313734 13.6022096658132 -7.54617567083742 231.335829456494 41.0879441291952 86.0690584866926 0.838179750508182 0.863289251039002 0.865516296097021
18.33 2.27504193754128 -1.37842863250084 10.2616089829252 15.3781974891521 13.3679428977051 -7.49919169153993 231.182246510845 41.7191497162756 85.5621526380233 0.838112363951249 0.863339231116604 0.865343571668821
18.332 2.25685082648216 -1.31636225087917 10.2896749599379 15.2968662898552 13.3517592949575 -7.50194427811113 230.74402185976 42.4672347446481 84.925937374221 0.838178336741817 0.863507810656137 0.865311717153132
18.345 2.24616506195681 -1.26253758284577 10.3188847443701 15.5648895845338 13.4845222967595 -7.53724603350613 229.809619673784 42.9605112701833 84.5333436367989 0.838237712253328 0.863535934772026 0.865529831998999
18.374 2.21200730648592 -1.17692539763268 10.3791113860525 15.8244311604316 13.4459937312057 -7.45451379656773 229.568657706406 43.5244601431649 83.820009273119 0.838417620496146 0.863437511215528 0.865849322962824
18.39 2.1663015566494 -1.08622748260333 10.4585741907761 15.9076368993503 13.1304019916729 -7.22356623370485 228.751791935765 43.7920141288485 83.1780083458071 0.838579537914683 0.863719723010708 0.866013677227722
18.403 2.15150259872311 -1.00944761578412 10.5203343406682 15.8916823697206 12.734919044414 -7.01342335079238 228.796612742189 44.2128127159636 82.6602075112264 0.838725263591367 0.86385025336083 0.866161596066129
18.433 2.16703366285592 -0.9807478917614 10.5658029474644 15.7223614609928 12.1889080560031 -6.83803521418642 228.77695146797 44.6515314443673 81.8941867601037 0.838729946417922 0.864337702188472 0.866294723020696
18.448 2.15641121011403 -0.929360035029832 10.5865535281147 15.1249344751989 11.3944447313189 -6.60919352482885 228.459256321173 44.7463782999305 81.6247680840934 0.839113123269657 0.864406434620818 0.866660777018358
18.479 2.12661999411667 -0.862700396449372 10.5940960474651 14.3582425543965 10.6374430062786 -6.34903753112459 227.693330689056 45.1917404699375 81.502291275684 0.839205490410843 0.864715077719916 0.866620662233256
18.493 2.08544269157008 -0.801868748966758 10.5803539956666 13.6827236424683 10.099652904124 -6.17062232763045 227.60399762015 45.5925664229437 81.2720621481156 0.839541112863286 0.864746072599118 0.866954122309662
18.507 2.05059775369664 -0.769745474133406 10.5500894968263 13.2220848660078 9.81487845340626 -6.05966696509642 227.643597858135 46.0733097806494 80.944855933304 0.839590681045109 0.865143939502931 0.866884672995429
18.521 2.00918166033 -0.727187575465603 10.5211156652467 12.5891893565062 9.49674938669159 -5.88270790217456 227.679238072322 46.1459788025844 80.6503703399736 0.839887784434125 0.865132048203831 0.867191731995617
18.551 1.95718283824537 -0.673981562166956 10.5027006548133 11.8386673674205 9.12799047855678 -5.63031497455253 227.531314265089 46.391380922326 80.2053333059763 0.839776215176405 0.865368129944628 0.866975061447249
18.566 1.92301331197393 -0.629328322329712 10.4851096702951 11.2952586459456 9.04877921696065 -5.43598576717361 227.578182838581 46.3122428300934 79.9847999753787 0.839928593673334 0.865086486870869 0.867150029466249
18.581 1.9238043508098 -0.624873869346314 10.4720310419802 11.2092442317327 9.44695473037908 -5.43437192328068 227.860364554722 46.241018547084 79.9063199778408 0.839812943491693 0.865203801100516 0.866937529170817
18.612 1.91595701108862 -0.595725741440117 10.4631333157424 11.297480113903 9.85187757795186 -5.45505686835719 227.75432809925 46.6569166923756 79.5956879800567 0.839961649157093 0.864938590911168 0.866993062814915
18.627 1.86573892590841 -0.556743301261121 10.463983947486 11.3074267590012 10.1590562323704 -5.52787179220849 227.958895289325 46.9712250231381 79.1361191820511 0.83971607273527 0.865070694736785 0.866796259184617
18.641 1.80863149545288 -0.523933597483027 10.463612259433 11.2308825563835 10.4782651129502 -5.61325255191894 228.263005760393 47.6141025208243 79.0825072638459 0.839621674647435 0.864818795183811 0.866619135917348
18.672 1.75430190189209 -0.480398784349372 10.4856037327695 10.936801934333 10.8182248611971 -5.69772882344461 228.056705184353 48.0726922687419 78.3142565374614 0.839536716368384 0.864592085586134 0.866459724976806
18.691 1.72413990160996 -0.462525847795614 10.5210181977494 10.7614423515867 11.3173184056118 -5.86612388003144 227.571034665918 48.4254230418677 78.2828308837152 0.839333633225432 0.864635379678713 0.866192657660628
18.702 1.68226976330138 -0.434948035993882 10.5455888366231 10.4471301774967 11.7932201528369 -6.12302294240998 227.613931199326 48.6228807376809 78.1345477953437 0.839277479088581 0.86417912536907 0.866199354811299
18.765 1.61262404145351 -0.400551198946274 10.5589038123663 9.96730265593026 12.1986309619807 -6.37636950313081 227.652538079394 48.6805926639128 77.7610930158093 0.838846624344805 0.863892509110066 0.866081921981362
18.767 1.58633475799755 -0.377674475932274 10.5790873637774 9.33469452774182 12.6062487818131 -6.62728217113834 227.207284271454 49.3325333975215 77.6649837142284 0.838839171096017 0.863634554476962 0.865976232434419
18.781 1.54148571460899 -0.322608921489853 10.5843837741892 8.39053805206687 12.7624177967616 -6.82256922120008 227.226555844309 49.8592800577694 76.9184853428055 0.838579070701065 0.86352626894997 0.865757514372479
18.796 1.50016389581075 -0.269578328932886 10.5548535541189 7.59346897968461 13.0793057880778 -7.02886191740068 227.483900259878 50.6933520519925 76.486636808525 0.838344980345608 0.863552547236476 0.865684265586425
18.81 1.46674513482312 -0.220653695945946 10.5506621440195 7.1532060511818 13.6690851329341 -7.26185358825604 227.53551023389 51.2640168467932 76.5179731276725 0.838134299025697 0.863576197694331 0.865618341678975
18.825 1.42906665500933 -0.176860946194835 10.609258840079 7.18063353766668 14.3701155509384 -7.42116441263654 227.041959210501 51.4776151621139 76.3661758149053 0.838198078308819 0.8635974831064 0.86543541269258
18.856 1.39958529201389 -0.115061686435199 10.6913846757366 7.29386789382367 14.7308139195087 -7.42713957442632 227.017763289451 51.6098536459025 76.0495582334147 0.838128858971823 0.863616639977263 0.865394374074515
18.87 1.38388582939422 -0.0510626429309156 10.7666746520716 7.27516812734207 14.4897935962601 -7.18366225820506 226.755986960506 51.8488682813122 76.0046024100733 0.838319652542792 0.863510145900241 0.865604223228244
18.885 1.36137660331592 0.00426200085970403 10.8209682235466 7.25604826117275 13.8270737786189 -6.78438000185021 226.160388264455 52.183981453181 75.7241421690659 0.838364896474206 0.86366163396141 0.865793087466599
18.915 1.35225133884309 0.0351998423405824 10.8856341537249 7.46632129765089 12.8733740343448 -6.26930078029114 226.46434943801 52.3655833078629 75.4717279521593 0.838405616012478 0.863921433482002 0.866086252883664
18.945 1.34212324132047 0.0509531824173037 10.9339574303995 7.35251359536672 11.4616091499942 -5.64924093126966 226.497914494209 52.6490249770766 75.0045551569434 0.838568733879382 0.864278576694982 0.866350101759023
18.947 1.31624854602983 0.0823095853669796 10.9367468947265 6.93329277018119 9.85437953270475 -4.94233210531827 226.468123044788 52.484122479369 74.6440996412491 0.838841860506013 0.864353221676677 0.866587565746846
18.99 1.27548364697608 0.11382237513751 10.9238148505175 6.62774975270506 8.41245302981595 -4.19084698638949 226.621310740309 52.7557102314321 74.3796896771242 0.839087674469981 0.864667186070189 0.866554772088894
18.993 1.2169481447224 0.150922722577067 10.9017612196223 6.53291370873226 7.21548253599466 -3.46260198240703 226.939179666278 52.5801392082889 74.4417207094118 0.83943507851651 0.864702970114363 0.867017738420774
19.003 1.17390285708465 0.157737395428728 10.8679667047157 6.64679791037812 6.27179687781504 -2.87512041012053 226.74526169965 52.90212528746 74.0175486384706 0.83949525013301 0.865105147266652 0.86694192749543
19.031 1.13917238215766 0.165666252013842 10.8583213327671 6.60578224147771 5.46522787705644 -2.41585264391764 226.630735529685 53.491912758714 73.6957937746235 0.839801896613237 0.864973537721489 0.867120208909612
19.047 1.1059995952263 0.172143818113327 10.8751387928437 6.51237958984903 4.91030814278591 -2.13228264670145 226.287661976717 53.9027214828426 73.4062143971612 0.839698916137606 0.865348658113065 0.867034150935384
19.062 1.08195002642404 0.172526818072605 10.8996119321445 6.25350804307786 4.56965900789663 -2.00455056523741 226.218895779045 54.2724493345583 73.1455929574451 0.839985196017372 0.865192697483261 0.867326262141577
19.093 1.05827034503637 0.166287463804311 10.9138565380328 5.63197403266321 4.19131906130544 -1.90485886749229 226.517006201141 54.2452044011025 72.6710336617006 0.839863885601328 0.865422714296115 0.866972541108922
19.123 1.03707834175603 0.180184789210761 10.9343980120677 4.49931098054192 3.63554593380085 -1.8242966448652 226.125305581027 54.1606839609922 72.5439302955305 0.840133668534722 0.865135612787208 0.867147761161755
19.125 1.02752248726526 0.181200213173214 10.9506108254544 3.12342568401445 3.01092263813069 -1.74110362160005 226.192775022924 54.024615564893 72.0095372659775 0.839870890175135 0.865248014425221 0.867058947962312
19.155 1.0251471425495 0.184268877153859 10.9677162430005 1.69734265759774 2.3327311376764 -1.65706959531791 226.253497520632 53.7821540084037 71.5285835393797 0.839887480625773 0.864978382903403 0.866979016082814
19.171 1.01654498804225 0.214145009438931 11.0034020657525 0.4963106819143 1.64144275673319 -1.66464507853421 226.068147768568 53.6839386075634 71.3357251854417 0.839649321057082 0.864859449794565 0.866783617125726
19.184 1.00581029977155 0.253423522163098 11.0455150528418 -0.367824203071023 0.918519855105671 -1.7042874409098 226.141332991712 53.835544746807 71.4021526668976 0.839561598137066 0.864628674735813 0.866484160594656
19.215 1.03613225155251 0.256452459319232 11.072403424114 -1.14707231711507 0.0472785566180048 -1.6422556433837 225.78719969254 53.9119902721263 71.2819374002078 0.839356026817245 0.86417309092046 0.866214649716693
19.229 1.08532894432405 0.238049673191129 11.0799632487863 -2.12015134494554 -1.04218212347128 -1.5123812240835 225.768479723286 53.9207912449137 71.593743660187 0.838917317300603 0.864134687009916 0.866095687396217
19.244 1.10578367215269 0.247763529853301 11.0868867771182 -3.0966858287716 -2.09674253707835 -1.35808966656065 225.931631750958 53.9887121204223 71.6943692941683 0.838776174064428 0.863728501967152 0.865988621307788
19.274 1.14837435276991 0.238968472572812 11.0883894446212 -3.94121571917688 -3.05500721466822 -1.24823489837787 225.538468575862 54.3498409083801 71.9649323647515 0.838268373815399 0.863610821691141 0.865644929097714
19.29 1.15851424388605 0.235901180707797 11.0770525410221 -5.01961323122866 -4.09988817259071 -1.08524346960878 225.544621718276 53.9548568175421 72.2084391282764 0.838192124927744 0.863504909442732 0.865582938839135
19.304 1.13017088996634 0.249121913734124 11.0643354422849 -6.16650686993786 -5.02348714159118 -0.90954355012882 225.730159546448 54.0193711357879 72.4875952154487 0.838123500928856 0.863409588419163 0.865527147606415
19.334 1.11824896479188 0.243004205307107 11.056421509415 -7.08649740431812 -5.63335216789008 -0.814772401222808 225.777143591803 54.0774340222091 72.7388356939039 0.838061739329856 0.863323799497951 0.865476935496967
19.351 1.15306892285829 0.198412925732798 11.0570800939472 -8.11983239671073 -6.12116198926901 -0.647035619115794 226.059429232623 54.0096906199882 72.9649521245135 0.837879382111519 0.863370324729658 0.865308147128773
19.364 1.17818195483165 0.181205255075693 11.0892164563481 -9.63227663795569 -6.83729006515127 -0.432713736593528 226.013486309361 53.6487215579894 73.2284569120621 0.83796865308606 0.863288462177397 0.865403295332629
19.395 1.20658962900409 0.186128920868993 11.1370534052262 -11.0667588978242 -7.51615647848347 -0.297839309499061 226.272137678425 53.3838494021904 73.2856112208559 0.838048996963147 0.86346211861085 0.865612252360546
19.411 1.24065595544847 0.171466461470092 11.1546682551333 -12.0722967484998 -8.27446449475726 -0.370345454885032 226.264923910582 52.9054644619714 73.6970500987703 0.838247776734984 0.863494811931268 0.865800313685671
19.424 1.28346622297888 0.114815486952988 11.1772253782894 -13.2978915011308 -9.21419361780062 -0.219570451381262 226.618431519524 52.8349180157742 74.3073450888933 0.838173587555371 0.863771293654874 0.865969568878284
19.456 1.30571488418929 0.093876841800208 11.2120116714846 -15.0963466258269 -10.5172017369366 0.0672720899400703 226.456588367572 53.0114262141968 74.376610580004 0.838486228814403 0.86389666694058 0.866121898551636
19.47 1.38313966881113 0.0747926404805139 11.2537940172146 -16.846253947977 -11.9486876701132 0.224667018350643 227.090929530814 52.8702835927771 74.7389495220036 0.838514815118655 0.864256286807702 0.866258995257652
19.514 1.49765339396188 -0.00505137109179894 11.2634457434228 -18.6097201562327 -13.3500021092087 0.488459858500312 227.121836577733 53.0432552334994 75.2450545698032 0.838919505100317 0.864333160778125 0.866628622031618
19.516 1.54636737318447 -0.0706262021966541 11.2373565630625 -20.5953130261056 -14.8707270891275 0.79457570471135 227.20965291996 52.7789297101495 75.8805491128229 0.839031234058437 0.864649131261492 0.86659172274519
19.53 1.59619545291314 -0.159032377276519 11.164795165942 -22.4083008074645 -16.1309826244896 1.11969828691197 227.528687627964 52.3010367391345 76.5724942015406 0.839510305221519 0.864686720786536 0.867050994011439
19.561 1.5949523510079 -0.218187361365883 11.0699814132028 -24.3033485893135 -17.3484187131857 1.56498036661772 227.455818865167 52.1109330652211 77.0752447813865 0.839562954167518 0.864967335269062 0.866971857527029
19.574 1.58317936016981 -0.241619038051065 10.9811773751235 -25.8272122036646 -18.3105234067526 2.07565790247503 227.570236978651 51.639839758699 78.0677203032479 0.839862830244294 0.864849506923659 0.867270198074057
19.59 1.62920653123138 -0.31711577844533 10.9000566888501 -26.6559413649775 -18.9649672492834 2.54213791375425 228.033213280786 51.0958557828291 78.3609482729231 0.839753756405557 0.864990519148026 0.867045680917845
19.604 1.72916923134158 -0.450783677148038 10.8210625250921 -27.204087686495 -19.5600735777902 2.93983251932539 228.029891952707 50.6662702045462 79.0448534456308 0.840034552258528 0.864870372414726 0.867336639125792
19.634 1.81135448964205 -0.579943335575355 10.7389544606017 -27.7829155590669 -20.2926158383318 3.2710401070875 228.266902757436 50.3996431840915 80.0203681010677 0.839781685526561 0.865132621734434 0.867105477864405
19.651 1.85329879359991 -0.686909493675076 10.644287511093 -28.3160743848396 -20.9824382239643 3.56683685973753 228.420212481693 49.9796788656824 81.1983312909609 0.839933516988474 0.864874529481694 0.86726740424169
19.664 1.88081345292858 -0.767975858035901 10.5465775290572 -28.7249249616228 -21.481904325232 3.85366462414546 228.978191233523 49.6617109791142 81.7184981618648 0.839563982004276 0.864889579184718 0.867166626734254
19.694 1.91736809014915 -0.842252395614879 10.4616313659647 -28.8409820837812 -21.7268436637011 4.10799281821946 229.240372110171 48.6555398812027 82.7866483456784 0.839484792989541 0.864779526447749 0.866952466712022
19.71 1.99234535336171 -0.948545761762467 10.3841622486859 -28.789708302884 -21.8724799080181 4.3468118570082 229.356334899154 47.9899858930825 83.2679835111105 0.839286902184473 0.864432870080877 0.866759722692013
19.724 2.07820038234896 -1.06330355512357 10.3171335055067 -28.9679893809925 -22.2073693217964 4.63961158733792 229.400701409239 47.4509873037742 84.4811851599995 0.838982028680675 0.864244752993493 0.866462655604314
19.755 2.14361862154937 -1.16437092280915 10.2566280597717 -29.2772973131223 -22.6530446033572 4.89702447440565 229.380631268315 46.7858885733968 85.1530666439995 0.8389610349983 0.863951573972047 0.866318892695076
19.771 2.22434211801412 -1.27795676162718 10.2199501247052 -29.2197965894436 -22.7121676239375 4.99129149261394 229.662568141483 45.5272997160571 86.2977599795996 0.838434748655883 0.863935321756345 0.866065908607071
19.784 2.30704890219202 -1.39419008288572 10.173292999045 -29.0497253274458 -22.6760653653606 5.00208600747469 230.036311327335 44.9945697444514 87.0879839816396 0.838341862284181 0.863796959501414 0.866085280663097
19.815 2.3656832921013 -1.5032892077606 10.1128662984752 -29.1386459244722 -22.8031153173741 5.10187740672722 230.792680194601 44.2151127700063 87.7391855834757 0.838131492770412 0.863796168732776 0.865731922517492
19.831 2.44473059304101 -1.62069188202391 10.0657845522031 -29.4163843854601 -22.9151701978505 5.23901791032931 231.293412175141 43.4536014930057 88.8652670251281 0.838195552679063 0.863547848137401 0.865784693182476
19.844 2.53526620263644 -1.71863300780925 10.0380754397868 -29.7503184659981 -22.8839585215769 5.32732985975439 232.164070957627 42.4682413437051 89.9387403226153 0.837999814125806 0.863448233244365 0.865708726515421
19.874 2.6373383897077 -1.82419783336347 10.0051166468762 -29.8821568484059 -22.6230435854497 5.30986404935147 232.527663861864 41.2814172093346 90.7248662903538 0.838077041898918 0.863605912571122 0.865640356515072
19.891 2.73429104365685 -1.92848371084713 9.9703062761339 -30.2000480337943 -22.6095941887368 5.3368929115919 233.034897475678 40.3932754884011 91.6123796613184 0.838019926202912 0.863500491234714 0.865702283780298
19.905 2.81681987653177 -2.04382895186111 9.9339490761023 -30.6724096426286 -22.9013065255883 5.39862346776095 233.37140772811 39.113947939561 91.8111416951866 0.838221613050773 0.863405612031947 0.865881341963449
19.935 2.88888117977977 -2.17319778282551 9.87764475610804 -31.0937182966864 -23.1882751096707 5.47402829655738 233.434266955299 38.0825531456049 92.7100275256679 0.838276660931388 0.863691013745485 0.865919170683837
19.951 2.94721217133701 -2.30489276360668 9.79554691791789 -31.6255678410636 -23.4839514154975 5.65105294781767 233.970840259769 37.5142978310444 93.6390247731011 0.838452674306401 0.86382441502213 0.865953216532187
19.965 3.02377179126233 -2.45436328510521 9.69280878496399 -32.3179728890183 -23.8263959686043 5.92258887440995 234.513756233792 36.70286804794 94.535122295791 0.838611086343912 0.86406793643665 0.866107181440148
19.995 3.07938761884234 -2.58978459113906 9.58113097958771 -33.09533590546 -24.1865044633469 6.22956662819033 234.942380610413 35.792581243146 95.4016100662119 0.83887997772409 0.864287105709718 0.866245749857313
20.011 3.13812084830637 -2.73069767541352 9.46356220078177 -33.4674817042269 -24.1640372231191 6.4127168356003 235.568142549372 35.4533231188314 96.5414490595907 0.838869189137374 0.864607681699926 0.866247137788315
20.025 3.20917669388803 -2.87625407326218 9.34817350237107 -33.4337106330409 -23.7560304473721 6.44243751845249 236.011328294435 34.9079908069483 97.2073041536316 0.839238441717164 0.864649416181127 0.866617950309215
20.055 3.26480710017519 -2.99863571358916 9.23785938318255 -33.2384311727902 -23.1224121354593 6.4058273543935 236.710195464991 34.7171917262534 97.9865737382685 0.839318277013599 0.865056948726739 0.866705441839474
20.069 3.32648633278462 -3.13337960034487 9.13013713504984 -32.7626796585646 -22.2193312272569 6.25761103116789 237.699175918492 33.9454725536281 98.4479163644416 0.839642620805766 0.865053756505258 0.867030423955258
20.084 3.37212155780542 -3.23968532851229 9.03540173422796 -32.3406101659906 -21.3775507762869 6.08070488988316 238.409258326643 33.1909252982653 99.1631247279975 0.839555567910882 0.865297667415912 0.866953344476465
20.115 3.41193631757511 -3.32937498543462 8.9677970580891 -31.7737247219107 -20.4970476070552 5.85202371387194 239.348332493979 32.3318327684388 100.106812255198 0.839730011134363 0.865146805855824 0.867130484192544
20.131 3.45423393967044 -3.43511508393706 8.91736764067131 -30.8161995779639 -19.4145184188687 5.54850073179773 240.193499244581 31.5586494915949 101.196131029678 0.839634219206619 0.865504599433966 0.867043398690023
20.145 3.50630788972043 -3.53836160738844 8.87395641523943 -29.8979383987934 -18.3608528365238 5.29670409373246 240.894149320123 30.9227845424354 101.63651792671 0.840052991854883 0.865085435768473 0.867211532984745
20.176 3.56179358634409 -3.63044553255658 8.84703688608121 -29.2402056276164 -17.5346912169936 5.20596498206913 241.76473438811 30.4705060881919 102.512866134039 0.839671509384044 0.865202855108359 0.866992882337464
20.191 3.61825489467135 -3.70296611716408 8.83639640319208 -28.7200018587479 -16.8522144617065 5.14720054493092 242.668260949299 30.1834554793727 102.941579520635 0.839834358460209 0.864937739518227 0.867042880664897
20.206 3.68020312308446 -3.78487435278349 8.81215550936335 -28.1266276270716 -16.2479090460702 5.0080530095218 242.881434854369 29.6851099314354 103.087421568572 0.839601511108074 0.864946468217597 0.866841095249601
20.236 3.72392564105251 -3.84817697373378 8.79602489266164 -27.7971709712346 -16.01930134757 4.9095377849055 243.793291368933 29.3565989382919 104.058679411715 0.839391948491152 0.86483072657734 0.866659488375834
20.251 3.7600437619143 -3.91628238350762 8.77803577238351 -27.5716523473936 -15.9692796097596 4.85446186901037 244.133962232039 28.5809390444627 104.692811470543 0.839203342135922 0.864602823840311 0.866619502454983
20.264 3.8073941067922 -3.9954140614624 8.73395306993154 -27.3549451279214 -15.889908900692 4.73619125462842 245.040566008835 27.7628451400164 105.023530323489 0.838779901087412 0.864397711376984 0.866460054860678
20.293 3.86880390608918 -4.08399054090576 8.69469768221939 -27.250748325053 -15.8749638121495 4.57173243450909 245.916509407952 27.0865606260148 105.38117729114 0.838652499472557 0.864089236517188 0.866440012291344
20.308 3.89857447830985 -4.15431210410949 8.64374559893398 -27.3737650956011 -15.9393758278811 4.48326148113451 246.524858467157 26.2979045634133 105.763059562026 0.83841106623995 0.863935482786174 0.866051180982914
20.323 3.91279842276707 -4.21520731162152 8.58328415549566 -27.5814267539799 -15.9286443519633 4.42348495134167 247.252372620441 25.768114107072 106.526753605823 0.838320548109841 0.86379710442826 0.866072025801355
20.353 3.94014474588038 -4.28252272586037 8.52425998684856 -27.6332077427041 -15.6655509091333 4.25365554017697 247.727135358397 25.1113026963648 107.274078245241 0.838239081792742 0.863796299166937 0.865843728402723
20.368 3.97409381423058 -4.36525296670206 8.46311764333033 -27.7317190295024 -15.4058660472276 4.08706861211347 248.454421822557 24.7001724267283 108.006670420717 0.838165762107354 0.863671839170948 0.865761858213643
20.383 4.01823506909902 -4.45700826199658 8.39318565499827 -28.1776310960178 -15.4591725722759 4.02187320128381 249.288979640302 23.7901551840555 108.486003378645 0.838099774390504 0.863683560435355 0.865688175043472
20.413 4.05796219848062 -4.53803182201213 8.32222627376358 -28.8194099711488 -15.7094385211552 4.03571641550657 249.980081676271 23.2711396656499 109.097403040781 0.838167006137146 0.863570374312524 0.865745320455858
20.428 4.12298573800146 -4.61262896558607 8.25967961646474 -29.274110195408 -15.825517569803 3.97641958311622 250.782073508644 22.3840256990849 109.707662736703 0.838100894017317 0.863592242062774 0.865796751327006
20.444 4.18868952168422 -4.70897562713293 8.18243840423843 -29.2031877254855 -15.6422024540441 3.7612203728962 251.50386615778 21.4656231291764 110.856896463032 0.838168013801278 0.863611923038 0.86608955035803
20.474 4.23788702344952 -4.80382794807137 8.09161289114613 -28.9851590292728 -15.4657684681817 3.54616703789666 252.633479542002 20.6390608162588 111.411206816729 0.838354891889302 0.863876693650933 0.866229881883407
20.489 4.2675601111894 -4.87608678343696 7.98497025590115 -28.9828263324524 -15.5619397129665 3.44345873105356 253.470131587802 19.8351547346329 111.970086135056 0.838523082168523 0.863991526937033 0.866356180256246
20.508 4.288938808475 -4.96105143311145 7.86074028391516 -29.001337592337 -15.8843716958684 3.4609449190169 253.923118429022 19.1716392611696 112.653077521551 0.838547983137363 0.864341660804509 0.866469848791802
20.532 4.30949642184442 -5.03722035481801 7.76299924235531 -28.9454786422636 -16.2478429232281 3.58965958742056 254.090806586119 18.6944753350527 113.507769769396 0.838949356317154 0.864533457640792 0.866818390212353
20.546 4.34248320391535 -5.10738848085049 7.66425840778042 -28.3295567322357 -16.1772571041877 3.58336538440369 254.781725927507 17.6050278015474 113.376992792456 0.838931629871132 0.864952586040438 0.866885837752298
20.562 4.40227842447841 -5.21231859715143 7.56665280511578 -27.1141583109205 -15.7351039128529 3.47159373145951 255.703553334757 16.9245250213927 113.91929351321 0.839294638377546 0.864836232617896 0.867192780276799
20.593 4.4504078875573 -5.3165120761814 7.4713259016031 -26.2218264492941 -15.5753339795829 3.57939619037462 256.413198001281 16.5520725192534 114.287364161889 0.839368854007942 0.865225083519832 0.8672227888103
20.608 4.46134282206817 -5.36677157412967 7.38253891538567 -25.9263613616166 -15.7605486732277 3.97336496828373 256.751878201153 15.4368652673281 114.5586277457 0.839688140100675 0.865205077819042 0.867496036229001
20.623 4.48399325360647 -5.38728502569497 7.31340452496099 -25.4940305689664 -15.7341121265156 4.28518877679887 257.476690381038 14.3731787405952 114.98276497113 0.8395965352763 0.865557044200863 0.867248935257294
20.654 4.53496455088071 -5.4595567748955 7.25812679943938 -24.5545511761919 -15.4339833566121 4.40247142583654 258.189021342934 14.0758608665357 115.064488474017 0.839893053242198 0.865256509701481 0.867519568031296
20.669 4.60376318932902 -5.5495010703216 7.20251103416829 -23.6731418600994 -15.288294944615 4.51336932142082 259.37011920864 13.5082747798822 115.678039626616 0.839654336411863 0.865356821648066 0.86727011387936
20.683 4.63551505185364 -5.60902282798975 7.15072106280103 -23.1867437046238 -15.4594654501535 4.72615452668332 259.953107287776 12.7574473018939 115.750235663954 0.839818902785246 0.865076309403964 0.867292389052604
20.714 4.6362591246712 -5.64146356467625 7.08142498992241 -22.7634891814897 -15.442526538726 4.84972228012186 260.897796558999 11.9017025717045 115.515212097559 0.839587601000607 0.86507118111476 0.867189113064077
20.743 4.65973352729808 -5.69502126590211 7.02342797394714 -22.0963005686842 -14.9753731214946 4.85406302920891 261.868016903099 11.7315323145341 116.023690887803 0.839506050086239 0.864819232923988 0.866972704408862
20.746 4.66607629662332 -5.75058532430946 6.97212849625457 -21.5118613515105 -14.4488281757573 4.80071779499031 262.681215212789 10.9183790830807 117.021321799023 0.839306033571501 0.864592479552294 0.866654339149478
20.775 4.68190031712273 -5.80957124836045 6.92188877971628 -21.1683088041457 -13.9497468848992 4.77942464144548 263.17309369151 10.6665411747726 116.71918961912 0.838999246929 0.864512136778567 0.866367810416033
20.79 4.73480827926117 -5.87032001799462 6.89965739648036 -20.9667450993036 -13.5196576925925 4.68545164294979 264.035784322359 9.77988705729535 117.227270657208 0.838976531421793 0.864192219378613 0.866233532025623
20.805 4.78452038155661 -5.94690085875497 6.86444596171819 -20.862437001587 -13.2020430683714 4.52683014277694 264.452205890123 8.74189835156582 117.204543591487 0.838575771444696 0.864151902622254 0.865865348743765
20.834 4.78915841031074 -6.00840159738814 6.79971567142406 -20.9418421563902 -12.9810754027556 4.37338376972062 265.306985301111 8.16770851640924 117.184089232339 0.838468782794112 0.863868008637932 0.865533983790093
20.851 4.79189611656665 -6.05950254635294 6.70871772183536 -21.1468945819725 -12.815792289961 4.25894615610734 265.896286771 7.35093766476831 117.705680309105 0.838118797679783 0.863860112955641 0.865359490592586
20.864 4.786100040524 -6.10669050010693 6.60946159792148 -21.3726631390424 -12.7372664960794 4.18114314355004 266.3066580939 7.09584389829148 117.935112278194 0.83805750640569 0.863729271580781 0.865326044184521
20.895 4.77783095596623 -6.15454663091289 6.50642430691901 -21.3735647640695 -12.4246085487615 4.04928837117977 267.21599228451 6.44625950846233 117.961601050375 0.838002344259007 0.863735249604206 0.865172344947571
20.91 4.79319356463902 -6.21778831410456 6.41823972382232 -21.0354449288839 -11.6485599076258 3.80390151879462 268.334393056059 6.0416335576161 118.285440945337 0.837952698326992 0.863616894564489 0.865157613104007
20.924 4.81055136843818 -6.30122159893556 6.33947212503628 -20.4838088329421 -10.5913375046495 3.48763350431974 269.160953750453 5.49747020185449 118.396896850804 0.837908016988178 0.863634110289543 0.86526781471034
20.97 4.8377253919032 -6.38744460620204 6.27229231899628 -20.1056569572815 -9.55586787632195 3.23810679510914 269.544858375408 5.00772318166904 118.377207165723 0.837867803783246 0.863649604442091 0.865366996156039
20.972 4.83865896843553 -6.43996601472246 6.21386553918405 -20.06913706308 -8.69493757723938 3.10666252781196 269.710372537867 4.62695086350214 118.899486449151 0.838084702873073 0.863787146649075 0.865456259457168
20.984 4.8173528192879 -6.4699970469172 6.16164059110061 -20.0706203033369 -7.70330641493529 2.92118711472542 270.03933528408 3.86425577715192 119.069537804236 0.838279912053917 0.863910934635361 0.865659920072631
21.016 4.8151163052119 -6.51809393036025 6.13211579323627 -19.7307338455223 -6.54824294901428 2.64586229638265 269.915401755672 3.83783019943673 119.282584023812 0.838455600316677 0.864145804088558 0.865843214626548
21.031 4.83997831856583 -6.59340360165528 6.13229871273772 -19.3950650411228 -5.70563239457087 2.41562721178256 270.943861580105 3.63404717949306 119.534325621431 0.838740040299578 0.864357186596436 0.866131367327618
21.045 4.85990008814968 -6.66489329100452 6.11839735937777 -19.4784593003693 -5.42514549099164 2.36490418526079 271.929475422095 3.27064246154375 119.460893059288 0.83899603628419 0.864670754497972 0.86614419351159
21.09 4.86047171149108 -6.70068319583656 6.08212372451421 -19.8443538283476 -5.45591338464057 2.4223068965057 272.276527879885 2.88357821538938 119.454803753359 0.839478627224697 0.864706181699368 0.866402248324156
21.092 4.84668081933367 -6.72960207412889 6.03912250509318 -19.9744222623067 -5.38513120648186 2.50679376410704 272.468875091897 3.25522039385044 119.569323378023 0.839534443970378 0.864984850090611 0.866387986408474
21.105 4.85222551167704 -6.76203355983123 6.00293534079602 -19.7991174406562 -5.29699976522298 2.56069454036809 273.481987582707 2.74969835446539 119.792391040221 0.839963194142266 0.864988867732743 0.866744714067358
21.136 4.8676903689566 -6.80624550993942 5.96515949737499 -19.5443965362852 -5.4413455902274 2.6817243229725 274.513788824436 2.29472851901885 120.113151936199 0.839970554196191 0.865239267520649 0.866572745311815
21.15 4.87233125370706 -6.83550174011918 5.93882267628434 -19.497590470443 -5.86209652738787 2.92042211968289 275.022409941993 2.42525566711697 120.221836742579 0.840229670270099 0.865217843419777 0.867033914321402
21.165 4.88925714971392 -6.87607785738229 5.89626520533254 -19.3493581409559 -6.29344412655748 3.145937159623 275.660168947793 2.24273010040527 120.739653068321 0.839957291736975 0.865445345638979 0.866956485805995
21.194 4.88994568301828 -6.90266045936989 5.84126392893992 -19.3113688917458 -6.88623711848189 3.42676329098894 276.354152053014 1.71845709036475 121.205687761489 0.840217734056804 0.865155980995786 0.867256363525127
21.21 4.86602479559414 -6.92616580434782 5.77075366878213 -19.1680182621132 -7.43043783411461 3.68408696189005 277.218736847713 1.48661138132827 121.26511898534 0.83994654914501 0.86526634581294 0.867033229823807
21.224 4.86771973081439 -6.96419974423774 5.70855137738915 -18.8932011687263 -7.85533298200086 3.87980040310562 277.816863162941 1.09795024319544 121.738607086806 0.840208065724036 0.865118616413149 0.86695586975816
21.254 4.8881593952299 -7.0279388331532 5.65723802775143 -18.6160947923117 -8.31407449296108 4.03991196584849 278.775176846647 0.808155218875899 121.864746378125 0.839937847645518 0.864985659953337 0.866762785433537
21.271 4.88817960110791 -7.08296965686913 5.59363815304635 -18.4521952367447 -8.79717086045887 4.19240931888197 279.757659161983 0.187339696988309 121.858271740313 0.839694651374852 0.864865999139506 0.866712469806916
21.286 4.87951877791423 -7.12028693373593 5.51353368565737 -18.2466703695588 -9.08004919426031 4.27545846332965 280.461893245784 -0.431394272710522 121.912444566282 0.839475774731252 0.864758304407058 0.866543725477418
21.316 4.86813273798292 -7.16368874802225 5.41384648148982 -17.8632247066487 -9.15372366414725 4.26699658646233 281.275703921206 -0.44825484543947 122.021200109653 0.839152013972776 0.864537643887056 0.866268258111179
21.331 4.84657272193609 -7.19796198213726 5.30868538795205 -17.529573991709 -9.22384748093864 4.30060227132755 281.888133529085 -0.943429360895522 121.999080098688 0.838987401069384 0.864339049419055 0.866143934951254
21.361 4.84745955908696 -7.22773047928181 5.24498546640538 -17.2323417833778 -9.31443983208141 4.38351914343143 282.679320176177 -1.38908642480597 122.099172088819 0.838712477677095 0.864284049658652 0.865660837734031
21.375 4.8811779777205 -7.28684386590868 5.20094336736616 -16.7037640935896 -9.3043698946748 4.33142677107302 283.631388158559 -1.55017778232537 121.589254879937 0.838591818403271 0.863986940970689 0.865720716877361
21.391 4.88524820446933 -7.34842561167255 5.14382777513638 -16.253235012475 -9.35713901207755 4.22194821610313 284.068249342703 -2.11516000409284 121.430329391944 0.838356453277593 0.863843416794325 0.86540381511033
21.405 4.88023240005938 -7.39732495381035 5.06878101141669 -16.0286748700061 -9.42295182842705 4.1493717151035 284.701424408433 -2.50364400368355 121.527296452749 0.838398017135527 0.863714245035597 0.865242338780799
21.435 4.87559848996372 -7.43295466393469 5.00010166744665 -16.0082501310971 -9.46233603489732 4.10390019244811 285.69128196759 -2.5532796033152 121.674566807474 0.838182032136623 0.863597990452741 0.865097010084222
21.451 4.86717825507258 -7.47286241790865 4.92685794395455 -15.8738373317278 -9.31686579018621 3.96373918083689 286.222153770831 -3.07795164298368 121.927110126727 0.838114417416847 0.863493361328171 0.865213271992533
21.466 4.87408497370899 -7.51278969235314 4.85621003713233 -15.574239858097 -8.94777463101492 3.69942633145549 286.819938393748 -3.43015647868531 122.394399114054 0.838180184860855 0.863646527846547 0.865194447444473
21.496 4.88886029515523 -7.56698004532241 4.78658157950064 -15.2046021318293 -8.4697910610432 3.35620125556185 287.057944554373 -3.80714083081678 122.634959202649 0.838239375560462 0.863784377713086 0.865424289261205
21.513 4.88288475567572 -7.6008474361454 4.7060791584738 -14.9948289415471 -8.02281195493888 2.98393990863162 287.392150098936 -4.6264267477351 122.371463282384 0.838419117472567 0.86403190285851 0.865631146896265
21.524 4.90641673947399 -7.64730938061069 4.64936885233711 -14.6861857420489 -7.45182846936866 2.54585126127991 287.572935089042 -5.24378407296159 122.494316954146 0.838580885193462 0.864254675489393 0.865693995123372
21.554 4.91993408690416 -7.6864915590047 4.60503333505384 -14.3190938854013 -6.85855401937836 2.09355621148779 288.215641580138 -5.55940566566543 122.244885258731 0.838726476142267 0.864455170857187 0.865750558527768
21.571 4.89899985751977 -7.69152866904966 4.54765371408813 -13.9742073976245 -6.22842380828022 1.64068913995734 288.554077422124 -5.84346509909889 122.500396732858 0.839110000021568 0.864512156422661 0.866171028974722
21.584 4.89631992067221 -7.70521991644829 4.49086452657061 -13.415717955572 -5.43840585493311 1.22318511145779 289.638669679912 -5.799118589189 122.070357059572 0.839202679487562 0.86493341494412 0.866179888993983
21.615 4.9012701524972 -7.72951303596374 4.45274280131528 -12.9443751676484 -4.8182293915772 0.94743148580819 290.01480271192 -5.8792067302701 121.923321353615 0.839664606107732 0.864942576100901 0.86643437425831
21.631 4.91326706531755 -7.73683207042583 4.42483774382475 -12.7690216203492 -4.51350568906071 0.834367726540348 290.473322440728 -6.55128605724309 121.910989218253 0.839575354682651 0.865320792654536 0.866416899749212
21.644 4.93220461240213 -7.74623239762397 4.40337433420362 -12.5325774735814 -4.24994137969662 0.729556908084787 290.585990196656 -6.85615745151878 122.079890296428 0.839873990707913 0.865167618570585 0.866770736074023
21.674 4.96145882157207 -7.77019514495264 4.38357842567035 -12.0877166727882 -3.91044342493306 0.506219537886995 291.34739117699 -7.0705417063669 121.931901266785 0.839763800822814 0.865400143274707 0.866596165117813
21.706 4.97755239559162 -7.78888857830284 4.35660430731596 -11.7590976772651 -3.72626931144739 0.337276973411273 291.672652059291 -7.50348753573021 121.798711140107 0.84004359223406 0.86511529886794 0.866932074905763
21.708 4.97994588154211 -7.79374162377761 4.33729552872975 -11.7091421080119 -3.80555077724922 0.264617978360222 291.785386853362 -7.83313878215719 121.978840026096 0.83978982150454 0.865476243144871 0.86674137006638
21.735 4.96216832105208 -7.78404343147736 4.30926346464156 -11.6634187369053 -3.92423234074567 0.173270684340993 292.246848168026 -7.76982490394147 121.900956023486 0.839940839368655 0.865307524011887 0.867062759359474
21.75 4.97046966407199 -7.7990176798671 4.29097778513908 -11.431428008253 -3.85165643491538 0.039149722777123 292.542163351223 -8.19284241354733 121.710860421138 0.839697343925675 0.865402734527431 0.866858986074719
21.764 4.98290880072266 -7.81153682366933 4.27631629927349 -11.3020256654429 -3.89015491356124 -0.0670553258364672 293.527947016101 -8.21355817219259 121.539774379024 0.8396048187188 0.865241366256191 0.866799050383981
21.794 4.9887170989646 -7.83154290463858 4.25635736069135 -11.3130444729445 -4.09884934586924 -0.0740902512680876 294.175152314491 -8.35220235497333 121.505796941122 0.839394925340806 0.865096134812074 0.866498050527085
21.81 4.97951948040725 -7.84757312726676 4.22031808687197 -11.4107476592378 -4.3943079227327 0.0211050334007059 294.457637083042 -8.296982119476 121.415217247009 0.839079249521375 0.864717817608769 0.86647420839111
21.824 4.96765032464863 -7.84661760859221 4.18441115134609 -11.4910469391155 -4.69075499305485 0.180826591129338 294.411873374737 -8.6672839075284 121.273695522309 0.83904853375493 0.864377332125795 0.866329290203192
21.855 4.9822867547387 -7.86568938731429 4.16580171269464 -11.2770567490208 -4.82396957008524 0.29556835949732 294.550686037264 -8.94055551677556 121.206325970078 0.838767497094086 0.864318504094718 0.865827657460776
21.871 5.00796926929779 -7.90763397549936 4.14558162881989 -10.7837022191569 -4.81638177338206 0.33166037850942 294.975617433537 -9.48649996509801 120.96569337307 0.838641335878563 0.864141823605951 0.865870854631431
21.886 5.01959137541855 -7.94430664362326 4.11038471395426 -10.4267060430427 -4.96756802352477 0.40002105821573 295.238055690184 -9.85784996858821 121.109124035763 0.838401019005356 0.864106546426858 0.865662674349791
21.916 5.0065880694044 -7.96324611170722 4.06027215541589 -10.2290736066774 -5.26775778605779 0.539408265371256 295.714250121165 -10.1920649717294 120.878211632187 0.838311505598706 0.863951061704877 0.865475312096314
21.929 4.97716801864377 -7.95814531263977 3.99392229754794 -9.89318914677299 -5.38678353416957 0.674017057154741 295.542825109049 -10.7328584745564 120.670390468968 0.838104171753485 0.863934860715892 0.865430283537876
21.946 4.9655340090615 -7.96540590420905 3.9398338178313 -9.29470992675218 -5.28321968456941 0.774554282736977 295.748542598144 -11.3395726271008 120.483351422071 0.837917571292786 0.863672670922205 0.865389757835281
21.974 4.9723016835948 -7.9804398682315 3.91276184733357 -8.68126946842811 -5.20451603672315 0.901679007135035 296.293688338329 -11.6456153643907 120.675016279864 0.837876402657393 0.863684309011487 0.865476744968487
21.99 4.98270214954318 -7.99720253347744 3.88887591375988 -8.12230282692881 -5.15963695213481 0.969526373597104 296.784319504497 -11.8010538279517 120.127514651878 0.837965971577346 0.863694783291841 0.865555033388371
22.002 5.00415325188013 -8.02048910080841 3.87055089963151 -7.62915651370158 -5.15894043249385 0.986314194252661 296.925887554047 -12.0009484451565 119.81476318669 0.838173053887763 0.86395126787939 0.865625492966268
22.031 4.9984997274581 -8.02905706542239 3.84310491287118 -7.36242406843829 -5.28655783962614 0.995316362613655 297.473298798642 -11.7608536006408 119.233286868021 0.838359427967138 0.863935046272954 0.865565446320834
22.047 4.99245387572975 -8.02330082634841 3.80882670345967 -7.26740303564026 -5.41210052894597 1.01410533703931 297.965968918778 -11.9047682405768 119.189958181219 0.838527164638576 0.864044044296852 0.865634864605484
22.062 4.99551199310062 -8.02644006591816 3.76786081072448 -7.14753296108387 -5.43730268979183 0.984450528526221 298.2293720269 -12.2142914165191 119.090962363097 0.838930619668245 0.8642656027839 0.865820664706115
22.092 5.00185559779142 -8.02902591391009 3.72871701786004 -7.01216897795258 -5.39967929104166 0.935623796284286 298.70643482421 -12.0128622748672 119.001866126787 0.839041237169572 0.864341545156703 0.865864561152237
22.108 5.00684658220173 -8.05044697669388 3.69396644415631 -6.76362383588252 -5.25284113292986 0.858855309785628 298.895791341789 -12.7915760473805 118.681679514109 0.839393284946142 0.864286295822535 0.866150579200739
22.122 5.01289472160424 -8.07086318982161 3.65592732651986 -6.55443702481335 -5.03824404253764 0.771443061249813 299.30621220761 -12.8924184426424 118.753511562698 0.839331165637221 0.864730140404007 0.866161484197398
22.153 5.00169833759384 -8.07732658015952 3.61468907556495 -6.47227576508011 -4.84892345507777 0.671397991766053 299.435590986849 -12.9831765983782 119.538160406428 0.839654220567026 0.864636031545109 0.86654086207739
22.17 5.00287432902977 -8.09134380007326 3.58206376160587 -6.28230009696904 -4.5319700408677 0.521815444497845 299.612031888164 -12.8848589385404 119.464344365785 0.839566007696016 0.865044902554323 0.866512738786384
22.185 5.01608329505257 -8.11227915273195 3.56742532901828 -5.93269604147061 -4.10778067036872 0.3413896252389 299.650828699348 -13.2763730446863 119.637909929207 0.839865578419942 0.865042914950084 0.866856991207477
22.215 5.02222528598188 -8.13806419598536 3.54778640138684 -5.62492262052966 -3.79394916821734 0.201143792486003 299.685745829413 -13.1487357402177 119.434118936286 0.839629609071833 0.865287910016255 0.866673794737922
22.245 5.00650454647671 -8.13559286320934 3.52574194074492 -5.48227768672097 -3.58860005292232 0.0787393369015245 299.537171246472 -13.5738621661959 119.910707042657 0.839922819658177 0.865014288935334 0.867001941563861
22.248 4.99983774203656 -8.13989284507688 3.49943758786458 -5.19282854400307 -3.27019806289727 -0.0726460471703074 299.823454121825 -13.6564759495763 119.919636338392 0.839807746878052 0.865262146602981 0.866804250058668
22.274 4.99778807084499 -8.14484029000034 3.47528483039801 -4.93003423922108 -3.00272024134036 -0.173778389018162 300.141108709642 -13.7908283546187 119.507672704552 0.839830651658398 0.864991101863387 0.866996299216527
22.289 4.99378858733837 -8.14618048356501 3.45282908886669 -4.69580944125317 -2.77191386606129 -0.242660092101079 300.066997838678 -14.0317455191568 119.376905434097 0.839598174986444 0.864994494328241 0.866675574476377
22.32 5.00724771078227 -8.15780144888038 3.4361503536403 -4.35905292460877 -2.43441713594371 -0.351218510371887 299.94029805481 -14.3085709672411 119.199214890688 0.839515566673492 0.864750214816121 0.866633979945472
22.333 5.02241353800116 -8.16957715116031 3.42562862767874 -4.03765144894179 -2.14593725441041 -0.491669178418668 300.306268249329 -14.317713870517 119.039293401619 0.839441219191836 0.864654098516012 0.866596544867658
22.35 5.02301441976623 -8.18352716233212 3.41161009550779 -3.81251225824608 -1.90538933049609 -0.606624397981381 300.335641424396 -14.5059424834653 119.075364061457 0.839120913987301 0.864443858585115 0.866315795562395
22.363 5.00889070644256 -8.17914319991361 3.38756110263487 -3.60912362784132 -1.5537816951564 -0.72764134749622 300.302077281957 -14.4953482351188 118.927827655311 0.838959411082457 0.864254642647308 0.866186718657349
22.396 4.99905240369687 -8.17184575461707 3.36615642898637 -3.33828760093505 -1.09611344930488 -0.865564235647362 300.511869553761 -14.4858134116069 118.55504488978 0.838814058468097 0.86420808356408 0.866070549442807
22.411 4.99109576791092 -8.16557731685068 3.3531171410682 -3.12735960420032 -0.75902118834386 -0.96679407162461 300.580682598385 -14.5972320704462 118.819540400802 0.838683241115173 0.863794558865899 0.865965997149719
22.425 4.99889856561629 -8.15772110036336 3.35437032545229 -2.89630303309327 -0.446477848135428 -1.09072535148505 300.702614338547 -14.9975088634016 118.637586360722 0.838438733718305 0.863917605630503 0.865624567355452
22.456 5.01771250353403 -8.16920557449451 3.36818747190791 -2.45858112673051 -0.0705323533982212 -1.2831795338938 301.352352904692 -14.9377579770614 118.41382772465 0.83834544884036 0.863657141345355 0.865441015801409
