76.869 -7.25671664667496 5.49940653673247 -2.37600421904374 -0.994056018322731 -0.544625318130428 -3.07253166566717 310.853941938011 143.254613990189 -41.5518345097604 0.83807810450195 0.86362954783268 0.865271062411545
76.898 -7.28551780991884 5.49007662562819 -2.37231731413766 -0.938161866872137 -0.537491030592194 -3.43169071284091 310.84854774421 143.44915259117 -41.4766510587843 0.837894110766404 0.863521762970117 0.865369919087124
76.914 -7.30641103815852 5.47551463033222 -2.36720342635182 -1.0260250694979 -0.342520553487173 -3.85722393163315 311.083692969789 143.624237332053 -41.2889859529059 0.838108379157915 0.863548491854608 0.865335429829605
76.929 -7.31294463603334 5.4761755047929 -2.36655138014914 -1.19899508163208 -0.228879185161357 -4.26768474457671 310.99532367281 143.841813598848 -41.6600873576153 0.838301220710275 0.86369614532034 0.865551173407824
76.959 -7.33690110321614 5.4916143279098 -2.36075714301313 -1.28901923759101 -0.425838594889496 -4.72717581210377 311.275791305529 144.157632238963 -41.8740786218538 0.83834830782494 0.863829033439499 0.865498558718235
76.974 -7.36420800217187 5.48533815093242 -2.35440507296841 -1.22271273367924 -0.889361605629554 -5.29262616982469 311.708212174976 144.261869015067 -41.6466707596684 0.838643477057016 0.863825035277052 0.865821177010136
76.988 -7.40213188464817 5.46688060117426 -2.35120211926806 -1.15845672748689 -1.42943307865439 -5.97176049940711 311.917390957479 144.29568211356 -41.3820036837016 0.838656338537007 0.864191818310527 0.865865022225856
77.018 -7.44446349980273 5.4600850238144 -2.32754976947047 -1.1868858638985 -1.92847450361337 -6.73412643419922 311.925651861731 144.146113902204 -41.8038033153314 0.839046876176833 0.864275139130667 0.866150994166995
77.034 -7.47681587495064 5.44756450895127 -2.30536484180931 -1.15522017827201 -2.4226499540154 -7.51720234039762 311.873086675558 144.071502511984 -41.5234229837983 0.839019397744843 0.864720099381325 0.866161857667029
77.048 -7.50240160427381 5.41169563511303 -2.29299997799734 -1.10534701540664 -2.95748419525508 -8.39525309872427 312.005778008002 144.064352260785 -41.3310806854184 0.839373629463886 0.864750592094386 0.866541198200058
77.078 -7.51740816892883 5.37354783635698 -2.28342783015793 -1.16427796272094 -3.52585791313415 -9.33817053694345 312.485200207202 143.937917034707 -41.2779726168766 0.83931347570319 0.865024819446127 0.866265983561555
77.093 -7.5489903062138 5.35657278676059 -2.27732683028423 -1.30357535728854 -4.17632555693524 -10.1165672237071 312.496680186482 144.004125331236 -40.9301753551889 0.839764322701796 0.864901242683017 0.866634911505131
77.108 -7.58310046519813 5.32956366520428 -2.25567506079951 -1.30909568415511 -4.91212811574553 -10.8804830204204 312.567012167833 143.883712798113 -40.67715781967 0.839665099617309 0.86528359257844 0.866473923005811
77.138 -7.60099061780552 5.28370761377784 -2.24420903615724 -1.21559069589227 -5.57129698356029 -11.7138087641799 312.57031095105 143.595341518301 -40.269442037703 0.839828589670148 0.865134138502099 0.866575817266409
77.153 -7.63462925362629 5.25291180166459 -2.22568946921144 -1.15204689347861 -6.15233522413556 -12.5500614755481 312.753279855945 143.755807366471 -39.4824978339327 0.839596319197018 0.865246687568622 0.866297140721271
77.169 -7.66209087736644 5.21424209671785 -2.21303215482813 -1.06432312016129 -6.63862841927926 -13.3484904424971 313.037951870351 143.660226629824 -39.0142480505395 0.839513896463009 0.864977188732464 0.866416713210324
77.198 -7.69111589760099 5.19320603249285 -2.19409884386345 -1.06476103715279 -7.03659763842003 -14.1976108638963 313.714156683316 143.994203966842 -38.6528232454855 0.839439716002401 0.865105432775951 0.866030211809996
77.215 -7.72172755155427 5.15883096490335 -2.17460479771868 -1.09110936091843 -7.33293787457803 -15.1122009225448 314.682741014984 144.294783570157 -37.967540920937 0.839246332896046 0.86485005941906 0.865929693280189
77.228 -7.74993645686027 5.12615762144952 -2.15293016227283 -1.2499373561243 -7.46987309475382 -16.026171669985 315.314466913486 144.205305213142 -37.8307868288433 0.839072288100327 0.864743958658657 0.865839226603363
77.258 -7.77275069539055 5.09531509271826 -2.12067386679826 -1.38906575791645 -7.474794182225 -16.8365316022231 315.823020222137 144.304774691828 -37.767708145959 0.83891564778418 0.864648467974294 0.86563420912453
77.274 -7.79202651963507 5.04140015296548 -2.095833049771 -1.36847979281182 -7.36319262659792 -17.5757792053596 316.280718199923 144.754297222645 -37.5909373313631 0.838774671499648 0.864314917454767 0.86557329086327
77.289 -7.80949449526555 4.99802425967821 -2.07197993983937 -1.49422723337797 -7.21389626470149 -18.2869035749 316.512646379931 144.13886750038 -37.0118435982268 0.838521021064332 0.864385928360483 0.865271131697647
77.32 -7.8309617518242 4.9645524573371 -2.04183315625887 -1.70816328866613 -7.15815549319317 -18.8841674158833 317.201381741938 144.304980750342 -36.9706592384041 0.838419507451785 0.864078631802338 0.865369981444616
77.334 -7.86781978120111 4.93137521911071 -2.02050699643285 -1.928186654456 -7.23852314998072 -19.6041476208598 318.181243567744 144.454482675308 -36.3335933145637 0.838201373421256 0.863678052280332 0.865335485951347
77.349 -7.89961537876459 4.894991523341 -1.98658911453478 -2.11094050809437 -7.24138839223456 -20.4437328587738 318.88311921097 144.529034407777 -36.1802339831073 0.838131824573016 0.863565416973003 0.865304440007406
77.378 -7.9217670305854 4.8307624515733 -1.96683692991846 -2.13648767865898 -7.22869993469049 -21.3169168248049 319.394807289873 144.236130967 -35.5622105847966 0.8380692306096 0.863587780457205 0.865152901188168
77.394 -7.94804821708374 4.78289223821529 -1.93541300350528 -2.29459463598392 -7.33331085725198 -22.0424770507213 320.755326560885 144.2725178703 -35.4259895263169 0.838012896042525 0.863607907592987 0.865263573986084
77.407 -7.97762694029724 4.7375943760118 -1.90515625525208 -2.37124204261454 -7.55494160358785 -22.5473896509927 321.439793904797 143.76526608327 -35.2433905736852 0.837962194932158 0.863749619484882 0.865239719238669
77.438 -8.01352532567426 4.68000706136594 -1.88845967097901 -2.27915600629202 -7.79868408445044 -23.0735667164278 322.535814514317 144.268739474943 -34.7190515163167 0.838043184624635 0.863629827457098 0.865094652496305
77.454 -8.06444873686294 4.62327034563157 -1.86427492061694 -2.3626907873422 -7.99209811875349 -23.6776604264644 323.042233062886 144.121865527448 -33.647146364685 0.838242545630323 0.863769347362581 0.865211150163407
77.468 -8.11662441142494 4.56783789953887 -1.84149111055827 -2.50810109792096 -8.06617074962623 -24.3243982006119 324.158009756597 144.529678974704 -33.8224317282165 0.83854829108186 0.863771317807826 0.865439321708246
77.498 -8.16442051215256 4.50968868638247 -1.81069062420871 -2.63362686599146 -8.05573688077048 -25.085088151543 325.282208780937 144.656711077233 -33.3801885553949 0.838570671159367 0.864020148943776 0.865644676098602
77.513 -8.21713348641948 4.45100976620766 -1.78207234980893 -2.79392830152972 -8.01199525376213 -25.808640405091 326.473987902844 144.59103996951 -33.1621696998554 0.838717283511582 0.864120636700592 0.865952682652467
77.527 -8.2559560455229 4.37395745749461 -1.76469561256974 -2.88323776145308 -7.99018504136302 -26.413272547788 327.246589112559 143.991935972559 -33.0259527298699 0.838722764346116 0.864457859591713 0.865983377303953
77.562 -8.29646294570083 4.30281470628251 -1.73463148592122 -3.06132619904823 -8.07208256776107 -27.0437010182001 328.361930201303 143.512742375303 -33.4433574568829 0.839106659405032 0.864514576283734 0.866503483114327
77.574 -8.34135869672401 4.23782855044307 -1.69835609243698 -3.27046075471593 -8.25647736442008 -27.6126133591281 329.125737181173 143.561468137773 -32.9790217111946 0.839073202650221 0.864812405216541 0.866479097719627
77.588 -8.38876789388511 4.16569407377096 -1.67552446764458 -3.36860551893899 -8.53388306309257 -28.2200543132917 329.873163463056 143.305321323995 -32.8611195400751 0.839548076954125 0.86483366734608 0.866826714247396
77.618 -8.43442889670241 4.09909710520612 -1.645159775988 -3.44930221895349 -8.87286116899706 -28.8575908666953 330.90584711675 143.314789191596 -32.7550075860676 0.839470478444405 0.865345826911203 0.866770005739389
77.633 -8.47468590098358 4.01449955613113 -1.61807097343421 -3.30971550850852 -9.32984986125766 -29.4565646044533 331.955262405075 142.843310272436 -31.9395068274608 0.83990562516889 0.865313746871276 0.866965479329176
77.648 -8.53426057718161 3.92459509173658 -1.58686758292749 -3.18790426300118 -9.82968930261281 -30.0391524188171 333.079736164568 142.238979245193 -31.3855561447148 0.839792271837694 0.865531658745328 0.866771434047451
77.678 -8.59464143474666 3.83733644544744 -1.55728815686436 -3.18972452372396 -10.2268730441073 -30.6184432838056 334.211762548111 142.055081320673 -31.3670005302433 0.839943044668494 0.8652336627915 0.867089816942437
77.694 -8.63617521607668 3.74683264308867 -1.52079058907984 -3.15777497211493 -10.5102926099255 -31.2367516271808 335.4105862933 141.589573188606 -31.050300477219 0.839825949387337 0.865336259429083 0.866759740429696
77.708 -8.66242261603884 3.64113794041006 -1.48590770860813 -3.12596694055229 -10.8485763260322 -31.8871222659894 336.78952766397 141.230615869746 -30.7052704294971 0.839720563634296 0.864933929764078 0.86670972930346
77.738 -8.71591292508315 3.53481981401737 -1.44625311643155 -3.29428627703141 -11.3194438842687 -32.5304711080928 337.490574897573 141.087554282771 -30.0947433865474 0.839499095764752 0.864819441969173 0.866664719289847
77.754 -8.76776523609046 3.43985176007535 -1.40529673293476 -3.53585001574048 -11.5943697248495 -33.0758972797263 338.361517407816 140.358798854494 -30.0252690478926 0.839299774682162 0.86459266769296 0.866377152542365
77.768 -8.81718566911593 3.34342703748273 -1.37286526854555 -3.66394440347941 -11.5326426760286 -33.7141090784712 339.565365667034 139.882918969044 -29.7827421431034 0.839120385707832 0.864264697201566 0.866241939939322
77.798 -8.84328856674291 3.22462233479494 -1.34128275122392 -3.75327515397117 -11.2793784084258 -34.3014767965783 340.468829100331 139.39462707214 -29.264467928793 0.838832163851698 0.864093397402114 0.865996651126892
77.814 -8.86761907286159 3.13810868777938 -1.30112689083351 -3.95046672254352 -11.0957153767435 -34.7843062161571 341.461946190298 139.015164364926 -28.3780211359137 0.838699535960414 0.86369134132013 0.865775891195706
77.828 -8.88670337986986 3.04127233968473 -1.26558516632497 -3.97908417242657 -11.1464491825806 -35.1562572739307 342.955751571268 138.433647928433 -27.8202190223224 0.838453399079022 0.86370111236962 0.865577207257638
77.865 -8.91561088078058 2.96680890690949 -1.22204559634012 -3.99338949564193 -11.5478347986737 -35.4665857450109 344.000176414141 138.21028313559 -27.6181971200901 0.838485268356812 0.863462297410561 0.865645449448607
77.873 -8.95856660407338 2.86339995120466 -1.18315925827517 -3.82153146210827 -12.2014482653712 -35.6794691552426 345.420158772727 138.489254822031 -26.5963774080811 0.838387330015017 0.863371237590209 0.865336074424451
77.885 -9.00686334790188 2.7669800000295 -1.13954242435897 -3.68288976627912 -12.738555347231 -35.8924382702527 346.698142895454 138.620329339828 -26.396739667273 0.838299185507401 0.863289283751892 0.865181372163508
77.914 -9.06200215120373 2.6735581407164 -1.09519959420983 -3.50696720186495 -12.9730967590728 -36.2024310844488 348.028328605909 138.318296405845 -26.0370657005457 0.838346476142353 0.863215525297407 0.865289197863891
77.93 -9.09618451207213 2.55853340469728 -1.05409394738994 -3.14787353511357 -12.8528863198068 -36.5272261439429 349.345495745318 137.926466765261 -25.5933591304911 0.83838903771381 0.863272877949169 0.865262780728695
77.945 -9.12233981498479 2.43370275595424 -1.01326814625789 -2.85827702129687 -12.5981320389711 -36.9172516211516 350.470946170786 137.273820088735 -25.014023217442 0.838300722436315 0.863448092805445 0.865239005307018
77.976 -9.13079608388304 2.32081647722695 -0.97065913081881 -2.73886153290764 -12.4070211251503 -37.2644577567464 351.963851553708 136.806438079861 -24.4926208956978 0.838347859378376 0.863482188706403 0.865464391337496
77.991 -9.16013409710728 2.21042013176179 -0.92195609272167 -2.68863950175428 -12.5189907683605 -37.6662562558809 353.247466398337 136.205794271875 -23.963358806128 0.83851675290869 0.863759932752496 0.86554391512048
78.006 -9.18827409163239 2.08382937319186 -0.876626980846926 -2.68542440654068 -12.8319771877077 -38.0110810119722 354.402719758503 135.665214844688 -23.4870229255152 0.83879507763239 0.86388644212844 0.865738810169612
78.038 -9.21611406757047 1.95547262734568 -0.828289046179477 -2.82909570634463 -13.1441993162651 -38.27943855963 355.982447782653 135.358693360219 -23.1183206329637 0.838792779054844 0.864123760832329 0.865914215713831
78.054 -9.23955394941816 1.85323937451598 -0.768983172736666 -2.99809453265673 -13.259550377005 -38.4232504288578 357.284203004388 134.962824024197 -22.7864885696673 0.839169672642887 0.864213887400289 0.866318320442179
78.068 -9.25909354196414 1.73752684935114 -0.726262084271403 -2.83950645343686 -13.1855037362511 -38.5984826378804 358.875782703949 134.426541621777 -21.9478397127006 0.839129914564291 0.86454178522144 0.866435774959141
78.099 -9.28368229186319 1.61471080372495 -0.689010207318567 -2.75250237297867 -13.0593197748397 -38.9409244504283 360.368204433554 134.243887459599 -21.9730557414306 0.839599117676787 0.864218902977199 0.866910641003996
78.112 -9.30395660265489 1.50663042297747 -0.632678745207163 -2.86656511278004 -12.9518610797985 -39.2117175015686 361.651383990199 133.53949871364 -21.6957501672875 0.83964288537726 0.864669486843204 0.866968863464776
78.129 -9.31083101151172 1.39080301431525 -0.576054780647432 -2.86922157860127 -13.0353009260171 -39.3042862094271 363.466245591179 133.205548842276 -21.0261751505587 0.839934768333061 0.864705040810077 0.86726750341803
78.159 -9.31282820210859 1.2690806747172 -0.520783649204917 -2.79680323753504 -13.3058166349421 -39.3891247640569 364.619621032061 132.784993958048 -20.4235576355029 0.839818500685448 0.864860499645802 0.86716671599296
78.174 -9.32156880413895 1.14851724153999 -0.464515431286765 -2.81177940233115 -13.7172197042723 -39.4502122876512 366.017658928855 132.646494562243 -19.7612018719526 0.84009282211043 0.864629619601926 0.867322518557389
78.203 -9.3429626439399 1.04563652616361 -0.398610998894458 -2.88021978270873 -14.2218336117077 -39.4647330436189 366.795893035969 131.441845106019 -19.2850816847573 0.839834128393273 0.864792620558467 0.866969171883153
78.219 -9.35832649001954 0.908152599408796 -0.349412512516098 -2.73494589604091 -14.5714059757278 -39.6068093575776 368.756303732372 130.777660595417 -19.0365735162816 0.839854395022097 0.864568528423324 0.867144728858563
78.234 -9.38795566734205 0.773583304233465 -0.296754168035195 -2.69809252781086 -14.5852577445672 -39.9010902538809 370.700673359135 129.879894535875 -17.7929161646534 0.839619544013773 0.864614178232185 0.8669327586239
78.264 -9.39062004247186 0.650615431082649 -0.241041809226518 -2.76339777884657 -14.3038312067517 -40.0277751216226 371.910606023222 129.251905082288 -16.9736245481881 0.839661269080547 0.864407930329671 0.866865445678243
78.279 -9.37996961735675 0.528152904402378 -0.190840828334193 -2.67255418416802 -14.033753429588 -40.0517151667123 373.2995454209 128.386714574059 -15.9362620933693 0.839445730666378 0.864346042478206 0.866804864027152
78.293 -9.37613031324437 0.389146353147473 -0.143445311112613 -2.58239800239244 -13.9036605293773 -40.1373833446975 374.60959087881 127.908043116653 -15.4226358840324 0.83912497431439 0.864290343411888 0.866503282805939
78.309 -9.38297004452369 0.268110601909798 -0.0900752915055247 -2.771486446428 -13.8911570718594 -40.2831869949606 375.488631790929 126.937238804988 -15.0203722956291 0.839089686068643 0.863868592728927 0.866231859706848
78.339 -9.38493592993338 0.156065960652686 -0.0354582196275019 -2.82639887048749 -13.9715070135284 -40.3006698221821 376.939768611836 125.883514924489 -14.7183350660662 0.838804534176428 0.863860638637537 0.865987578917666
78.354 -9.39400751104283 0.00734174841081256 0.00926787026527916 -2.68727043382042 -14.1155776862214 -40.3186944430173 378.065791750652 125.47516343204 -14.5065015594596 0.838674669252671 0.863605871051686 0.865891323677092
78.368 -9.40618222990925 -0.135428447186037 0.0599959823590821 -2.8307571308964 -14.1223405282863 -40.3578173651278 379.619212575587 125.047647088836 -13.8958514035136 0.838431019042053 0.863500453867222 0.865681096490886
78.399 -9.39607052242126 -0.266016547673121 0.116724467256871 -3.05684172315027 -13.972701895305 -40.409821888157 380.957291318028 124.482882379952 -13.6462662631623 0.838465126323541 0.863405578401204 0.86561548949299
78.413 -9.39062112780242 -0.390788291209795 0.172329088430888 -3.16718808518639 -13.7861187286752 -40.5207480962879 382.101562186225 123.794594141957 -13.001639636846 0.838242430405836 0.863443925742586 0.865556443194884
78.428 -9.36339077542868 -0.547734726351968 0.210222673757035 -3.2313853072021 -13.6662854817619 -40.5740167981095 383.251405967603 123.055134727762 -12.4214756731614 0.838168775859138 0.863354703089032 0.865503301526589
78.459 -9.34139734379035 -0.68072651822788 0.261086314031325 -3.46320860854296 -13.7103439564865 -40.5906609198252 384.286265370843 122.029621254985 -11.8993281058453 0.83810248676711 0.863274402700833 0.865331876555432
78.475 -9.32782817368133 -0.790303626651369 0.319193728961506 -3.71230759501691 -13.8133553623646 -40.4896100950183 385.697638833758 121.106659129487 -11.4293952952608 0.838169447276091 0.863449465081943 0.865424651816622
78.489 -9.30705659822604 -0.920167373712184 0.379810251174532 -3.763977598874 -13.9320198261281 -40.2597330549821 386.727874950383 120.155993216538 -11.1264557657347 0.838103091042368 0.863483423755251 0.865508149551693
78.53 -9.28483081969006 -1.05051212945162 0.428678891698863 -3.75170197639118 -14.0525583015306 -39.9894849403236 388.135087455344 119.420393894884 -10.8538101891612 0.838296461406282 0.86339025130043 0.865829808760249
78.531 -9.28661478560313 -1.17943427656811 0.47158327845366 -3.68798216043145 -14.1053177385531 -39.6981700340775 388.98157870981 118.938354505396 -10.3084291702451 0.838470494733806 0.86367718908712 0.865872790800957
78.544 -9.27517199219297 -1.31491709078599 0.517918525466005 -3.68635951690739 -13.9886790944688 -39.4955286031888 390.283420838829 117.724519054856 -9.75758625322059 0.838627124728577 0.863811972829601 0.866034798282042
78.575 -9.26625010699955 -1.43206322483941 0.585537485774172 -3.78184570262123 -13.6989714903654 -39.5276551321829 391.095078754946 116.992067149371 -9.14182762789853 0.838641621441412 0.864303249710366 0.866180605015018
78.591 -9.25259401796097 -1.57370704674176 0.625744556631874 -3.77770693388582 -13.3519751046876 -39.498553741102 391.945570879451 116.092860434434 -8.46764486510868 0.839033630790798 0.864375427390523 0.866435018677241
78.606 -9.2232448792264 -1.71980139848696 0.670789469998686 -3.95260799622243 -13.1633424797151 -39.4051869166102 393.131013791506 114.86357439099 -8.52088037859781 0.839133947179869 0.864810358815195 0.86629401946071
78.637 -9.2152660372083 -1.83093562040126 0.725216260303505 -4.304675440875 -13.0103670103695 -39.4661949425064 394.437912412356 113.997216951891 -7.96879234073803 0.839602747030808 0.864831825584869 0.866783061055407
78.652 -9.17857648869377 -1.96405623835381 0.769950667693717 -4.41390255327605 -12.8169638971188 -39.6104151429123 395.55412117112 113.037495256702 -7.41191310666423 0.839646151795879 0.865221117190107 0.8667307178666
78.668 -9.1596817190053 -2.07033756806305 0.81631684274182 -4.51220695443699 -12.7314507135138 -39.824946147705 396.738709054008 112.113745731032 -7.4507217959978 0.839937708109818 0.865077910652599 0.867053172379671
78.698 -9.11777675282376 -2.2129171201633 0.853258001542436 -4.42434503761925 -12.6567789246052 -40.0096271054536 398.104838148607 110.862371157929 -6.94564961639803 0.839694525792722 0.865319406148519 0.866850357792897
78.713 -9.09706105111316 -2.32178581139862 0.898356343272043 -4.33534564836114 -12.5735437802363 -40.1804201200991 399.514354333747 110.156134042136 -6.79108465475822 0.839855073228019 0.865042635454371 0.867037796177332
78.728 -9.03663816438564 -2.4529871855505 0.944990204241317 -3.983490472838 -12.5421436006859 -40.2631414668678 400.542918900372 108.800520637922 -6.6519761892824 0.839620154399103 0.865164334825668 0.866836519210792
78.758 -8.99560519206328 -2.57783204743216 0.981214600622453 -3.53094295227176 -12.7276238971059 -40.4833922056772 401.168627010335 108.24046857413 -6.34677857035416 0.839788138973762 0.864903071263805 0.866778830206446
78.774 -8.93748687637868 -2.72143677260533 1.02423133655172 -3.13281048910565 -13.0090599806777 -40.7029919164072 402.391764309301 107.076421716717 -6.01210071331875 0.839559913570271 0.864915266788618 0.866479852367304
78.788 -8.88966952800473 -2.84601231264521 1.06719610277219 -2.93555997454623 -13.4073906238313 -40.8533034117894 403.072587878371 106.088779545045 -5.41089064198687 0.839481131398937 0.86467891003046 0.866334369781767
78.82 -8.84651413297403 -2.98243144614204 1.09904091224137 -2.78627878625192 -13.7926057599215 -40.883240246183 404.045329090534 104.839901590541 -5.34980157778818 0.839283606752929 0.864466188948118 0.866203435454783
78.834 -8.78804184260143 -3.10269478079114 1.15403745769021 -2.80307075495497 -14.1789940388912 -40.76972538187 404.560796181481 103.715911431487 -5.17482142000937 0.838979062792285 0.8645220727045 0.865838261830009
78.848 -8.75516899760521 -3.21159015103966 1.19180275975368 -2.82505375579535 -14.5862854746967 -40.5713787978815 404.964716563333 102.164320288338 -4.47733927800843 0.838831745006942 0.864201161711952 0.865756938298201
78.878 -8.71211602988204 -3.33772785071841 1.23159747700722 -2.74636517410894 -14.7612447134866 -40.3745462616048 405.628244907 100.707888259504 -4.02960535020759 0.838572387220897 0.86391234181866 0.865683747119574
78.894 -8.67881517442191 -3.44867805186789 1.27411649269609 -2.69462942005683 -14.6148912345043 -40.2599923988031 407.1854204163 99.1570994335538 -4.22664481518683 0.838465736992693 0.863652403914697 0.86561787505881
78.908 -8.63645436315648 -3.56337726900471 1.31316172161175 -2.6297466307229 -14.1465318820463 -40.1500236932739 408.10687837467 97.8813894901984 -4.16398033366814 0.838242980008073 0.863542333443931 0.865311257473633
78.938 -8.5919850285254 -3.68677772989415 1.34369358192509 -2.64845135696359 -13.5601229686508 -40.0373114002824 409.296190537203 96.7332505411786 -3.74758230030133 0.838042498721915 0.863567005281041 0.865282634377463
78.953 -8.53622080225367 -3.80406306306013 1.38655499908888 -2.80116347317563 -12.954492351175 -39.7366336953687 410.306571483482 95.5199254870608 -3.6728240702712 0.837862065564373 0.863589209934439 0.865133276121219
78.968 -8.48651183848338 -3.91213374840756 1.41621188187805 -2.96303185868249 -12.5178217420117 -39.2812909365188 411.455914335134 94.3079329383547 -3.00554166324408 0.837953068193629 0.863609194122498 0.8649988536906
78.999 -8.41184623126468 -4.01562228358573 1.45182146904654 -3.12627065754707 -12.3347418578869 -38.8928564993555 412.550322901621 93.5171396445192 -2.46498749691967 0.837908349868151 0.863627179891751 0.865001470972733
79.014 -8.33572875634683 -4.13312300345408 1.49518270144868 -3.23807107270839 -12.36691652706 -38.552425811252 413.295290611459 92.0854256800673 -1.7384887472277 0.838121194349488 0.86351963182328 0.865250610436639
79.029 -8.28541894414293 -4.21786449224747 1.53863709136851 -3.35472198070473 -12.536331744583 -38.0529084209665 414.145761550313 90.8568831120606 -1.38463987250493 0.838186284100232 0.863670171292145 0.865474835954155
79.059 -8.21583896569849 -4.33303764347133 1.58678415684408 -3.37726504980983 -12.7628512418805 -37.5041061284882 414.611185395282 90.1711948008545 -1.36617588525444 0.838244864875901 0.863805656814124 0.86567663891992
79.089 -8.14800963722862 -4.44142203525213 1.62389158548569 -3.45938587307312 -13.1254974154023 -37.0735428438836 415.090066855753 88.7740753207691 -1.049558296729 0.838424057856462 0.864174377693891 0.865858261589108
79.091 -8.07541119387624 -4.55572738345421 1.66315407164385 -3.43711140790321 -13.5854667578316 -36.6066465747624 416.061060170178 87.5766677886922 -0.944602467056096 0.838711652085386 0.864259442575695 0.866144909593922
79.118 -8.0156989872236 -4.65680652346572 1.70058522171518 -3.36744606863961 -14.0513475629644 -36.0681193218664 416.99495415316 86.439001009823 -0.670142220350486 0.838844166344998 0.864582784879306 0.866156381551263
79.134 -7.95357830343654 -4.77291689055885 1.7346922535903 -3.19635031673748 -14.3370525013245 -35.5948951759393 417.415458737844 84.9951009088407 -0.243127998315438 0.839215921204026 0.864627009042568 0.866659186936906
79.149 -7.88623737410912 -4.87149056557767 1.77382814698279 -2.96450154460572 -14.3873167168409 -35.1453293224675 418.33391286406 84.1155908179566 0.681184801516106 0.839298008551775 0.865036782302036 0.866619231159948
79.176 -7.81868731185385 -4.98121598449903 1.802466378923 -2.6756849779314 -14.2401880985919 -34.7605673825871 419.160521577654 83.204031736161 0.673066321364495 0.839624379190124 0.864912009253335 0.866829782207678
79.193 -7.76094487194349 -5.07368410009942 1.85014773575879 -2.62033022059628 -13.9337265406411 -34.4806938504353 419.604469419889 81.9636285625449 1.08575968922805 0.839539150456805 0.865293282491727 0.866772766903644
79.207 -7.70664231971618 -5.17001365761877 1.88300531955138 -2.61631246571222 -13.4373004514625 -34.2707924043231 420.6040224779 80.8472657062904 1.33718372030524 0.839841406904651 0.865142859424057 0.867091016513011
79.239 -7.62909947331891 -5.27011777586569 1.91688670383312 -2.56842167715627 -12.7699062841789 -34.0078353012953 421.14362023011 79.6025391356614 1.32346534827472 0.839607854708072 0.865377860042831 0.866884417512903
79.254 -7.5312987789167 -5.37421757245209 1.94737994968669 -2.58257187585286 -12.0753584038526 -33.6421662749826 421.329258207099 78.6622852220952 1.25111881344725 0.839903240730792 0.865095243959252 0.867068449925338
79.269 -7.42586029392359 -5.46084447739255 1.98242546587982 -2.772406291321 -11.4472118764444 -33.1008504108431 422.156332386389 77.1560566998857 1.60600693210252 0.839663505151598 0.86521168248006 0.866864107583997
79.299 -7.34473232765684 -5.52875305447935 2.01067439439712 -2.88600535684539 -11.0879868720061 -32.2777882705222 422.78069914775 76.0404510298971 1.56540623889227 0.839574363822131 0.864945684152758 0.86680365974233
79.314 -7.26357688015422 -5.60244034439884 2.03059177150862 -2.83022924864177 -11.0341500168665 -31.3767270007219 423.102629232975 74.9164059269074 1.76886561500304 0.839367515933803 0.864706285658187 0.86662579641929
79.328 -7.18030176316846 -5.67121294776108 2.06695276991013 -2.7296490718692 -11.0253915037295 -30.4436344533214 423.392366309678 74.0247653342167 2.31197905350274 0.839307973526116 0.864490827013072 0.866342121958864
79.359 -7.08733777184918 -5.74855090057409 2.07860869016185 -2.52843988987312 -10.8633103686237 -29.3473626110427 423.47312967871 72.922288800795 2.02078114815246 0.83912776466739 0.864049027969993 0.86608681494448
79.374 -7.02443991881282 -5.79750505276521 2.10597814779819 -2.35574857264153 -10.5525518508453 -28.1286568842896 423.725816710839 72.1100599207155 2.29870303333722 0.838711881365733 0.864023030354496 0.865857038631535
79.387 -6.93706636531655 -5.87711767424345 2.12342803771503 -2.10719661614074 -10.1347012459135 -26.733348447769 424.073235039755 71.739053928644 2.5488327300035 0.838591281723045 0.86375202359695 0.865773837419574
79.415 -6.85202567193064 -5.91782401862026 2.14308336760289 -1.99418687819078 -9.62199448010075 -25.2951281068089 424.74591153578 71.1651485357796 2.41394945700315 0.838229046715823 0.863631991157959 0.865451623598321
79.43 -6.77836208712894 -5.96295911248577 2.16442433046418 -1.75431017510453 -8.91628358170899 -23.7679053724639 425.231320382202 70.7686336822016 2.17255451130283 0.838156730538126 0.863523961962867 0.865285366419992
79.444 -6.70350558613394 -6.004059536839 2.18405019385026 -1.44529137133454 -8.02389186475947 -21.9544736138435 425.428188343981 70.2917703139814 2.79529906017255 0.838091645978199 0.863426735687285 0.865259332429186
79.475 -6.64319759954203 -6.03518415413899 2.20805809923177 -1.16793780672017 -7.05814389965757 -19.9262018249782 425.965369509583 69.3825932825833 2.6357691541553 0.838033069874265 0.863339232039261 0.86523590183746
79.49 -6.57964292480816 -6.077561505937 2.22721114779859 -0.984731812307691 -6.05996309747807 -17.7564824058392 426.268832558625 68.864333954325 2.67219223873977 0.837853579601488 0.863384214016837 0.865091216835217
79.505 -6.55087484700325 -6.08523489979216 2.25043441377892 -0.933586875351731 -5.06160037551652 -15.4655669896827 426.781949302763 67.7979005588925 2.94497301486579 0.837945430827032 0.863424697796656 0.865208058068428
79.535 -6.5003831665174 -6.12212833715059 2.25577303340567 -0.724197653465413 -3.97757774254502 -13.0518347181954 427.003754372486 67.4381105030032 3.19047571337921 0.837901476238214 0.863461133198493 0.865313215178319
79.55 -6.45631728295587 -6.15257907765428 2.26572531971812 -0.608266437737192 -2.88058332706915 -10.6245138417957 427.143378935238 67.4142994527029 3.11142814204129 0.838115008082544 0.863493925060146 0.865531180221667
79.566 -6.42767135254237 -6.16843274406183 2.27743570667636 -0.532172618390954 -1.80397537604162 -8.11015406066955 427.329041041714 67.3328695074326 3.46028532783716 0.838054095768175 0.863770495470865 0.86572734876068
79.598 -6.40518200354301 -6.17150814984668 2.28222897644757 -0.386588944338118 -0.821287762101581 -5.47013102101481 427.196136937543 66.9595825566894 3.35425679505344 0.838378686205927 0.863895948574972 0.865903900445792
79.613 -6.41032015046349 -6.17212123561885 2.28803930576967 -0.174647607156215 -0.0162582225326446 -2.88036982731028 427.076523243788 66.5036243010204 3.3788311155481 0.838418026771027 0.864132316634208 0.866062796962393
79.627 -6.4402033099014 -6.18027460773873 2.30003220346266 0.171061428368567 0.737275996667185 -0.240424447632686 426.78887091941 66.0332618709184 3.10094800399329 0.838579903562076 0.86409799015229 0.866452043565885
79.659 -6.4462087281178 -6.19802738607008 2.30693524932886 0.447848415302703 1.49255603058825 2.36606074522219 426.529983827469 65.6099356838265 3.45085320359396 0.838599122391561 0.864560665300786 0.86643280212603
79.671 -6.45795825668847 -6.17773274225067 2.31177131404899 0.446575024154112 2.16162103821645 4.61189741879157 426.176985444722 65.8289421154439 3.76576788323457 0.838995381645932 0.8646071014219 0.866785048213158
79.687 -6.47781036688693 -6.16024566568796 2.31588435235997 0.628635078990609 2.81416122447114 6.81940996698875 426.39928690025 66.2060479038995 3.86919109491111 0.838973052667031 0.86489567784089 0.866732506308576
79.715 -6.51375349516101 -6.13630717585561 2.31186478194636 0.897069281015212 3.40297410965762 9.19930103135858 426.179358210225 66.1254431135095 3.42227198542 0.839331918893855 0.864785015238304 0.866931729841443
79.731 -6.54723951954627 -6.09991849890421 2.30878587535359 1.19743868879155 4.09168433227964 11.5572335236426 426.101422389202 67.0128988021586 3.980044786878 0.839275936190163 0.864932476631207 0.866741059508492
79.746 -6.58438001041696 -6.04580042449596 2.28686124060754 1.6158627588437 4.68480597538756 13.7671590262401 426.271280150282 67.4516089219427 4.6020403081902 0.839478342585716 0.864818134149589 0.867062479857374
79.776 -6.60427920191067 -6.01564922649827 2.27688544369522 2.03824594860818 4.96212690456636 15.9141072457535 426.184152135254 68.4464480297485 4.08183627737118 0.83928109682103 0.86508560729581 0.86685873452283
79.793 -6.67641716154138 -5.94966722773761 2.27724460402236 2.34510837664813 4.95217375609446 18.1059026280484 425.745736921729 68.9818032267736 4.21365264963406 0.839482987153496 0.864832216486933 0.866922147631727
79.806 -6.75019986288297 -5.89195936841294 2.27415612613355 2.76937616493751 4.86917012094303 20.3533276324191 425.771163229556 70.2436229040962 4.51228738467066 0.839158505152796 0.864974957754973 0.866732435519747
79.837 -6.83240600994123 -5.83469521334045 2.25006809778686 3.19167518966514 4.87614623861971 22.3989108997116 425.8540469066 71.4392606136866 4.60105864620359 0.839119863823209 0.864856367160978 0.866561694618966
79.852 -6.91602823052609 -5.76544035074359 2.24915856374212 3.62670614398107 5.23814993536843 24.2750503440916 425.32864221594 72.035334552318 4.68095278158323 0.838958465934774 0.864502026722783 0.866408027808262
79.868 -7.00565342528049 -5.6754579478256 2.25588171112157 4.13350117843792 5.89754104870182 26.0941101951786 424.255777994346 73.5318010970862 5.11285750342491 0.838686436055946 0.864554326701698 0.866146130208938
79.9 -7.0803306021311 -5.5976460874455 2.24810603047267 4.63007472471627 6.80397014993851 27.6243938321493 423.950200194912 74.9386209873776 5.20157175308242 0.838695001636044 0.864230190309431 0.866034019839238
79.913 -7.1425720856802 -5.51043702069314 2.241407204731 4.91744893163395 7.81364947082252 28.8329468153466 423.61518017542 76.0247588886398 5.22141457777418 0.838449318187089 0.864062341199192 0.865809523036817
79.928 -7.20714869554785 -5.39585629317217 2.24064550018045 5.22952083236369 8.65594864587767 30.0778964086211 423.373662157878 77.0622829997758 5.77927311999676 0.838354974862265 0.863911276999977 0.865731073384328
79.958 -7.30471213867617 -5.28483278047788 2.23403431071996 5.75847714607388 9.19417057518303 31.5296487524918 422.316295942091 78.3560546997983 5.80134580799708 0.838143294090688 0.863775319220684 0.865413135966599
79.973 -7.39323744961934 -5.18527072511686 2.22401410127425 6.25285843910008 9.59460084590901 32.9408060146472 422.144666347881 79.3404492298184 5.76121122719738 0.838206173867312 0.863529083576518 0.865374325021132
79.989 -7.46345311810956 -5.08949979998982 2.21421780989835 6.50085503793817 10.0099499216235 34.0955803750145 421.210199713093 80.8864043068366 6.02509010447764 0.83800937319523 0.863307471496769 0.865215797700522
80.015 -7.56627133855568 -4.95189050011321 2.20863331681135 6.65916648070924 10.3814740134306 35.0295337878948 420.909179741784 81.977763876153 5.72258109402987 0.837959024369593 0.863479226998285 0.865196720581663
80.03 -7.69585798414958 -4.84007299398617 2.18487263911047 7.01080708454671 10.8479067647593 35.91283995109 420.638261767606 83.1999874885377 5.69032298462689 0.838040331118326 0.863386474219161 0.865179551174689
80.044 -7.79836014120947 -4.73387071301254 2.16348802917967 7.23949736845845 11.6684595997337 36.703235345294 419.974435590845 84.1199887396839 6.0812906861642 0.838239977474645 0.863302996717949 0.8654108826184
80.075 -7.8760074187145 -4.61979345807176 2.12975696212444 7.30180717359734 12.884056387852 37.2138278412989 419.436992031761 85.6079898657155 5.65316161754778 0.838293188912873 0.863598659962888 0.865495757273294
80.091 -7.92751447637308 -4.49803017671771 2.10185305613035 7.24872569287883 14.3086278483034 37.5229794083141 418.773292828584 86.647190879144 6.047845455793 0.838467549489737 0.863741296617792 0.865572144462697
80.106 -7.98703897249188 -4.36438149597526 2.06399041716236 7.43301342893446 15.6609711703433 38.1325135285514 417.995963545726 88.3624717912296 5.6230609102137 0.838624474008915 0.863993129872746 0.865764216577608
80.137 -8.02397130952614 -4.25918116318834 2.01884085807781 7.80345254405628 16.6299885571258 39.0978881298947 417.656367191153 89.5462246121066 5.48075481919233 0.838892026622593 0.864219779802205 0.866060269083572
80.154 -8.07193476283256 -4.12110594046997 1.9917334932707 7.72997751865828 17.0624095487414 40.156038248203 416.930730472038 90.7916021508959 5.5326793372731 0.838880033146026 0.864547088383164 0.865956744826408
80.168 -8.13060432365868 -3.98091681420404 1.95063731240829 7.58827747671612 17.1378479831803 41.1427244997185 416.337657424834 91.8524419358064 5.51941140354579 0.839248201324951 0.864594882196041 0.866356596643499
80.198 -8.23763561568856 -3.82212559836744 1.91622451395631 7.50502224812848 17.110322726847 42.0818871642505 414.903891682351 93.2271977422257 4.96747026319121 0.839327060660607 0.865007868140162 0.866346899895882
80.212 -8.34958591749251 -3.66395047120129 1.8806441615597 7.5919246034683 17.3084507595058 43.1278969211079 414.033502514116 94.8844779680032 4.53072323687209 0.839650526088074 0.865009583977339 0.866707736206025
80.243 -8.43471905013901 -3.52428631912358 1.82168707763335 7.79303748663292 17.7844759125628 43.960145396936 412.890152262704 96.2560301712028 4.13765091318488 0.839562682664959 0.865257912140785 0.866662925502156
80.275 -8.483027426192 -3.3936804735424 1.7894552485512 7.70304671506887 18.4587000770317 44.4061155900669 411.681137036434 98.2704271540826 4.20388582186639 0.83986258589199 0.864987290847411 0.866869107115665
80.284 -8.5470950792332 -3.22771248255031 1.75709472325739 7.47243670005053 19.2280972449011 44.5403131913655 410.47302333279 100.203384438674 4.14349723967975 0.839626915796677 0.86523784832385 0.866808159320832
80.289 -8.57506789476569 -3.09695621461144 1.6994193991479 7.71908615981647 19.9816233982736 44.7015490478015 409.805720999511 101.523045994807 4.02914751571178 0.839920395710536 0.864845359769367 0.866999817552474
80.318 -8.62227006296124 -2.95389703628842 1.64074798230439 7.92275006291879 20.3422396844004 45.2275773491282 408.60514889956 102.830741395326 3.5662327641406 0.839552172854132 0.864986786709164 0.86680233844842
80.334 -8.69240504091805 -2.79174465880475 1.58949993673661 8.01673459861165 20.4316798380978 46.3712318279559 407.644634009604 103.887667255794 3.50960948772654 0.83960063503687 0.864743277958952 0.866748067520311
80.349 -8.81047342049324 -2.60857768308236 1.52446250281065 8.07918327615506 20.5419469687918 47.5974674237862 406.480170608644 105.618900530214 3.03864853895389 0.839391160027069 0.86477145281425 0.866699223685013
80.38 -8.89943693125763 -2.43816088543338 1.46646750713583 8.06744815464642 21.1167599055004 48.443064192858 405.252153547779 107.477010477193 2.4347836850585 0.839202632518247 0.864673212714327 0.866531803967705
80.394 -8.95705841223465 -2.27341330861451 1.41032158206579 7.96833692696804 21.9516488004466 48.8270020483813 403.426938193002 109.029309429474 2.37130531655265 0.839159578452115 0.864337187720797 0.866381126222127
80.409 -8.95774167394698 -2.11257093085708 1.34333011094341 7.74707575335521 22.4457968975011 49.273309477131 401.724244373701 110.126378486526 2.25417478489738 0.838867437321553 0.864158638869422 0.866245516251108
80.439 -8.95374778761918 -1.96368279099937 1.28237938210615 7.35404756733266 22.0225912535526 50.0200243309446 400.311819936331 111.233740637874 2.02875730640764 0.838604510304047 0.863874071260382 0.86624692754273
80.454 -9.03377078641463 -1.7456469867272 1.2388961850874 6.85528403197344 21.0203321281973 51.0409226612089 398.680637942698 112.230366574086 1.70588157576688 0.838367875988292 0.863741834055049 0.865877404709161
80.469 -9.14068700077244 -1.55719591828967 1.17438277059248 6.73845791885243 20.148069907744 52.0749983340193 397.152574148428 113.667329916678 1.59529341819019 0.838281676883348 0.863622820570248 0.865792166889438
80.5 -9.2714479553888 -1.35538794385897 1.11368707227812 6.62415411170002 19.8523468864352 52.5629183479457 395.657316733586 115.56059692501 1.25576407637117 0.838077325909663 0.863639443694726 0.865591855381997
80.513 -9.35926507009772 -1.17190525937831 1.05714558429813 6.48082266999566 20.3739824267993 52.4318173528457 393.771585060227 116.964537232509 0.530187668734055 0.838020181812582 0.863530669245957 0.8654115750253
80.543 -9.42106223786212 -0.99641591914376 1.00218810022439 6.19228238772892 21.4442177719057 51.8016127167978 391.894426554204 118.528083509258 -0.18283109813935 0.837968752125209 0.863432772242066 0.865372920173963
80.56 -9.42448614255491 -0.83428566403282 0.949314627473644 5.74862666804 22.3975059183792 51.2100010634386 390.264983898784 120.115275158332 -0.164547988325415 0.838049086098381 0.863220791295762 0.8654615910733
80.573 -9.45456226661119 -0.642519468788138 0.892750248394989 5.30658842871691 22.644014868526 50.9149551555681 388.678485508906 121.303747642499 -0.508093189492874 0.837994765982429 0.863277617347688 0.865541394882703
80.586 -9.52340962881726 -0.463106424859611 0.814907536729499 5.00264714309713 22.225414908391 50.6830016247441 387.370636958015 122.373372878249 -0.937283870543586 0.838072498569878 0.863328760794422 0.865736541955613
80.619 -9.59040002579881 -0.299120764063103 0.745866631708435 4.55734426084849 21.6738657839641 49.9345487905139 385.593573262213 124.056035590424 -1.68355548348923 0.838142457898583 0.863621847631713 0.866035361923777
80.633 -9.6272282292431 -0.144231361263665 0.686243729509615 3.99397624697738 21.2698379841937 48.707506125203 384.114215935992 124.730432031382 -2.59519993514031 0.838331891576876 0.863762165519735 0.866181112292579
80.649 -9.62553798764814 -0.00465133379132102 0.6373715207437 3.50297556884453 20.7909457888277 47.4863738332934 382.542794342393 125.937388828244 -2.33567994162627 0.838249290913074 0.864011911884495 0.866188963980054
80.679 -9.64622298130275 0.117259681908215 0.5647159670704 3.17939556921198 20.1446756374259 46.3247593507274 381.188514908154 127.083649945419 -3.00211194746365 0.838554361836336 0.864236683612778 0.86656559388178
80.694 -9.67770826145007 0.267681021113329 0.506448719158476 2.87977662297781 19.6782996767367 45.1006803622196 379.789663417338 128.055284950877 -3.06190075271728 0.838576134838395 0.864562301812681 0.866658321054782
80.709 -9.70359101883167 0.405753700690686 0.434136322070395 2.78645544922964 19.479935357918 43.7463375168373 377.810697075604 129.52975645579 -3.95571067744555 0.839100715923481 0.864484976812915 0.866988015249036
80.754 -9.68941620878811 0.522656949243444 0.379769217308672 2.59788624018454 19.3067509824316 42.195367887291 376.149627368044 130.256780810211 -4.280139609701 0.839194323799285 0.864908953295349 0.867038500285312
80.756 -9.64230209492834 0.628049437893776 0.32353650748996 2.2266472344867 18.964625502509 40.6697242283329 374.59466463124 131.09110272919 -4.9921256487309 0.839531062912883 0.864920560617007 0.867330176556512
80.783 -9.58176327261202 0.749358604574216 0.2609560598755 1.98566190035101 18.3757965400444 39.4477899734385 372.655198168116 131.661992456271 -5.69291308385781 0.839455165807288 0.865300978719031 0.867099661552054
80.799 -9.58072891693895 0.890738871893894 0.197331342979442 2.07411861107926 17.5939420768796 38.4381254799115 371.269678351304 132.655793210644 -6.44362177547203 0.839765820720086 0.864902177125031 0.86738522169658
80.829 -9.57303434784637 1.00433415222312 0.123010409370814 2.30258461256676 16.9834028310237 37.5248472830654 369.662710516174 133.670213889579 -7.23925959792483 0.839413055362727 0.865161245973708 0.867272662443655
80.844 -9.54318481244528 1.13009294910561 0.0730605475566571 2.30744065512688 16.6270472807458 36.4235075929268 368.516439464556 134.763192500621 -7.53533363813235 0.839601749841023 0.864900291297041 0.86729468276047
80.86 -9.48717079363362 1.24315615633128 0.0236763971264767 2.3270782690035 16.3597623999994 35.395660650428 367.424795518101 135.086873250559 -8.22180027431911 0.839392163350807 0.86491276481853 0.867067717135616
80.873 -9.45399641217675 1.37148867969809 -0.031243972431218 2.26230937340086 15.9466869233583 34.5988426769882 366.382315966291 135.438185925503 -8.8996202468872 0.839330156201419 0.864676658257382 0.866863448073247
80.903 -9.43898350496786 1.48956170313148 -0.0890520087932903 2.19027690934322 15.5199571623202 34.0076606993658 364.724084369662 136.114367332953 -9.50965822219848 0.839147729075162 0.864464162352348 0.866432273186627
80.917 -9.4408546552035 1.6263535138898 -0.131861562018576 2.06514234817989 15.3114728964698 33.4427724920246 363.531675932695 136.782930599658 -10.2386923999786 0.838856772882295 0.864272916037817 0.866291548519157
80.931 -9.433141469804 1.74084700199362 -0.190262038545295 2.03954414389625 15.3849057594946 32.6855181435855 361.918508339426 137.324637539692 -10.4748231599808 0.838848304779759 0.863976920711938 0.866164896318435
80.962 -9.38741357312878 1.8480809901869 -0.236537688109115 1.8523836226364 15.5876365575909 31.7589510620514 360.466657505483 137.692173785723 -10.2073408439827 0.838460367466865 0.863834398561449 0.865803576607295
80.978 -9.33009759652269 1.94381347668609 -0.280579972087892 1.51447350464757 15.5975751919082 30.8769490856172 358.979991754935 138.08295640715 -11.1066067595844 0.838491539905871 0.863582254983207 0.865602124128069
80.993 -9.28162562907623 2.05421399509109 -0.324587447481947 1.22180478013701 15.4187337032517 30.2915442533914 357.761992579442 138.554660766435 -12.035946083626 0.838266202629934 0.86347919940559 0.865420816896764
81.022 -9.25080984885293 2.15447229834077 -0.384365322921512 1.13397544716148 15.1455626230029 29.9051379196553 356.725793321497 139.039194689792 -12.4523514752634 0.838190170860826 0.863262575742934 0.865381237858281
81.038 -9.23019844938634 2.25954883120964 -0.437626715958569 1.1167611085522 14.9073422385652 29.4146241276898 355.433213989348 139.715275220813 -12.827116327737 0.838121742268629 0.863438820819834 0.865098283993157
81.053 -9.18776599153267 2.35100522776702 -0.478439220601726 1.16386362365118 14.6738599231056 28.7655281271345 354.209892590413 140.263747698731 -12.9844046949633 0.838060156535651 0.863350108658555 0.865090958245034
81.083 -9.13455316648829 2.4289465827369 -0.52295162869788 1.09556886433949 14.3721227857569 28.2782882915203 352.988903331372 140.397372928858 -13.725964225467 0.838004729375972 0.863270267713403 0.865084365071724
81.098 -9.08977403544737 2.52956002497285 -0.568998300373227 0.957767703096385 13.9868189041278 28.0016045005362 352.190012998234 140.697635635972 -14.9333678029203 0.837828073153024 0.863322146123566 0.865201891481285
81.114 -9.04899397763628 2.60885936209806 -0.622411313658658 0.967334444237128 13.7354652579898 27.7808333634597 350.931011698411 141.027872072375 -15.0000310226283 0.838048945305873 0.863492434162402 0.86530766524989
81.143 -9.0259988004537 2.74038308432026 -0.656955787246558 0.974417793706545 13.6863462131069 27.6187805614649 349.91791052857 141.565084865138 -15.3000279203655 0.838247730243437 0.863645693397355 0.865402861641634
81.159 -9.00847544323548 2.83654822323016 -0.714082755480826 1.11590731204581 13.7131314391244 27.2652994518833 348.946119475713 141.388576378624 -15.8700251283289 0.838426636687245 0.863783626708813 0.865611862038651
81.173 -8.95888627217243 2.92160046172105 -0.756219492406803 1.01118680984887 13.6868564631509 26.7158687433362 348.191507528142 141.349718740762 -16.743022615496 0.83871397303309 0.863907766689124 0.865923149998511
81.202 -8.879540175015 2.98875023190941 -0.784805178091965 0.736785686115888 13.5051937175992 26.3778696552621 347.092356775328 141.974746866685 -17.2287203539464 0.838846255197932 0.864266276581392 0.865956797915393
81.217 -8.82572607679451 3.08791123567312 -0.816218518715539 0.541733071702773 13.1974224374423 26.3866475752321 346.163121097795 142.117272180017 -18.0858483185518 0.839217801171666 0.864342151574446 0.866356644423585
81.232 -8.77956780627326 3.17362470690867 -0.859214863331412 0.636414726364556 13.0387488959882 26.5205019016783 345.026808988015 142.665544962015 -18.5572634866966 0.839173230240192 0.864657222978181 0.86634694289796
81.261 -8.73724725992938 3.24621782837326 -0.909942437247599 0.702544246094513 12.9989961437939 26.5272303374647 343.644128089214 142.798990465814 -19.1015371380269 0.8395120787097 0.864446670601067 0.866707774907895
81.277 -8.6759349866342 3.33082499031437 -0.93686263177052 0.55900737873697 13.0868827889565 26.5462630289091 342.639715280293 143.039091419232 -19.5913834242242 0.839438080024423 0.864751290102141 0.866662960333839
81.294 -8.60375512513203 3.40798895887327 -0.975216595052971 0.509976869870907 13.2316296245647 26.638964970293 341.675743752263 143.675182277309 -20.2122450818018 0.839750443515508 0.864655066273429 0.866992190600187
81.321 -8.55489427631512 3.49533318279795 -1.01883313153919 0.470429564563205 13.3580849827189 26.8452974808973 340.688169377037 143.767664049578 -20.8910205736216 0.839525987657843 0.864938846207266 0.866795474191361
81.337 -8.52684091435744 3.59692729829501 -1.06993930126491 0.473004928717572 13.516169614218 27.2653478854793 339.619352439333 144.03089764462 -21.0819185162595 0.839829560385585 0.864700131507244 0.86698840093595
81.351 -8.5069799087066 3.71607491957025 -1.11611441897091 0.558528863326731 13.7744763169183 27.7403398144886 338.5974171954 144.327807880158 -21.5537266646335 0.839470421061676 0.864856081273253 0.866792063493548
81.381 -8.46755720927882 3.82534282434174 -1.16497434490982 0.678248496078027 13.9809981508754 27.8884432376199 337.31767547586 144.235027092143 -22.6983539981702 0.839653378970078 0.86474937832743 0.866738820060926
81.395 -8.42160209793956 3.92661686862876 -1.20553654415068 0.645538150287019 13.9019823052535 27.7095225779801 336.165907928274 144.151524382928 -22.7685185983532 0.839438629566956 0.86465334567619 0.866567440706027
81.411 -8.38808351259629 4.0148305784944 -1.24437686785451 0.450449984113279 13.6438451434304 27.6683413125485 334.889317135447 144.556371944635 -23.3116667385178 0.839245355104146 0.864443181029275 0.866536659552157
81.441 -8.33798504025817 4.09248713475018 -1.28274489329211 0.321435520053096 13.3634300947362 27.8114308454158 333.740385421902 144.320734750172 -23.5605000646661 0.839071408087617 0.864254032847052 0.866385496248135
81.456 -8.30426893369329 4.1812323673506 -1.32685292559223 0.269444639803511 13.1354840318275 27.8661656234696 332.466346879712 144.228661275155 -24.1444500581995 0.838788083993505 0.864083799483051 0.866125851804824
81.471 -8.27009367110704 4.26649004911835 -1.36690928456804 0.343263534601786 13.0952180713928 27.8688620382219 331.019712191741 144.445795147639 -24.4900050523795 0.838786484779847 0.86393058945545 0.866015769275534
81.501 -8.23873736109472 4.35010529782285 -1.41014261768121 0.508173822362982 13.1414214550932 27.82625064356 330.137740972566 144.221215632875 -25.3410045471416 0.838531653016511 0.863916435691408 0.865545488625884
81.516 -8.18412064593557 4.41608148717203 -1.4492920374202 0.642852623332791 13.1646838897366 27.6466790143185 328.74396687531 144.739094069588 -25.7469040924274 0.838429076208746 0.863532075780495 0.865493442414488
81.532 -8.13305024279526 4.50095830473291 -1.48614259976095 0.540399422068214 13.0749330580148 27.3514767617416 327.729570187779 144.605184662629 -26.2322136831847 0.838209985302521 0.86343403812315 0.865199268093744
81.562 -8.08930150246654 4.59302947026181 -1.52595200912308 0.449718258487347 12.7979741033584 27.1285428260255 326.336613169001 144.724666196366 -26.7889923148662 0.838266195957961 0.863345804231539 0.865181843935562
81.577 -8.07045790770084 4.68714625628312 -1.56525207855837 0.566578493707314 12.4510011205035 26.9500396884611 325.322951852101 145.19219957673 -27.0500930833796 0.838190164856051 0.863266393729089 0.865166162193199
81.594 -8.05409724609641 4.75239845804738 -1.60989967553499 0.729767972580858 12.1509391763921 26.6344250325921 324.050656666891 145.132979619057 -27.1650837750416 0.838121736864331 0.863071050634083 0.865275508890613
81.622 -8.02913743641902 4.83357107066245 -1.6472693166317 0.647630869979261 11.9373719763101 26.0755626820046 323.025591000202 145.679681657151 -27.7485753975375 0.838060151671784 0.863266448221868 0.865250460652744
81.637 -8.00218447196718 4.92170992573915 -1.6824582232101 0.482867782981335 11.6802760000531 25.3313651924301 322.343031900182 145.931713491436 -28.3937178577837 0.838004724998491 0.863318708581184 0.865227917238663
81.654 -7.97301867140742 4.99804212225215 -1.7140085291621 0.38954283674427 11.364920155773 24.4234195128818 321.428728710163 145.978542142292 -29.1543460720054 0.838207931966793 0.863612800639799 0.86533108843153
81.682 -7.93952700972628 5.06117459749641 -1.73977018521043 0.308603820245415 11.0085808119514 23.4222989356394 320.845855839147 146.020687928063 -29.5989114648048 0.838390818238265 0.863877483492552 0.86542394250511
81.699 -7.87915771138732 5.11254700972553 -1.77181421332788 0.275453361884996 10.5871120437334 22.4067865993274 319.841270255232 146.058619135257 -30.4790203183243 0.838428945600132 0.86411569806003 0.865384050905792
81.727 -7.82949405549822 5.15237768549248 -1.80089325857071 0.32271718600184 9.93298099203182 21.2974056493183 319.117143229709 146.152757221731 -30.9711182864919 0.838842222533646 0.86420663090522 0.865718119978938
81.742 -7.80550656591825 5.2010941272246 -1.81922339634813 0.341590505569595 9.08472106076757 20.2149933286613 318.225428906738 146.597481499558 -31.7740064578427 0.838961679748432 0.864658441978423 0.865772270897777
81.758 -7.79241725690638 5.2472732810915 -1.84236442360327 0.407431455012635 8.25029475621753 19.1675397973219 318.202886016064 146.337733349602 -31.8366058120584 0.839321683267116 0.864695100431774 0.866190570107731
81.774 -7.77243675786979 5.30014709968035 -1.85810367446881 0.474321897297631 7.62068512792402 18.0118545198797 317.162597414458 146.043960014642 -32.0729452308526 0.839266724126097 0.865098064552321 0.866197476013691
81.803 -7.74942649005706 5.34138893191812 -1.87669828100569 0.5719278755068 7.17388379070414 16.7801347167467 316.106337673012 146.379564013178 -32.5256507077673 0.839596223207015 0.864967163278592 0.866450202576047
81.819 -7.72183391391207 5.38102046643017 -1.89331371692032 0.613208370398868 6.77710609865662 15.4631899473621 315.335703905711 146.62160761186 -32.9930856369906 0.839387189380199 0.865219733511913 0.866431145235176
81.833 -7.68431129102978 5.39705641264604 -1.91197861826906 0.571734861603256 6.38718174833295 14.1764129373588 314.22213351514 146.779446850674 -33.3537770732915 0.839704641935706 0.864952930081426 0.866660504875383
81.863 -7.64473500888114 5.42812847371298 -1.92452731367787 0.38250030674064 5.94617349716377 12.9610617199588 313.159920163626 147.461502165607 -33.4983993659624 0.839484766236021 0.865206923634463 0.866496957039038
81.878 -7.61031345463304 5.4552553350514 -1.93935259553945 0.231273176829935 5.42254851385961 11.7473982960545 313.043928147263 147.595351949046 -34.2285594293662 0.839666289626988 0.86506513645252 0.866719735498859
81.894 -7.57807711306073 5.48158486975304 -1.94772737359842 0.0852450957881627 4.90624786094693 10.623803504617 312.219535332537 147.355816754141 -34.7657034864295 0.839450249158175 0.865184585724001 0.866550264600166
81.923 -7.54074455090932 5.51180568003421 -1.95448657097674 0.0133618075833922 4.48127192981407 9.58890407018581 311.837581799283 147.380235078727 -35.0091331377866 0.83938243342805 0.864921297072305 0.866521201056883
81.937 -7.50157874335562 5.52589615580826 -1.96200636824003 0.0685141764433736 4.15909893530595 8.55215106774738 312.033823619355 147.582211570854 -35.5282198240079 0.839194778579131 0.864808072546577 0.866371583602388
81.952 -7.45274242320402 5.53833816406776 -1.96895373880891 0.106700926737968 3.85158598834024 7.62823367089631 311.25044125742 147.403990413769 -35.2753978416071 0.838899117435867 0.864458561569822 0.866360388158882
81.984 -7.40471954845259 5.56270406804368 -1.9808327646854 0.0716033531481403 3.39696174065125 6.8692270976998 310.605397131678 147.423591372392 -35.2278580574464 0.838886414877973 0.864267875333544 0.866226851994187
81.998 -7.37580436202469 5.59540727879302 -1.99260127769135 0.0873437811921049 2.76718923070826 6.18306774670845 310.08485741851 147.381232235153 -35.4850722517018 0.838494666555258 0.864096257720894 0.865859336715472
82.014 -7.34990038036629 5.60885887574282 -1.99846438371738 0.190059784752284 2.10802755954584 5.56323425448035 309.796371676659 146.923109011638 -35.5365650265316 0.838395788393618 0.863941801869509 0.865899365960658
82.043 -7.32155897819392 5.62551429180318 -2.0040404421413 0.21914540933049 1.49417136847675 5.04660548552087 309.476734508993 146.690798110474 -35.2829085238785 0.838053102719338 0.863926526864061 0.865564599285297
82.058 -7.31227242890053 5.65241532005084 -2.01426629027641 0.233872089771487 0.965364918651974 4.48011287590008 309.009061058094 146.541718299427 -35.2346176714906 0.83799838094129 0.863665170455557 0.865263309277471
82.074 -7.31696294495212 5.66848596761119 -2.01634679854735 0.216591751023346 0.701652854267693 3.74813212266122 308.648154952284 146.227546469484 -35.1311559043416 0.83782235956181 0.863553823330706 0.865115883531227
82.103 -7.30352717711402 5.68486490991257 -2.02001490551971 0.0842455530202482 0.787212759680618 3.01148684932639 307.963339457056 146.664791822535 -34.9180403139074 0.837790712099515 0.863329737275538 0.865106797829297
82.118 -7.27599237627273 5.70122205448039 -2.0220592590458 -0.104331674037502 0.989407514246907 2.29201755370673 307.76700551135 146.398312640282 -35.0262362825167 0.837762229383449 0.863251933468688 0.86497502322787
82.134 -7.24480656027632 5.71336970834632 -2.02677221646489 -0.28092140739711 1.11184080862374 1.61090740138949 307.590304960215 146.398481376254 -34.763612654265 0.837863215630797 0.863305645303322 0.865103483821816
82.164 -7.21380644357059 5.71436664559274 -2.04017170265837 -0.372676594901674 1.007526956769 1.04218307346428 307.431274464194 146.158633238628 -34.6472513888385 0.838080573535868 0.863477583424183 0.865219098356368
82.178 -7.19021589740383 5.73669199732986 -2.03738718028834 -0.468996721671049 0.660972734374545 0.58605636917129 307.228147017775 146.242769914766 -34.2425262499546 0.838276195650433 0.863508730263267 0.865323151437464
82.193 -7.18580364451648 5.74517292310041 -2.03655704971526 -0.424387125839822 0.176554850250068 0.222107220803779 306.805332315997 146.558492923289 -33.8782736249592 0.838452255553541 0.863660359888134 0.865416799210451
82.224 -7.18446623622633 5.74759840842404 -2.03868297144509 -0.397215588828359 -0.200642619507763 -0.11689739440637 306.844799084397 146.42264363096 -33.6104462624633 0.838737030012756 0.863920286816054 0.865747593453131
82.239 -7.18451955919794 5.75744278320358 -2.03508964244786 -0.455967312388271 -0.330196678167674 -0.550245822904664 306.940319175958 146.120379267864 -33.7894016362169 0.838867006479632 0.864154221051181 0.865798797024551
82.253 -7.17193813626764 5.76259168763774 -2.03592578528162 -0.559225542981505 -0.23610830806083 -0.963923530690534 307.206287258362 146.028341341078 -33.6504614725952 0.839236477325196 0.864117704127566 0.866091391485821
82.284 -7.15780165944813 5.77255278330878 -2.03530166111442 -0.617806805477248 -0.0705127444303199 -1.25837087227797 306.785658532526 145.64550720697 -32.8654153253357 0.839190038778369 0.864578407878534 0.866108215253972
82.298 -7.14076927144216 5.76649415643664 -2.03940863813805 -0.674346735616546 0.0907370032951548 -1.42871699115704 307.127092679273 145.780956486273 -33.1188737928022 0.839527206394059 0.864623069741874 0.866492920028307
82.313 -7.12879200135666 5.77265328304457 -2.03849607174856 -0.783247939917487 0.19845719609541 -1.51485292562912 307.194383411346 145.302860837646 -32.9869864135219 0.839451694940346 0.865033236931412 0.866469590942209
82.343 -7.12315996308623 5.77903449061352 -2.03845288871464 -0.794236123024975 0.287008423050755 -1.66489435062346 307.074945070211 145.292574753881 -32.6882877721697 0.839762696939839 0.864908818419773 0.86681815814772
82.359 -7.11521808939724 5.77053206732427 -2.0426637159473 -0.755270525989653 0.387315214333466 -1.9037484270115 307.20745056319 145.403317278493 -32.8994589949528 0.839410243960504 0.865167223138976 0.866762305249681
82.373 -7.10753172013952 5.76772812816996 -2.03927086234268 -0.814094618428855 0.486751631831417 -2.10421327896684 307.446705506871 146.102985550644 -32.9695130954575 0.839851414133379 0.864905670745783 0.866958548888438
82.404 -7.09881836212093 5.76921487879901 -2.03328439986864 -0.844135538265359 0.513648987732245 -2.21974614954344 307.362034956184 146.072686995579 -33.2125617859117 0.839743481905734 0.865164390232384 0.866765196650787
82.417 -7.09372964533938 5.7655849787487 -2.0323258643999 -0.787202900469358 0.499688669111692 -2.2863211529097 306.925831460566 146.045418296021 -33.3113056073206 0.839772813183312 0.86490312112985 0.866837963546888
82.432 -7.09453677266335 5.77027881737591 -2.0260762219716 -0.800849022636162 0.514605298383729 -2.31799438113018 307.193248314509 146.320876466419 -33.3401750465885 0.839546120358867 0.864791714198368 0.866409337112904
82.461 -7.08424987014677 5.77151049908436 -2.02410269782742 -0.78793969289163 0.544060799079707 -2.26253082087976 307.673923483058 146.328788819777 -33.7261575419297 0.839342096816865 0.864567712699235 0.866394366318347
82.491 -7.08636408105385 5.77112264993581 -2.02388275568902 -0.722122822839108 0.472097467263339 -2.27826247161621 307.206531134752 146.6359099378 -33.7735417877367 0.839285096320872 0.864613444080505 0.866257432337705
