46.479 0.648091122465317 7.53710912180743 -5.69742491188365 0.838547851180934 0.0819736699716057 -2.43177440856742 294.358439744633 97.8834359619472 -55.6848897960952 0.839717789743107 0.864971263764749 0.866156743887883
46.494 0.647446612975286 7.5381104574752 -5.70755808063791 1.11652512713154 0.00507401289810926 -2.53134505931373 294.26259577017 98.2350923657525 -55.4564008164857 0.839496599262682 0.864729307308978 0.865919974680598
46.525 0.639324820454079 7.5561301612394 -5.70847776390713 1.30792604953289 -0.112227281521473 -2.5530197136877 294.356336193153 98.7315831291772 -56.0307607348371 0.839170756051063 0.864758879229274 0.865583147133242
46.539 0.630099847687922 7.55720459552439 -5.70912594965936 1.58171359725136 -0.240699209857875 -2.5939009484258 294.320702573838 98.9384248162595 -55.9476846613534 0.83913088963165 0.864414287584249 0.865527335071111
46.554 0.617906792259492 7.54997146545498 -5.70773406659223 1.93117582531248 -0.415102571314836 -2.70932001388857 294.708632316454 98.9445823346336 -55.6929161952181 0.838841617383134 0.864228028746528 0.865353506745503
46.585 0.608130142059575 7.54364117758258 -5.69720383734695 2.20218038018581 -0.593439642427627 -2.87731931020963 294.817769084808 98.7101241011702 -55.4636245756963 0.838834664830513 0.863936522149778 0.865320658722145
46.6 0.598732607036814 7.539560014994 -5.69826115594379 2.35371806735807 -0.750126212536009 -3.03309882957035 294.975992176328 98.7991116910532 -55.4372621181266 0.838575015062111 0.863798039855505 0.865043762770635
46.615 0.59488366526662 7.53941842465793 -5.71531372153228 2.32750656596578 -0.850686110366378 -3.12673551149881 295.238392958695 98.5192005219479 -55.533535906314 0.838468102049786 0.863797141051457 0.865041889144765
46.646 0.594532082816648 7.56018041863318 -5.72240106657265 2.26116812310966 -0.941953377192336 -3.20948180767717 295.414553662825 98.5672804697531 -55.4401823156826 0.838245108559457 0.863796332127814 0.864916605411791
46.66 0.587212619490046 7.57647201383956 -5.74099009390281 2.40375360087503 -1.09279620741203 -3.35723591698579 295.633098296543 98.6705524227778 -55.5361640841143 0.838297806889204 0.863795604096535 0.864803850052114
46.675 0.5771535074472 7.58604674009843 -5.76514223655111 2.62368358429898 -1.19496696835022 -3.48487110391317 295.889788466889 99.3034971805 -55.2025476757029 0.838218614694169 0.863794948868384 0.864702370228406
46.706 0.582285949804745 7.60100864590731 -5.78765726780933 2.79032285945686 -1.26249317227856 -3.55775803932338 296.4208096202 99.45314746245 -55.3222929081326 0.838400432692903 0.86367062390225 0.864858096122298
46.721 0.582416024105276 7.61878392000372 -5.80816021587886 2.93419133686996 -1.37670187031788 -3.65999750256661 296.35872865818 99.767832716205 -55.2500636173194 0.838437598609306 0.863806064163218 0.864998249426802
46.736 0.579480480816834 7.64387962430156 -5.82894722544942 3.20871113448067 -1.43979504206471 -3.7718603477298 296.542855792362 99.9310494445845 -55.3050572555874 0.838471047934068 0.863804362928399 0.865124387400855
46.767 0.578753851354307 7.66191677936408 -5.84735627106244 3.69013009736848 -1.5240598126674 -3.92444530532323 296.468570213126 99.9579445001261 -55.3545515300287 0.838501152326354 0.864173213196739 0.865361235221949
46.782 0.562717141956257 7.66240834613287 -5.87200484691335 4.23027739297515 -1.62737902224036 -4.07245879005808 297.061713191813 100.282150050113 -55.0990963770258 0.838781037108288 0.864258394528258 0.865697585863479
46.797 0.559776272401363 7.65363306480328 -5.88006274120456 4.55763133306694 -1.63868692154304 -4.19269382708281 297.055541872632 100.873935045102 -54.8091867393232 0.839032933412028 0.864581841636612 0.865753790193865
46.827 0.55102427246435 7.65435442934346 -5.87923441126745 4.8209521692259 -1.67405487061011 -4.42380612376384 297.409987685369 100.566541540592 -54.6682680653909 0.839385811564353 0.864626160124144 0.86617393747421
46.842 0.536862693210812 7.63345586308758 -5.88112258131624 5.1503073339827 -1.69443564309108 -4.66768505337219 297.248988916832 100.649887386533 -54.5414412588518 0.839450909876069 0.865036018275455 0.866182506643522
46.856 0.522142057401274 7.61590409620631 -5.89060305847515 5.34596362348519 -1.65399971236976 -4.88030586101207 297.404090025149 100.904898647879 -54.3672971329666 0.839761990381989 0.864911321629412 0.866436730142895
46.886 0.506738702758254 7.58849561522032 -5.90649766290595 5.36327565808324 -1.56035546632363 -5.03578672529254 298.023681022634 100.774408783092 -54.21056741967 0.839663000529483 0.865292663630196 0.866419020045339
46.901 0.497005680475325 7.57292598762774 -5.92702772525916 5.23610839761843 -1.4699687746531 -5.11694087719077 298.22131292037 100.776967904782 -53.709510677703 0.839952871970062 0.865142302448679 0.866772644340536
46.916 0.484714513367734 7.56196589123007 -5.94323031581613 5.19723038228406 -1.36342991245496 -5.17089564443353 297.979181628333 100.839271114304 -53.9185596099327 0.839834793958748 0.865377358764991 0.866474285087985
46.946 0.469103481185128 7.54527836010572 -5.9709209007964 5.33933940512436 -1.26372814258351 -5.1721266906772 298.0612634655 100.835344002874 -53.9267036489394 0.840233509131799 0.864970919166395 0.866699330742912
46.962 0.463373400996646 7.53774144320831 -5.98818098929037 5.50922225850505 -1.1503324275618 -5.11903615901406 298.73513711895 100.591809602586 -53.3340332840455 0.839960746712505 0.865099790166489 0.866531900319814
46.975 0.447203002778161 7.52670850219559 -6.00934141361573 5.66135346776905 -1.06659689472929 -5.03690353547906 298.921623407055 100.312628642328 -53.4606299556409 0.839841881226947 0.864844981070544 0.866504673204566
47.005 0.440370943314554 7.51043425079195 -6.02257987395399 5.70819522022879 -0.918715831210555 -4.87596127353421 299.38946106635 100.721365778095 -53.6345669600768 0.839608281598138 0.864739388144992 0.866356708535302
47.021 0.439309769421865 7.49411148496873 -6.02497753383642 5.68012378980896 -0.789439667936828 -4.68225827595178 299.510514959715 100.309229200285 -53.8511102640692 0.839524662624017 0.864520619251197 0.865976207602476
47.037 0.428598341539546 7.46918578149444 -6.03270192934804 5.72661522762196 -0.696755243127878 -4.4934217613337 299.919463463743 100.358306280257 -53.6259992376622 0.839449405547308 0.864075840984306 0.865757492023731
47.066 0.42530269073997 7.43633785726041 -6.03522464031338 5.63105294150099 -0.586621703547915 -4.29293454703239 300.047517117369 100.162475652231 -53.543399313896 0.839001358157659 0.863923426806579 0.865560648002861
47.081 0.406415162809676 7.41802746249506 -6.03360447044098 5.27481787635852 -0.575287777467932 -4.17585483278717 300.282765405632 99.9862280870081 -53.5890593825064 0.838978431527586 0.863662380403824 0.865507085853768
47.096 0.377684800322044 7.40687523657026 -6.04633198459378 4.83817578337916 -0.475010908118086 -4.14300217393593 300.434488865069 100.007605278307 -53.3301534442558 0.83857748153991 0.863675047544944 0.865211547189095
47.126 0.36427732273506 7.39881343579837 -6.06191672932593 4.22306049511758 -0.348883863107804 -4.15312943745837 300.811039978562 99.7868447504766 -53.4571380998302 0.838470321879804 0.863562712711154 0.865069297651688
47.14 0.363104211967291 7.41089098694814 -6.07953429864188 3.51373154484246 -0.250636698171069 -4.23552641737666 301.269935980706 99.3481602754289 -53.4514242898472 0.838500498877516 0.863585346621541 0.864941273068022
47.156 0.369171161366494 7.40817368962967 -6.09335506540244 2.96083167280096 -0.23167989858297 -4.3623554550283 301.502942382635 99.253344247886 -53.7462818608625 0.83840103748365 0.863481981880091 0.864826050942723
47.185 0.356794612627916 7.40776321535054 -6.10980405135488 2.49833629178041 -0.300878320938413 -4.45741761944914 301.772648144372 98.8680098230974 -53.2316536747762 0.838311522229171 0.863512688873585 0.864722351029953
47.2 0.340328620691621 7.40003161351154 -6.11006331792654 2.1347622045871 -0.424988962127015 -4.32236288040499 302.015383329935 98.5212088407877 -53.3684883072986 0.838357579191946 0.863416589906931 0.864876078843691
47.215 0.332332700627616 7.37846850800755 -6.11777856663926 1.71899590779251 -0.5114976995021 -4.0550120885477 301.993844996941 98.3290879567089 -53.6116394765687 0.838272409766637 0.86345383609774 0.865014433876055
47.245 0.318193188432668 7.35175942881324 -6.1088606838828 1.1982413551812 -0.655767776880134 -3.84035057434942 302.274460497247 98.456179161038 -53.6504755289119 0.838322377975666 0.863487357669469 0.865138953405183
47.261 0.30067922424419 7.32688326391654 -6.11041138688735 0.678417219663081 -0.784084128963113 -3.65249872302134 301.987014447522 98.6305612449342 -53.5054279760207 0.838240728671985 0.863764584819255 0.865374344625845
47.29 0.279469848434418 7.31975774842271 -6.1089938710929 0.189964810673872 -0.934683349654588 -3.48572213316196 302.02831300277 98.3675051204408 -53.5548851784186 0.838672827298314 0.863890628988523 0.86558619672444
47.307 0.260141989523431 7.30113436768444 -6.12280156291732 -0.219871365050003 -1.1198409688876 -3.29440182824271 302.245481702493 97.9507546083967 -53.2993966605768 0.838682753754175 0.86425085265085 0.865653539968729
47.321 0.233888370401124 7.28191928258531 -6.13941835830101 -0.649792625491568 -1.30709351322022 -3.07641202709783 301.780933532244 97.9956791475571 -53.1294569945191 0.838944478393327 0.864204672567268 0.866083712271588
47.336 0.218340543752723 7.27545944623047 -6.14838792803426 -1.14511870645386 -1.38859790235621 -2.7733509770598 301.72284017902 98.0361112328014 -52.9765112950672 0.839053710022146 0.864656679474266 0.866101303961162
47.366 0.192975041951966 7.25174894128943 -6.15771753122693 -1.48022515641916 -1.55355490601372 -2.47693190988817 301.490556161118 97.6525001095212 -52.8988601655605 0.839530533588857 0.864693514178033 0.866486699864777
47.381 0.189000428634493 7.239627178264 -6.15629795667784 -1.74059958734213 -1.65316124747342 -2.20175780286882 301.881500545006 98.1472500985691 -52.4689741490044 0.839581159698123 0.865096636923954 0.866463992795033
47.396 0.186201392934569 7.22578466154844 -6.1644774032586 -1.88715031563082 -1.75731077158104 -1.88005530502469 301.213350490505 98.0525250887122 -52.622076734104 0.839879215221838 0.864965878413062 0.866690067679255
47.426 0.174763858460648 7.19584874109367 -6.18644356903015 -2.02515284131965 -1.82967129747637 -1.48441618673596 301.452015441455 97.967272579841 -52.7598690606936 0.839768502885346 0.865218577132935 0.866523563562522
47.441 0.17033587259942 7.16639252718633 -6.18891499200384 -2.34706503810371 -1.86731485475163 -1.03826464439824 301.426813897309 98.0105453218569 -52.8838821546242 0.840047824090339 0.865075624601144 0.866866733506002
47.47 0.153003010138664 7.14083961441826 -6.17904854201305 -2.75739670223227 -1.9637894761467 -0.712300775378264 301.284132507578 97.8094907896712 -52.9954939391618 0.839793630175191 0.865194025057763 0.866682562806594
47.486 0.136206333027595 7.12592242772619 -6.1614298854741 -3.02822191750523 -2.09412808578394 -0.441070697840437 300.975719256821 98.0485417107041 -52.4359445452456 0.839944267172241 0.864929792472691 0.866763593087115
47.502 0.139764096605462 7.09813171579158 -6.16233253787213 -3.09715545094555 -2.15494428483913 -0.203070498285401 300.758147331139 97.9636875396337 -52.1123500907211 0.839573657169666 0.864939315876615 0.866589736429597
47.516 0.151704918981507 7.08341513234719 -6.17840795794356 -3.21186738676702 -2.14632008536285 -0.0552825324263267 300.502332598025 98.3073187856703 -51.8811150816489 0.839493500638392 0.864824289470456 0.86630966796814
47.562 0.165324701345784 7.10566424869011 -6.1876085973909 -3.41816156412085 -2.18741326766626 0.105207552877375 300.572099338222 98.0765869071033 -52.213003573484 0.839294739068439 0.864473156801313 0.866057606352828
47.564 0.175188306102296 7.1208402115927 -6.1791896203575 -3.32214693442633 -2.31905362028895 0.361862370108721 300.2148894044 98.528928216393 -52.2117032161356 0.838989081876244 0.864404746302685 0.865830750899048
47.591 0.178379320915765 7.10504987825387 -6.17400674039878 -2.7517643020524 -2.4856215407028 0.620332621647467 299.95340046396 98.7560353947537 -51.9105328945221 0.838967382874313 0.864095567950319 0.865750178460336
47.606 0.185740361049378 7.07006888678163 -6.17820068610988 -2.15979397871738 -2.53095251640351 0.930055084673561 299.298060417564 99.1404318552783 -51.9394796050699 0.838567537751964 0.863941181075991 0.865554065795805
47.622 0.207508623094503 7.0490007855638 -6.18245407712413 -1.83923442817389 -2.4671702418624 1.30346178994666 298.648254375808 99.0663886697505 -52.1455316445629 0.83858799316246 0.863802232889096 0.865501161867418
47.651 0.216505717776248 7.04260906500913 -6.18370835279185 -1.58889877161604 -2.45862115660746 1.66548202316574 298.303428938227 99.2397498027754 -51.7309784801066 0.838479782340099 0.863800914781689 0.86520621560138
47.666 0.215684701390889 7.04511648049918 -6.18250284458481 -1.34374935246971 -2.43031629285511 1.99588038573466 298.173086044404 98.4957748224979 -51.6578806320959 0.838509013291782 0.863675993224225 0.865064499222745
47.682 0.23098693733319 7.0432431724456 -6.18411139725401 -1.14219884470365 -2.32316252616502 2.31537631662684 298.115777439964 98.8461973402481 -51.5320925688864 0.838281928677253 0.863563563822507 0.864813219221175
47.697 0.244280109806994 7.05029604674462 -6.19316068958122 -0.981414074737104 -2.20306001400653 2.58231196740691 297.944199695967 98.8015776062233 -51.6588833119977 0.838204324303413 0.863586112621759 0.86483439995025
47.726 0.229967600855952 7.04880261875168 -6.20854749385308 -0.633654346652706 -2.07588378359824 2.73705786990286 297.489779726371 99.061419845601 -52.0729949807979 0.838134480366958 0.863482671280287 0.864853462606418
47.741 0.242285317260377 7.04440591743864 -6.19240823480896 -0.223724026491252 -1.83089082508575 2.87098567069883 296.720801753734 99.4152778610409 -52.2056954827182 0.838324711798413 0.863389574072963 0.865117402906956
47.772 0.257800533841568 7.01908062110493 -6.17686537885736 0.18796135325711 -1.65848876547794 2.91900160744574 296.56872157836 99.0737500749368 -52.0251259344463 0.838369449804265 0.8636765795824 0.865231625532994
47.785 0.247822211209402 6.995150645466 -6.17035866961542 0.344737737015368 -1.41935744618205 3.04694877494544 296.851849420524 98.9463750674431 -51.9226133410017 0.83853618429199 0.863811424275353 0.865334425896428
47.8 0.24099650325489 7.00312216272177 -6.1582777129322 0.151485337359633 -1.03162017484629 3.40637603485548 296.806664478472 99.0117375606988 -52.1303520069015 0.838686245330942 0.864056244764551 0.865550269867965
47.829 0.2492784322093 7.00125841370423 -6.13136371612934 0.0470238265244329 -0.742961974155553 3.71306667564474 296.045998030625 99.6705638046289 -52.4373168062114 0.838947620812417 0.864276583204829 0.865744529442348
47.845 0.225727254930741 7.00323222939252 -6.12084789848674 0.0957565583758064 -0.510650509564426 3.86389741266042 295.901398227562 100.203507424166 -52.5335851255903 0.839056538199327 0.864598211445526 0.865672579149307
47.86 0.240623785361892 7.00417066989016 -6.10527847805335 0.103738154446623 -0.180196145630884 3.98208782406613 295.471258404806 100.143156681749 -52.6802266130312 0.839407055872922 0.864640892952166 0.866100847534107
47.89 0.233320818816345 7.00256122390334 -6.10628961263937 0.0559597588492887 0.032479957481823 4.01212331646868 295.264132564325 100.148841013575 -52.6322039517281 0.839470029753781 0.865049277820675 0.86611672569743
47.907 0.250390890069057 7.00614054119501 -6.09463006322541 -0.0649033926081593 0.326941885397763 4.07274304589051 295.077719307893 99.793956912217 -52.5889835565553 0.83977919827193 0.8650468526898 0.866500579427418
47.921 0.277305975103899 7.01444958850068 -6.08287952600382 -0.113374885408412 0.530888918232032 4.07386568786635 294.849947377104 99.7745612209953 -52.7300852008998 0.839804957912889 0.865414641584545 0.86635302413587
47.953 0.29123448837804 7.00540775541356 -6.07176531188306 0.0384206183996047 0.524364911905012 3.92754782136979 294.884952639393 99.7571050988958 -52.3770766808098 0.840080633615127 0.865128347346795 0.866713248022014
47.967 0.305505944868987 6.97189159229896 -6.06397718935564 0.191067106177965 0.507042924531305 3.75998387892747 294.556457375454 99.5013945890062 -52.5393690127288 0.8398231587475 0.865364799173296 0.866544425871006
47.981 0.321821847779511 6.93370645375998 -6.05756640508194 0.0849374947968097 0.593743212230846 3.62520686508052 294.860811637909 99.3912551301056 -52.8054321114559 0.840097014366277 0.864959615533869 0.866639269845085
48.01 0.320584719678424 6.90993414937214 -6.05873987741249 -0.391495185980581 0.788567364290205 3.65963274345797 294.774730474118 99.1721296170951 -52.8048889003103 0.839711129644299 0.865212940541662 0.866354248042079
48.026 0.334913905233737 6.93989472346386 -6.05027904808799 -0.927918186466493 1.15703887213599 3.75779160651675 294.937257426706 99.3349166553855 -52.8044000102793 0.83974369614802 0.865070551668998 0.866344786154604
48.056 0.356429298911032 6.9593773790319 -6.05499445230019 -0.949630184613736 1.42225101545675 3.72552389624675 294.663531684035 100.021424989847 -52.7439600092514 0.839519915027104 0.864942401683601 0.866212810190337
48.071 0.385549527579728 6.94411118997209 -6.05492875722276 -0.763827471495874 1.61056026505611 3.56289517074422 294.417178515632 99.5592824908623 -52.8095640083263 0.839318512018279 0.864827066696744 0.866094031822496
48.086 0.385182090557381 6.90978145754105 -6.0578624047091 -0.746223350300485 1.73729049809248 3.35851405061636 294.375460664069 99.5633542417761 -53.0486076074936 0.839263870002144 0.864475656304972 0.86611059155698
48.101 0.392632554134814 6.90204863687545 -6.05337993239615 -1.1028987251941 1.98722557042064 3.26388401960053 294.397914597662 99.0270188175985 -53.0837468467443 0.838834376167012 0.864283260595179 0.865878437582785
48.13 0.414421442295094 6.89790224677494 -6.04994423331547 -1.65062411985026 2.35033507444728 3.22375515962521 294.178123137896 98.7843169358386 -53.3553721620698 0.838701527044196 0.863986230813564 0.865793096475699
48.146 0.422718837688845 6.9038071839169 -6.05984067149515 -2.28174491397211 2.64278248303308 3.16397506351001 294.040310824106 98.7458852422548 -54.0198349458629 0.838455191054426 0.863842777652912 0.865468956748834
48.161 0.421208236960007 6.92282840682465 -6.06383933330377 -2.83677652944513 2.90140499808856 3.02544015257886 293.556279741695 98.3512967180293 -54.1378514512766 0.838233488663633 0.863713669808325 0.865424563725143
48.19 0.435770137024611 6.93372258907615 -6.05947742794275 -3.15920574672962 3.11584465095146 2.84350682434387 293.720651767526 98.3561670462264 -53.6440663061489 0.838160728291155 0.863721208008995 0.865137277273333
48.206 0.480239888649604 6.92072261601143 -6.03939084351945 -3.38603326365971 3.39891667440593 2.76602637091712 293.748586590773 98.4805503416037 -53.799659675534 0.838095243955925 0.8636042571288 0.865002454727502
48.221 0.513259625990469 6.92608129885303 -6.02622105009158 -3.36727726553802 3.60635325124014 2.62072144374907 293.593727931696 98.4124953074434 -53.7596937079806 0.838036308054218 0.863622736597422 0.865004711905945
48.25 0.543635794424366 6.95089570200301 -6.02951153510927 -3.05039686722849 3.75869502535277 2.31208441387798 293.034355138526 98.291245776699 -53.9037243371826 0.838236356716948 0.863515632858384 0.865130203632084
48.266 0.538652624699489 7.0015999512302 -6.03235328549849 -2.50871595913159 3.8240468968633 1.97782253737568 292.590919624674 97.7621211990291 -54.2133519034643 0.838163309539139 0.863542974754049 0.865243146185609
48.281 0.54955052078934 7.00449729291443 -6.04149488527811 -1.69677566092836 4.03248190183346 1.76400974928697 292.431827662206 97.7659090791262 -53.8920167131179 0.838224187770918 0.863567582460146 0.865344794483781
48.311 0.556605292032702 6.95904128844598 -6.04212073015484 -1.07366298033171 4.33152378798599 1.64180724764071 292.228644895986 97.7093181712136 -53.6628150418061 0.838278978179519 0.863836787130865 0.865436277952137
48.326 0.558166181448587 6.94805842424982 -6.03047357375008 -0.695304315886322 4.51134850842403 1.36312270608275 292.705780406387 97.5983863540922 -53.6365335376255 0.838454759829718 0.863955611068972 0.865518613073656
48.341 0.580819525185366 6.98091032909352 -6.01801593042536 -0.506689914832041 4.63960297055873 1.10085623700119 292.655202365749 97.618547718683 -53.2528801838629 0.838486493032439 0.864186012878808 0.865592714683024
48.371 0.570142764922804 7.00185792571603 -6.02697516921571 -0.272051457699982 4.6092304597624 0.810617941545347 292.429682129174 97.4566929468147 -53.4475921654767 0.838767843743764 0.86439337450766 0.866028969514453
48.386 0.565142517456555 7.01472526424794 -6.03216544488142 -0.0585867699452509 4.5818952000457 0.560853857314477 292.586713916256 97.4310236521333 -53.742832948929 0.838768268555081 0.864826511220619 0.866052035479741
48.402 0.574648378940651 7.03414688378872 -6.02660147874716 0.170936029186679 4.57408735943044 0.29713488379677 292.368042524631 97.0479212869199 -54.1285496540361 0.839273636268498 0.86472276528006 0.866319306095492
48.429 0.60193828223845 7.07742385152252 -6.00908422943201 0.508040899550454 4.47011373799121 0.0193297923636576 292.291238272168 97.3031291582279 -54.7156946886325 0.8393499521098 0.865122962915779 0.866436662047123
48.444 0.602138192761248 7.10057140663211 -6.01265187689287 1.00380169509159 4.26356037945927 -0.242908530384159 292.342114444951 97.1728162424051 -54.8841252197692 0.839671128392347 0.865113169275394 0.866788522142142
48.46 0.614408830977951 7.08686784453641 -6.00676480199655 1.18510091489541 4.1272806773912 -0.378923020857193 292.327903000456 97.4755346181646 -54.7357126977923 0.839581224738805 0.86547432651158 0.86648857510943
48.49 0.630420375028975 7.08806184125647 -5.95896937190676 0.953613724169227 3.94508696079712 -0.379198657702772 292.55511270041 97.3879811563482 -54.7221414280131 0.84000529683385 0.865182063781126 0.866712191762212
48.506 0.64489061965918 7.10942733758126 -5.92690691118703 0.860542428088183 3.63912788303802 -0.432118486588983 292.819601430369 97.1291830407133 -55.0099272852118 0.839755355644351 0.865413143964193 0.866543475237184
48.521 0.656417459258814 7.10818585580678 -5.92929506986081 0.769908032607609 3.27368837717697 -0.46905930968581 293.057641287332 96.656264736642 -54.9089345566906 0.839909820094485 0.865126999488478 0.866638414274646
48.55 0.676428279289048 7.11550806307278 -5.91187177320187 0.193680588125474 2.95547984480278 -0.268718264213412 293.091877158599 96.5306382629778 -54.8780411010215 0.839669426578922 0.865116802190824 0.866353478028684
48.582 0.69767019242803 7.11114457556738 -5.89547254639743 -0.402786707328295 2.61031353971182 -0.0166555980974144 293.062689442739 96.71757443668 -55.0302369909194 0.839579693106722 0.864860291892446 0.866220632877008
48.584 0.716728053308365 7.09237340071023 -5.90262019036304 -0.612889715984779 2.22256462848873 0.0941702670558385 292.736420498465 96.345816993012 -55.1072132918274 0.839372312289936 0.864505558981104 0.865853739510012
48.612 0.732802738383565 7.09600961486894 -5.91611598191938 -0.93480685125653 1.90946847098337 0.170249423556361 292.802778448619 96.7312352937108 -55.0564919626447 0.839185669554828 0.864310173003698 0.865770868210204
48.627 0.741643580468137 7.10371150029062 -5.92700525157107 -1.34132616613088 1.58493383762549 0.354751198757977 292.202500603757 96.4181117643397 -54.9508427663802 0.839144311785038 0.864010451981231 0.865819744305917
48.641 0.751036863927518 7.07305421935641 -5.92663022308755 -1.59497980905977 1.29819617905378 0.584924933844012 292.682250543381 96.7963005879058 -55.1557584897422 0.838726773771616 0.86398831196461 0.865492939796029
48.686 0.736745901171393 7.03504787540844 -5.95406545784362 -1.81563449990952 1.01265137030871 0.634829387024496 292.574025489043 96.8366705291152 -55.160182640768 0.838731305580147 0.863720777046052 0.865322550997929
48.688 0.748424602088953 7.02705867281327 -5.97570455300469 -2.17529242396437 0.861767912667148 0.54615560862739 292.536622940139 96.5730034762037 -55.2241643766912 0.838481991736782 0.863727604522949 0.865169201079639
48.701 0.751573263887427 7.01448146573397 -5.9860218902915 -2.36157997546106 0.603835396209594 0.359478979062361 292.442960646125 96.6357031285833 -55.4617479390221 0.838384381056989 0.863486140348557 0.865154783622868
48.73 0.738844745710965 6.95204575125896 -5.98686795298659 -2.08191052753328 0.319024375672604 0.125821157492003 292.118664581512 96.812132815725 -55.6755731451199 0.838423152136983 0.863516431495204 0.864894475181285
48.747 0.732476758976706 6.86832026777736 -5.98679141579035 -1.61188741371125 0.175671556425954 -0.127218973524373 292.066798123361 96.8509195341525 -55.7480158306079 0.838458046108977 0.863419958266388 0.864783932844659
48.761 0.721358616369899 6.81140271548692 -5.98540574650135 -1.21024065707295 0.0886387519283967 -0.361061961668119 292.320118311025 96.8258275807372 -55.2732142475471 0.838489450683772 0.863333132360453 0.864808042211386
48.79 0.706444173352065 6.76933471909998 -6.01606138652712 -0.869369263121378 0.0332099912393738 -0.698238208249399 292.188106479923 97.5232448226635 -55.2058928227924 0.838264322330044 0.863378724305911 0.864953200906981
48.807 0.690088280406125 6.75409873025272 -6.0488588581039 -0.71831019940466 0.0291256333368105 -1.09100980727179 292.18929583193 97.4309203403972 -55.1453035405131 0.838441569565191 0.863543354526513 0.865083843733016
48.821 0.681652756065006 6.75762462344754 -6.07143340434613 -0.461746355036713 0.0414802455756485 -1.4758019563156 291.770366248737 98.0078283063574 -55.2707731864618 0.838601092076824 0.863691521725054 0.865201422276448
48.851 0.687707732495554 6.76145629638721 -6.09055339627846 0.233283242299019 -0.0107593820353514 -1.91448130266877 291.993329623864 97.8070454757217 -55.2636958678156 0.838744662337293 0.863948332469282 0.865430566609983
48.867 0.695072570780117 6.7378503491368 -6.11943312287376 1.30461140661874 -0.047851382763114 -2.36501790522632 292.133996661477 97.4463409281495 -54.9573262810341 0.839000196118133 0.864179462139087 0.86575998411271
48.897 0.694338756208896 6.71881961910898 -6.1425517898802 2.25659301404847 -0.00566166433413086 -2.76515733607774 291.720596995329 97.5417068353346 -54.8615936529307 0.839103855974471 0.864510802486358 0.865809948618172
48.911 0.690087024037789 6.6913969047872 -6.16515426355637 3.08436882714744 0.0720037387405036 -3.21154236582874 291.228537295797 97.2675361518011 -54.8954342876376 0.839575664945949 0.864562224888916 0.866224480056086
48.928 0.681591770349221 6.65911486697266 -6.18495780692729 3.83776400550139 0.244956036622178 -3.60794538115427 291.985683566217 97.140782536621 -55.0458908588738 0.839495307637047 0.864855288961204 0.866227994967211
48.942 0.654373441307195 6.65849216239515 -6.21331547319501 4.6081860782337 0.499086387158434 -4.03341038502357 292.307115209595 97.7467042829589 -54.7013017729865 0.839927971442268 0.864748665246586 0.866600721770221
48.971 0.675905472786827 6.67558896055993 -6.22483128267178 5.62141327193705 0.967498359129614 -4.74304644575786 292.656403688636 97.872033854663 -54.8111715956878 0.839938853766193 0.865023085283108 0.866443152244392
48.987 0.681697207765225 6.66158726970413 -6.26470405421539 6.70965362413265 1.33334394306398 -5.58019218286146 292.670763319772 97.8048304691967 -55.090054436119 0.840201139883101 0.86502327940599 0.866917280560722
49.001 0.681522814699808 6.61905820810848 -6.30256475116507 7.52265772736824 1.58779580829957 -6.36721113251425 293.223686987795 98.2843474222771 -55.2810489925071 0.839931614388676 0.865393425629116 0.866851515421383
49.03 0.677774561883926 6.62405726591396 -6.32347128187742 8.01924691646348 1.92748950991236 -7.13965032460633 293.241318289015 97.7559126800494 -55.3329440932564 0.840194624443336 0.865109252986909 0.867161890178976
49.045 0.671288669206428 6.64393918466253 -6.34414267595225 8.72419245382477 2.2988626963257 -7.66767002497013 293.737186460114 97.6403214120444 -55.2596496839308 0.839798978713652 0.865347614249398 0.866948203812271
49.061 0.660722816077823 6.63495798783019 -6.36615865280283 9.55864343744993 2.59645734272367 -7.89632286980136 294.303467814103 97.65628927084 -55.5536847155377 0.839949080856856 0.865191758005961 0.866755886082237
49.091 0.64349224932905 6.62256535181267 -6.39136000439571 10.2073592463767 2.86123908936733 -8.09676691869909 294.753121032692 97.370660343756 -55.6383162439839 0.839704761265056 0.865051487386867 0.866582800125207
49.106 0.638219953488552 6.64241688509759 -6.40470384328109 10.6476920240291 3.26977166898022 -8.33976198255437 295.277808929423 97.3535943093804 -55.4744846195855 0.839484873632436 0.864801508568885 0.866550483029419
49.136 0.627728802780428 6.65345977300385 -6.39815822930821 11.1646022109392 3.53745099063181 -8.42028960109282 295.930028036481 96.9182348784424 -55.747036157627 0.839286974763078 0.864576527632701 0.866397937377671
49.151 0.614695462125646 6.57924219269138 -6.3932846995445 11.6015771043491 3.68675932668314 -8.45994003029652 296.577025232833 96.4664113905981 -55.6923325418643 0.838982094001419 0.864374044790135 0.866137048821406
49.166 0.582554888014293 6.55081345109863 -6.36878724803793 11.476533897731 3.85014446271711 -8.56967121810656 297.099322709549 96.1197702515383 -55.9430992876779 0.838834473095163 0.864191810231826 0.866025846590458
49.182 0.580084298209217 6.54186729313782 -6.33704301038623 11.3349873781869 4.08497734468968 -8.77224608102873 297.749390438594 96.4677932263845 -55.8687893589101 0.838447918950729 0.864151534390146 0.865554558209315
49.211 0.579297287007451 6.51663735856281 -6.33989709901131 11.3037787167041 4.16655594609857 -9.07822757979609 298.094451394735 96.781013903746 -55.5619104230191 0.838353715549542 0.863743664609359 0.865625065305117
49.227 0.54782348818208 6.47992432728111 -6.36132011074409 10.8039351961787 4.13692325225207 -9.40857276074778 298.585006255262 96.8829125133714 -55.5857193807172 0.838142160709237 0.863624468069127 0.86531772869531
49.241 0.528954165696727 6.49877693010598 -6.36785167388843 9.75025923381273 4.19269657588183 -9.67000556100888 299.626505629735 97.0946212620343 -55.1271474426455 0.838205153824006 0.863517191182919 0.865164861007281
49.272 0.526097563671732 6.52149035113957 -6.3611006671136 8.77676002798871 4.12151852134708 -9.84498973773242 300.383855066762 96.9851591358309 -55.2544326983809 0.838135226935491 0.863420641985331 0.865150877557746
49.284 0.520533869654832 6.53367241839683 -6.34203624134768 8.25862600992266 3.82005369211314 -10.2055289318981 300.885469560086 96.9466432222478 -55.1889894285428 0.838198913427634 0.863333747707502 0.865261752718705
49.3 0.451361940793006 6.51746209222182 -6.39909848635353 8.115206157022 3.50751397175678 -10.6857393974869 301.396922604077 97.211978900023 -55.4300904856885 0.838129610578756 0.863502875587945 0.865238080098028
49.328 0.41831646545989 6.52753309987281 -6.47230161188505 7.15864737338087 3.57813662038263 -10.8553333966695 301.79723034367 96.9107810100207 -55.3470814371197 0.838193858706573 0.863655090680344 0.865216774739418
49.344 0.448610146501029 6.59184321685696 -6.48814561031874 5.7404925597069 3.71650616445124 -10.8774336447888 302.817507309303 96.6997029090186 -55.4523732934077 0.838251682021609 0.863915544529043 0.865444383826656
49.376 0.430923321537701 6.63134678236304 -6.49193057473852 5.24201582282018 3.55554257090688 -11.0980872268748 303.075756578372 96.5697326181168 -55.007135964067 0.838430193287599 0.864149952992872 0.865525908360724
49.391 0.401657504164453 6.59674990205459 -6.5138322686227 5.4040737825229 3.30533182526657 -11.495148733195 303.728180920535 96.6327593563051 -55.3864223676603 0.838464383144532 0.864360920610318 0.865599280441385
49.406 0.410752453497 6.51305996205055 -6.51014043465899 5.17664350350725 3.14731772670938 -11.7502140125472 303.955362828482 96.8094834206746 -55.1277801308942 0.838747944844648 0.864427331200479 0.865911826560971
49.422 0.424863557300819 6.50028755806962 -6.53423143841905 4.29714709208782 3.09212793877127 -11.8377880311398 304.519826545633 96.6085350786072 -54.7750021178048 0.838876829828335 0.864857072244156 0.865946606821607
49.45 0.436845290912854 6.53476107010018 -6.55567392186596 3.20254688669583 3.16077774031399 -11.545612281461 304.96784389107 96.6076815707464 -54.7575019060243 0.839371341414427 0.864873867670934 0.866347472439178
49.464 0.409142057526411 6.57410708566401 -6.55887113043315 2.35023112932396 2.99431828689328 -11.0452495265973 305.071059501963 96.6669134136718 -54.8017517154219 0.839311416458677 0.865258955067565 0.86646201175644
49.48 0.411263627196819 6.55900084525252 -6.54193660642487 1.92742175684958 2.74374142003601 -10.49492304722 305.583953551767 96.0602220723046 -54.1815765438797 0.839636446306336 0.865111964742311 0.866688284744521
49.509 0.429513468490962 6.52176249816928 -6.54465203010245 1.5957482834547 2.57623750704004 -9.99810249822322 306.40555819659 95.5141998650742 -53.9834188894917 0.839550010861395 0.86535005482926 0.866645419186802
49.524 0.451145715248815 6.54941980357391 -6.56678823700431 0.942280325338236 2.59647635175589 -9.39981896595815 306.725002376931 95.8027798785668 -54.1050770005426 0.839851181268783 0.865070219267038 0.866976403567853
49.539 0.450383728801219 6.57550847812375 -6.56893385712102 0.151105727918916 2.42995848757266 -8.66670729836997 306.832502139238 95.7625018907101 -53.9145693004883 0.839489879856554 0.86543567150406 0.866781265862261
49.569 0.427312156014748 6.58707713142527 -6.53357524809654 -0.326600264720304 2.02360386018944 -8.0801892402887 306.989251925314 95.9062517016391 -54.1631123704395 0.839670891885468 0.865147274274358 0.86697561343976
49.586 0.39541470299939 6.56534675707363 -6.53838375035598 -0.295466955805525 1.78536561157508 -7.55155962923693 306.890326732783 95.9156265314752 -54.8668011333955 0.839454391190807 0.865258509763655 0.866780554746977
49.599 0.407468276835498 6.5646437998111 -6.57168126246638 -0.571263771675355 1.70072218018856 -6.91625099455751 307.101294059504 95.5040638783277 -54.960121020056 0.839386161257419 0.865111563968792 0.86685178583346
49.629 0.39760665084453 6.58136905987515 -6.58375237114406 -1.46146563878263 1.53675683239872 -6.11241215464374 307.411164653554 95.4936574904949 -55.1641089180504 0.839198133625563 0.864979312753416 0.866669109901307
49.646 0.361616853495224 6.6101286210965 -6.5885111367152 -2.17715113597307 1.23651626366266 -5.52407170253815 308.050048188199 95.6042917414454 -55.9476980262454 0.838902136977656 0.864612677755977 0.866628161827909
49.66 0.357657182472751 6.59483194932498 -6.58417490799241 -2.36172609871164 1.17316998080785 -5.02586300556678 308.205043369379 95.6438625673009 -55.5129282236208 0.838889132465583 0.864406579901084 0.866467848296311
49.689 0.37360621833009 6.58717017696939 -6.60523186635088 -2.38280539723742 0.989440768986603 -4.51793319355972 308.344539032441 95.9194763105708 -55.6016354012587 0.838624035933674 0.864344827092478 0.866076233387385
49.704 0.368567320792697 6.58679876321532 -6.61729979375999 -2.8597920330862 0.833244783690996 -3.78369712611214 308.350085129197 95.8075286795137 -55.3214718611329 0.838638841525999 0.864165514303934 0.866094572965379
49.736 0.307349586268207 6.60442103380541 -6.62199585312605 -3.45243878397605 0.631599694634873 -3.18013657380627 308.175076616277 95.5267758115623 -55.4893246750196 0.838398774088049 0.864127868055043 0.865864020850344
49.75 0.317076635760015 6.63386817068976 -6.63358448154331 -3.91406513458608 0.864622931278256 -2.4873137561203 307.957568954649 95.3340982304061 -55.5803922075176 0.838309485173129 0.863846377527442 0.865656523946812
49.766 0.317331563593697 6.68586884103229 -6.64551060980499 -4.31884182723434 0.975107203035927 -1.74621596829453 308.241812059184 94.8006884073655 -55.0623529867659 0.838229125149702 0.8638406449562 0.865469776733634
49.781 0.314029551591055 6.73973230864415 -6.64594906794376 -4.48848436206816 0.966146101052945 -1.00365544016737 308.077630853266 94.8606195666289 -55.1361176880893 0.838156801128617 0.863587876738483 0.865425301711463
49.811 0.301002094488361 6.75301469873615 -6.63137991035592 -4.19841455181554 0.919913170336963 -0.408633407601013 307.989867767939 94.7345576099661 -54.3025059192804 0.838091709509641 0.863607994246137 0.86538527419151
49.826 0.29945273936482 6.76538779894616 -6.6300591361935 -3.83811508136681 0.901967654829985 0.0849016888842792 307.670880991145 95.3411018489694 -54.6322553273523 0.83815974774437 0.863626100003026 0.865472709689092
49.841 0.298357594675049 6.80285982990359 -6.63856692305938 -3.89781502361181 0.885816690873704 0.60312907724776 307.503792892031 95.5269916640725 -54.4490297946171 0.838347452438084 0.863889452919457 0.865551401636916
49.87 0.288393709361159 6.80013293657388 -6.62000742428067 -4.01566710903689 0.807922044687097 1.04586960463749 307.473413602828 95.4542924976653 -54.2841268151554 0.838516386662427 0.863879412809014 0.865622224389958
49.886 0.287267222970369 6.84861538380699 -6.61778880541827 -3.83547444393473 0.585908466172586 1.32219867470809 307.566072242545 95.5088632478987 -54.1357141336398 0.838541957181877 0.863993974179306 0.865685964867695
49.901 0.280806577178516 6.86555423948452 -6.61531320856785 -3.49925524381606 0.47388250505151 1.68845208968003 307.289465018291 96.0379769231088 -54.2421427202759 0.838943932957217 0.864220539678108 0.865866654942106
49.93 0.29929314193667 6.8780458564754 -6.61476111096241 -3.40581826905278 0.483746162943306 2.09899619368913 306.740518516462 96.334179230798 -53.9179284482483 0.839053219129646 0.864424448627031 0.865905952364628
49.945 0.321856702603767 6.89455555038413 -6.60169465257613 -3.61638148031544 0.446821928328365 2.38680649798434 306.846466664815 96.2407613077182 -53.9861356034235 0.839404068710209 0.86436090894583 0.866187831291891
49.961 0.333664487514975 6.91025226852382 -6.58382965547342 -3.90283493533733 0.356338208777971 2.64354569551415 306.641819998334 96.2166851769464 -54.8275220430811 0.839340871024881 0.864797292214972 0.866318334723882
49.99 0.335492802304699 6.93287869877593 -6.57720826943963 -4.05453617462803 0.303147135991777 2.95781708016121 306.517637998501 96.3750166592517 -55.164769838773 0.83966295541592 0.864820065644668 0.866682027551225
50.006 0.358446680881984 6.95168628025332 -6.56191159677728 -3.98267034342476 0.38580952162924 3.31852392176341 306.645874198651 96.6375149933266 -55.5882928548957 0.83957386906002 0.865210533243926 0.866639787712836
50.02 0.351631706993348 6.86344776506673 -6.51965361886225 -3.79738040831893 0.373182767939599 3.5729310715718 306.341286778786 96.9337634939939 -55.3094635694061 0.839872653647546 0.865068385101036 0.866971335241283
50.05 0.36614822093299 6.86184467633472 -6.5048451726407 -3.93519961939543 0.22441410946625 3.75609597968179 306.127158100907 97.0203871445945 -54.5185172124655 0.83950920499744 0.865310833152113 0.866776704368348
50.066 0.381726998779037 6.87775986575996 -6.48104293687077 -4.45313003913528 0.259224606916571 3.99422683972888 306.594442290816 96.9183484301351 -54.346665491219 0.839940479066622 0.865034919757606 0.866971508095238
50.081 0.397962533258967 6.90279759035035 -6.45620920249461 -4.8444582565958 0.285210543171479 4.14060568247355 306.054998061735 97.0665135871216 -54.0719989420971 0.839697019653845 0.865157390698578 0.866653262467217
50.11 0.429034652850246 6.90234718083314 -6.435534781116 -4.98138647673775 0.36813987053372 4.1883771752949 305.509498255561 97.3798622284094 -53.6447990478874 0.839730997156612 0.864896821549425 0.866737222781675
50.124 0.450834491140737 6.90008634351765 -6.40489691427149 -5.29775164585786 0.422165578136837 4.26801274020816 305.498548430005 97.3018760055685 -53.8603191430986 0.839508485934837 0.864786044575985 0.866318670424212
50.141 0.455909566539908 6.92115563770897 -6.38348790941355 -5.88477037440185 0.534910852384222 4.41296719137818 305.008693587005 97.1116884050117 -53.4542872287888 0.839308225835239 0.864562610039091 0.866312766298524
50.17 0.482683357410179 6.95083200890512 -6.36092781666861 -6.43598799345021 0.734091522870991 4.51518192262204 304.507824228304 97.0005195645105 -53.3888585059099 0.839254612437407 0.864485254216684 0.866060394850174
50.186 0.501213249694597 6.97047787867806 -6.34493329206657 -6.70383957578458 0.775186187377785 4.50106831051251 304.117041805474 97.4404676080594 -53.7499726553189 0.838952967908316 0.86429189871572 0.86583326054666
50.202 0.501430014191233 6.98295176592012 -6.32736586999492 -6.9502495113359 0.722858408334663 4.47920575427042 303.765337624926 97.3564208472535 -53.714975389787 0.83880825961137 0.864117878764853 0.865752437143187
50.231 0.505575537161376 6.99711114674693 -6.30820331101057 -7.37125509455345 0.773473330859975 4.5702164765533 303.688803862434 97.4007787625282 -53.5634778508083 0.838551250364882 0.86408499606987 0.865432363349572
50.246 0.521457081564974 7.00943564036386 -6.28293646387252 -7.82878607364772 0.835820654262527 4.637622309814 303.13992347619 97.5607008862753 -53.4271300657275 0.83844671382228 0.863683780121111 0.865391629665808
50.262 0.531859891589324 7.01412318937984 -6.26259050081962 -8.19857922200814 0.811780573569099 4.66622649104634 303.365931128571 97.8246307976478 -54.0244170591547 0.838225859154701 0.863817904760193 0.86498376297713
50.291 0.535835466065264 7.02289096229977 -6.24936679581517 -8.70238542194473 0.803884958960281 4.78968017781957 302.969338015714 98.182167717883 -53.6019753532393 0.838153861733117 0.863567410562076 0.86486429186092
50.307 0.546835513065687 7.05406553489304 -6.23608878475172 -9.42680336829988 0.931130050850512 4.93132284706051 302.612404214143 98.0239509460947 -53.5817778179153 0.83808906405369 0.863341965783771 0.864880365326021
50.322 0.567329893544701 7.08834761627617 -6.22725103397736 -10.1009169245997 1.0891620839334 4.94277071502622 302.531163792729 98.0015558514853 -52.9636000361238 0.837903974362971 0.863262939126099 0.864894831444612
50.351 0.581106147201706 7.11698681933971 -6.21857879846903 -10.6618175985519 1.26116190607441 4.91490585726406 302.218047413456 97.9814002663367 -52.7672400325114 0.837990786112366 0.863315550394991 0.864907850951344
50.367 0.611880273549422 7.16436978718602 -6.20568612476836 -11.0765518692311 1.41214495210819 4.81654504253002 301.87624267211 98.1432602397031 -52.7705160292603 0.838195386969281 0.863486498006685 0.865043028772943
50.382 0.610008595224021 7.20162748582032 -6.21922181183682 -11.1467592777278 1.47627396834775 4.61656992758999 301.628618404899 98.3489342157328 -52.5934644263343 0.838379527740505 0.86364035085721 0.865164688812381
50.411 0.630829576703129 7.23420173484266 -6.21751757384466 -11.1458238079703 1.65231069365038 4.44193583559435 300.925756564409 98.8940407941595 -52.5541179837008 0.838545254434606 0.863655220952991 0.865397506492323
50.427 0.638375572012858 7.2662120690183 -6.20215724636132 -11.0800963890053 1.71990405176626 4.15117736653873 300.473180907968 98.2446367147435 -52.6987061853308 0.838694408459297 0.863792201508885 0.865483718759824
50.441 0.654803626221713 7.29777467521157 -6.19216367062045 -10.7995676661353 1.82424952445223 3.79331153828181 300.005862817172 98.5601730432692 -52.6488355667977 0.838954967627936 0.86391548400919 0.865807821047567
50.471 0.679045974447396 7.32324813847654 -6.17808179071051 -10.3264811285294 2.01663373231235 3.36054526994981 299.945276535454 98.3641557389423 -52.2439520101179 0.838936680050835 0.864149898525004 0.865853001859543
50.487 0.679316269666612 7.35293785671812 -6.1735483766541 -9.77627576376809 2.13634440488264 2.91227700249681 300.070748881909 98.7277401650481 -52.6595568091061 0.839299183539279 0.864237411323697 0.86626322797332
50.502 0.690453154424423 7.37193732208391 -6.16120829233037 -9.26200696601724 2.2967557659211 2.64547678316316 299.643673993718 98.9949661485432 -53.2136011281955 0.839246474371044 0.864562956752507 0.866262868092722
50.531 0.706342145126695 7.40142683458072 -6.14471529169535 -8.81290550605673 2.4144084336038 2.43207414301479 299.679306594346 98.8154695336889 -53.052241015376 0.839577998427467 0.864609163728449 0.866632107583181
50.547 0.708072678138287 7.43227695469625 -6.13058985093524 -8.26672945926785 2.55999049100678 2.11787436230109 299.291375934912 99.07392258032 -53.0870169138384 0.839370787078605 0.864897533916784 0.866594859741596
50.562 0.703884073397045 7.44430019001276 -6.13403782384953 -7.58967483395176 2.68490747244045 1.75265181156717 298.70223834142 98.586530322288 -52.7583152224545 0.839815902939671 0.864786685706608 0.866930900067168
50.591 0.719507361919157 7.46272269672255 -6.11702967706944 -7.04673788490772 2.83550069466205 1.40257747010511 298.712014507278 98.5678772900592 -52.8824837002091 0.839711521831396 0.865180491299673 0.866616715241954
50.607 0.729139046791618 7.4867249708125 -6.09920845946931 -6.38633890557726 2.90767581603554 0.979876975002993 298.420813056551 98.2510895610533 -52.6942353301882 0.839996541141784 0.865041347351208 0.866704330278938
50.622 0.7379272731454 7.49162746495745 -6.08753876556095 -5.51488058753862 2.98255708939382 0.504790040861472 297.858731750896 97.905980604948 -52.7048117971694 0.839874096213298 0.86516317553282 0.866412802432547
50.651 0.756431021002903 7.48418839895792 -6.0761980474216 -4.6412551242046 3.06216397587429 0.0253034031875388 297.892858575806 98.1353825444532 -52.8943306174524 0.83989036606012 0.865025763161041 0.866520808750472
50.667 0.756564400531031 7.4749793540603 -6.06323809566101 -3.90079373392155 3.08342849431739 -0.43676892186404 297.983572718225 98.1618442900079 -53.1248975557072 0.839651917947993 0.86490209202644 0.866371230526618
50.682 0.772306610885719 7.47046204189951 -6.03888488240839 -3.29697390251412 3.1705054922139 -0.809885922807407 298.065215446403 97.8256598610071 -53.2124078001365 0.83943731464708 0.8646670527445 0.86623661012515
50.711 0.782105180391782 7.4537072042867 -6.02223422909797 -2.7375055198963 3.23742440864136 -1.14340114732056 298.138693901763 98.0030938749064 -53.1711670201228 0.839370792368064 0.864579252651552 0.866115451763828
50.727 0.784639113637012 7.43952568712036 -6.01491007910687 -2.34085420454789 3.3510865479299 -1.43058775014576 297.724824511586 98.1627844874157 -53.2540503181105 0.839184301625144 0.8645002325679 0.865635202865348
50.742 0.795778203152599 7.4376559526521 -6.00047732925283 -1.98081458561982 3.49307712977813 -1.64630760108538 297.712342060428 97.5865060386742 -53.0886452862995 0.839016459956515 0.864181505589013 0.865574185230006
50.772 0.792814834245725 7.42472040690166 -5.98976236762881 -1.50105373774486 3.54987628702932 -1.86488294784707 298.241107854385 97.2478554348068 -53.1197807576695 0.838611707125946 0.864018524950816 0.865148062984908
50.785 0.802477946873322 7.40003005299433 -5.97934075160873 -1.03339111206198 3.64374362015845 -2.07457785916923 298.236997068946 97.6630698913261 -53.1478026819026 0.838501124907237 0.863871842376438 0.86501216186792
50.8 0.811713443096711 7.37864668041585 -5.96289843288707 -0.779670321466467 3.69921658638688 -2.2816238900462 298.173297362052 97.3767629021935 -52.9930224137123 0.838274829131162 0.863615954416697 0.865013448332321
50.83 0.812244229819984 7.3607184785913 -5.9487587151019 -0.687199472525927 3.72089798118331 -2.45880501249196 297.935967625847 97.4190866119741 -53.3937201723411 0.838197934711932 0.86338565525293 0.865014606150282
50.844 0.828164541697452 7.35146643206274 -5.92986789379313 -0.603975708479442 3.74804482428635 -2.59002374788399 297.542370863262 97.5171779507767 -53.334348155107 0.838255350426431 0.86342599490914 0.864892050716756
50.86 0.828307179191067 7.34146365062709 -5.91909112066442 -0.391669740684932 3.69843118155237 -2.6814030524849 297.608133776936 97.4254601556991 -53.3409133395963 0.838307024569481 0.863462300599729 0.864781750826583
50.89 0.839748150925357 7.32880995753094 -5.90975113091243 -0.228838644479035 3.68507661301546 -2.66135435028985 297.667320399242 97.7029141401292 -53.7068220056367 0.838353531298225 0.863618573190949 0.864929538660658
50.906 0.848488795894848 7.3237662859203 -5.89805310407913 -0.22885554338991 3.64633994408032 -2.62957006029903 297.660588359318 98.1326227261162 -54.096139805073 0.838395387354095 0.863759218523047 0.864939087445786
50.921 0.852345086459935 7.32658915645852 -5.88698619699153 -0.252534874547102 3.59620976646618 -2.63607870312409 297.534529523386 98.0393604535046 -53.9665258245657 0.838559528086837 0.863885799321935 0.8649476813524
50.952 0.861621687404472 7.31985220545805 -5.8767267176122 -0.269266119916819 3.57093993485773 -2.65873037479641 297.781076571048 98.0754244081542 -53.8498732421091 0.838833575292723 0.863999722040935 0.86520219977834
50.966 0.875417437784813 7.31702109486708 -5.86689461248611 -0.438522714032008 3.55506731541776 -2.66308634495036 297.762968913943 97.8678819673388 -54.5848859178982 0.838827426949143 0.864349036398021 0.865307942717239
50.982 0.88747448322142 7.31519135514661 -5.8531974760666 -0.633601740338731 3.54612546937217 -2.67616702343242 297.746672022549 97.9210937706049 -54.8863973261084 0.839200855747756 0.864293037939722 0.865649622609241
51.01 0.896171044680162 7.31474168908385 -5.84344382953416 -0.806119428900277 3.47700910564106 -2.67267245849376 297.252004820294 97.4889843935444 -55.1577575934976 0.839284449641132 0.86461302070693 0.865833946909496
51.026 0.900466499959842 7.31194279025604 -5.83747874383721 -1.00489679898735 3.37510972179451 -2.63593956378942 296.926804338264 96.98008595419 -54.9219818341478 0.839738199245944 0.864530623817739 0.866123026382272
51.041 0.899125020118429 7.31552901354977 -5.83827519432837 -1.26318574504281 3.28416363511124 -2.59295629443338 296.754123904438 97.002077358771 -54.949783650733 0.839768058789501 0.864826847997145 0.866136686660778
51.069 0.907314932714588 7.32444284994198 -5.83803432002188 -1.54068396443166 3.21910605022607 -2.51304997796714 296.838711513994 96.9018696228939 -54.8548052856597 0.840173447479477 0.864846665848624 0.866395492158425
51.086 0.908879914615172 7.33282440875882 -5.83793726695646 -1.76371480462972 3.10482903298973 -2.44418772826203 296.794840362595 96.5716826606045 -55.2493247570938 0.840033311917222 0.865234473427487 0.866258445593776
51.101 0.908313183844344 7.3426423249386 -5.83336078345539 -1.87970973638049 2.98518582434724 -2.43030330658087 296.575356326335 96.334514394544 -55.4243922813844 0.840286152219027 0.865089931266241 0.86662812733413
51.13 0.91025718050622 7.35093976656279 -5.82780542868163 -1.8642578467119 2.81796495183618 -2.43689129653347 296.617820693702 96.6010629550896 -55.3419530532459 0.84000812549101 0.865330224700796 0.866344219782219
51.146 0.915298807597963 7.3517037057848 -5.83010794130968 -1.83737404677354 2.63311502153806 -2.43060674703279 296.596038624332 95.9409566595807 -55.2077577479214 0.84001099241006 0.865052372151421 0.866459084365177
51.161 0.918280036428697 7.35185252046328 -5.822842777443 -1.9040183214855 2.47056687816288 -2.37075217919974 296.096434761898 96.1868609936226 -54.9669819731292 0.83976048166294 0.865049637587472 0.866192081110162
51.19 0.919646332722122 7.35060977711446 -5.81857864320761 -2.05789129849725 2.33343385446873 -2.2817685643332 296.066791285709 96.1081748942603 -54.6902837758163 0.839535021990531 0.864799843749429 0.866198835915879
51.206 0.922551938946141 7.34440364635736 -5.81575844520765 -2.23683499307501 2.20543398047224 -2.20015659339607 296.460112157138 96.2173574048343 -54.5012553982347 0.839332108285364 0.864698764555989 0.865957857505794
51.221 0.92947654937663 7.34342695054487 -5.81184363813195 -2.42307515788964 2.07115012440975 -2.15266001802593 296.214100941424 96.1956216643509 -54.2111298584112 0.839022714171477 0.864484058021094 0.865740976936717
51.25 0.920146390929446 7.33099592426785 -5.82088983462149 -2.59527145889457 1.90983663868633 -2.10380622996379 296.172690847282 96.2360594979158 -54.7300168725701 0.838997651940022 0.864290822139689 0.865669381894239
51.265 0.914382867635451 7.32699059873254 -5.81682099466825 -2.83574431300512 1.82037969237495 -2.05449430925749 296.435421762553 95.8524535481242 -54.7770151853131 0.838721703460669 0.864240645107223 0.865357613625519
51.281 0.915540330965366 7.33140639748661 -5.81375761239503 -2.95980346949086 1.76353256283211 -2.04370136688136 296.191879586298 95.9872081933118 -54.6993136667818 0.838726742300295 0.863823864254728 0.86520075744447
