81.257 0.728658944216997 -5.83210073019297 -7.42846000717797 -1.62275066939213 0.406572238792103 -1.90178562830137 421.37214002883 -9.77915894508258 22.9501008460056 0.84022552751065 0.865179654121905 0.867084886026924
81.287 0.735759386284021 -5.82990357373862 -7.42470406764792 -1.69024659481933 0.377365396592282 -1.90015668379184 421.294926025947 -9.46124305057433 22.635090761405 0.840080183945278 0.864916858630419 0.867002360340965
81.302 0.74400528865713 -5.84037596966065 -7.42138356513423 -1.6418326223603 0.346499085940687 -1.9292249848783 421.165433423352 -8.99511874551689 22.2915816852645 0.839822754044636 0.86480407794888 0.866804626958061
81.317 0.745381241419835 -5.84716750668201 -7.40989572894551 -1.6226875280632 0.307269024674863 -1.98057729555078 420.988890081017 -8.9956068709652 22.4024235167381 0.839464295354821 0.864578840074696 0.866750127178989
81.349 0.752365683357945 -5.84837175744814 -7.39656390331964 -1.41156381342482 0.239137542054705 -2.14358826828578 420.530001072915 -9.05604618386868 22.0821811650643 0.839395075005032 0.864376125987931 0.866577617112283
81.365 0.747638358033625 -5.89823745493331 -7.39593773111206 -0.891018119105239 0.119040581742364 -2.43304623535033 420.837000965624 -8.75044156548182 22.0339630485579 0.838952460669611 0.86431741857064 0.866175025321759
81.379 0.759065783044929 -5.93802892092679 -7.38082940302344 -0.765275085820669 -0.0157642397906509 -2.64012329120461 420.813300869062 -8.77539740893364 21.9305667437021 0.838934423788342 0.864016972991479 0.866183485706316
81.409 0.784972628374012 -5.95049777260853 -7.35304624070572 -0.736839180292038 -0.150065678407006 -2.82954607658797 420.791970782155 -8.19785766804027 21.9575100693319 0.838664798124158 0.863994180873834 0.865944042317187
81.424 0.790392136948507 -6.00439637867897 -7.33648098316652 -0.483765949285735 -0.282387354841114 -3.11682047656276 420.89277370394 -7.79807190123625 21.9817590623987 0.838548906805627 0.863726059064353 0.865728543266971
81.439 0.786471000054956 -6.02866381974479 -7.30074266916688 -0.283480957410596 -0.392316558288301 -3.36926056631106 420.803496333546 -7.97826471111262 22.0635831561588 0.838317832839714 0.86373235833942 0.865534594121777
81.469 0.797307190960181 -6.04960668001885 -7.2752221017436 0.200592329170158 -0.479802459711379 -3.66744901349675 420.963146700191 -8.02043824000136 22.0172248405429 0.838236638049628 0.863614292426183 0.865483637360792
81.483 0.813284687100827 -6.09114030522986 -7.26099244260989 0.942365157321845 -0.556249694656272 -4.05184915031501 421.046832030172 -8.35839441600122 21.7955023564886 0.838163562738551 0.863508033104269 0.865437776275906
81.498 0.817189799456876 -6.1008076982756 -7.25650560412588 1.45728894693317 -0.644136175572324 -4.35277110551252 421.062148827155 -8.8425549744011 22.1359521208398 0.838224415650389 0.863536134975344 0.865519961565048
81.526 0.823517584838642 -6.09047444317277 -7.24612279731437 1.9039264644536 -0.698043168702114 -4.60299017816738 421.01593394444 -9.33829947696099 22.5023569087558 0.838405653553501 0.863808484394543 0.865593928325277
81.541 0.81580506328181 -6.0901527850646 -7.24539738892082 2.58376282564182 -0.761063279312819 -4.91979039699186 420.734340549996 -9.30446952926489 22.5921212178802 0.838568767666303 0.863806541136591 0.865783822053929
81.557 0.818081473381241 -6.10488690574332 -7.23768165706304 3.21011936750512 -0.77885008115253 -5.18506326568962 420.900906494996 -9.4540225763384 22.8529090960922 0.838841890914242 0.863928389674125 0.86583140276527
81.587 0.828988786105144 -6.11335921561149 -7.23331122695244 3.84941277426606 -0.795621561586895 -5.441366099426 420.630815845496 -9.40862031870456 22.787618186483 0.839087701837387 0.864161513623446 0.866120736652468
81.602 0.855804200974549 -6.13828237302984 -7.22452959804687 4.77668523729747 -0.732853298557976 -5.7766188024605 420.447734260947 -9.90775828683411 23.0288563678347 0.839308931668217 0.864371325177835 0.866134625903954
81.617 0.868864890343647 -6.19058091146843 -7.20513397504943 5.65932205707917 -0.618346594656377 -6.08139967030605 420.462960834852 -10.4169824581507 23.3059707310512 0.839760233070321 0.864313097841554 0.86651668961329
81.648 0.870743426448137 -6.2298085812011 -7.19803281471185 6.15980206511171 -0.512237126030434 -6.24425206968766 420.056664751367 -10.4552842123356 23.4953736579461 0.839661418948982 0.864754262221124 0.866614307213141
81.665 0.875666284053949 -6.2226164212774 -7.19032498459564 6.48809666776085 -0.409868375259452 -6.30150625203187 420.11099827623 -10.6697557911021 23.4858362921515 0.839951448547611 0.864781338650204 0.866948402791559
81.679 0.877822366496409 -6.24385634699024 -7.17734254831565 7.07898165747331 -0.249034209489232 -6.41105028331724 420.519898448607 -10.9827802119919 23.7172526629363 0.839833512878542 0.865175678948909 0.866879525429136
81.71 0.887065154737668 -6.27745721017024 -7.16152837366902 7.47642700317636 -0.0508483457922171 -6.39360937712292 421.007908603747 -11.0245021907927 24.1655273966427 0.840106333084215 0.865037016235521 0.867187099185954
81.723 0.894186564469132 -6.26986958928139 -7.1610622867141 7.62725758530148 0.1305723666496 -6.28096599666253 421.207117743372 -11.4220519717134 24.5689746569784 0.839846288269679 0.865282601173149 0.867094352184092
81.738 0.877252365515047 -6.2854265184453 -7.13975338317697 7.95689823898507 0.356446427694564 -6.22157168707262 421.626405969035 -11.5398467745421 24.5720771912806 0.840243854011637 0.865133246237336 0.867380443265414
81.77 0.859737091093135 -6.30852571230389 -7.10794595638881 8.44059772806366 0.545992624619764 -6.23529238096078 421.643765372131 -11.8858620970879 24.6948694721525 0.840096677796166 0.865369208174783 0.867144901590066
81.783 0.887547814395016 -6.34481743962697 -7.07512944722149 8.64691963464661 0.731088018646337 -6.09191581462042 421.599388834918 -11.8972758873791 24.9853825249373 0.840217010031119 0.865087457278009 0.867179697992239
81.798 0.907070806812631 -6.3588052391213 -7.06313208744502 8.86238034293767 0.899963949606131 -5.96211354613548 421.379449951426 -12.0875482986412 25.6668442724436 0.839945897521892 0.865081214201401 0.866840633374518
81.828 0.908001796476293 -6.39635377519147 -7.04724680190303 9.21889040024696 1.11073091342414 -5.91399379457537 421.241504956284 -12.1987934687771 26.1001598451992 0.839701896263589 0.864828262701965 0.866905856598246
81.845 0.892858388488514 -6.39160084777609 -7.03253104810433 9.62829907014593 1.24545934879929 -5.96610586549951 420.937354460655 -12.5989141218993 25.9501438606793 0.839608915822923 0.864847939082962 0.866717773589615
81.858 0.89802380424591 -6.43077795553388 -7.01832918993697 9.78378977381836 1.36518822307966 -5.90231970643048 420.96361901459 -12.4190227097094 26.7151294746114 0.83927184095528 0.86461831509537 0.866424901412156
81.888 0.92056933660971 -6.40324943823977 -6.9982451856619 9.77640316284874 1.47141749237475 -5.81514117090193 420.567257113131 -12.6771204387385 26.9836165271502 0.839221866045444 0.864411653506537 0.866284913922133
81.904 0.972822913107278 -6.51218992677358 -6.97645859663062 10.1224269687013 1.6425963538243 -5.85423774083464 420.630531401818 -13.2094083948646 27.5252548744352 0.839050267934786 0.864349393337386 0.865911592450624
81.919 0.976575930634441 -6.54385710543716 -6.95475573013162 10.4895735848082 1.77833671844187 -5.87339411942293 420.927478261636 -13.8084675553782 28.1327293869917 0.839022450327 0.86404575028155 0.865822935856755
81.945 0.984203362213941 -6.55589743363551 -6.9400115490252 10.6932879820526 1.95851831377325 -5.85170356244247 420.474730435472 -13.6276207998403 28.7994564482925 0.838744022008949 0.864143677904588 0.865495812191783
81.96 0.975805011761819 -6.55757592833959 -6.92548484328039 11.0338828479695 2.12984205491501 -5.82683854970968 420.427257391925 -14.0648587198563 29.3995108034633 0.83862020830194 0.863860606392032 0.865325136154108
81.976 0.979439384376378 -6.57452913567653 -6.89768645813448 11.1198075402718 2.28021662804947 -5.66247530542573 420.624531652733 -13.8583728478707 29.9395597231169 0.838635396657438 0.863729715673533 0.86541858545543
82.006 0.988635975094471 -6.62097150485424 -6.88421995923266 11.2803458702141 2.46898885837429 -5.50157128633354 420.982078487459 -13.7325355630836 30.3656037508052 0.83852244548558 0.863611914026884 0.86537922956108
82.021 0.988772616957278 -6.67911008358634 -6.85462240712653 11.2858990694522 2.65644111757503 -5.2842385851811 421.423870638714 -13.8592820067753 30.7490433757247 0.838547410122715 0.863629627805698 0.865343809256165
82.036 1.00098631337999 -6.72419236326787 -6.81643261018524 11.1649427502932 2.82133135696256 -5.00848648238818 422.001483574842 -14.1533538060977 30.7941390381523 0.838696348578595 0.863769167676322 0.865558714891729
82.066 1.02957601746069 -6.70838294826066 -6.77188642176803 11.1057003836609 3.03385470981593 -4.7526760020883 422.161335217358 -14.538018425488 31.434725134337 0.838830393188887 0.863894753559882 0.865752129963736
82.081 1.04495183885229 -6.74796416522964 -6.73652340787187 11.2974204216307 3.25031656707861 -4.5667213789787 422.365201695622 -14.9442165829392 31.7112526209033 0.83895103333815 0.864007780855087 0.865926203528542
82.097 1.07608818048357 -6.83835463072572 -6.69332422450961 11.5203501351928 3.45658262029441 -4.39707214184419 422.12868152606 -15.1297949246452 32.260127358813 0.839059609472486 0.864109505420772 0.866082869736868
82.129 1.07771481604086 -6.90629848550898 -6.6750351217608 11.4301471827422 3.62161138116573 -4.13446416430099 421.435813373454 -14.8168154321807 32.5141146229317 0.839283648539807 0.864201057529887 0.866470109062913
82.144 1.0605040150646 -6.91124406496712 -6.64444910531226 10.9558347545443 3.72509909801099 -3.7271246180999 421.472232036109 -14.8351338889627 32.8027031606385 0.839232492871519 0.864530238338079 0.866449061073355
82.16 1.07087166527781 -6.93508814907099 -6.62835400442764 10.9068161645861 3.85716934088165 -3.4864732249922 421.565008832498 -15.0316205000664 33.4824328445747 0.839565415077894 0.864579717155464 0.866676629129744
82.19 1.11054906326419 -6.97731751623177 -6.61338957375721 10.9756765328603 4.03252110908356 -3.30271139867619 421.708507949248 -14.9084584500597 33.9141895601172 0.839738873584674 0.864994219603642 0.86675825277795
82.203 1.11190192471044 -6.97797438879987 -6.59118278229031 10.7628417040017 4.2025514409233 -3.02740209086964 421.957657154323 -15.1576126050538 34.9027706041055 0.840147180795132 0.864997300294471 0.867077953799886
82.217 1.07020343455759 -6.93588893455429 -6.60501472416931 10.6086949381817 4.22504438843402 -2.83382218712619 422.481891438891 -14.7218513445484 35.6124935436949 0.840009671901312 0.865246856826204 0.867119444981078
82.249 1.06206362050552 -6.94386101521995 -6.59705293414068 10.2638559787147 4.34986819386543 -2.53517279284105 422.293702295002 -15.3496662100936 36.4312441893255 0.840390899280106 0.865101076325086 0.867525944023738
82.265 1.05318155826728 -6.99431105337691 -6.58671497318511 9.92296656404933 4.46984320653995 -2.21753337615236 422.604332065502 -15.4346995890842 36.8081197703929 0.840102397845981 0.865340255253758 0.867275852272558
82.279 1.05219074733496 -6.98045958175199 -6.53832546782522 9.56654777023982 4.61598865687833 -1.99807011487301 422.283898858952 -15.5112296301758 37.2673077933536 0.840474352630309 0.865185134909885 0.867543793345033
82.309 1.04645075184799 -6.90101547027174 -6.52990984838034 9.65645787871202 4.63530582172484 -2.06085852323303 422.175508973056 -15.6401066671582 37.9805770140183 0.84030412655297 0.865292584335629 0.867291916661723
82.325 1.04128475590971 -6.91115806386956 -6.54124996591353 9.72516323587898 4.69467600291114 -2.09523068617691 422.257958075751 -15.9360960004424 38.8025193126164 0.840277393365825 0.865018495822771 0.867312011556731
82.339 1.0420223200717 -6.93489101427277 -6.53691129859158 9.56562401152773 4.75268931865056 -2.10021143435311 421.732162268176 -16.0824864003981 39.3022673813548 0.840000242523128 0.864895551421996 0.86695971558256
82.369 1.06602958360896 -6.91375360695255 -6.50056507267835 8.99074099968793 4.80413794403741 -1.97797655045978 421.918946041358 -16.1542377603583 39.5720406432193 0.839750806764701 0.864661166200501 0.866889706941038
82.385 1.08679815101253 -6.92124571032284 -6.50478403042211 8.76189590735273 4.82983101986268 -1.9565147732764 421.967051437222 -15.9788139843225 39.8148365788974 0.839526314582116 0.864573954761953 0.866826699163667
82.399 1.08867059917117 -6.94774077201151 -6.50079992059279 8.63379791967089 4.95219142932679 -2.02422207457471 422.1303462935 -16.0609325858902 40.0333529210077 0.83932427161779 0.864495464467261 0.866399199168005
82.43 1.1014289865273 -6.87007217881915 -6.494640493185 8.33606698266563 5.09972037799717 -2.02103650833862 422.21731166415 -16.3148393273012 40.2900176289069 0.839142432949897 0.864053201678762 0.866385242167937
82.445 1.12165037477414 -6.8976144547269 -6.47886179428459 8.54826181111663 5.2882216226402 -2.18687178880246 422.415580497735 -16.1833553945711 41.1210158660162 0.838978778148793 0.86390305143159 0.866001887871848
82.459 1.12195296005368 -6.9529285688703 -6.47633269913042 8.39038219489046 5.4952773229716 -2.18803193816649 422.174022447962 -16.365019855114 41.2089142794146 0.838831488827799 0.863644042566334 0.865780604266166
82.489 1.12563702090943 -6.96326682503564 -6.45406492489915 7.71241267769149 5.68086409449123 -1.95701500389183 422.856620203165 -16.4685178696026 41.2280228514731 0.838572156659668 0.863658543491203 0.865705046490742
82.505 1.12584021649686 -7.05523107232639 -6.43228809778399 7.40605690610555 5.88835020412608 -1.88116083174692 422.810958182849 -16.1416660826423 41.5452205663258 0.838465529487587 0.863547859062787 0.865637044492861
82.519 1.11177759434516 -7.0683275978147 -6.41292837331748 6.78682526129652 6.0827212905837 -1.73579284017528 422.589862364564 -16.0274994743781 42.1306985096932 0.838496185724521 0.863571978338011 0.865575842694768
82.549 1.11139151810767 -7.01050306442788 -6.35929232004335 6.2150129641745 6.31261710045663 -1.59503798363867 422.630876128108 -16.2847495269403 42.4176286587239 0.838523776337762 0.863593685685713 0.865644221342025
82.565 1.13331012748922 -7.03603313937853 -6.3453767046009 6.16145059905476 6.58593554308272 -1.62561052115267 422.547788515297 -16.3962745742463 42.7958657928515 0.838548607889678 0.863736819768334 0.865705762124555
82.579 1.17087367317002 -6.97760733284119 -6.33758120638202 5.86820630250806 6.79451756129353 -1.5630494690374 422.353009663767 -16.2566471168216 43.2562792135664 0.838697426568862 0.863865640442694 0.865761148828833
82.609 1.18570682234395 -6.96542623326984 -6.30925683589641 5.84321773332596 7.00132534714891 -1.56704986564511 422.357708697391 -16.4309824051395 43.4906512922097 0.838831363380127 0.863981579049618 0.865810996862683
82.626 1.19474708581116 -6.98792223947471 -6.28460289608118 5.78408679968802 7.11722334678517 -1.48286396305006 422.241937827652 -16.5878841646255 43.4615861629888 0.839078227056684 0.864209384061389 0.86610237134014
82.639 1.2089286882652 -7.01074242130422 -6.2848599812747 5.58659415025357 7.13908879836619 -1.28037909346261 422.437744044886 -16.909095748163 43.7354275466899 0.839174083819167 0.86453773221643 0.866241420767306
82.669 1.23563835373281 -7.03319594444785 -6.27048674178371 5.49663702530455 7.20304251394942 -1.19432591694078 421.953969640398 -17.0181861733467 44.2818847920209 0.839512846930777 0.86458646164598 0.866612804990307
82.685 1.23495692030273 -7.07501175268251 -6.26251875417455 5.28514126170539 7.20334894957738 -1.05962614967418 421.998572676358 -16.876367556012 44.6536963128188 0.839438771423392 0.865000289645107 0.866700811052456
82.699 1.24936724319174 -7.05662166712068 -6.23571513048134 4.63601644851195 7.17232703171888 -0.828472695012109 421.738715408722 -16.6887308004108 44.6883266815369 0.839877088849979 0.864879165862099 0.867026256246942
82.729 1.31393157792789 -7.02809959325834 -6.22643590525974 4.25867434564549 7.14822409953936 -0.708984204136852 421.50484386785 -16.3998577203697 44.8394940133832 0.839893059433132 0.865140535837069 0.867072917183428
82.745 1.30973038094672 -7.14255037612001 -6.23687909146717 4.47708172024124 7.2769131399671 -0.808314791356755 421.474359481065 -16.6798719483328 45.1555446120449 0.840159924983346 0.865005387434865 0.867361151764816
82.759 1.29565424636691 -7.08209196364533 -6.20976639479909 3.53777049478201 7.35456533742077 -0.567177968709629 421.806923532959 -16.6918847534995 45.9199901508404 0.840021141670704 0.865377322855103 0.867374323149515
82.789 1.29723122342547 -7.05623025568412 -6.19925132415158 2.66872626973129 7.32368895635045 -0.257788416113475 421.926231179663 -17.0026962781495 46.3079911357564 0.840275198997161 0.865342093220786 0.867755334375332
82.805 1.32025816402543 -7.03504965488988 -6.17685908396359 2.2766628030635 7.27681624392151 -0.0640706432044177 422.033608061696 -16.6824266503346 46.7771920221808 0.840124888283138 0.865680358062433 0.867482303588992
82.819 1.29513345684148 -7.10648794577907 -6.18902780699118 1.94517972886402 7.26898194777364 0.153786802795413 422.130247255527 -16.8741839853011 46.9594728199627 0.840242399469393 0.865491227437692 0.867606547393818
82.849 1.29807932250682 -7.12948239689818 -6.17519967038081 1.13157778651197 7.18330512704208 0.511690565263964 421.917222529974 -16.626765586771 47.3035255379664 0.839968748016339 0.865444607345116 0.867348395305629
82.865 1.31479653483317 -7.11474320452587 -6.17837648640853 0.501626114731002 7.10161583571192 0.65441463850856 421.905500276977 -16.1040890280939 46.9531729841698 0.839849082400398 0.865155316531308 0.867362842336246
82.879 1.33109898059683 -7.11638185824015 -6.1581315730582 0.0919215185250776 7.19527104603385 0.784393021985948 422.074950249279 -15.8136801252845 47.1778556857528 0.839614762654244 0.86501869005968 0.867129060753814
82.909 1.3393666984658 -7.09253797631018 -6.13386580955121 -0.515743915770178 7.23146913227016 0.993739979329338 421.987455224351 -15.7923121127561 47.2600701171775 0.839403874882705 0.864895726235215 0.866918657329626
82.925 1.34166010397856 -7.10471700758236 -6.12136399994314 -0.962642806635909 7.24114664652406 1.18902246994602 421.548709701916 -15.7730809014805 47.2140631054598 0.839340696580127 0.864661323532398 0.866852754513397
82.939 1.35635358254479 -7.07557527241556 -6.12052716240305 -1.37248539620133 7.20481824141364 1.26324999394379 421.453838731725 -15.3357728113324 47.3526567949138 0.839030443636764 0.86457409636066 0.866422648982761
82.97 1.37741872811645 -7.07831752315862 -6.10528907857851 -1.53065670390944 7.28280969971503 1.29188682661048 421.428454858552 -14.8821955301992 47.5373911154224 0.83900460845878 0.864123970382822 0.866159289265988
82.998 1.34849332402047 -7.1484815956566 -6.09558509900435 -1.85774370527422 7.42933789004887 1.43063707524714 421.405609372697 -14.7139759771793 48.0636520038802 0.838727964327552 0.864090478526043 0.865922265520892
83 1.38447028365639 -7.09868279827356 -6.09223844213126 -2.89028994543382 7.47037356669284 1.66009245169189 421.625048435427 -14.5625783794613 48.2972868034922 0.838605756388682 0.863812726951341 0.865832541619996
83.029 1.43899591535545 -7.03584754228043 -6.08204385283147 -3.4295052256996 7.47219117185561 1.70782366453797 421.162543591884 -14.1263205415152 48.207558123143 0.838622389935506 0.86381035943771 0.865751790109189
83.045 1.40989829096391 -7.11762078785402 -6.0802907405128 -3.41861577183193 7.61046823787616 1.79276648892387 421.106289232696 -13.4936884873637 48.7268023108287 0.838510739435841 0.863808228675441 0.865802574015003
83.059 1.4454808323967 -7.10831747219118 -6.09840526501804 -4.14850991983958 7.70132981103511 1.97837533621469 421.355660309426 -13.5843196386273 49.0141220797458 0.83853687467795 0.86392990845909 0.865848279530236
83.09 1.46960426176079 -7.05607074885207 -6.08867140698852 -5.10999480571821 7.82432660092396 2.25458360411994 421.460094278484 -13.3058876747646 48.4327098717712 0.83843377570404 0.863915822794684 0.865889414493946
83.103 1.48808316711623 -7.04436316241596 -6.08924831231018 -5.44021669919219 7.9693748568621 2.61233135057817 421.794084850636 -13.1752989072881 48.0294388845941 0.838594077601788 0.864026743166408 0.865802975695744
83.118 1.4852014451388 -7.07913664117253 -6.12005417298895 -5.61375228118137 8.22968927957284 2.97705241399364 422.034676365572 -13.2377690165593 48.4464949961347 0.83873834930976 0.864373355410948 0.86597196468735
83.148 1.52289033554466 -7.01735816420433 -6.14041727261205 -6.44856025917011 8.39145317604304 3.27324030236526 422.491208729015 -12.9339921149034 48.1018454965212 0.838868193846936 0.864438522521046 0.866000731135348
83.163 1.54651526769225 -6.87544657607064 -6.13923131355458 -6.84339888974164 8.45459793477461 3.52835902022034 422.242087856113 -13.080592903413 48.4516609468691 0.839111374476812 0.864373575450444 0.866396184321545
83.178 1.53832903051577 -6.8300268097447 -6.16904916997684 -6.01020403893542 8.4106648588544 3.72056128613724 422.137879070502 -12.8525336130717 48.1664948521822 0.839077446214823 0.864808692069125 0.866382528806124
83.207 1.49702360520543 -6.86887595448434 -6.21156727048098 -5.1450614976373 8.37494188441934 3.73705477584413 422.164091163452 -12.7672802517646 47.909845366964 0.839425873086868 0.864830325513405 0.866739802225243
83.222 1.53167477509184 -6.84883339458889 -6.22894413565701 -5.25116603489647 8.02447059674077 3.51831113032078 422.307682047107 -12.2105522265881 48.0388608302676 0.839360494963874 0.86521976712579 0.866815108563898
83.237 1.52156085307124 -6.79111117649841 -6.22363404597436 -5.50085859171217 7.75866475844074 3.29014413942611 422.496913842396 -11.7694970039293 48.4549747472408 0.839680616961014 0.865200293064404 0.86712912400724
83.269 1.5047968733435 -6.74323131914825 -6.22693540005918 -5.38436051880049 7.39577538183331 2.9260152216667 422.727222458156 -11.3125473035364 48.4094772725167 0.839589764450605 0.865552737921688 0.867042174523249
83.284 1.47283017409966 -6.72378222592971 -6.22607589974137 -4.85508477226395 6.94932761464234 2.43341369950003 422.514500212341 -10.9612925731827 48.1885295452651 0.84001298257447 0.865499966780713 0.867333483370656
83.299 1.48356447017007 -6.72112207813533 -6.21734164846657 -4.24820224923603 6.38874599821628 1.90228607000805 422.323050191107 -11.2451633158645 47.6296765907386 0.839888893502716 0.865822444266366 0.867102637684783
83.33 1.49597866591048 -6.7581723916841 -6.20744572901176 -3.69819118461777 5.74987139839465 1.45709563094617 422.150745171996 -11.020646984278 47.6067089316647 0.840156175645971 0.865495369760434 0.867387900216036
83.345 1.51403477719037 -6.79744332924298 -6.20051460406286 -3.34974611195752 5.1458766249674 1.01443950296606 422.295670654797 -10.7585822858502 47.2860380384982 0.83989114657526 0.865695119345571 0.867028015375935
83.359 1.55350903508611 -6.76197866703402 -6.18691441662105 -3.1804203557236 4.51144163422638 0.518339064119834 422.546103589317 -10.6427240572652 47.3574342346484 0.839779241103426 0.865380777331718 0.867074500399522
83.389 1.5805364475031 -6.79236959313152 -6.20041191500716 -2.63566076289933 3.89235853950603 -0.0144108728265003 422.531493230385 -10.7784516515387 47.5416908111836 0.839678526178776 0.865468662515279 0.866993013276303
83.406 1.58492938507014 -6.83013617004273 -6.21387649705076 -2.28507178584604 3.38480207486841 -0.381672075620186 422.218343907347 -10.3606064863848 47.4075217300652 0.839461262054784 0.865176966184456 0.866796214599866
83.419 1.59792114342821 -6.81295006577955 -6.21474188384471 -2.27259514161258 2.96845927196172 -0.628237692485649 421.996509516612 -10.1645458377463 47.2267695570587 0.839265724343192 0.865038174747513 0.866619095791072
83.448 1.60003691654419 -6.76150969062554 -6.21701709464542 -2.33922875722232 2.41359807758998 -0.923429190412656 422.216858564951 -10.5280912539717 47.3640926013528 0.838962968623522 0.864913262454264 0.866336091393468
83.463 1.61349313623621 -6.73047638590015 -6.20811131032126 -2.15492420211077 1.74552071257907 -1.41810917213475 421.755172708456 -10.5552821285745 47.6676833412175 0.838817260255055 0.86455323248674 0.866204984905314
83.478 1.58580013364774 -6.78119593252132 -6.20961305885151 -1.6073707131974 1.02364039704635 -2.04958069766937 421.87965543761 -10.8797539157171 47.4009150070958 0.838559350944199 0.864600411889259 0.865839656335487
83.508 1.56859773621162 -6.82241423180153 -6.22149910976262 -1.30006875638148 0.370131319173778 -2.59653102484899 422.291689893849 -10.6317785241454 47.5808235063862 0.838454004343665 0.864271666978236 0.865758193353131
83.524 1.55072136722684 -6.78828319833085 -6.21573642298375 -1.45861149906394 -0.296652805110012 -3.08191609030303 421.762520904464 -10.4686006717308 47.5627411557476 0.838359192403184 0.864099670201117 0.865684876669011
83.539 1.5446284294368 -6.7530162894017 -6.21276462738032 -1.51198699037892 -1.04408676124023 -3.75616722936433 421.886268814018 -9.84174060455775 47.4264670401728 0.838273861656751 0.863820999458908 0.865742351918843
83.57 1.56308680298101 -6.73109228878794 -6.2140404641418 -0.993612718821947 -1.88471625305514 -4.59734439955767 421.757641932616 -9.99756654410197 47.3038203361555 0.838070292205725 0.86381780469452 0.865547021908461
83.585 1.54516297747646 -6.73979186537485 -6.22973349032894 -0.070587324802348 -2.69700798652825 -5.3994420206706 422.061877739355 -10.0778098896918 47.01343830254 0.838013851479039 0.86381492940657 0.865618282634349
83.614 1.52998921427089 -6.78574914505441 -6.22614013854946 0.719677514548116 -3.29295604283726 -5.98087186440507 421.615689965419 -10.1500289007226 46.872094472286 0.838089675516827 0.863935939117106 0.865682417287647
83.629 1.57289584713839 -6.84039847943507 -6.20518899891632 1.31412197683376 -3.66747723244666 -6.40873887643785 421.814120968877 -10.3350260106503 46.7448850250574 0.838157917150837 0.864044847856589 0.865740138475616
83.644 1.61665935728844 -6.93513260686388 -6.21236995101443 1.67507619136413 -3.94576767714093 -6.72664361474826 421.57270887199 -10.8015234095853 47.0503965225517 0.838345804903905 0.864142865722123 0.865792087544787
83.66 1.62881246281174 -6.98849057916394 -6.21147063291494 1.3953548317697 -4.08096190179325 -6.82802505480015 421.955437984791 -10.6213710686268 46.8453568702965 0.838641224428084 0.864231081801104 0.866085352954034
83.689 1.62233244543529 -6.95654639986388 -6.1851629994788 0.633681944012576 -4.14080464291163 -6.76125308367128 421.999894186312 -11.2392339617641 47.2008211832669 0.838654311170968 0.864433936537727 0.86622610421981
83.704 1.56700031011035 -6.98346184540301 -6.16441901169522 0.242832833580784 -4.25191501831513 -6.64695983637285 421.61990476768 -11.2553105655877 47.2207390649402 0.838792559522023 0.864369448065457 0.866599020097561
83.735 1.5817849759644 -6.99320081634977 -6.16125187554035 -0.068473350540653 -4.31221969968972 -6.47997377639969 421.817914290912 -11.5697795090289 47.4186651584461 0.838916983037972 0.864681789820091 0.866688404648985
83.78 1.59640798488728 -6.99831474808149 -6.16043654630846 -0.45170235136445 -4.34206643201083 -6.14800693311087 421.576122861821 -11.792801558126 47.0567986426015 0.839281456227702 0.864839573754815 0.867015090483818
83.782 1.5679095880938 -7.02165188479983 -6.15006606176733 -0.617219139128769 -4.33763078117616 -5.84236654514329 421.658510575639 -12.4135214023134 46.9111187783414 0.839356990073083 0.865228090543059 0.867062867996616
83.795 1.51712191373877 -7.05157373626736 -6.14318666811501 -0.713512492391464 -4.3145547259593 -5.62072531047629 421.612659518075 -12.7321692620821 47.1400069005072 0.8398034856347 0.865084186670255 0.867475024737723
83.809 1.50612892154549 -7.04713934313989 -6.14304060300334 -1.2062833805569 -4.35027482588246 -5.26399629087905 421.511393566268 -13.0789523358739 46.8060062104565 0.839700346256923 0.865571294302961 0.867230024915144
83.824 1.50826609233345 -7.02267796085837 -6.14356756115088 -1.67496801960045 -4.49692673260719 -4.87347452438656 421.420254209641 -13.2710571022865 46.7454055894109 0.840112506200156 0.865393070054168 0.867379496587354
83.84 1.50977056115263 -7.02292881864216 -6.14559802923318 -1.75708953825109 -4.63273024255258 -4.66780646126088 421.578228788677 -13.3239513920578 46.9308650304698 0.839978464765833 0.865726237212476 0.867144049579812
83.87 1.51531444391065 -7.01387705616271 -6.16203006667241 -1.70504470656338 -4.67709080608358 -4.52392657849357 421.480405909809 -13.4915562528521 46.6177785274228 0.840110618303819 0.865532518672731 0.867302118785556
83.884 1.51617393255639 -7.02841552089556 -6.16694283988188 -1.56889138094521 -4.64678630562789 -4.38832781377399 421.332365318828 -13.7024006275669 46.5160006746805 0.83997676565913 0.865605229722191 0.867074409558193
83.9 1.50701154494651 -7.05400981894944 -6.17974403357009 -1.60742209017894 -4.60958859109564 -4.22201411636605 421.259128786946 -13.4721605648102 46.2444006072125 0.839982768561369 0.865176003027875 0.867116255163554
83.929 1.51510581872792 -7.03640314094854 -6.18234672715216 -2.07263407963433 -4.56466026633722 -3.84485087266838 420.953215908251 -13.6249445083292 46.1199605464912 0.839735080199117 0.86516090537628 0.867030592563932
83.944 1.52292935998974 -7.00188232796758 -6.18804103049591 -2.39437830525868 -4.4906369877951 -3.50540395334047 421.157894317426 -14.1224500574962 46.1279644918421 0.839638781364898 0.864899984759357 0.866706438489041
83.96 1.51428852932219 -7.01618374589714 -6.1898140243854 -2.33814658160304 -4.31638244932094 -3.26097042823543 420.922104885683 -14.1502050517466 46.0751680426579 0.839552112414101 0.864541282561324 0.866661757556871
83.99 1.51094105055836 -7.05892267111211 -6.20200403918319 -2.16311054939693 -4.16260679980869 -3.1791481945722 420.949894397115 -13.815184546572 45.7876512383921 0.83922071788734 0.864342324225896 0.866374486982686
84.004 1.51020280907369 -7.05465122118535 -6.21411230912352 -2.28420407460991 -4.04405604349194 -3.12611887129818 420.974904957404 -13.8736660919148 45.4088861145529 0.839175855284299 0.864039388081209 0.86611594346592
84.022 1.47272754064038 -7.04853240300663 -6.23219235018382 -2.75883710226343 -3.91980311089847 -2.95701843455004 421.057414461663 -14.1062994827233 45.2479975030976 0.838882086470518 0.864014354454591 0.865883254300831
84.05 1.43439096526058 -6.99208881541593 -6.23128599472782 -3.61043430806762 -3.87438768530481 -2.6101715529271 421.191673015497 -14.255669534451 45.4031977527879 0.838744466317352 0.863744215287034 0.865797431521941
84.067 1.45028599186914 -6.96852366403791 -6.22813591850943 -3.92496339634483 -3.97778861143082 -2.53846737473363 421.252505713947 -14.2101025810059 45.1228779775091 0.838493836400266 0.863624963679035 0.865596593551249
84.079 1.44932848290363 -7.03021426447677 -6.2483450546248 -3.82407011014546 -4.1143608953259 -2.72202521741294 420.887255142553 -14.4690923229053 44.6905901797582 0.838521661945933 0.863641372492634 0.865662897112858
84.11 1.43589716621422 -7.01971569760246 -6.25719589958041 -4.54395317546679 -4.06857366075515 -2.50478452773271 420.918529628297 -14.7021830906147 44.4215311617824 0.838420084245225 0.863656140424873 0.865722570318305
84.124 1.40836637140676 -6.99356743487957 -6.25965500148638 -5.14375633120255 -4.01896820307658 -2.35277935740219 420.946676665468 -14.9119647815533 43.8193780456041 0.838455285006395 0.863669431563889 0.865652815937668
84.139 1.38652156223087 -6.98733207696595 -6.27419829612229 -5.13854100342581 -4.11630802399029 -2.54956249036426 420.912008998921 -14.3207683033979 43.6974402410437 0.838613435973907 0.863804991058693 0.865590036995094
84.169 1.41163279797937 -6.97052736086177 -6.27184465150762 -4.93995407865575 -4.10467722159126 -2.7259039512515 420.820808099029 -14.5686914730581 43.1676962169393 0.838882092391086 0.863926994604017 0.865780319856764
84.186 1.41807205247556 -7.02244079413289 -6.29139389950688 -4.5497754646833 -4.16138507195122 -2.93346622788207 420.678727289126 -14.8518223257523 42.9909265952454 0.83887109233767 0.864160258060348 0.865951574432268
84.199 1.38490175099082 -7.02672561677343 -6.30042899571647 -4.90319486477986 -3.97272748078663 -2.74317304020837 420.850854560213 -15.0466400931771 42.6518339357209 0.839113983118472 0.864246734905506 0.866105703550221
84.23 1.32757501206613 -6.9607311308865 -6.30796200862041 -5.53577614166065 -3.82812648843316 -2.4238175682486 420.765769104192 -15.4619760838594 42.5866505421488 0.839079793992317 0.864571347976136 0.866244419756379
84.244 1.3422404802008 -6.88367886130371 -6.31109057811359 -5.76464127558619 -3.88424513729977 -2.37761901753061 420.989192193773 -15.7757784754735 41.8679854879339 0.839427986086613 0.864616715829715 0.866615504080473
84.26 1.37513171519311 -6.8814891825708 -6.33623218787426 -5.48741378924895 -3.93933207395147 -2.49405558905999 420.830272974396 -15.8182006279261 41.5811869391405 0.839362396663644 0.864904330807924 0.866703240233605
84.29 1.39042846160059 -6.89897137736609 -6.34868431317252 -5.12722202864466 -3.85532253067846 -2.62098590801659 420.747245676956 -16.0363805651335 41.2630682452265 0.839808351566205 0.864792802908634 0.867028442509976
84.306 1.33266876158349 -6.92907054890987 -6.34738149846294 -4.96793494028401 -3.70795821654191 -2.6932384622531 420.55252110926 -15.6327425086201 40.8567614207038 0.839831195877736 0.865185996781496 0.867074884820159
84.319 1.26751692310481 -6.91617662611422 -6.3492615813437 -5.23297350732431 -3.66311659336101 -2.58498331831787 419.957268998334 -15.3294682577581 40.6710852786334 0.84010424778349 0.865169899754539 0.867485839878911
84.35 1.29249775900401 -6.86800068828002 -6.36256554672922 -5.51578302682089 -3.74184310196384 -2.52648498648608 419.841542098501 -15.2365214319823 40.8039767507701 0.840097502473292 0.86552538394281 0.867363218807754
84.365 1.34831977332197 -6.84265868257763 -6.40656154408877 -5.44970090734491 -3.83330764672929 -2.64101206035656 419.617387888651 -15.1528692887841 40.9235790756931 0.84034392371949 0.865228015469233 0.86762242322671
84.379 1.35043613116052 -6.85582375876262 -6.42933870304965 -5.23755524409133 -3.72402268358307 -2.81202535813769 420.015649099786 -15.1975823599057 40.4312211681238 0.840186740533234 0.865331176839043 0.867239086085541
84.41 1.30547435879802 -6.84414928274292 -6.43960293188103 -5.36647147540739 -3.57375781980492 -2.82471595209492 420.014084189807 -15.3578241239151 40.2280990513114 0.84029806649448 0.865176964336642 0.867387651640712
84.425 1.2912851196536 -6.80401402518396 -6.46141026068695 -5.6489082973323 -3.56981715232824 -2.77354206680909 420.132675770827 -15.3820417115236 40.5252891461803 0.840018848338918 0.865285230819711 0.867151389127834
84.439 1.30838247734385 -6.77052591268937 -6.4906735448447 -5.83897929966014 -3.5769575745 -2.75725656241826 420.239408193744 -15.4038375403712 40.4327602315622 0.840020642973177 0.865135612919242 0.867062213131784
84.47 1.28797678290078 -6.72344763897109 -6.51461630121533 -6.05355465213687 -3.50094120636298 -2.67847747106193 420.27546737437 -15.2434537863341 40.289484208406 0.839895787861552 0.865000956808821 0.866858494469798
84.485 1.25231354956272 -6.67293691476209 -6.52874276389775 -6.12911521745754 -3.52870968114653 -2.71215644151299 419.887920636933 -15.1591084077007 40.1005357875654 0.839656797569283 0.865003363779132 0.866551550204321
84.499 1.23541982344785 -6.73599443292639 -6.55007569804875 -6.03070751250568 -3.5559913847876 -2.74552095003344 419.899128573239 -15.0831975669306 39.5704822088089 0.83944170630624 0.864510311059446 0.866398897835082
84.53 1.25678690110443 -6.72858160843868 -6.56783881916184 -6.45282760094977 -3.55306400203403 -2.48623603060262 419.849215715915 -15.0748778102376 39.153433987928 0.839248124169501 0.864561782604695 0.866137913233076
84.545 1.25321249814151 -6.72586051920431 -6.56155952632647 -6.77930056604563 -3.48020034992223 -2.24677273288587 419.684294144324 -14.9473900292138 38.8980905891352 0.839073900246437 0.864236900622128 0.866026624560962
84.56 1.20684005008327 -6.72981603413263 -6.56087613839109 -6.90747737967007 -3.42836352103688 -2.16484355120033 419.655864729891 -15.0726510262924 38.3082815302217 0.838917098715679 0.864192115741418 0.865926464756059
84.59 1.17629774081278 -6.72870728495216 -6.5803724116522 -6.92436322948933 -3.46491648191029 -2.21248133348488 420.290278256902 -15.0053859236632 37.8374533771995 0.838775977337996 0.86402807408798 0.865836320931646
84.605 1.16916037500711 -6.67856843283023 -6.60228845951896 -7.11284293707475 -3.5283484978414 -2.22634770395319 420.321250431212 -15.0048473312969 37.4737080394796 0.838648968098082 0.864004171860685 0.865631594019984
84.619 1.18655905336867 -6.65289632389169 -6.61836176047869 -7.11529910138254 -3.58620067095802 -2.32127018546627 420.469125388091 -15.4843625981672 37.3863372355316 0.83853465978216 0.863858924595321 0.865694397534719
84.65 1.16798077712116 -6.65397288718124 -6.66024133798612 -7.22132644315268 -3.41765693974008 -2.22883782340819 420.602212849282 -15.5559263383505 36.7077035119784 0.838431782297829 0.863728202056493 0.86550386296275
84.665 1.18274408599428 -6.64584383653074 -6.67907857808887 -7.23507166143283 -3.28886834500272 -2.18076320137271 420.061991564354 -15.6803337045154 36.6369331607806 0.838465813253739 0.863857884502037 0.865579439583208
84.679 1.17316643614195 -6.64002405363145 -6.69752850455122 -7.53446525864833 -3.1408975410368 -1.95581665222781 420.055792407918 -15.6723003340639 36.0932398447025 0.838496441114058 0.863974598703026 0.865647458541621
84.71 1.13449931936224 -6.63807828507861 -6.70898588587711 -7.99552254957739 -3.10238030601709 -1.71596017784472 419.990213167127 -15.3650703006575 36.2639158602323 0.838776797017221 0.863832308753428 0.865955186851183
84.725 1.11795470234835 -6.64207317187226 -6.72498376449826 -8.31581762286393 -3.18756212274362 -1.62604354937323 419.691191850414 -14.9685632705917 35.6975242742091 0.838902796783651 0.864198364439265 0.866108954727245
84.739 1.13089713856951 -6.67451869625303 -6.72513634515598 -8.52393051706608 -3.24743186466773 -1.58786667535194 419.902072665373 -15.0917069435326 35.4277718467882 0.839142517119855 0.864157433176841 0.866370533418246
84.77 1.15523459975757 -6.6975545928936 -6.7314985861134 -9.00894204551215 -3.30207799117806 -1.45961435896178 420.571865398835 -15.6825362491793 34.7049946621093 0.839105474593562 0.864614164022882 0.866482766637601
84.783 1.18360266505037 -6.73325066978282 -6.6958647969143 -9.72407837531208 -3.16041981038086 -1.16479796123354 420.634678858952 -16.0342826242614 34.9544951958984 0.839451098627733 0.864778710537327 0.866830016273572
84.799 1.17172452287395 -6.75855364693296 -6.69031015659359 -10.3409835148801 -3.11384347819774 -0.849081523888812 420.631210973057 -15.9308543618352 34.7590456763086 0.839509668233111 0.865173313647319 0.866772977562949
84.83 1.14858434030281 -6.71165507697843 -6.69901780746866 -10.6832210412547 -3.01619958839323 -0.713791692110618 420.388089875751 -15.8377689256517 34.1031411086777 0.839940895978726 0.86515848493378 0.867214123347422
84.845 1.14008832063258 -6.66848868427083 -6.71996294673522 -10.5713874867475 -2.98709871352338 -0.798901072517877 420.409280888176 -15.6339920330866 33.6328269978099 0.839950485849005 0.865515110604127 0.867118673929413
84.861 1.13579378204924 -6.64322602418725 -6.74755237593865 -10.0715006464697 -2.96930487270539 -1.01137737747983 420.608352799358 -15.6305928297779 32.909544298029 0.840211608757631 0.865466102194908 0.867402332836203
