29.656 -3.40029206550497 -9.00590333180463 0.782801142762204 -0.478453960338969 -0.78536466398807 -4.3795445643725 491.054092808898 55.0397633123081 239.123066390724 0.838048224377876 0.863592672242831 0.864735334276042
29.67 -3.38910645255189 -9.02408788952383 0.768146936383933 -0.213814671175301 -0.999194609803003 -4.53548323770624 491.328683528008 54.6357869810773 239.510759751652 0.837993990433974 0.863612310200051 0.864887763765172
29.701 -3.38227159388727 -9.04745701271134 0.7520252564136 -0.0657156468058622 -1.15118354576927 -4.55750743301959 491.455815175207 54.5122082829695 239.379683776487 0.838071800576269 0.863629984361548 0.865024950305388
29.716 -3.37450412459254 -9.06040883646462 0.751222547762138 0.1019246201648 -1.28950030569616 -4.54908493399244 491.690233657686 54.4009874546726 239.261715398838 0.838015209012528 0.863892948842127 0.865271741836029
29.732 -3.38642760110271 -9.0761954598372 0.729012152736672 0.360434448224656 -1.49948157283647 -4.55524514288327 491.541210291918 54.1808887092053 239.275543858954 0.838469859604803 0.864006156609107 0.865370530569159
29.761 -3.39602147333954 -9.09207940811618 0.720155830250938 0.57553604157013 -1.59457158349175 -4.49437711714456 491.467089262726 53.4427998382848 239.707989473059 0.838500082830015 0.86423150386493 0.865459440428977
29.776 -3.43637912386478 -9.09410460634264 0.695725007414901 0.75309694122991 -1.78244266941738 -4.48768749703316 491.880380336453 53.2585198544563 239.857190525753 0.838780074561583 0.864187258659939 0.865785970549804
29.79 -3.45558248383243 -9.10502524235755 0.6945668192745 0.93809259061837 -1.83167931850618 -4.61601798397107 492.012342302808 52.6126678690107 239.991471473178 0.838905746573576 0.864517819355125 0.865833336411557
29.821 -3.46634130259549 -9.1051573311589 0.698073434714146 1.15573371323592 -1.98973276070136 -4.86892000236785 492.071108072527 52.0914010821096 239.81232432586 0.839397366485144 0.864568540070806 0.866245529070133
29.836 -3.46608831209119 -9.10838871794658 0.706855763092936 1.37680156328638 -2.13961444646329 -5.2064554830471 491.943997265274 52.0422609738987 239.711091893274 0.839461309304781 0.864860972624905 0.866123478814312
29.866 -3.43748931040325 -9.10728667018756 0.711707248474927 1.50477026191957 -2.30427895601543 -5.58962672863552 491.889597538747 51.6980348765088 239.679982703946 0.83977134986783 0.864753780543917 0.866383605096606
29.88 -3.40145515158735 -9.10006990883898 0.721999234723244 1.60543827389555 -2.47308770163526 -5.89860298706968 491.960637784872 51.0282313888579 239.771984433552 0.83967142406674 0.864904365406259 0.866124149768448
29.894 -3.36190165360238 -9.09339524675147 0.737127816766972 1.70596314879607 -2.55173312994502 -6.13164345172149 491.424574006385 50.5454082499721 239.854785990197 0.839960453153593 0.864792834047136 0.866384208955328
29.907 -3.31762452077388 -9.07793093951406 0.762115999541111 1.77353477284776 -2.6400712673322 -6.26962414471728 491.602116605747 50.0508674249749 239.749307391177 0.839588224552883 0.864939513559155 0.866124693241298
29.938 -3.28771105246114 -9.07137523798819 0.782091454697931 1.91297518869276 -2.74552978945394 -6.43121134856616 491.881904945172 49.7257806824774 239.534376652059 0.839759402112164 0.864700732123944 0.866138186833902
29.952 -3.26737297925086 -9.07523148097404 0.797914578944401 2.0926700362357 -2.85570963493603 -6.73007494653397 491.953714450655 49.2532026142297 239.760938986853 0.839407278615597 0.864856621828283 0.866026870801705
29.967 -3.23793568628488 -9.06571353230901 0.820834369447788 2.26889921581823 -2.98922264090807 -7.08607508546836 492.318343005589 49.2478823528067 239.904845088168 0.83934375993973 0.864749864826957 0.865803088903037
29.998 -3.21844514385573 -9.05864378888036 0.84571189670589 2.55956654614481 -3.26205610200811 -7.51868895096733 492.22650870503 48.943094117526 240.454360579351 0.839159972439642 0.864406174622164 0.865601685194236
30.013 -3.19312250771265 -9.06419212590419 0.875643399257896 2.80131981519445 -3.52898026279966 -7.89430097190113 492.323857834527 48.6087847057734 240.528924521416 0.838867791910328 0.864344462341451 0.865544019326005
30.028 -3.16380792997605 -9.06715058360186 0.895698428362106 2.96927943672844 -3.85928834338992 -8.24151209608506 492.771472051075 47.9479062351961 240.956032069275 0.838858221904987 0.864041312385208 0.865492120044598
30.058 -3.1280874324649 -9.06544374591428 0.932721996494676 3.07006141671972 -4.1313747762265 -8.53949829105671 492.634324845967 47.2931156116765 241.640428862347 0.838469292879571 0.863892351067392 0.865198077960842
30.074 -3.08402783091152 -9.06606241911338 0.985735521485101 3.22488733611645 -4.47777928333668 -8.7725713627144 492.39089236137 46.4638040505088 241.896385976112 0.838372952085499 0.863758285881357 0.865180772815951
30.088 -3.05508824362115 -9.07230541273671 1.03326812902363 3.41155890784831 -4.94526853057553 -8.92203178369487 492.411803125233 45.357423645458 242.366747378501 0.838159473591599 0.863637627213926 0.865041600715859
30.136 -3.01862782395264 -9.06266112176821 1.07838182019537 3.56811294072761 -5.39043633400653 -8.95272936868416 492.43062281271 44.4816812809122 242.430072640651 0.838220735418132 0.863405160770436 0.864916345825775
30.138 -2.99670707723243 -9.07876124723177 1.11245994896303 3.65175966192202 -5.73994231892649 -8.96738009593788 492.027560531439 43.7535131528209 243.147065376586 0.838149250370204 0.863319814614096 0.864679881163902
30.152 -2.98475955314108 -9.09103673765142 1.1413346034045 3.44917911557715 -6.04686411756819 -8.90422987260364 492.024804478295 42.8581618375388 243.192358838927 0.838211534518876 0.86349033580388 0.864714395698705
30.179 -2.97215128886701 -9.07922005119096 1.17282846287682 3.23784899027897 -6.34523114092587 -8.90159314488526 491.842324030466 41.632345653785 243.653122955035 0.838267590252681 0.863396472144196 0.864745458780027
30.195 -2.97840121639968 -9.08612253185068 1.20560220523889 3.25833890041138 -6.77559352301649 -9.03662467009139 491.978091627419 41.1891110884065 243.887810659531 0.838444510695565 0.863311994850481 0.864896875818758
30.208 -2.98785689401509 -9.09101793094832 1.20894192139103 3.41418439968322 -7.27131661346294 -9.28945075270057 491.740282464677 40.3101999795658 244.099029593578 0.83860373909416 0.863606758282166 0.864909690888075
30.24 -2.97110817665948 -9.11008824936472 1.21715506148154 3.54833847879887 -7.69151319639145 -9.4925667461328 491.946254218209 39.3391799816092 244.70912663422 0.838747044652895 0.863624987635452 0.865044684716001
30.255 -2.96447387190246 -9.13634949355057 1.2208358666165 3.52785577595715 -8.05900309812635 -9.73262304861876 491.891628796388 38.4652619834483 245.138213970798 0.838876019655757 0.86388845178864 0.865289502805581
30.27 -2.96155561374054 -9.1629175433105 1.23007424660295 3.49797096172021 -8.3760035516725 -9.97844471322253 491.90246591675 37.2587357851035 245.584392573718 0.839244589183709 0.864002109260969 0.865633026688748
30.3 -2.95336265593552 -9.19359243708126 1.22959009398016 3.52756317852529 -8.58344136444418 -10.1928139823583 492.152219325075 36.1728622065931 246.345953316347 0.839197339451031 0.864351184896052 0.865572226671066
30.315 -2.91731844451829 -9.20509876725619 1.24178377022439 3.71679159349719 -8.6586850142593 -10.388799759695 492.016997392567 35.5555759859338 247.031357984712 0.839659800074853 0.86441856905764 0.865887478167684
30.331 -2.8778756091607 -9.22120063827227 1.26059909370625 3.90312770132304 -8.63327452810055 -10.4880877226568 492.43529765331 35.4200183873405 247.468222186241 0.839697499535519 0.864849186315601 0.865924693267649
30.361 -2.83106445338837 -9.25550433390549 1.2702904198207 4.09602103806097 -8.5760539455195 -10.5835537595514 492.931767887979 34.8180165486064 247.741399967617 0.839983921075495 0.864866770335234 0.866327750240616
30.376 -2.78660005688529 -9.30672830694805 1.28009000304081 4.35512122433121 -8.44363939066221 -10.6320686126039 492.838591099181 34.0962148937458 248.527259970855 0.839862738153638 0.865252567465435 0.866197477867747
30.389 -2.74227254116411 -9.34415096956989 1.28005107834403 4.54556330037137 -8.23438995541278 -10.5803121330229 493.174731989263 32.7865934043712 249.29453397377 0.840006464352843 0.865106215900395 0.866573256380704
30.42 -2.70165951720364 -9.35035782085509 1.28235040242491 4.55360239018156 -7.85675248658906 -10.3673190876595 493.117258790337 31.8479340639341 249.385080576393 0.839756406411444 0.865344880871535 0.866418433393827
30.435 -2.65942156021137 -9.32930853092656 1.27885326863841 4.44786047177409 -7.47031387915153 -10.1428009193516 492.765532911303 31.1831406575407 249.526572518753 0.840162960339226 0.865065562705086 0.866525876615624
30.449 -2.62332275841539 -9.32969734183537 1.30126395036146 4.2183416001692 -6.95916035383179 -9.89416968237828 492.388979620173 30.7648265917866 249.713915266878 0.839770481019952 0.865184969351311 0.866252194135564
30.481 -2.6084312260202 -9.35913681785691 1.33478123732833 4.12017156228969 -6.52431302073869 -9.80856950803358 492.470081658156 29.7283439326079 250.06252374019 0.839797112386109 0.864921642336884 0.866252937638741
30.495 -2.58515276253683 -9.35396902382757 1.33819159378196 4.16464295567904 -6.34287408507704 -9.88572782440579 492.60307349234 28.8555095393471 250.676271366171 0.839567989641384 0.864931980754389 0.866006549056369
30.51 -2.56569853192982 -9.34177625733959 1.35466844299065 4.13367484331724 -6.05057140939376 -9.89333824807208 492.182766143106 28.3699585854124 251.408644229554 0.839361779171131 0.864817687860452 0.865908396801925
30.537 -2.55549203246608 -9.33648905061198 1.34842864088976 4.16839896203895 -5.83788068066812 -9.96278304921907 492.284489528795 27.4529627268712 251.347779806599 0.839176189747903 0.86446721535231 0.865820059772926
30.553 -2.54977777203716 -9.31790400358301 1.35921309661356 4.16606288262895 -5.61210787977688 -10.0596345152895 492.136040575916 26.5076664541841 252.253001825939 0.838755463938195 0.864151790094982 0.865616958977136
30.567 -2.51662278116462 -9.27945009004111 1.38029156569976 4.15785354093094 -5.40891235897477 -10.201762666814 492.482436518324 25.6568998087657 252.227701643345 0.838630506038261 0.863867907363386 0.865557765730616
30.597 -2.48642415947364 -9.27321290192933 1.40434986154144 4.19321322500579 -5.2741279933063 -10.4434184612013 492.314192866492 25.0112098278891 252.08493147901 0.838264348599517 0.86386002180855 0.865257159078258
30.612 -2.4532599015234 -9.24653047816096 1.43510029733096 4.09373923074948 -5.08717320924284 -10.6868628746232 492.702773579843 23.8900888451002 252.736438331109 0.838061730454215 0.863729189548399 0.865357406087166
30.628 -2.41036365895255 -9.24783491935854 1.45858584064169 4.16146454431576 -4.96242535396742 -10.9960391825807 492.092496221859 22.6410799605902 253.202794497999 0.837879374123443 0.863735175775062 0.865200570659952
30.676 -2.35984589876637 -9.23703791957967 1.47816658810904 4.30715015095288 -4.8699996124638 -11.3361299208112 492.023246599673 21.8769719645312 253.502515048199 0.837968645896791 0.86361682811826 0.864935683514661
30.678 -2.31150686343227 -9.19870991344934 1.51129172560093 4.41307635723164 -4.7265111015991 -11.623127615753 491.720921939705 21.309274768078 253.652263543379 0.837922369800998 0.863634050487937 0.864821020344697
30.691 -2.26243521809323 -9.19665613325553 1.55139941856132 4.57634887418023 -4.5836309838056 -11.8669217244067 491.448829745735 19.7183472912702 254.267037189041 0.838007342006591 0.863525815359847 0.864964881226961
30.721 -2.23161841070422 -9.18810397284135 1.59384097055971 4.70344681118969 -4.50465719840214 -12.0260310786836 491.203946771161 19.0065125621432 254.340333470137 0.837957196299817 0.863552139005365 0.865094356020998
30.737 -2.19203198524507 -9.17873113659237 1.63592894133669 4.87585022167377 -4.41297010451613 -12.1806798792122 490.983552094045 17.8858613059289 254.886300123123 0.838038685855528 0.863575830286331 0.865087423070091
30.75 -2.13611333881788 -9.15868364549173 1.70008448889918 4.98215832927739 -4.31442118566757 -12.2755889905276 490.905196884641 16.757275175336 255.257670110811 0.838112026455668 0.863844210174432 0.865204643679816
30.78 -2.08871946318423 -9.16955087283099 1.75896171448589 5.01982035894507 -4.25168135717715 -12.2800911601771 491.134677196177 15.5615476578024 255.77190309973 0.838304503278253 0.863962291808181 0.865310142228567
30.796 -2.05294829830654 -9.18232419817606 1.81272934423054 4.87661694900476 -4.19521551153577 -12.2337614334724 490.981209476559 14.9653928920222 256.354712789757 0.83835126213612 0.864192025544097 0.865405090922444
30.809 -2.02554266058023 -9.18220825251007 1.85507484566716 4.83781021593635 -4.23447258633639 -12.2134387252396 490.483088528903 13.70885360282 256.999241510781 0.838646135937077 0.86427532564088 0.865737055993925
30.841 -1.98824816110088 -9.16528461506424 1.90312174819304 4.85708262945722 -4.36751387732107 -12.2256826389752 489.854779676013 12.757968242538 257.279317359703 0.838532110837255 0.864597079637972 0.865789313311265
30.854 -1.95570065822321 -9.14622262236885 1.93989959832185 4.82404612223669 -4.55137317661187 -12.2344120850014 489.229301708412 11.8421714182842 257.591385623733 0.839061094322455 0.864516276855677 0.866082856143864
30.869 -1.93724165778862 -9.14061887667249 1.96629590519804 4.8088170825321 -4.75043433223312 -12.2941769833715 489.08637153757 11.1979542764557 258.17224706136 0.839158664358361 0.864937123333835 0.866223857090657
30.899 -1.89411277551806 -9.14341652040783 2.0153712755013 4.45388957275217 -4.78073441046019 -12.2067440178587 488.837734383813 9.65815884881017 258.335022355224 0.839498969416052 0.864945913651644 0.866596997681323
30.915 -1.86798605006357 -9.15485278050694 2.05929968883709 4.29781359257619 -4.98357699994852 -12.1524818298133 489.153960945432 8.33234296392915 258.541520119701 0.83942628166014 0.86520060884766 0.866439800564384
30.929 -1.83710983408767 -9.16616298509175 2.07327714678749 4.5481849050743 -5.26231853659489 -12.1784550208778 488.838564850889 7.49910866753624 258.727368107731 0.839739824987653 0.864935717883598 0.866668294671671
30.96 -1.78639675688694 -9.22931391375542 2.0802304904202 4.5941297733455 -5.39104851499647 -12.0919072287137 488.3747083658 6.68919780078261 259.314631296958 0.839516430982773 0.865191432656418 0.866503967855697
30.976 -1.7694854037042 -9.2428146932478 2.08092197423036 4.37822824639262 -5.52293602990904 -11.944548566911 488.55723752922 5.84027802070435 259.603168167262 0.839568467352647 0.864927459311481 0.866602857631307
30.99 -1.73822403813084 -9.23515338307219 2.09064226727058 4.36941305534115 -5.46682563302501 -11.8630708094566 488.541513776298 5.13625021863392 259.442851350536 0.839362209111268 0.864937216031526 0.866445074519369
31.02 -1.68477012692106 -9.29230306093929 2.10393953365418 4.401937398662 -5.34151711552403 -11.631725560572 488.107362398668 4.08262519677053 260.318566215482 0.839429667668293 0.864698664349077 0.866303069718625
31.035 -1.65276260952543 -9.34720933626626 2.09411983527838 4.55640014734541 -5.32644937343728 -11.4853468976445 488.016626158801 3.31436267709347 260.446709593934 0.839237289395349 0.864483967834874 0.865927932667467
31.05 -1.63921887678257 -9.37328151634813 2.1003655627796 4.47709601047347 -5.05334642082638 -11.2910106811625 488.114963542921 2.32292640938413 261.102038634541 0.838937377170464 0.864414476232889 0.865837642051913
31.08 -1.60979126991944 -9.35724214111102 2.12077091056963 4.31488259263223 -4.86633238943076 -10.9122912924356 488.203467188629 1.79063376844571 261.571834771087 0.83892084863911 0.864104324887503 0.865756380497915
31.096 -1.57229309471354 -9.38410671407878 2.15218413399631 4.28721112726213 -4.66519533369379 -10.5485430792226 488.283120469766 0.351570391601143 261.994651293978 0.838525656940281 0.864072797580255 0.865312038726026
31.11 -1.52028895490084 -9.41421048511475 2.18763863319434 3.98520757178783 -4.38875213620228 -10.1265131987812 488.65480842279 -0.163586647558971 262.43518616458 0.838550300431946 0.863920687742934 0.865159740034926
31.14 -1.49730753665609 -9.42759709956714 2.23546913213381 3.87141963903653 -4.21399905998663 -9.94439623004815 488.329327580511 -1.04722798280307 263.011667548122 0.838319087103401 0.863907524150143 0.865146268682627
31.156 -1.47488845377066 -9.45281310143294 2.24936716807052 3.52473569040005 -3.88038541352995 -9.67362072918074 488.27639482246 -1.84250518452277 263.29050079331 0.838237766886946 0.863771941655833 0.865010546995867
31.17 -1.45530982901661 -9.44162955816586 2.24631310449986 3.10737662517684 -3.55875908591741 -9.40473193870541 488.228755340214 -2.31825466607049 264.021450713979 0.838037806912901 0.863773652671753 0.864764662216984
31.2 -1.43703066191085 -9.44580987932682 2.27732268226398 2.67679163441488 -3.27616562007376 -9.10548011888067 488.425879806192 -3.34642919946344 264.559305642581 0.837984614715496 0.863651457325282 0.864790698646479
31.216 -1.43739868594117 -9.45142773248911 2.26309334563243 2.24117353967568 -3.13786203516562 -8.74531378638192 488.603291825573 -4.0317862795171 265.283375078323 0.837936741737832 0.863541481513458 0.864814131433024
31.23 -1.42516034894801 -9.43966451398873 2.27063766116227 1.87736152921956 -2.94850331256509 -8.43032439247655 488.222962643016 -4.10860765156539 265.635037570491 0.837766884278698 0.863566238543615 0.864958681206455
31.261 -1.41324802088991 -9.45547370117018 2.27443479592495 1.65451087248081 -2.83227893550706 -8.12927668605332 488.360666378714 -4.89774688640885 265.951533813442 0.83799387531898 0.863712117340446 0.865088776002543
31.276 -1.39690054519404 -9.454079735289 2.28036612655126 1.5440216172938 -2.77576859920826 -7.84382993347852 488.304599740843 -5.42797219776796 266.296380432098 0.838198167255234 0.863843408257595 0.865205861319022
31.29 -1.38123013731923 -9.4750912678331 2.28211302505794 1.23771105861786 -2.59361158661568 -7.38311106226808 488.314139766759 -6.20517497799117 266.546742388888 0.838382029997862 0.863961570083028 0.8654345617483
31.32 -1.37131661913174 -9.44587819207518 2.29104740870174 0.79332926573317 -2.46783821421365 -6.731059498026 488.502725790083 -6.24465748019205 266.592068149999 0.838673827012645 0.864191375991459 0.865763579737195
31.336 -1.33204795188944 -9.46998439218529 2.28987066255966 0.484225346793441 -2.30349714088389 -6.11444209784172 488.972453211074 -6.58019173217285 266.692861334999 0.838683653497073 0.864398201309046 0.865813184680208
31.35 -1.32465845287359 -9.52190677511032 2.28683638847136 0.0594669342515015 -2.14719322832222 -5.50299788805755 489.335207889967 -6.82217255895556 266.483575201499 0.839071459640893 0.864460883829334 0.866227392511919
31.38 -1.3443441206859 -9.52607996631266 2.27524698027608 -0.364800369860672 -2.02636703526099 -4.82598054199989 489.36168710097 -7.45995530306001 266.595217681349 0.839167993144955 0.864764082007581 0.86623061617746
31.396 -1.31944443714438 -9.53187088401855 2.27337578757379 -0.842824149668498 -1.83518071341428 -4.14872599925028 489.565518390873 -7.85395977275401 266.275695913214 0.839507365323987 0.864666578988325 0.866603080859446
31.409 -1.28835573731498 -9.53325199095972 2.28318389496601 -1.20816005531234 -1.68754050466827 -3.58423507871456 490.168966551786 -8.26856379547861 266.048126321893 0.839433837977281 0.864949207650673 0.866445275424694
31.44 -1.27408271079036 -9.55777865953953 2.28620524622258 -1.65528298107881 -1.51496966030831 -3.00672760137746 490.112069896607 -8.16170741593075 265.963313689704 0.83974662567308 0.864956789536799 0.866796274181956
31.456 -1.25411424378847 -9.58787315762976 2.29018140510252 -2.09204475930681 -1.36270933549886 -2.42513881070536 489.880862906947 -8.72553667433767 265.706982320733 0.839522551599657 0.865210397144299 0.866742609680494
31.471 -1.25403927570845 -9.63782283374911 2.28232765801725 -2.41108455818529 -1.22949183706348 -1.98109821207757 490.152776616252 -8.6329830069039 265.47628408866 0.839826467933219 0.864944527350573 0.86694082287617
31.5 -1.24702862625956 -9.628788322591 2.29004347867946 -2.73791503366447 -1.08898540144873 -1.47993495575531 490.157498954627 -8.66968470621352 265.508655679794 0.839594409633782 0.865199361176696 0.866749243239746
31.516 -1.23928252213275 -9.62251282666613 2.31284930003148 -2.67939070587054 -1.02283495290691 -1.09072008613398 490.401749059164 -8.46271623559216 265.417790111815 0.839764968684973 0.865058330240529 0.866576821566964
31.53 -1.28647983687885 -9.86735821605762 2.40196842276271 -2.53129896352776 -0.991543824028434 -0.769434337062567 490.381574153248 -8.51644461203295 265.696011100633 0.839539060310362 0.864931402397979 0.866421642061461
31.561 -1.28406613425405 -9.81561804569698 2.38868205240264 -2.17969578473224 -1.07559554849582 -0.680277162898295 490.963416737923 -8.56480015082965 265.58640999057 0.839335742773211 0.864693432078885 0.866405440772048
31.577 -1.28129525204889 -9.77018914899471 2.41844327888692 -2.2670697177094 -1.07032606998212 -0.312249446608465 490.587075064131 -8.30832013574669 265.307768991513 0.839152756989776 0.864479258791701 0.866267399346036
31.59 -1.29155058163755 -9.83297202242532 2.44822113193695 -2.33425587570945 -1.06405682176253 0.0166854217165033 490.968367557718 -7.83748812217202 265.416992092362 0.838861298005448 0.864286502833235 0.866019564592935
31.621 -1.32065225689131 -9.85835201668547 2.42863355109952 -2.43136463928354 -1.1553610632504 0.43257413145325 491.311530801946 -7.65373930995482 265.755292883125 0.838725756698788 0.864113022470616 0.866043571050375
31.636 -1.33008435709939 -9.85922717268294 2.45535730746265 -2.61418237382847 -1.09936694165818 0.680156412964414 491.140377721751 -7.60836537895934 265.699763594813 0.838350074193992 0.864080625405057 0.86557051022324
31.651 -1.34054846176802 -9.82924937500083 2.47384216273018 -2.83368016697997 -1.12225467497328 0.912140771667972 491.346339949576 -7.6875288410634 265.649787235332 0.838265655268478 0.863679846522779 0.865515961852109
31.68 -1.36259556957453 -9.8452452596443 2.47814840570856 -2.98695337165602 -1.19781546701794 0.991155702134763 491.531705954619 -7.15877595695706 266.084808511799 0.83806290645628 0.863567031791205 0.865095661944801
31.696 -1.38471245600315 -9.7735101738349 2.52739415015968 -2.77986108792554 -1.59101101955279 0.672956162455638 491.938535359157 -6.80289836126136 266.356327660619 0.838133824996344 0.863589233793587 0.865088598401514
31.709 -1.39677663892686 -9.77047956813354 2.48516491752439 -2.95989024630855 -1.77618472675781 0.599553675981066 492.784681823241 -6.96260852513522 266.360694894557 0.837944259211359 0.863485480334933 0.865082241212556
31.737 -1.38321354612868 -9.76667456175964 2.46026686163163 -3.19138213770823 -1.79856625408203 0.540361667161586 492.826213640917 -6.7463476726217 266.484625405101 0.837900421784109 0.863392102222144 0.865199980008033
31.753 -1.37250313721741 -9.75828208040667 2.42169774172976 -3.38293094683817 -1.78512184241429 0.522203363040847 492.623592276825 -6.31171290535953 266.356162864591 0.837860968099583 0.863555394651123 0.865182484658423
31.767 -1.38530941214542 -9.72750516097074 2.36579685746081 -3.57517220329939 -1.82340355130263 0.625708217576457 492.981233049143 -6.82054161482358 266.660546578132 0.837952080475318 0.863702357837204 0.865166738843774
31.797 -1.38145231669885 -9.67658215189271 2.30513113741678 -3.57948704403816 -1.79297159311893 0.734893121009651 492.943109744229 -7.03848745334122 266.694491920319 0.838160551895938 0.863834624704676 0.86527602787613
31.813 -1.37337209700712 -9.6305718668487 2.27369589213671 -3.35817956100839 -1.75565916663147 0.694991595168228 492.968798769806 -7.1746387080071 266.545042728287 0.838348176174495 0.864077125150942 0.86537438800525
31.829 -1.36580062436314 -9.58192012144801 2.25743503514655 -3.06968984918236 -1.70681080722023 0.664423733361329 493.411918892825 -6.75717483720639 266.350538455458 0.838390567742738 0.864295375552581 0.865462912121458
31.86 -1.35252194876002 -9.54094679445336 2.22322767207379 -2.74898040624886 -1.63765644405546 0.756759985979394 493.570727003543 -6.74145735348575 266.655484609912 0.838807682461992 0.864368340648516 0.865789095073037
31.876 -1.34003244585865 -9.52992815336862 2.21764000561257 -2.46492206028046 -1.58076102865754 0.952076353793669 493.773654303188 -6.54731161813718 266.389936148921 0.838930593683944 0.864803980747389 0.865836148482467
31.889 -1.33890739751226 -9.5108535280342 2.1716702607848 -2.25125428173333 -1.5112345441124 1.14465497795629 493.71628887287 -6.73258045632346 266.510942534029 0.839419728884475 0.864826085323843 0.866248059933952
31.919 -1.300365743092 -9.46333987628058 2.17997718699972 -1.98261740317832 -1.31812635687673 1.34774673206905 493.604659985583 -5.99932241069111 266.679848280626 0.83935496518172 0.865215950955184 0.86624921685729
31.934 -1.25502405499038 -9.27459117574664 2.08665751977146 -1.35992818194445 -1.5405121944715 1.52518579932016 493.684193987024 -5.999390169622 267.131863452564 0.839675640157075 0.865073261041168 0.866496769335286
31.949 -1.25665375531867 -9.24645409110044 2.10747599211377 -1.32393536375001 -1.51928540250527 1.96121683770876 493.875774588322 -5.5194511526598 267.178677107307 0.839458664635254 0.865315221498232 0.866473055318491
31.979 -1.26165194160779 -9.23890768101384 2.11053061133959 -1.70757236172615 -1.39865457217841 2.46891194783101 493.92819712949 -4.96750603739382 267.340809396577 0.839768969665255 0.865038869269113 0.866698223950366
31.994 -1.28189218205547 -9.25210750052842 2.10160803478662 -2.47650978204209 -1.16642270274682 3.12431082938379 493.855377416541 -4.71075543365444 267.606728456919 0.839542661192615 0.865284268903381 0.866530904206523
32.009 -1.30884723808469 -9.24094313337963 2.09423610879514 -3.06168323131879 -0.933749898120997 3.80729959377365 493.729839674887 -4.419679890289 267.786055611227 0.839844566566881 0.865134747194546 0.866750287949596
32.039 -1.3629744495103 -9.25369994003679 2.04354807120741 -3.33490422116401 -0.699916893041722 4.33725665729705 493.976855707398 -4.1577119012601 267.827450050104 0.839610698404079 0.865247235391824 0.866454164336139
32.055 -1.41761459515833 -9.29995689534341 2.01702260120672 -3.48996341736822 -0.35053589076045 4.86612641141468 493.839170136658 -3.80194071113409 267.864705045094 0.839526837749363 0.865101417034145 0.866558034463705
32.068 -1.50982649570414 -9.33087410101171 2.00278633067574 -3.70737928937186 -0.055940316951581 5.39554430462435 493.835253122992 -3.60174664002068 267.658234540585 0.839324742468313 0.864846445251434 0.866404733668527
32.1 -1.61370660763122 -9.33374002190419 2.00900758412092 -4.03511464287742 0.152707149858081 5.79644788942909 493.351727810693 -3.06157197601861 267.352411086526 0.839016084936131 0.864616970646995 0.866390223218408
32.116 -1.68618959696118 -9.39731159161318 2.00556860959479 -4.11099249156678 0.384764679147082 5.91909317682206 493.036555029624 -2.33541477841675 267.557169977873 0.838865064936403 0.864410443503 0.86625370354776
32.13 -1.77997515062413 -9.43968196824898 1.95734282668783 -4.26630545615056 0.544761493675122 5.87298538585741 492.992899526661 -1.80187330057507 267.621452980086 0.838475451607845 0.864348304334203 0.865883503113688
32.16 -1.83373634928395 -9.42418514593581 1.95500018897373 -4.26410239145153 0.652880764154938 5.65286241979076 492.893609573995 -1.62168597051757 267.379307682078 0.838378494940946 0.864044770178685 0.865797655453513
32.174 -1.90247214657601 -9.53623287890082 1.91422545942114 -4.09799749581783 0.762401848044788 5.29139297170481 492.804248616596 -1.09951737346581 267.64137691387 0.838164462161501 0.863895463081521 0.865596795089664
32.188 -1.941948576175 -9.57368939829223 1.88985834150713 -4.34697637219025 0.993031892247943 5.193551384458 492.543823754936 -0.809565636119229 268.057239222483 0.838098604439236 0.863637213051272 0.865292285501402
32.22 -1.96059825724616 -9.58351806741076 1.90210515525223 -4.08861461283382 1.04258366485521 4.94595197120304 492.609441379443 -0.128609072507306 268.011515300235 0.837785637160395 0.863652396927647 0.865141962132764
32.236 -1.95415920054544 -9.54843028731153 1.91588061689986 -3.87975315155044 1.02916499302618 4.72005906415907 492.608497241498 0.424251834743424 267.430363770211 0.837757661938241 0.863418453512785 0.865130268570681
32.25 -1.92657682331469 -9.52193894696539 1.9400699762075 -3.70704501196791 0.971286661662491 4.72744247072026 492.907647517348 0.981826651269082 267.80732739319 0.837732484238303 0.863455513343009 0.865119744364806
32.279 -1.8875670406109 -9.49749821465288 1.99236648925264 -3.66611150313753 0.963470972595478 4.93408753662533 492.936882765614 1.36364398614217 267.786594653871 0.837836445000165 0.863488867190211 0.865233732845059
32.295 -1.86275329347425 -9.54583122170932 2.04823202176201 -3.56438584900699 0.971704028007686 5.14983908830631 492.783194489052 2.48727958752796 267.347935188484 0.8380564799683 0.863765943387923 0.865459646121733
32.309 -1.83102368851877 -9.43813711855084 2.05966508045769 -3.47206940151087 0.522625228260353 5.45699258405583 492.404875040147 2.65855162877516 267.193141669636 0.838254511439622 0.863768254230633 0.865539644426293
32.338 -1.8086919624243 -9.48258997011129 2.06085687567273 -3.48593116364986 0.303950491693859 5.78762920351285 492.304387536132 3.29269646589764 266.933827502672 0.838306269481352 0.863893931458763 0.865611642900397
32.356 -1.78619920956795 -9.48770211644122 2.06995005926024 -3.67779606255205 0.217830251684779 6.21420979461194 492.273948782519 3.44342681930788 267.000444752405 0.838731814026744 0.86413050122962 0.865799765171537
32.367 -1.77463471663926 -9.48116994953587 2.09573131371019 -3.60238286851058 0.07925333338653 6.43935370064693 492.306553904267 3.99908413737709 267.000400277164 0.838988632638639 0.864343414023391 0.865969075215563
32.396 -1.80863910710455 -9.5314350461045 2.06464592428635 -3.69176290227021 -0.0385956640742605 6.81526565882651 492.33589851384 4.49917572363938 267.240360249448 0.839471963943701 0.864287977802555 0.866367693993738
32.411 -1.84193654473699 -9.54955933705679 2.02463821004298 -3.98594539066914 -0.0385528915599642 7.28946428378356 491.942308662456 4.88925815127544 267.636324224503 0.839528447017482 0.864731654186025 0.866480211155544
32.426 -1.89788132562706 -9.56150174929838 2.01371052948058 -4.06063329435032 0.000416901412826139 7.38265525998536 492.368077796211 5.7803323361479 267.812691802053 0.839831773809261 0.864760991418615 0.866827716339721
32.457 -1.94894988823952 -9.6177995991183 1.99034837860543 -4.05533332369392 0.184344676920399 7.31767217673491 492.27127001659 5.98229910253311 268.091422621847 0.839852275896486 0.865157366440479 0.866770907622483
32.486 -2.02567708035429 -9.65631709022575 1.95507693271647 -4.17041067834743 0.384230819915382 7.39048511173318 492.244143014931 6.4640691922798 268.042280359663 0.840123219800365 0.865020534977933 0.867089343159966
32.487 -2.08222184962141 -9.68852883747149 1.93189190608988 -4.00451464868062 0.637410791358958 7.05830682956749 492.099728713438 6.65766227305182 268.358052323697 0.839861486314214 0.86526776804132 0.866882911495162
32.516 -2.1318551992128 -9.69836571965452 1.91365900143441 -3.71627692427058 0.888936887795581 6.56316316951151 491.909755842094 7.25189604574664 267.862247091327 0.84013150917632 0.864996161157892 0.867190146645377
32.533 -2.17592664016036 -9.72152431446763 1.90048156831673 -3.31258816314123 1.05958518374885 6.02364074569013 491.618780257885 7.06670644117197 267.776022382194 0.83999556744438 0.865122507958836 0.866850037162342
32.546 -2.18650139080954 -9.69143035088586 1.88754447687278 -3.27216904148359 1.28874116919076 5.48692552608295 492.016902232096 7.44003579705478 267.878420143975 0.839999690168094 0.864865427083657 0.866914320007288
32.576 -2.20769040025001 -9.69972013897842 1.88685456861803 -3.28006664115203 1.50414186143199 4.8160955688945 491.715212008887 7.9560322173493 267.670578129577 0.83975030964517 0.864881387026484 0.866478057927264
32.592 -2.21652529451304 -9.72184540749025 1.86043612912073 -3.44366303047194 1.78273530887657 4.2566234165852 491.743690807998 8.36042899561437 267.66352031662 0.839399095395302 0.86464841824454 0.866456215051271
32.607 -2.19071846437204 -9.71236933994679 1.84587721307374 -3.46036542971482 1.94873658714922 3.77676260164424 491.769321727198 8.12438609605293 267.657168284958 0.839209774349658 0.864686079071279 0.866189498727646
32.651 -2.24596228508724 -9.8374373948132 1.92536994468537 -3.05249682567464 1.96684002767094 3.16397183766302 491.132389554478 8.57194748644764 267.711451456462 0.838912613629341 0.864472641084856 0.865949454036384
32.653 -2.2376223174504 -9.78258407433822 1.92047850475937 -2.54037691409954 1.72206442185041 2.51322350885855 490.979150599031 8.43475273780288 267.460306310816 0.838771940760293 0.864280546897074 0.865857011283939
32.666 -2.24400272677287 -9.78768414545055 1.89225390123931 -2.65046136009417 1.75825492623026 2.35579428774369 490.901235539127 8.85127746402259 267.654275679734 0.838518563398913 0.864107662128071 0.865650215337047
32.697 -2.23053163328717 -9.77090599198337 1.87080219895489 -3.02052972790154 1.95189508246219 2.36983317958001 490.951111985215 9.34614971762033 267.228848111761 0.838417295552907 0.863828192193167 0.865464098984845
32.711 -2.22038285171047 -9.72797305040833 1.88297941247386 -3.26427828182895 2.18265977268926 2.36262085398842 490.636000786693 9.1915347458583 267.085963300585 0.838199382712266 0.863947875625043 0.865048985364263
32.726 -2.22723024101604 -9.71064182507941 1.89687179887082 -3.15540770555445 2.2399663145043 2.34620609683385 489.932400708024 9.83238127127247 267.617366970526 0.838256653626732 0.863684384340442 0.86492299200934
32.757 -2.25506041954353 -9.74041382421209 1.88267959979581 -2.90398907240358 2.19993914870273 2.31921907493673 490.319160637222 10.4691431441452 267.675630273474 0.838181576757944 0.863571115827102 0.864933195459599
32.771 -2.2810652599668 -9.70920910789806 1.88409226382441 -2.98610924913269 2.27154828726757 2.30714449568733 490.427244573499 10.4422288297307 267.488067246126 0.837987235796799 0.863469174165096 0.864942378564832
32.787 -2.32565830462594 -9.68471611458872 1.88129352251887 -3.0134525226927 2.37798124480035 2.28024684001173 490.404520116149 10.4180059467576 267.559260521514 0.838065721402812 0.863624759399779 0.864950643359542
32.817 -2.36034522932845 -9.68709325419797 1.86608538675487 -3.13500803378221 2.52262586841192 2.2713061254762 490.744068104535 10.8762053520819 267.383334469362 0.838136358448224 0.863764786110994 0.864958081674781
32.832 -2.40934042765567 -9.70234093332529 1.83827227635544 -3.25356829910628 2.67952358691424 2.22356482590568 490.449661294081 11.4085848168737 266.745001022426 0.838199931789094 0.863890810151088 0.865088236424036
32.846 -2.45493246883634 -9.71720110116219 1.82293699637081 -3.36103589667657 2.83370863280297 2.16075032804794 490.544695164673 11.6477263351863 266.770500920183 0.838383618078336 0.864127692052712 0.865328699342812
32.877 -2.47842778358295 -9.69986960951521 1.82356030751788 -3.29287123830662 2.96102479242344 2.02101117310574 490.090225648206 11.8029537016677 266.373450828165 0.838548935738654 0.864217425498634 0.865421792325265
32.892 -2.50843210452886 -9.72126171884567 1.81382621833256 -2.84526350378894 2.97713605363911 1.66318486495547 490.221203083385 12.0026583315009 265.836105745349 0.838824042179358 0.864298185599964 0.865752087256463
32.907 -2.51927514762364 -9.74913373497991 1.80680133260999 -2.37829440531844 3.03209420400039 1.26785874487214 490.159082775047 12.2423924983508 265.652495170814 0.838818847147115 0.864617653601148 0.86580284144755
32.937 -2.51335185668482 -9.74692467666746 1.82358298323495 -2.03283137700034 3.09377027978355 1.0227522596979 489.803174497542 12.9981532485157 265.427245653732 0.83919313392593 0.864534793422535 0.866218083602527
32.953 -2.51789697916759 -9.75750604704393 1.83784849901744 -1.64939556754458 3.00347722127085 0.842614438308264 490.262857047788 13.7383379236642 265.404521088359 0.839277500001489 0.864830600641462 0.866098777893467
32.968 -2.50923846582877 -9.74973115416205 1.85697223657144 -1.48827280468325 2.95961804876208 0.646902612798049 490.616571343009 14.1045041312978 265.204068979523 0.839605921494867 0.864850043228509 0.866484426403852
32.998 -2.50072754401243 -9.72286194346996 1.87143027109301 -1.49517071505462 2.86136616755 0.373052046174732 490.634914208708 14.134053718168 264.723662081571 0.839395917839266 0.865114325466838 0.8664619466802
33.014 -2.50898916403898 -9.70334827109562 1.86720425476786 -1.4204628038545 2.61797764239805 -0.00776460882442043 490.471422787837 14.7006483463512 264.831295873414 0.839838520624265 0.864981798101657 0.866811278311911
33.029 -2.50720693064137 -9.69620075706589 1.84867650202057 -1.42650812652249 2.42717224457046 -0.368056850232055 490.024280509054 14.7905835117161 264.748166286072 0.839605257055724 0.865356092455216 0.866632653131913
33.06 -2.49913858228091 -9.67785688832952 1.82673427401013 -1.51668174135115 2.28445502011341 -0.628961088872971 490.401852458148 15.1715251605445 264.733349657465 0.839900902843679 0.865199388391197 0.866718674379902
33.075 -2.48804634976235 -9.68139879043895 1.80028251056099 -1.61234181149085 2.29417745703337 -0.859194750978041 490.021667212333 15.75437264449 265.320014691719 0.839788021745004 0.86530541246881 0.866425712123414
33.09 -2.47447204143864 -9.69565971019267 1.7967069200655 -1.79003892805169 2.46552307010866 -1.08014550488787 489.7995004911 16.158935380041 265.368013222547 0.839812899038655 0.865030041142634 0.866532427472253
33.12 -2.45513240889665 -9.69790016999005 1.79857657420458 -1.98660755433049 2.67087916004436 -1.33396301546779 490.31955044199 16.6430418420369 265.171211900292 0.839582197628675 0.864905942209873 0.866381687376221
33.135 -2.4352726733323 -9.70308898142122 1.81965230167945 -1.76275595920278 2.68318055701702 -1.85705526353933 490.427595397791 16.2387376578332 264.874090710263 0.839374566359693 0.864546644266788 0.866369481555332
33.15 -2.42745457252587 -9.73768635616728 1.84215188855862 -1.23457196633594 2.56066402803288 -2.59043370665104 490.524835858012 16.4748638920499 265.086681639237 0.839187698217609 0.864347149760814 0.866235036050992
33.179 -2.43436450505905 -9.77026051306154 1.85952847750427 -0.907297975809216 2.45421594584028 -3.23062697720731 490.432352272211 16.6273775028449 264.738013475313 0.839019516889734 0.864291339966235 0.865866702366597
33.192 -2.44345648358451 -9.78748657128297 1.87205494837262 -0.92114833090005 2.42711496194327 -3.83962534818887 490.22911704499 16.5246397525604 264.784212127782 0.838868153694646 0.86386948962784 0.86590599504667
33.206 -2.44158360305596 -9.77234427172914 1.8848850017455 -1.12521670391692 2.43631186269551 -4.467876553828 490.106205340491 16.8521757773044 264.525790915004 0.838478231490264 0.86373771058576 0.865446691819906
33.237 -2.45528077730389 -9.7719441417364 1.90570958426596 -1.27452709459393 2.32474174512825 -5.2974247763078 490.355584806442 16.5469581995739 264.173211823503 0.838254225055887 0.863495235805087 0.865280927819418
33.253 -2.47137908621596 -9.77320012123952 1.90296374533476 -1.55547133169942 2.19990115840168 -6.12722428340984 490.220026325797 16.7522623796165 264.335890641153 0.838052619264947 0.863400882145282 0.865255337688669
33.267 -2.47700902656287 -9.76391571168515 1.89360916710408 -1.90374099242261 2.08983470668365 -6.87404383980168 490.458023693218 16.4570361416549 264.122301577038 0.837997945832338 0.863192090208657 0.865232306570996
33.298 -2.47369625123354 -9.74867640797269 1.89578439083556 -2.02100048096661 1.93046955662597 -7.56679212757724 490.492221323896 16.1313325274894 264.470071419334 0.838075360434797 0.863251786369294 0.865087981095399
33.314 -2.46155695276272 -9.75740671334241 1.91444164472991 -1.8410378374501 1.71604855516185 -8.20324268581188 490.642999191506 15.8381992747405 264.783064277401 0.83814503357701 0.863429110383557 0.864958088167361
33.329 -2.42471434018145 -9.74766659895397 1.92985649667538 -1.74930046591883 1.52306965384414 -8.80123902791772 490.838699272356 15.2743793472664 264.404757849661 0.838207739405002 0.863588701996395 0.865211565911805
33.361 -2.37856744534788 -9.71118757867649 1.94612408663949 -1.60337805291473 1.28450314647499 -9.37073344573663 490.71482934512 14.9469414125398 264.604282064694 0.838264174650194 0.863732334447948 0.865316372237358
33.376 -2.33571843034342 -9.68302517304273 1.95459984230507 -1.27739139266143 0.993457411980165 -9.96495781108663 491.083346410608 14.2922472712858 264.903853858225 0.838441436653326 0.863861603654347 0.865287237664815
33.391 -2.29158779138013 -9.67928669306146 1.95564396221199 -1.07407973431131 0.733806327270698 -10.4005230986803 491.295011769547 13.9430225441572 264.693468472403 0.838727293002563 0.863977945940105 0.865630988062059
33.421 -2.2382232679756 -9.65910277473187 1.94467251633487 -1.0613282494298 0.442868442635231 -10.6245929262168 491.485510592593 13.3887202897415 264.504121625162 0.838731772887999 0.864329437907275 0.865693852172586
33.435 -2.17636868362113 -9.61920987701943 1.93294271053268 -1.04603511914331 0.152016712875525 -10.5415229465722 491.716959533333 12.9498482607673 264.873709462646 0.839114767092726 0.86439899676774 0.865996941119053
33.45 -2.1302165121241 -9.60934319916246 1.9235231300121 -0.75440870646562 -0.119673508030348 -10.4461492778692 491.80526358 12.6748634346906 265.686338516381 0.839080499569146 0.864831571254691 0.866146533568327
33.481 -2.0885598478082 -9.57203205963562 1.93910722314645 -0.643089973223639 -0.239767225929604 -10.2282519073342 491.524737222 11.8273770912216 265.337704664743 0.839428621105759 0.864727319310725 0.866527406511226
33.496 -2.03341161763935 -9.52474525458148 1.9579213295519 -0.480307693458527 -0.521134014787025 -9.88939618224963 491.5122634998 11.6646393820994 265.503934198269 0.839489438463335 0.864880550296385 0.866623952421283
33.51 -1.99748501380922 -9.48176808553813 1.96473852105197 -0.191055550066872 -0.963677101857941 -9.50503671669643 491.14103714982 11.2781754438895 265.893540778442 0.839922689185927 0.86477140044825 0.866957083478886
33.541 -1.98897337794878 -9.49641953168402 1.95333645916513 0.0784316843291279 -1.36807275045077 -9.10949487708786 491.646933434838 10.4503578995005 265.764186700598 0.839807629453027 0.86516673456715 0.866763877782191
33.556 -1.97592594516794 -9.52666449181518 1.92601592102525 -0.101167209294625 -1.54500593342096 -8.52678966418823 491.682240091354 10.3653221095505 265.827768030538 0.839956866522293 0.865028966291937 0.866959964167697
33.57 -1.952092536919 -9.51743323474182 1.91609191976974 -0.623111557067452 -1.57523816450635 -7.86724046876177 491.714016082219 10.0487898985954 265.644991227484 0.83971176836395 0.865275356223923 0.86664287293243
33.617 -1.9301037746364 -9.51517044486749 1.89937915876201 -0.773777500597348 -1.80321053126182 -7.35837901730544 491.982614473997 9.28391090873588 265.960492104736 0.839744270995706 0.865002990522235 0.866851059802912
33.619 -1.94054069140799 -9.5407869605614 1.89445317811988 -0.488766162751354 -2.19769863844098 -7.20651058122375 491.504353026597 8.35551981786229 266.364442894262 0.839520432390021 0.865005194121205 0.866668456473814
33.631 -1.94418782609028 -9.54037867084682 1.86093024933835 -0.429202523575455 -2.42373030131444 -7.11715723302504 491.373917723938 8.17996783607606 266.307998604836 0.839445598336712 0.864759844629789 0.866750897387612
33.661 -1.94226286367168 -9.54875001396721 1.84578322641104 -0.425976927706459 -2.481357271183 -6.79093769292865 491.856525951544 7.54197105246845 266.737198744353 0.839251626996926 0.864662765348312 0.866454712830354
33.676 -1.93981213768354 -9.53539484518158 1.78031644170329 -0.155134960126653 -2.69429024635477 -6.50573705340677 491.870873356389 6.90777394722161 267.063478869917 0.838950281011883 0.864575393994984 0.866188146728821
33.69 -1.93491299808053 -9.58496605554867 1.74438067327301 0.200836551153188 -2.8248612217193 -6.15974350073785 491.823786020751 6.03699655249945 267.417130982926 0.838932462096387 0.86437302451619 0.866195294972672
33.721 -1.93361624354149 -9.62850268363638 1.71808383509839 0.652508621228709 -2.81642090107408 -6.06285312012972 491.961407418675 6.1532968972495 267.675417884633 0.838536109051831 0.864314627246073 0.865954670656908
33.737 -1.93274843937777 -9.69031090450004 1.69603276531688 1.28496768276996 -2.68439713157736 -6.07641513636102 491.905266676808 5.47796720752455 268.08787609617 0.83855970733234 0.863890448179694 0.865738108772719
33.751 -1.92789726477822 -9.7366008780454 1.67678535235636 2.07937167785174 -2.56175894513718 -6.13747591280125 492.094740009127 5.1101704867721 268.339088486553 0.838327553313756 0.863880308543227 0.865419467816152
33.78 -1.91203903873527 -9.76174192625771 1.66724384056967 3.13861008258565 -2.41932350863873 -6.3847970238112 491.785266008214 4.77915343809489 268.565179637898 0.838245386476266 0.863499561347132 0.86538002368573
33.796 -1.89788634526519 -9.75605742631992 1.67517646754481 4.27894754760953 -2.22777283716417 -6.81883640539955 491.506739407393 4.0012380942854 268.528661674108 0.838171436322525 0.863404775133123 0.865220926498659
33.81 -1.87874443782378 -9.76614456622577 1.71038785521415 5.32357187681804 -2.01110242367676 -7.24229627630998 491.376065466654 3.18111428485686 268.975795506697 0.838104881184158 0.863443202801314 0.865201336499986
33.839 -1.8622948359222 -9.81335060520867 1.73699041853155 5.92632919295303 -1.73899981489687 -7.59821932043471 491.738458919988 2.68300285637117 269.378215956027 0.838171602251435 0.863601385172375 0.865307165766721
33.857 -1.84491642988659 -9.80064967325836 1.75153548106377 6.06728405991727 -1.47120670363619 -7.90557296091032 491.104613027989 1.87470257073406 269.740394360425 0.837978258740941 0.863496416575842 0.865402412106782
33.871 -1.81215731510762 -9.8044819151 1.78413878606103 6.14070832568127 -1.12408603327257 -8.15318360375058 490.954151725191 0.84723231366065 269.766354924382 0.838184112334998 0.86352568009976 0.865364673547297
33.899 -1.78141715713659 -9.81804646086417 1.81880886608072 6.17014894349482 -0.700990407044553 -8.5783232586427 491.058736552671 -0.0774909177054149 270.029719431944 0.83836938056965 0.863799075006518 0.865577492753747
33.915 -1.74591001202154 -9.8033197375988 1.8472586088214 6.12717985067206 -0.271349381607273 -8.92430772667156 491.032862897404 -0.789741825934873 270.74674748875 0.838536121980836 0.863921670157059 0.865769030039553
33.929 -1.70790821608443 -9.79365703340069 1.87866929884258 6.37247713278043 0.00998402983589725 -9.15477771736318 491.369576607664 -1.43076764334139 271.032072739875 0.838812509797322 0.863908408322856 0.866064601199322
33.96 -1.6673021164227 -9.75371622630085 1.92339905246052 6.42072560270849 0.286084863493529 -9.29884193035969 491.012618946898 -2.06769087900725 270.988865465887 0.838808468003282 0.86426685405175 0.866084103996123
33.976 -1.6101066333075 -9.72130095590465 1.97083845267254 6.30613395846818 0.575796987831199 -9.37048445488097 490.991357052208 -2.22092179110652 271.969978919298 0.839183792696481 0.864219073828078 0.866348167760236
33.989 -1.57957996684488 -9.696137508416 1.98707798596821 6.13887934124731 0.841118052406858 -9.39526807046158 490.672221346987 -2.89882961199587 272.192981027369 0.839016001920719 0.864669640608995 0.866339313900946
34.021 -1.55174683712283 -9.65744922220452 2.01456239947619 5.96010591093938 1.07227342273869 -9.44658095807191 490.924999212288 -3.44894665079628 273.053682924632 0.839370573222174 0.864705179199289 0.866700908810583
34.036 -1.51933484538519 -9.62203123861322 2.05557892735846 5.74501135037979 1.33374837054116 -9.51184652638686 490.85249929106 -3.88405198571666 273.528314632169 0.839310725085649 0.86498394784054 0.866533320580717
34.05 -1.49112173256984 -9.5964398624936 2.08483236446423 5.44837281076166 1.55228193043361 -9.50111988901535 490.367249361954 -3.97564678714499 274.135483168952 0.839635824070612 0.864864458237988 0.866875514822377
34.08 -1.458966317812 -9.54413850090855 2.1109809048275 5.07529125487633 1.71079419540551 -9.38993919782374 490.230524425758 -4.83808210843049 274.261934852057 0.839549450849243 0.865127298975369 0.866690465991332
34.096 -1.41709774408287 -9.51340762658674 2.14780239766537 4.88455602251847 1.91376057739168 -9.24178497269785 489.747471983183 -5.37427389758744 275.095741366851 0.839724505778888 0.864993474259335 0.866893893555924
34.11 -1.38659863776158 -9.49430916205428 2.19063827251523 4.82434469507578 2.08803337461434 -9.21607975787081 489.972724784864 -5.9168465078287 275.066167230166 0.839502643694885 0.865120089750135 0.866459674121036
34.14 -1.36920509135298 -9.50124211456223 2.22128967811282 5.02129953854531 2.19144377761093 -9.21584582788526 489.695452306378 -6.28516185704583 275.039550507149 0.839429588511089 0.864863250695826 0.866686180872657
34.156 -1.34493176992749 -9.52968798290948 2.26216377350345 5.25352072972894 2.2684826059567 -9.1492230771578 489.50590707574 -6.91664567134125 274.835595456434 0.839363838845673 0.864879428277436 0.866396467966894
34.17 -1.31362868120684 -9.55367316792541 2.2960774201094 5.20145109950414 2.31873358200225 -8.94575115112141 489.755316368166 -7.06498110420712 274.952035910791 0.839178043454991 0.864646655370397 0.866259323821398
34.199 -1.28186460230124 -9.56526408782721 2.33683491628816 5.0629853788667 2.38228007113027 -8.78094702837568 489.319784731349 -7.25848299378641 275.356832319712 0.839010827603377 0.86456089501486 0.866135894090451
34.216 -1.26782170438801 -9.58084346822906 2.37848461462364 4.8734807341098 2.4455787815745 -8.67079125683582 489.167806258214 -7.67263469440777 275.721149087741 0.838860333336925 0.864483710694877 0.86577747460211
34.23 -1.24620484862359 -9.56870819901235 2.41501166337703 4.44567464543165 2.54224227746285 -8.4937884670301 489.631025632393 -8.04537122496699 276.169034178967 0.838724888497118 0.864166635903292 0.865702229793092
34.26 -1.23153807717828 -9.5510228077305 2.440882962173 4.016374356461 2.58572797338069 -8.30776839895305 489.447923069154 -8.62083410247029 275.85213076107 0.838476216362056 0.864252474964155 0.865387176734487
34.276 -1.21959493754746 -9.57526870963568 2.44369672646442 3.69794302768513 2.66608647375254 -8.18233507050812 489.223130762238 -8.83875069222327 276.226917684963 0.838379183219736 0.863958523745643 0.865227364242541
34.29 -1.20513510285415 -9.575661913135 2.43018795469689 3.30066780888608 2.77734042179714 -7.9931091970451 488.840817686015 -9.69487562300094 276.144225916467 0.838291853391648 0.863693967648981 0.86520713046948
34.32 -1.19768776516852 -9.5897226711318 2.42293816881735 3.18052469211961 2.90265981473193 -7.86326392619555 488.616735917413 -9.98538806070084 276.54980332482 0.838213256546369 0.863455867161986 0.865188920073725
34.335 -1.18942893166009 -9.59148372234748 2.42539160916828 3.1991134442817 2.94216482562515 -7.77922760991187 488.895062325672 -10.7268492546308 276.074822992338 0.838142519385617 0.863365450366491 0.865048933247855
34.35 -1.16607454376218 -9.59707896430951 2.44980594041606 3.30820973344131 2.98000941176492 -7.66695370388252 488.785556093105 -11.1541643291677 276.247340693104 0.838078855940941 0.863407810511345 0.865046542574263
34.395 -1.15954051277158 -9.63665104376967 2.44735798110957 3.47051853108955 3.04536724921438 -7.6307926846393 488.687000483794 -11.5387478962509 276.522606623794 0.838021558840733 0.863569532111403 0.86504439096803
34.397 -1.13103467697904 -9.65831966818299 2.47292755428309 3.46545141080502 3.10953281436928 -7.51046150777843 488.238300435415 -12.1248731066258 277.010345961414 0.838096612142352 0.863715081551456 0.86516591478796
34.409 -1.11280144877737 -9.65597427744502 2.48935612186809 3.49829558270162 3.06422838789419 -7.395293219596 488.434470391873 -12.6523857959632 276.969311365273 0.838290630396268 0.863846076047504 0.865151825960357
34.44 -1.09525429869448 -9.65314521365315 2.52736559043842 3.59426755114901 2.98757654147118 -7.29927534801808 488.611023352686 -12.8871472163669 276.932380228746 0.838717738850169 0.863840373624256 0.865385929925501
34.456 -1.06527622042377 -9.6090596733059 2.58665336248742 3.50583316244633 2.99721583388895 -7.24797376741475 488.349921017417 -13.6384324947302 277.199142205871 0.838849644433303 0.864082299178564 0.865473299849685
34.47 -1.04823188929212 -9.58488513984372 2.61014470825314 3.47357045688872 2.9341354718741 -7.07966494029159 487.754928915676 -13.9545892452572 277.559227985284 0.838968359458124 0.86405297444221 0.865798444028441
34.5 -1.03097662581609 -9.54588982425412 2.61973489555466 3.26132791501664 2.73766848957219 -6.7029961561861 487.519436024108 -14.1791303207315 277.703305186756 0.838948732698005 0.864396963559169 0.86584456254233
34.516 -1.01478848386055 -9.52408187057627 2.63782315164281 3.03443176473635 2.57840545740886 -6.40826905965146 486.947492421697 -14.3812172886583 277.95297466808 0.83943605399713 0.864459769854445 0.866255632587829
34.53 -0.996687712027839 -9.5184008639996 2.65057112612849 2.77831683253752 2.54804582769851 -6.21019024528937 486.732743179528 -14.8630955597925 277.757677201272 0.83936965778311 0.864763079430181 0.866256032245779
34.561 -0.975848032612393 -9.4909620608638 2.66395966266267 2.45773705768072 2.54896643576835 -5.92275900701997 486.179468861575 -15.0567860038133 277.101909481145 0.839688863498326 0.864665676668665 0.86674887256197
34.576 -0.971696949224582 -9.49308217100057 2.66218283225303 2.06692518397372 2.47040567005411 -5.45033043456225 486.281521975417 -15.1111074034319 277.47171853303 0.839597186334186 0.865071583165524 0.866699948222506
34.59 -0.978675022322754 -9.4573414969303 2.65824935241823 1.38389678771375 2.39512082823954 -4.87628975751824 486.193369777876 -15.2199966630887 277.744546679727 0.839893639194294 0.864943330030474 0.86690242756398
34.62 -0.973822255073923 -9.45510233472506 2.64806530539052 1.08520176543092 2.26629576831635 -4.43369894970535 485.994032800088 -15.4379969967799 278.110092011755 0.839781484460558 0.865198283588607 0.866714687458775
34.635 -0.975619833891634 -9.45673832622814 2.66314094362131 1.0346968560634 2.15035321438548 -4.24758096313176 485.814629520079 -15.7541972971019 277.839082810579 0.839933336029071 0.865057360411249 0.866915692876623
34.65 -0.983821715019683 -9.4543201088397 2.65348526028518 0.992295872747139 1.96814232042785 -4.09228851567354 485.833166568071 -15.6187775673917 277.415174529521 0.839817211611857 0.865177587286857 0.866603028770463
34.681 -0.979052828343993 -9.44974951381877 2.67819427419654 0.859478499212883 1.85453419525529 -3.90443370990772 485.429849911264 -15.4368998106525 277.333657076569 0.839712699636364 0.864791124836074 0.86656868881015
34.696 -0.974222135477322 -9.48184823187048 2.68283499749557 0.769713855398465 1.7377830658061 -3.75750178929862 485.066864920138 -15.1532098295873 277.500291368912 0.839492018166613 0.86481451500366 0.866414322580328
34.708 -0.973705236851922 -9.49331926576962 2.68030789022496 0.560681401156329 1.65026430121022 -3.71839283174281 485.400178428124 -15.3178888466285 277.470262232021 0.839293404843837 0.864588233423998 0.866028060243
34.74 -0.966356698936002 -9.50825211351516 2.67893130652473 0.299269749590314 1.64019970315027 -3.75724057146929 485.160160585312 -15.6460999619657 277.263236008819 0.839114652853339 0.864260706359501 0.865927756869893
34.755 -0.947652296065488 -9.52444493423762 2.67128790979712 -0.0650083704068853 1.69755377863677 -3.75479895707045 485.184144526781 -15.7014899657691 277.556912407937 0.838700080733087 0.864089805644255 0.865466277460806
34.769 -0.93758195266652 -9.5408141462582 2.65381450860318 -0.431026617335662 1.84611901146011 -3.75947173311913 485.085730074103 -15.9913409691922 277.581221167143 0.838580661153664 0.863812121357732 0.865298554896228
34.8 -0.932349362601589 -9.52998834686675 2.63455699153497 -0.666549909800569 1.94394985840571 -3.74841005599043 485.057157066692 -16.192206872273 277.783099050429 0.838346411752947 0.863686079142663 0.865147604588108
34.816 -0.924946557250397 -9.54209218475698 2.61602812648792 -0.631955987522803 2.06711212447353 -3.80181332520054 484.311441360023 -15.8929861850457 277.844789145386 0.838262359071538 0.8634487675063 0.86513534678049
34.831 -0.923132292121747 -9.55663687634598 2.59893315113466 -0.544332907854492 2.15429404179717 -3.80483809955072 483.880297224021 -15.9836875665411 277.300310230847 0.838059939879034 0.863359060676374 0.865000717283944
34.862 -0.930776982030361 -9.56380144341109 2.56858392724587 -0.392189693404921 2.17092570631975 -3.68313291554985 483.792267501619 -15.765318809887 277.470279207763 0.838004534385016 0.863402059790239 0.865003148206743
34.876 -0.933108224142571 -9.56977071389542 2.55509613903636 -0.188848586659848 2.30116137996258 -3.6041326010941 483.473040751457 -15.6887869288983 277.743251286986 0.8379546694404 0.86331702373192 0.865005336037261
34.89 -0.929998952450436 -9.55598936699318 2.54050306337125 -0.107368308146535 2.42295363891289 -3.53608575319843 483.305736676311 -15.6199082360085 277.628926158288 0.838036411682053 0.863240491279432 0.864883707615038
34.92 -0.937615381153299 -9.55615577300627 2.53072117439252 0.0842845532024694 2.58905522158648 -3.5565229794053 483.21516300868 -15.3779174124076 277.706033542459 0.83810997969954 0.863418944802682 0.864897839504727
34.934 -0.935970753257162 -9.54978135705208 2.52413212065108 0.176619456660848 2.8232794704202 -3.57873327688462 482.833646707812 -15.4601256711669 277.475430188213 0.838302661197737 0.863455955503916 0.865034018470988
34.95 -0.912404075108188 -9.53686168921186 2.5264619601149 0.274988045345909 3.04400495849269 -3.49719582705875 482.490282037031 -15.2941131040502 277.507887169392 0.838349604263656 0.863736322870258 0.865156579540622
34.978 -0.906995798506336 -9.54091601787978 2.52736171594668 0.492527408750249 3.22891743974265 -3.43297242755899 482.421253833328 -15.5047017936452 277.777098452453 0.83864464385186 0.863865193234425 0.86539020814774
35.009 -0.892371975205537 -9.55264539616383 2.5364913509316 0.637167797646217 3.50678905454702 -3.36448434510843 482.239128449995 -15.3342316142806 277.899388607207 0.838657388652367 0.864104636827716 0.865477150249699
35.012 -0.892558213611421 -9.55619881537923 2.53806410724164 0.531466285057167 3.70725518726025 -3.20055499456705 481.895215604996 -15.3608084528526 277.829449746487 0.839047821280657 0.864196675796137 0.865801909388454
35.038 -0.861720916515568 -9.55867858517798 2.5598303064189 0.387479961894962 3.93805638609148 -2.9408048386218 481.645694044496 -14.7247276075673 277.706504771838 0.838893627646477 0.864526294777704 0.865847681366342
35.054 -0.851804146366697 -9.58658824970095 2.59079235653415 0.189953339751267 4.16257135816936 -2.5757319883474 480.881124640046 -14.5722548468106 278.015854294654 0.839260436375356 0.864452570481436 0.866135387393433
35.068 -0.834798624393983 -9.57112514921816 2.62542180294098 -0.309194665979584 4.54631422235242 -2.06472367500885 480.793012176042 -14.3150293621295 278.054268865189 0.839338072205972 0.864879787597017 0.866147811570823
35.1 -0.81278989041833 -9.5691195602607 2.64162455863626 -0.701939321519031 4.96038509019351 -1.44603756704995 480.473710958438 -13.6035264259166 278.08884197867 0.839534264999944 0.864770714018818 0.866528556713472
35.115 -0.807287383004915 -9.5259547241382 2.64351775825207 -1.20655454967247 5.329995436136 -0.83960174927625 480.366339862594 -13.5031737833249 277.939957780803 0.839458047685643 0.865166116780661 0.866378203693318
35.131 -0.786234123639665 -9.50003504823317 2.67868060988353 -1.79200596493423 5.69317909862927 -0.16403852091351 479.849705876335 -13.1128564049924 277.745962002723 0.839768414410606 0.8649046750233 0.866612857487711
35.16 -0.800984576164843 -9.49137179914716 2.67986095358878 -2.0891412463034 5.77424286815565 0.482136323544253 479.504735288701 -12.4015707644932 277.33136580245 0.83954216146343 0.865040170437703 0.866330476920443
35.176 -0.818389983313526 -9.47070599374416 2.66039299139335 -2.31457826671123 5.91284911569123 1.1888845232509 479.314261759831 -12.7214136880439 277.318229222205 0.839591624785239 0.864791323314637 0.866446715789578
35.19 -0.830283979777019 -9.47604885796228 2.63724545689482 -2.60907463851339 6.036068020916 1.94709530756703 478.902835583848 -12.4092723192395 277.186406299985 0.839256279021364 0.864814693634366 0.866304546861814
35.221 -0.848949295464326 -9.47475220351981 2.6227573041802 -3.15885419756282 6.1294077837099 2.77070638749735 479.132552025463 -11.6483450873155 277.307765669986 0.839334330587379 0.864588394191634 0.866176594826825
35.236 -0.876761408611985 -9.47897213926524 2.60325362843442 -3.61167106788287 6.20654334121677 3.55699452737357 479.279296822917 -11.023510578584 276.996989102988 0.839151486022527 0.864508459953973 0.866061437995336
35.251 -0.898619996277856 -9.47337286082455 2.59156610872299 -4.00928258704878 6.41565999946151 4.26160041814766 479.231367140625 -10.0411595207256 277.017290192689 0.838860154134924 0.864436519140078 0.865710464116506
35.282 -0.932478368373245 -9.47210433847501 2.57123112356023 -4.3022474581149 6.49165125142375 4.920936559539 479.668230426563 -9.39704356865303 276.31556117342 0.838724727215317 0.864000150884298 0.86539458762556
35.296 -0.98198481210309 -9.47790589422102 2.53772644706389 -4.448358590166 6.49668459956382 5.53952992648587 479.821407383906 -9.05733921178772 276.404005056078 0.838476071208435 0.864102638447062 0.865110298783708
35.311 -1.02378727026198 -9.48007467827303 2.52481049753267 -4.69665250214177 6.73480239914942 6.12527159032583 479.239266645516 -8.27160529060895 276.12360455047 0.838379052581477 0.863699658260583 0.86497817408684
35.341 -1.05105457032395 -9.46239414907488 2.53365657142137 -5.06820862597339 6.94987177755509 6.62343145419401 479.375339980964 -7.38444476154806 275.811244095423 0.838164964037979 0.863708597616028 0.86473552659886
35.356 -1.0931326626957 -9.4542030015319 2.51953151295782 -5.34841066413941 6.89915940895989 7.04734785075934 479.197805982868 -6.16600028539325 275.350119685881 0.838225676819873 0.863592907775129 0.864640879120477
35.371 -1.14758278839772 -9.44826748836601 2.49125666442693 -5.77998181146593 6.86573201768222 7.50444512675211 479.218025384581 -5.24940025685392 274.875107717293 0.838026925852535 0.863612522179119 0.864555696389932
35.4 -1.20149602216171 -9.42808139504699 2.44108915647728 -6.34702179825827 7.03106721286056 7.9540006140769 479.596222846123 -4.30446023116853 274.327596945564 0.837974821761167 0.863506439881911 0.864479031932441
35.415 -1.24211706270295 -9.40416783256866 2.43286896038827 -6.7787318321729 7.26841850684168 8.38226467480662 479.756600561511 -3.27401420805168 274.014837251007 0.837927928078936 0.863534701075223 0.8644100339207
35.429 -1.28531991436646 -9.40964033153836 2.44653976221779 -6.9153624657495 7.35073696150103 8.7012901157229 479.72094050536 -1.92661278724651 273.913353525907 0.838012344456735 0.863683733618893 0.864471533179823
35.46 -1.32851203973203 -9.39200021577344 2.42610277169852 -7.0192460665028 7.34848769283184 8.99757331789107 479.868846454824 -1.13395150852186 273.282018173316 0.837961698504947 0.863694265438507 0.864650342778574
35.476 -1.3576884331862 -9.370796982221 2.40381889433183 -7.13640542931817 7.30142518309064 9.24056407770502 479.701961809341 -0.240556357669674 273.373816355984 0.838169208122604 0.863703744076159 0.864934595061897
35.49 -1.40381906591891 -9.39929879645007 2.39585413536893 -7.2212381688291 7.39952693959074 9.53711835695741 479.671765628407 0.443499278097294 272.976434720386 0.838355966778495 0.864082656229723 0.86506709847244
35.52 -1.45389591005181 -9.39478351717738 2.35875833631873 -7.23422885576298 7.29392539066983 9.80401720828458 479.944589065567 1.47914935028756 272.078791248347 0.838524049568797 0.864053295788253 0.865309675186376
35.538 -1.47897348117889 -9.40412728231145 2.3327941352247 -7.50011894728592 7.49354048519064 10.1144551821126 480.19013015901 2.65123441525881 271.750912123513 0.83854885379761 0.864397252770608 0.865527994228919
35.55 -1.50800763349588 -9.35046696878367 2.33073475248683 -8.14552689988557 7.71365208552653 10.4259104272601 480.111117143109 3.52611097373293 271.635820911161 0.838950139911376 0.86446003014474 0.865970721105758
35.58 -1.53623330695202 -9.30875675872171 2.3246315922177 -8.34547802669091 7.74534031208838 10.5428613692669 480.340005428798 4.97349987635963 270.752238820045 0.83905880538839 0.864886501293991 0.865876151646375
35.596 -1.58055060001704 -9.28169225152019 2.31243498973574 -8.24757144539587 7.6517223114139 10.4855217972257 480.246004885918 5.85614988872367 270.257014938041 0.839409096343078 0.864776756346095 0.866284062781469
35.61 -1.63276630245888 -9.26882635202125 2.28846950399154 -8.07166926268834 7.46899282836411 10.4163589304803 481.001404397326 7.0105348998513 269.571313444237 0.839471866176922 0.86517155487521 0.866158159154515
35.64 -1.68065827134171 -9.2764006374429 2.27037215591019 -8.11106722191569 7.40529965239793 10.4273947931574 481.561263957594 8.04948140986617 268.834182099813 0.839780851052757 0.865033304569192 0.866414817402789
35.656 -1.73728826978432 -9.26657778484974 2.22643151605617 -8.41904446918977 7.32202159555508 10.4235866115516 481.765137561834 9.28453326887956 268.110763889832 0.839553354441367 0.865402448275998 0.866152240844013
35.67 -1.79017062787974 -9.25528312739748 2.21238318733416 -8.92217819020973 7.30661332912935 10.3835180267323 482.548623805651 10.1560799419916 268.059687500848 0.839728019011799 0.865117373369102 0.866409490923336
35.7 -1.8393808466622 -9.25032537892775 2.21069316552915 -9.17194510401318 7.24007413362099 10.2375326362728 483.013761425086 11.6604719477924 267.413718750764 0.839379033825269 0.865354922593372 0.866147447012505
35.716 -1.87606844864149 -9.26220385177716 2.16122825580989 -9.18146815086377 7.0840056515566 10.0633976932562 483.012385282577 12.8344247530132 266.892346875687 0.839571130457311 0.864950726611937 0.866158665227988
35.73 -1.91208003963702 -9.27289447734164 2.09372549925584 -9.28087858768579 7.01987989556125 9.9478976185871 482.89114675432 13.7709822777119 266.063112188119 0.839364605905466 0.864958156601937 0.865921703886692
35.76 -1.9550848156721 -9.26958736374444 2.04087388820355 -9.47416477471874 6.97438045562344 9.83784068115588 483.442032078888 15.0338840499407 265.256800969307 0.839305354500612 0.864717510862447 0.865708438679525
35.776 -2.00192939196622 -9.27546945149719 2.04184986627315 -9.41224448045297 6.93190424212217 9.65023981914716 483.517828870999 15.9904956449466 264.951120872376 0.839125407544436 0.864624664957705 0.865640097462766
35.791 -2.04331140775617 -9.25945490838605 2.01483580001784 -9.09468415454508 6.6341336652382 9.35010133341565 483.706045983899 17.091446080452 264.436008785138 0.838836683504642 0.864664701113128 0.865331257637194
35.818 -2.06080305331173 -9.26072384931014 1.97573894734913 -8.61575009023561 6.27301037505025 9.11814463518859 483.635441385509 17.6023014724068 263.612407906625 0.838703603648063 0.864205514660043 0.865300634524667
35.832 -2.05553642290731 -9.28048085585862 1.95371988841057 -8.28928958502884 5.99914445204905 9.13533780525752 483.931897246958 18.4220713251661 263.111167115962 0.838330136448339 0.863792246852266 0.864901867350103
35.848 -2.05145484844953 -9.28659042789605 1.91403086866284 -7.85501711507558 5.5862529076075 9.13554448274703 484.198707522262 19.5198641926495 263.140050404366 0.838374331989198 0.863544318444943 0.864914183266286
35.877 -2.0698679564009 -9.33243137366235 1.87567711966048 -7.51989708295733 5.43449784585439 9.29221904210592 484.438836770036 20.5078777733845 262.446045363929 0.838160715504928 0.863445056521153 0.864677934860362
35.893 -2.09146757223695 -9.34615488439792 1.84492962148914 -7.6648539395471 5.50326180172696 9.45307347377319 484.594953093033 21.4570899960461 261.761440827536 0.83809523244832 0.86347945605054 0.864712644025518
35.908 -2.12491329281171 -9.31840318074817 1.82695339250978 -8.00905556849315 5.65827913300465 9.70318597372411 485.155457783729 22.2513809964415 261.205296744783 0.837909525918138 0.863510415626989 0.864496549543671
35.941 -2.14747271330929 -9.25763334302003 1.79922276254072 -8.08143245439193 5.88939778458968 10.0107299717716 485.839912005356 23.2662428967973 260.884767070304 0.837995782512017 0.863538279245792 0.864425799770806
35.969 -2.14096113495627 -9.22550575853492 1.77630026503421 -7.95191516315121 6.18748090689407 10.3524050661974 486.275920804821 24.8396186071176 260.176290363274 0.8379467927547 0.863563356502716 0.864362124975228
35.972 -2.16263403105079 -9.20676635135209 1.75956059125677 -7.74603662393532 6.21911449559398 10.4156378420205 486.308328724339 26.0156567464058 259.778661326947 0.838155792947382 0.863462190773148 0.864675199038886
36.001 -2.20733862168198 -9.18714753176863 1.73916779125585 -7.45463906841202 6.26666869488954 10.4084252028566 486.457495851905 26.8340910717653 259.180795194252 0.838217422838336 0.863618474347027 0.86483364205173
36.016 -2.27211332064812 -9.18080317425217 1.74266135243941 -7.46413699363189 6.46519266509524 10.9110941329526 486.471746266714 28.1706819645887 258.522715674827 0.838272889740195 0.863759129563517 0.86497624076329
36.031 -2.34028663404534 -9.1757516692354 1.74191498352619 -7.6207767293832 6.42554362759335 11.7039541853062 486.664571640043 28.9536137681299 258.350444107344 0.838322809951869 0.864132503168345 0.864981119338155
36.061 -2.41546912939325 -9.17946527870957 1.7181990587133 -7.50373722438381 6.27001216559738 12.4465358660122 486.718114476039 30.7382523913169 257.59539969661 0.838620528971251 0.864221755502704 0.865232293965519
36.076 -2.49923437789954 -9.18035353248534 1.68967212826769 -7.18008105919734 6.09339262842695 12.7911952565102 486.646303028435 32.2244271521852 257.035859726949 0.838888476088695 0.864548866513613 0.86521156722016
36.091 -2.59180149396548 -9.18037485800878 1.61647298566187 -6.80024089220891 5.81000756405754 12.641083364447 486.761672725591 33.3819844369667 256.112273754254 0.839255799973353 0.864596482513445 0.865562884661869
36.121 -2.68109739685318 -9.17231356849696 1.58022199837879 -6.47517863504908 5.76259459391133 12.2624712112084 487.045505453032 34.48378599327 255.941046378828 0.839333899444169 0.865009308425826 0.865632559112415
36.136 -2.76164328632588 -9.17858570590996 1.53514626117214 -6.24369130589532 5.82450307345149 11.8415676015379 486.820954907729 35.235407393943 255.666941740946 0.839782704068678 0.864887282764746 0.865941777364899
36.151 -2.82838848451824 -9.18309337295935 1.48440273843704 -6.02695576309205 5.79472452183153 11.1551207650483 486.798859416956 36.2118666545487 254.880247566851 0.839681642847503 0.865271028651996 0.865850102279602
36.18 -2.90096886652754 -9.18212240694027 1.4535776279196 -5.652504461592 5.71906886354151 10.2640361694595 487.078973475261 37.5106799890938 254.112222810166 0.839969650056279 0.865122830968299 0.866137566215367
36.196 -2.96389701096457 -9.19052607200796 1.42116632775886 -5.24755935894425 5.71052075581331 9.49183102579597 487.391076127734 38.7396119901845 253.721000529149 0.839849894236344 0.865359834432649 0.865902714775333
36.209 -2.9976078700564 -9.17624231322635 1.37487762018821 -5.04188739251548 5.67687326038465 8.91211357207134 487.431968514961 39.725650791166 253.008900476234 0.840247099381635 0.864955147267287 0.866184917461525
36.237 -3.02968344970421 -9.17936822304752 1.33615067760451 -4.99724063799676 5.72979662136909 8.49494801639092 487.348771663465 40.8530857120494 253.208010428611 0.839972977937358 0.865085595457292 0.866068928366565
36.252 -3.05717479482778 -9.17805155989194 1.3299669905928 -4.94789825358639 5.90185512717111 8.07827764223274 488.053894497118 41.6877771408445 253.20720938575 0.839852889329314 0.864832205832267 0.865964538181102
36.267 -3.08730395402451 -9.16250127145645 1.31769791404253 -4.73860461143386 6.02693679002652 7.68877048869649 488.328505047407 42.55899942676 252.366488447175 0.839618188890269 0.864727890430543 0.865870587014185
36.296 -3.09861848145073 -9.15419229497609 1.30270531618457 -4.5624540739546 6.12882326369562 7.36416824898715 488.395654542666 43.523099484084 252.149839602457 0.839533579186934 0.864510271308193 0.865538698233471
36.312 -3.10916068604003 -9.17358913984982 1.28603965202446 -4.55735370472708 6.23426154801309 7.04530867599683 488.576089088399 44.5107895356756 252.314855642212 0.839330809762126 0.864066527835601 0.865363733591626
36.327 -3.10877258584271 -9.15357700854917 1.28504663252361 -4.88177100601009 6.5054918817614 6.83238086183226 488.498480179559 45.0397105821081 251.863370077991 0.839021545500563 0.864038780233544 0.865206265413966
36.358 -3.09184342925581 -9.13371062162858 1.28289596030289 -5.25389924892053 6.63356864778373 6.66899010389331 488.248632161604 45.5757395238973 251.397033070191 0.838869979444392 0.863766198488092 0.865188141523763
36.374 -3.09588051710873 -9.10595481291421 1.26324326803542 -5.33919634692925 6.4862423173565 6.53949567365665 488.623768945443 46.5381655715075 251.697329763172 0.838479874665035 0.863768483820786 0.864800623649289
36.389 -3.10418258495047 -9.0688240113408 1.23969004461399 -5.05565839162563 6.25899213142238 6.56722549560396 488.661392050899 47.5843490143568 250.947596786855 0.838382475692417 0.863646805359411 0.864699466465863
36.42 -3.11135518300755 -9.06048554026043 1.21107012548356 -4.70810781963864 5.94530665873816 6.69905256436418 488.215252845809 48.4059141129211 250.15283710817 0.838294816617061 0.863537294744174 0.86473202247047
36.435 -3.12397559656104 -9.06543075301906 1.20715929137148 -4.49225886973585 5.87825690889488 6.77800226975982 488.053727561228 48.905322701629 249.677553397353 0.838215923449241 0.863438735190461 0.864637725404925
36.449 -3.14060120737613 -9.0673076682567 1.20705127477477 -4.48043756291493 5.90417167602066 6.80249211911972 488.508354805105 49.9547904314661 249.249798057617 0.838144919598202 0.863473766852918 0.864552858045935
36.48 -3.1640038218146 -9.04750889300818 1.20641536497918 -4.61330983715779 5.9053575618537 6.68331160949782 488.797519324595 50.8993113883195 248.744818251856 0.838207636824075 0.86338156008833 0.864723535158075
36.496 -3.17435212070156 -9.00323411607309 1.23002448365551 -4.6779330519153 5.82321875223322 6.47070563938773 488.457767392135 51.5093802494875 248.29033642667 0.838137461635553 0.863422309261 0.864753684293461
36.509 -3.19204528749951 -8.99427203640548 1.24851936118718 -4.41013974672377 5.5790648159412 6.28470377773904 488.391990652922 52.0584422245388 248.121302784003 0.83820092465769 0.863458983516402 0.864904278780848
36.556 -3.23598129410417 -9.00099031005985 1.24798634663447 -4.00882042853994 5.14482245648448 6.03485935416361 488.57279158763 52.4325980020849 247.369172505603 0.838131420685807 0.863615587815955 0.865039813819496
36.558 -3.268281258871 -8.98399255163687 1.26181198670171 -3.63847273683098 4.72728677572153 5.63748028897625 488.615512428867 52.5293382018764 246.932255255043 0.838574450110753 0.863756531685553 0.865285118998727
36.586 -3.27718006169484 -8.96977203029887 1.27305796307655 -3.41737355475094 4.35303138059212 5.24319790893359 488.65396118598 52.9764043816888 246.779029729538 0.838594214285371 0.864006841433731 0.865382570015587
36.617 -3.31158506806808 -8.9433864677414 1.25935703422724 -3.36113238248195 3.88566717383062 4.83643536994863 488.328565067382 53.8587639435199 246.761126756584 0.838864792871403 0.863985062471861 0.865716787177754
36.618 -3.35996738615141 -8.93131109992844 1.23822751557319 -3.38608784652383 3.48565007476817 4.52073076425148 488.635708560644 54.5328875491679 246.985014080926 0.838981993052414 0.864459030388399 0.865647611111171
36.631 -3.38902654238795 -8.91499654877349 1.22399934752722 -3.4314485275203 3.1706728535509 4.17247448171946 488.792137704579 55.0195987942511 246.946512672833 0.8393399652407 0.864515630000753 0.865955324163779
36.66 -3.41452139009465 -8.92186124707607 1.2004200871939 -3.38372352209652 2.75742236208894 3.8430132930895 488.512923934122 55.757638914826 247.21186140555 0.839283177902322 0.864936541164402 0.865862294398594
36.676 -3.43752659609404 -8.92043783293975 1.18338860179376 -3.26061834545939 2.30381753046019 3.42512417752101 488.201631540709 55.8818750233434 247.150675264995 0.839611031605617 0.864698056968666 0.86614853912246
36.691 -3.45158739015895 -8.94034549617898 1.14938549791626 -2.81470918266917 1.76045867817753 2.90398580557043 488.941468386638 56.2936875210091 246.915607738496 0.839527137630748 0.864854214188533 0.865912590391717
36.721 -3.47088599615191 -8.96514572820781 1.11860313947367 -2.34010849340989 1.21265708516894 2.3990834082195 488.587321547975 56.6043187689082 246.644046964646 0.839830595361201 0.864747697951182 0.86619380551627
36.752 -3.48191011321152 -8.98118112792121 1.09856046082407 -1.98472359826737 0.84177305604136 1.93551094526014 488.448589393177 57.0638868920173 246.099642268181 0.839598124318966 0.865022214717244 0.865953330146146
36.754 -3.48016008470897 -8.99842613616181 1.08429292000976 -1.6969382613414 0.575916361124247 1.63050946905474 488.50373045386 57.5374982028156 245.909678041363 0.839768311901639 0.864775163166224 0.865983960048264
36.781 -3.50282636345426 -9.01071454595261 1.06139648399634 -1.49365664894772 0.337408694477471 1.36745852214926 488.673357408474 57.7237483825341 245.378710237227 0.839415297426124 0.864800149500795 0.865888066694631
36.795 -3.52591947669685 -9.01788350502312 1.0395327369143 -1.35650472451096 0.23267545861751 1.1444531279496 488.706021667626 58.2513735442806 245.500839213504 0.839350976869205 0.864699039732218 0.86567816520667
36.81 -3.55478371341437 -9.02666987681085 1.03679433701361 -1.17963287801406 0.203301042526752 0.995656670116476 488.615419500864 58.6062361898526 245.730755292154 0.83916646767617 0.864360432036899 0.865365518606708
36.84 -3.5747760280318 -9.02308545443738 1.04294890676074 -1.01815813983098 0.217322083312244 0.914411613791852 488.593877550777 58.5056125708673 245.517679762938 0.838873637623202 0.864426891484402 0.865084136666741
36.855 -3.57924186089756 -9.00058619320385 1.05004424912452 -0.910235455618873 0.242918119255829 0.760375032565338 488.5744897957 58.2950513137806 245.565911786645 0.838863483046575 0.86399148599419 0.86495462818157
