99.272 -2.30337420451499 8.7969498752824 -2.73917100595983 -1.28414805321689 1.15649280506949 -1.8591204410831 198.055860788813 3.98597000612871 19.3884223790141 0.838086684426454 0.863356588155647 0.865077989453739
99.285 -2.30144361866585 8.80556360357447 -2.73651695639686 -1.34504622499444 1.17595802837934 -1.78389541987555 198.110274709931 4.60737300551584 19.4295801411127 0.837901832698458 0.863399834521585 0.864949095689868
99.301 -2.30515290689234 8.8230124426494 -2.73400860182163 -1.34794618264766 1.20721718737347 -1.66657458017808 198.279247238938 4.32663570496426 19.1066221270014 0.837988858614305 0.863438756250929 0.864833091302384
99.332 -2.30639632992534 8.82907970958441 -2.74054977731452 -1.21849507583328 1.24603745336894 -1.59152017559538 198.071322515044 4.43397213446783 18.8159599143013 0.838067181938567 0.863473785807339 0.864728687353648
99.348 -2.30206861900617 8.83771255207201 -2.74075059983026 -1.06458449954766 1.19547950955877 -1.53313151681447 198.24419026354 4.17057492102105 19.0343639228712 0.838264143212862 0.863381577147309 0.865005105179463
99.363 -2.30248323804732 8.8470384114278 -2.74655770861707 -0.894003912188316 0.978221634938768 -1.48439851780478 198.879771237186 4.17351742891894 18.870927530584 0.838314938077268 0.863545922083771 0.86513055757825
99.393 -2.30590901130375 8.84669278561705 -2.75477687958123 -0.732847795778645 0.623147563047944 -1.4359586660243 198.611794113467 4.29616568602705 18.8438347775256 0.838360653455234 0.863570235056897 0.865243464737159
99.409 -2.3155163886005 8.8453642472592 -2.75894194045581 -0.694677520017574 0.253962577735516 -1.37633226507073 198.730614702121 4.40654911742434 18.9394512997731 0.838401797295403 0.863962498112387 0.865345081180176
99.425 -2.32787403719315 8.842193312493 -2.75981745599732 -0.763377706947114 0.0621541062215067 -1.33259216833465 198.837553231909 4.26589420568191 19.0255061697958 0.838691617580432 0.864068750952341 0.865559859623338
99.456 -2.34486173322816 8.84430744681987 -2.75839079748713 -0.873299478237136 0.141434878805463 -1.32452379119584 198.993797908718 4.19930478511372 18.6829555528162 0.838952455836958 0.864411162418287 0.865629836577738
99.468 -2.35284832773524 8.84782626421064 -2.76440911291054 -0.899709988428689 0.486070016879115 -1.3668805723816 199.014418117846 3.77937430660235 18.6146599975346 0.83931338174679 0.864472548827652 0.866062379219695
99.486 -2.35027988843248 8.84524712137112 -2.76246342180381 -0.896761890349179 0.946623320534715 -1.46683373651748 198.612976306061 3.94143687594211 18.4931939977811 0.839385723040262 0.864897768108611 0.866082104214459
99.516 -2.33851120554321 8.85184427355285 -2.7617298464615 -0.916246006657773 1.33516709535147 -1.53923433233138 198.671678675455 3.7872931883479 18.683874598003 0.839703322229763 0.864786896479253 0.866346367956738
99.526 -2.33186981990558 8.86705924500128 -2.76394266789903 -0.917751176984362 1.54363511864075 -1.5517231128387 198.48451080791 3.88856386951311 18.6154871382027 0.83961019919248 0.865180680995053 0.866337694077798
99.542 -2.32469547314604 8.88446375217229 -2.77275767540112 -0.858800486766842 1.62362275181485 -1.53853553437926 198.496059727119 3.9197074825618 18.9739384243824 0.839905350766759 0.86504151807705 0.866699450969749
99.573 -2.33236436119521 8.93496343332103 -2.77805756284453 -0.861470056410768 1.6360696369387 -1.52437663742988 198.446453754407 3.52773673430562 18.9965445819442 0.839792024875775 0.865286652830525 0.866408411054277
99.587 -2.34956141773621 8.98280734572624 -2.79354151565126 -0.747078775960531 1.68162297858835 -1.53911454620598 198.221808378966 3.83496306087506 18.9568901237498 0.840068993881725 0.864889283825375 0.866640044112574
99.602 -2.3592926901319 9.01048410016728 -2.80448432396315 -0.590691509051501 1.73788816164554 -1.58443973280676 198.73962754107 4.23146675478755 19.0412011113748 0.839812682987438 0.865026318359571 0.86647854235251
99.633 -2.35949156061456 9.02192577193767 -2.81457227138098 -0.557576556619633 1.80837415464129 -1.80614843128181 198.845664786963 4.1083200793088 19.1170810002373 0.839708623874387 0.864902591705116 0.866333190768452
99.647 -2.34961490668933 9.03635335389307 -2.81539143622592 -0.636170045995838 1.89776574681075 -2.27362519120706 198.521098308266 4.05748807137792 19.3653729002136 0.839361578201598 0.864791237716107 0.8662023743428
99.663 -2.34952461276723 9.03922264954624 -2.81720607430346 -0.719117926892437 1.95455405762586 -2.87145351178101 198.70898847744 3.53173926424013 19.4688356101922 0.839302629567131 0.864567283865201 0.865837306829224
99.696 -2.35824201900607 9.0376151428924 -2.82165242091364 -0.906748118936018 1.87131239232129 -3.38125472548841 198.398089629696 3.41856533781611 19.561952049173 0.83924957579611 0.864241851756584 0.865632481327804
99.711 -2.35920437334936 9.04323129889125 -2.82014747430873 -1.27637865055387 1.85670023705863 -3.8263353598098 198.058280666726 3.1367088040345 20.1857568442557 0.838821511381582 0.864196571762428 0.865448138376527
99.725 -2.36934802674318 9.06283061239201 -2.82884865972392 -1.67011483130001 1.82141189274208 -4.33759495359981 198.592452600054 2.76303792363105 19.6671811598301 0.838689948737309 0.863784198244413 0.865405827190067
99.755 -2.36854136356471 9.06957636356126 -2.83907392596894 -1.95806518023107 1.7667516194984 -4.86566751930853 198.533207340048 3.08673413126795 19.1404630438471 0.83831784702866 0.863784683601474 0.865120414391765
99.771 -2.3629671010562 9.07756289911065 -2.84247074403489 -2.21416705915453 1.53664134304475 -5.40581832462959 198.359886606043 3.13806071814115 19.1464167394624 0.83823665081968 0.863661385162031 0.864987278134091
99.786 -2.37034025846615 9.10168975357825 -2.84127816448919 -2.43549844484213 1.15167949881661 -5.96065633949487 198.623897945439 3.36425464632704 18.9717750655162 0.838163574231598 0.863550416566532 0.864867455502184
99.814 -2.38685218446279 9.11221102861715 -2.84110267958324 -2.50874249348769 0.742618419163954 -6.47222429333164 198.141508150895 3.92782918169433 18.9345975589645 0.838097805302323 0.863450544830583 0.864759615133468
99.826 -2.40674076038144 9.1295810817613 -2.83663516045762 -2.48534916016946 0.266066500911681 -7.0196583525481 198.067357335806 4.5550462635249 19.0211378030681 0.83791184148674 0.863484395529028 0.864662558801624
99.841 -2.41638046703525 9.12486338725094 -2.83201584340172 -2.42612722125175 -0.162066866736739 -7.57112763179711 198.120621602225 4.87954163717241 18.9790240227613 0.837997866523759 0.863391125896829 0.864822265838195
99.871 -2.43600967706848 9.11205823520187 -2.82139411974881 -2.54534656019527 -0.547386897620317 -8.14302250220518 197.568559442003 5.41158747345517 18.7011216204852 0.838075289057076 0.863430918488649 0.864966002171109
99.886 -2.46391118033179 9.09742109149126 -2.80626804300189 -2.83279663700018 -0.750663475033858 -8.74856758022894 197.251703497802 5.47042872610965 18.7510094584366 0.838144969337061 0.863466731821287 0.865218688515178
99.903 -2.4991380375336 9.08071620615805 -2.7861303925637 -3.07547117177344 -0.689337585545739 -9.30119173823658 196.606533148022 5.16338585349869 18.435908512593 0.838207681589048 0.863746021555891 0.865322782580393
99.933 -2.53389482513461 9.04030329602198 -2.76172172189864 -3.21448894009228 -0.347121384243074 -9.76267561784804 196.26587983322 5.60704726814882 18.2723176613337 0.83864308492367 0.863873922051495 0.865416467239087
99.948 -2.56804897322112 9.02853208736094 -2.74609854663413 -3.39609348119756 0.298277777081997 -10.1925149262922 195.779291849898 6.30634254133394 17.9450858952003 0.838655985616996 0.864112492763079 0.865500783431912
99.963 -2.57963408768643 9.01500506957334 -2.74831826846303 -3.58167497277246 1.24631259479364 -10.6213550367165 196.001362664908 6.15570828720054 17.5905773056803 0.838920387069865 0.864080148668274 0.865946231388452
99.995 -2.57635388738336 8.97559677147831 -2.74911891842337 -3.79144640679292 2.32702484676466 -11.1859370902967 195.601226398417 6.62013745848049 17.2715195751123 0.838905557548572 0.864544607965171 0.86597757116634
100.01 -2.56250807612915 8.96377203390567 -2.74295616827414 -4.05581321649531 3.25691778193552 -11.8642899461525 195.421103758576 6.61812371263244 17.404367617601 0.839271173287242 0.864592649819847 0.866498257590475
100.026 -2.55016655596894 8.94666538410397 -2.73824766291981 -4.1891631925557 3.75870691977251 -12.3916014095526 195.258993382718 7.0963113413692 17.6439308558409 0.839347735426669 0.864882671399042 0.86635093448262
100.055 -2.54342861359836 8.90074333345603 -2.7268274099869 -4.06795679696425 3.53627134229907 -12.5875557724141 195.053094044446 7.94668020723228 17.3195377702568 0.839669133377529 0.864773309440641 0.866588315198083
100.069 -2.55807431386877 8.86043105836848 -2.69332542460345 -3.98711531574111 2.7895144370768 -12.2715482867757 194.567784640002 8.17201218650905 17.5675839932312 0.839579429225469 0.865045265057757 0.866431986329468
100.085 -2.59298281532797 8.85371839686757 -2.66820145643815 -3.62733508187692 1.64644085596454 -11.7512636871058 194.371006176002 8.73481096785815 18.150825593908 0.839877657796449 0.864919643733484 0.866661261860246
100.116 -2.62721366282349 8.83905788377994 -2.64529059824703 -3.06612829124648 0.610804403955871 -11.1242289214487 194.133905558401 8.82132987107233 18.4957430345172 0.83964048051069 0.865176965921315 0.866374040855724
100.129 -2.66035578187745 8.81532894476718 -2.62808257190011 -2.67401927891573 -0.138825654760327 -10.4873785483878 194.100515002561 9.0791968839651 18.6261687310655 0.83980643247419 0.864914439249888 0.866485923331332
100.145 -2.71316802683271 8.83054430697381 -2.60822592241426 -2.4226478853753 -0.726469806841546 -10.0920758080528 193.530463502305 9.37127719556859 18.203551857959 0.839449605941421 0.864925497976092 0.866339833649392
100.176 -2.75752672120449 8.86680349779742 -2.58365117963725 -2.07503958538739 -1.17596023073754 -9.8233262425147 193.197417152075 9.57414947601173 17.8831966721631 0.83950832481543 0.864811853359986 0.866208352935646
100.19 -2.8116351893352 8.87579403882579 -2.57733565083063 -1.75684860394789 -1.63851687941952 -9.42496308391208 192.417675436867 9.27673452841056 17.3548770049468 0.839308080827772 0.864585837944691 0.865966422823584
100.206 -2.8469851372367 8.87287220864316 -2.58272485891804 -1.69337748401111 -2.07084839758443 -8.89162708086439 191.53590789318 9.4290610755695 16.9393893044521 0.839001089459645 0.864506159331725 0.865748685722728
100.235 -2.90555530408554 8.85007139601249 -2.56285500192486 -1.93014660583901 -2.41032844332217 -8.339105594152 191.702317103862 10.0461549680126 16.4454503740069 0.838978189699373 0.864186839676455 0.865676319801648
100.251 -2.94192800777733 8.84265891812389 -2.54437358078816 -1.99438385365206 -2.77616582799759 -8.01511869885893 191.192085393476 10.9015394712113 16.7809053366062 0.838577263894518 0.864023325629514 0.865487593002986
100.266 -2.9740648912571 8.8223407039238 -2.52851842848174 -1.70028897973723 -3.17641184061768 -7.92353049309518 190.792876854129 11.1313855240902 16.6628148029456 0.838470125998952 0.863876162987267 0.86544133635388
100.296 -2.99837926452001 8.76347260795769 -2.51490718431216 -1.27377153214519 -3.52976302296813 -7.77468889416734 189.893589168716 11.0382469716812 16.136533322651 0.838246930113706 0.863867451870043 0.865152372639196
100.31 -3.0162519045887 8.72707114031378 -2.47344780838735 -1.06471498961769 -3.88747374357208 -7.46057878337656 189.804230251844 11.194422274513 16.2628799903859 0.838299446288028 0.863735876603743 0.86513963802647
100.325 -3.04221336497821 8.71406203577337 -2.46707943269235 -0.826945780732258 -4.33918438448205 -7.09620029435188 189.42380722666 11.8749800470617 16.1965919913473 0.838093318373875 0.863617458864073 0.864880844144527
100.356 -3.07144446778856 8.68170383634642 -2.43908181657155 -0.636617614872773 -4.75030411397277 -6.75070240232127 189.261426503994 12.0674820423556 15.8369327922126 0.83816119572218 0.863634618159168 0.864895262381267
100.37 -3.11720534213092 8.64653611537047 -2.39987787189865 -0.391276464072519 -5.1401591987587 -6.63975429949373 188.935283853594 12.18073383812 15.5732395129913 0.838095664643847 0.863526326263955 0.865031699059874
100.385 -3.15719302935337 8.62434218248333 -2.38033619448052 -0.0208511077416027 -5.29713564529504 -6.65822161763596 188.341755468235 12.102660454308 15.1559155616922 0.838289777647614 0.863428863558264 0.86515449207062
100.415 -3.20251934924366 8.58760824728553 -2.35460840694164 0.298791254940955 -5.16818543954417 -6.73591090625404 187.807579921411 12.5123944088772 14.660324005523 0.838464479351004 0.863711940119171 0.865265005780291
100.43 -3.23577128528334 8.56250850196372 -2.33624179689933 0.435324343187317 -4.87121422383402 -6.92415187669734 187.26682192927 12.4611549679895 14.2742916049707 0.838621710884055 0.863843248758447 0.865364468118995
100.445 -3.27270107280115 8.54428808542213 -2.32815141256615 0.294081985204463 -4.49172638923688 -7.11112600200471 186.960139736343 12.3550394711905 14.3468624444736 0.838763219263801 0.864084886799336 0.865577307868276
100.475 -3.30049106607646 8.54063881026615 -2.31087427237002 -0.069677358354151 -4.13644688008419 -7.1931431727966 186.564125762709 12.6195355240715 14.0521762000263 0.83901689735199 0.864178900770595 0.865768863642628
100.489 -3.3213720780296 8.53334426212528 -2.29747962562771 -0.410801225572171 -3.98310753558722 -7.18375251963908 186.027713186438 12.5575819716643 13.3669585800236 0.838992416802484 0.864510297254716 0.865694479929558
100.504 -3.3523155625179 8.52025489206509 -2.29254719861029 -0.755217286221061 -4.087850217143 -7.2104154356141 185.544941867794 13.2218237744979 12.9902627220213 0.839349346615763 0.864561770180437 0.866120558236334
100.536 -3.38094280143213 8.52182218011078 -2.29355482978533 -1.09648945072873 -4.36990489008519 -7.33822885388475 184.870447681015 13.3396413970481 12.5312364498191 0.839418091422338 0.864978067326119 0.866011005063893
100.549 -3.41383007150559 8.51365594186655 -2.31457299640397 -1.63493210870929 -4.51001363771789 -7.32578001429781 184.203402912913 13.8656772573433 12.4181128048372 0.839732453773631 0.8649827632447 0.866405430857235
100.563 -3.44887543006243 8.50427118645553 -2.32882065758663 -2.30044653142615 -4.54145502203771 -7.32297300523444 183.783062621622 14.519109531609 12.7363015243535 0.839636417581961 0.86523377348141 0.866390850688245
100.591 -3.47419133439811 8.51150693630973 -2.33984787928066 -2.95666142026826 -4.51326371830722 -7.44334746043619 183.70475635946 14.9271985784481 12.9626713719182 0.839802775838334 0.864965566053973 0.866747291919152
100.606 -3.48279000510411 8.50748463394463 -2.33905834853949 -3.36939222480632 -4.52071597243069 -7.68069210370554 183.454280723514 15.3544787206033 12.8664042347263 0.839573086748386 0.865341483612301 0.86669852564397
100.621 -3.48933168521198 8.49147461583215 -2.32535920352013 -3.61642246797455 -4.65872071106549 -7.80346258799148 183.108852651163 15.0190308485429 12.7797638112537 0.839871949567075 0.864938631528973 0.866777959640753
100.651 -3.4978528404594 8.49089206513761 -2.32805360982065 -3.6608870914061 -4.98979520484443 -7.77731480247477 182.437967386046 15.3171277636886 12.7017874301283 0.839635343104253 0.865194054937256 0.86647906885818
100.666 -3.49636405566578 8.47324922016559 -2.32862305905739 -3.60319532883038 -5.37783858512335 -7.64538484894485 182.314170647442 15.4654149873198 12.8716086871155 0.839675488261979 0.865053554625033 0.866457124889096
100.682 -3.5023264574341 8.47694329915611 -2.30698919534373 -3.574173505871 -5.79043640600033 -7.41596086786716 181.602753582697 15.5988734885878 13.144447818404 0.839458527929667 0.864927104344032 0.866190317581689
100.712 -3.51313943451631 8.46721960751565 -2.29242682671268 -3.28087829268848 -6.16482787990411 -7.13696020092777 181.442478224428 16.198986139729 13.5100030365636 0.839136491851349 0.864813299091132 0.866073788474713
100.727 -3.53669762718071 8.4491308598073 -2.28422882749783 -3.05126374586238 -6.36971913771523 -6.80341685259072 180.998230401985 16.7990875257561 13.6590027329072 0.839100051851907 0.864463265459921 0.865968912278434
100.744 -3.56250882244756 8.47941823616788 -2.27361843521131 -3.01407630257385 -6.37702203310401 -6.45208280091944 181.018407361786 17.0391787731805 13.7331024596165 0.838813863381366 0.864272108834633 0.865874523701784
100.775 -3.56987731543169 8.49542409016339 -2.27639923275768 -2.74243966468288 -6.15764044048063 -6.11374474983513 180.676566625608 17.4952608958625 13.5597922136548 0.838556293757879 0.863976194229073 0.865789573982799
100.791 -3.5944654782443 8.4940875336556 -2.27973992032939 -2.36285218676421 -5.73424280864631 -5.807713786302 180.128909963047 17.1857348062762 13.6438129922894 0.838197557547173 0.86383374472687 0.865465786505223
100.806 -3.61288381575007 8.49509925529614 -2.27496539118707 -2.00442956350764 -5.13028417663664 -5.53152256034355 179.636018966742 17.3871613256486 13.8394316930604 0.838001618507105 0.863705540174887 0.865421710505894
100.835 -3.61862655542903 8.4881088991635 -2.27850930597919 -1.59558966059199 -4.46382064446916 -5.26233976995805 179.072417070068 17.3284451930837 13.8954885237544 0.83795204515028 0.863713891338901 0.865258444636807
100.849 -3.60972908791255 8.48026137289461 -2.29109607374553 -1.1215268777389 -3.8601866716253 -5.03915922807675 178.085175363061 17.2756006737754 13.3459396713789 0.837907429129138 0.863597672125715 0.865111505354629
100.864 -3.63398323943929 8.50480203095427 -2.29278750034467 -0.526931441873403 -3.38180159224903 -4.81005246557442 177.736657826755 17.4080406063978 13.151345704241 0.83786727471011 0.863493074833848 0.865102857470359
100.893 -3.65611123881384 8.51880823609249 -2.29652443062332 0.44789910689409 -2.99934662386382 -4.39545943275744 177.54299204408 17.647236545758 12.2562111338169 0.837957756424791 0.863398937271167 0.865218534640056
100.908 -3.66680877067129 8.49089191291049 -2.30766881583094 1.64356721147186 -2.79330509124843 -3.76049364215345 177.068692839672 17.6825128911822 12.1105900204352 0.837785797496962 0.863437948725553 0.865322644092784
100.923 -3.66913424126041 8.48450186789019 -2.31422717342937 2.49295094833994 -2.74450893326862 -2.93864275122055 176.341823555705 17.654261602064 12.2795310183917 0.837884426932958 0.863473059034501 0.865416342600239
100.953 -3.66889280848264 8.51430475956187 -2.31767565283326 3.11617493747541 -2.76929468116314 -2.20508381960994 176.407641200134 17.5088354418576 12.0715779165525 0.838099663707814 0.863751716047784 0.865623994901395
100.968 -3.68070638274454 8.54789091568576 -2.31700840836597 3.8495956116668 -2.76564765579491 -1.51281971245811 176.586877080121 17.3779518976719 11.7644201248973 0.838293376805184 0.863879047094198 0.865810881972436
100.983 -3.69612699832293 8.53137172539282 -2.32831904213875 4.866926126836 -2.71122029479558 -0.872224764113061 176.268189372109 17.2601567079047 11.4879781124076 0.838341248310358 0.864117105301512 0.865855756691925
101.013 -3.70036888795292 8.52177169274611 -2.3537018023841 5.64969916300736 -2.50498376149922 -0.279658776251373 175.981370434898 17.1541410371142 11.3591803011668 0.838637123493892 0.864331357688094 0.866142655186458
101.029 -3.68275848040458 8.53557724670758 -2.34901294615082 6.31068344517991 -2.216317446418 0.218536109007352 176.083233391408 17.4187269334028 11.2432622710501 0.838523999638388 0.864647508480464 0.866154352584545
101.044 -3.65499795981773 8.50382929071358 -2.34802516853403 7.19335555867718 -2.00766280101284 0.576071811083716 176.054910052267 17.0568542400625 11.2589360439451 0.839053794243475 0.864561662813921 0.866534443625822
101.075 -3.6376150862145 8.44670521936927 -2.36024442215792 7.77172992647359 -1.86033163541538 0.948235622341757 175.90941904704 16.9711688160563 10.6730424395506 0.839152094287279 0.864977970696254 0.866506962179973
101.09 -3.616763104418 8.4232458447407 -2.36094666928081 7.93577830787203 -1.68345877721735 1.48012961735949 175.778477142336 16.5340519344506 9.90573819559554 0.839493056352078 0.864982676277821 0.866728740125701
101.106 -3.60553807266272 8.41350487843069 -2.3547552234831 8.19410887403139 -1.41129610560249 2.098528869364 175.540629428103 16.3806467410056 8.73516437603599 0.839420959902563 0.865233695211219 0.866558368764324
101.138 -3.5984881363605 8.3821128485344 -2.35822103681289 8.59301859731528 -0.981616876721627 2.68791262364897 175.746566485293 15.942582066905 8.22164793843239 0.839735035405834 0.864965495610801 0.866898058187623
101.151 -3.60363537451278 8.31740830043633 -2.37115648623219 8.83142666124787 -0.374294883705952 3.08324349868866 175.271909836763 15.4883238602145 7.93948314458915 0.8393853485799 0.865218232610901 0.866710755020054
101.165 -3.59845164758549 8.27419782012414 -2.38788607629458 8.60324582718415 0.502829261153193 3.32301075187323 175.204718853087 15.4394914741931 7.44553483013024 0.839576813736479 0.864951579270515 0.866788966079228
101.196 -3.57253776200938 8.28869908150772 -2.4147341511755 8.08719605362605 1.50903488465619 3.58231273012102 174.784246967778 15.2755423267738 7.24098134711721 0.839496341548524 0.864958923994657 0.866612572122498
101.211 -3.56399945802981 8.30001443412966 -2.46876509148855 7.92275125742375 2.49095582367149 3.67675321283411 174.105822271 15.1879880940964 6.39688321240549 0.839423916579364 0.864718201515896 0.866453817561442
101.226 -3.53267225373532 8.28308386016249 -2.48572961532157 8.0755142996203 3.42811978328908 3.78694048697054 174.0952400439 14.9891892846867 6.35719489116494 0.839232113415313 0.864377677642209 0.8661873409868
101.255 -3.49388342573117 8.26210026510083 -2.52799229660405 8.2336117246201 4.04942994236475 3.88000216346433 173.30571603951 14.7502703562181 6.38147540204845 0.839059490567668 0.864195079798692 0.866071109539313
101.271 -3.45041420585397 8.25722116739324 -2.55357887302732 8.14918184986802 4.38189152828095 3.87978820665988 173.255144435559 14.5952433205963 6.34332786184361 0.838904130004786 0.863906868096726 0.865966501236575
101.286 -3.44205739372805 8.26444182256554 -2.57092055638041 7.90830946640793 4.50324436018568 3.9803590043145 173.209629992003 14.5757189885366 6.06899507565925 0.83851061016939 0.863895086468556 0.865625021033622
101.316 -3.41657976752968 8.28608371132339 -2.5844331588692 7.91442508465264 4.45979015317474 4.31972768403572 172.928666992803 14.558147089683 5.46209556809332 0.838410137646337 0.863760747742404 0.865565021581452
101.331 -3.37946423691319 8.29957596046083 -2.61299476680278 8.12985280519501 4.24587220655956 4.71752590799856 172.735800293523 14.0023323807147 5.33588601128399 0.838192940596352 0.863763578149667 0.86538742460481
101.345 -3.35761228324598 8.36050085648017 -2.61499761632489 8.41305073078238 3.85868956605627 5.10226186681703 172.742220264171 13.9220991426432 5.04229741015559 0.838124235030603 0.863518516612603 0.865351184795522
101.376 -3.3164575736668 8.368466750599 -2.63128511093325 9.15800519968887 3.28961450258042 5.51264636715823 172.687998237753 13.7898892283789 4.35806766914003 0.838062400021428 0.863669167602535 0.865071236236674
101.39 -3.29396310814735 8.34947934372758 -2.67401585563063 9.66739551941464 2.43011870117734 5.85222142509889 172.639198413978 13.790900305541 4.10226090222603 0.838006748513171 0.863557420762986 0.8650666152642
101.406 -3.29101619155869 8.36782492360653 -2.6920629642967 9.60523612014494 1.50619080052525 6.13493821388671 173.13527857258 13.4918102749869 3.45203481200343 0.837956662155739 0.86358058386819 0.865062456388973
101.436 -3.29411006896197 8.4031902774678 -2.70549218975576 9.52333846232892 0.699846529633033 6.50770393448278 173.041750715322 13.7626292474882 3.28683133080308 0.837911584434051 0.863601430662874 0.865182173666809
101.45 -3.29934860105961 8.38521965365169 -2.74547093918686 9.54886721151587 0.0871137850666761 6.84395644179786 173.25757564379 13.5863663227394 3.31814819772278 0.838124105458797 0.863743790247779 0.865289919216861
101.465 -3.29005721362515 8.38808000106118 -2.77157572934715 9.22451484150932 -0.323124310997243 7.03436995792342 173.871818079411 13.0077296904655 2.5663333779505 0.838315374381069 0.863871913874194 0.865386890211908
101.496 -3.27397366004065 8.38197530524583 -2.80560451772531 8.89213969323625 -0.527453101271565 7.06375738961199 173.64463627147 12.5469567214189 2.06970004015545 0.838487516411114 0.863987225137968 0.865597487751897
101.511 -3.26045614156314 8.35505306616412 -2.84077940607118 8.58613183078286 -0.383104737709294 7.01997707049812 173.980172644323 11.952261049277 1.5627300361399 0.838768764784572 0.864214465540904 0.865910213140433
101.526 -3.24900863474478 8.34249478484678 -2.88033768734975 7.9931675026664 0.106350774229574 7.03171982146357 173.982155379891 10.9970349443493 0.806457032525913 0.838895567774266 0.864542305547994 0.865945154743123
101.555 -3.20907762562516 8.37021773373027 -2.91198971153775 7.17171334781961 0.865181345661579 6.98885318282867 174.223939841902 11.0973314499144 0.245811329273322 0.839388205565765 0.864590577644387 0.866469082809579
101.571 -3.1417158149059 8.39181650860553 -2.95526072634589 6.60263361609108 1.5809532874313 6.51134191034733 174.081545857711 10.2275983049229 -0.618769803654011 0.839326594194881 0.865003994043674 0.866448137445354
101.586 -3.07576310357828 8.43118719920616 -2.98791985440252 6.23473666669572 2.04041521059657 5.69913901702252 174.19339127194 9.68483847443065 -0.55689282328861 0.839776129344319 0.864882499820809 0.86679885000055
101.615 -3.0057514523391 8.47817277310879 -2.99289221222399 6.26546147330859 2.09896910938424 5.01701137486225 174.174052144746 9.79635462698759 -0.981203540959749 0.839675725595579 0.865143536399908 0.866621467651688
101.628 -2.97817516460336 8.48873667179278 -2.96528503884552 7.11219776872582 1.75014090073589 4.73592092439893 174.276646930272 9.29671916428883 -1.48308318686377 0.839964324529549 0.86513168541111 0.866954847186251
101.644 -2.96664431215212 8.46107415192185 -2.97820711365054 8.52082532009751 1.15298940608215 5.28980974798957 174.728982237244 8.72704724785995 -2.0547748681774 0.839718480570479 0.865367803431179 0.866885325384359
101.69 -2.93196539748506 8.44599414914422 -3.00468101707736 9.59469698656105 0.268988175397598 6.59059976555703 175.01608401352 8.81434252307395 -2.08929738135966 0.840002804006959 0.865086193008766 0.867069267009648
101.692 -2.89566668869969 8.43044689640021 -3.03545073218023 9.91767003599654 -1.06249079481392 8.06436421648224 175.214475612168 8.35290827076656 -2.54036764322369 0.839626340320912 0.865326860269069 0.866864842959876
101.706 -2.87915872039125 8.44410739551141 -3.04027884793468 9.54880379575567 -2.48143255502718 9.39075222231493 175.033028050951 7.5776174436899 -3.06633087890132 0.83979370630339 0.865173079423665 0.866680861315082
101.736 -2.90254891963356 8.43150217124957 -3.04713806145359 9.05728219480606 -3.66458700944813 10.4539670764193 174.989725245856 7.23985569932091 -3.53969779101119 0.839564924166937 0.865034676662801 0.866515277834767
101.75 -2.93090240703421 8.40674995293443 -3.07904902070435 8.42483641807354 -4.28362449170942 11.3444482313728 174.950752721271 6.45587012938882 -3.96572801191007 0.839232248464892 0.864786378917225 0.866489712968023
101.766 -2.9188914347863 8.37142459371887 -3.10950466665333 7.73349781443413 -4.36976585933237 12.0527514998386 175.035677449143 6.47028311644994 -4.34915521071906 0.839059612112289 0.864562910946207 0.866343244322414
101.796 -2.91574302159331 8.34944794016363 -3.12171158199941 6.89373581925026 -4.17248392988769 12.5047282582517 174.992109704229 6.24325480480495 -5.05423968964716 0.838777467615709 0.86436178977229 0.866087825071675
101.811 -2.89950190939828 8.32685580346539 -3.15328794424624 6.23107979457714 -3.85447217812029 12.7802096308998 175.372898733806 5.49892932432445 -5.50881572068244 0.838650309348024 0.864180780715766 0.866105005481241
101.826 -2.87195623181752 8.3051461561938 -3.16327131126724 5.81102525023393 -3.50490282290368 12.8861581334587 175.655608860426 5.24903639189201 -5.9779341486142 0.838282171578304 0.864141607825692 0.865749674853821
101.856 -2.82998672958456 8.31038746098458 -3.18123458922865 5.66045707635557 -3.29639727343774 12.8830385033189 175.670047974383 4.66413275270281 -6.64014073375278 0.838204542914359 0.86373473070135 0.865677210019632
101.871 -2.7852111324928 8.2949335651974 -3.19608472973968 5.85777014734597 -3.39347510334588 12.7275590804679 175.923043176945 4.01771947743253 -6.9961266603775 0.837880981788005 0.86361642755192 0.865364658938373
101.885 -2.76298930036382 8.2734234163803 -3.2336911605972 6.08726030818389 -3.76786805102656 12.4128184395967 176.63073885925 3.43594752968927 -7.31651399433975 0.837970092794897 0.86363368997823 0.865207098226039
101.915 -2.74496487785002 8.27525301840682 -3.26975157086652 6.28616786515176 -4.23077590241245 11.9799335422019 176.847664973325 2.97235277672035 -7.42486259490578 0.837923672009293 0.863525490901112 0.865188891054628
101.931 -2.68935827024538 8.25642923176389 -3.26419798932613 6.63694039161369 -4.70617159461395 11.4697264475237 176.982898475993 2.13511749904831 -7.8223763354152 0.83788189330225 0.863428111731705 0.865295964865898
101.945 -2.66923986322664 8.23876951629014 -3.28014903428085 7.18622345168896 -5.39127962599225 10.7708454058248 177.404608628393 1.80160574914348 -8.36013870187368 0.83784429246591 0.863587803209727 0.865268871030501
101.975 -2.65316836637541 8.23987463558398 -3.30952858771617 7.63783011415365 -5.93535777026326 10.0357455980667 177.304147765554 0.901445174229132 -8.96412483168631 0.837937072405012 0.863607928070257 0.865244486578644
101.99 -2.63229952397005 8.23099318246259 -3.3351920829332 7.97633717907416 -6.30212733674838 9.42072065658067 177.273732988999 0.871300656806219 -9.20771234851768 0.838020574350203 0.863873098179965 0.86546932448196
102.003 -2.57562932499101 8.1913365045209 -3.37307342166747 8.13442865200644 -6.52992987024912 8.8610913390142 177.546359690099 0.544170591125597 -9.72694111366591 0.838222196383334 0.864111751278702 0.865548354950497
102.034 -2.5286364417778 8.19179790488057 -3.38490054853301 7.7973216646684 -6.60441779925474 8.07192876999828 177.671723721089 0.729753532013037 -10.5542470022993 0.838403656213152 0.864326539067565 0.865619482372181
102.049 -2.49813429071068 8.14821973983502 -3.40105162126607 7.48094827682751 -6.39130426360407 7.29908703803662 177.78455134898 0.416778178811733 -10.8188223020694 0.838819462085364 0.864396387812001 0.865930008298688
102.064 -2.46583408910238 8.07188930103829 -3.38961049970495 7.30079238044247 -5.93690666167115 6.6852088685841 177.766096214082 0.13510036093056 -11.4169400718625 0.838941195344979 0.864829223194526 0.865962970385552
102.094 -2.40917072413745 7.96428609481141 -3.39744956245876 6.89666734087151 -5.38672744588571 5.93424523363409 178.049486592674 -0.538409675162496 -12.1352460646762 0.839429270379407 0.864848803526267 0.866362199646728
102.108 -2.35021298275932 7.9146089845063 -3.3709859038966 5.89097007243321 -4.79156615167882 4.91104971790427 178.124537933406 -0.604568707646247 -12.8417214582086 0.839363552527159 0.865236397337365 0.866475266243236
102.123 -2.31708274912725 7.86373450992957 -3.33549687733446 5.02324711099142 -4.32996678841934 3.73673863924361 178.552084140066 -1.02411183688162 -12.9975493123877 0.83968336876797 0.865091662785131 0.866700213782637
102.153 -2.27577336995503 7.82698559735824 -3.34174425724322 4.401075071648 -3.88780980423389 2.6264235539452 178.636875726059 -0.74170065319346 -13.917794381149 0.839592241076866 0.865331783067798 0.866656155321107
102.169 -2.21806464524896 7.78493335224339 -3.33491706243016 3.68386832784198 -3.67612806045172 1.43630028252015 178.173188153453 -1.14753058787411 -14.2060149430341 0.839889188462706 0.865053774681723 0.866863013952721
102.185 -2.19689227877704 7.74966006020142 -3.3199738924878 2.69181737292038 -3.79935494906304 0.263662620680349 178.295869338108 -1.3327775290867 -14.8854134487307 0.839650858110322 0.865420871377275 0.866679215208642
102.215 -2.18328396444304 7.72318138366431 -3.29760663496052 1.747826475323 -4.06751105721017 -0.630642572685396 178.586282404297 -1.31949977617803 -14.4768721038576 0.839815772313859 0.86525768942105 0.866883767851503
102.229 -2.16157938210472 7.6675076754584 -3.29980204808647 0.753196499546421 -4.40885155454259 -1.36223480396648 178.667654163868 -1.00754979856023 -14.4091848934718 0.839584783576358 0.865357883395679 0.866697893717545
102.243 -2.18053206057821 7.67067229792721 -3.29962311662377 -0.795405593156313 -4.61376792580589 -2.18326323196677 178.200888747481 -1.50679481870421 -14.5282664041246 0.839503514404415 0.865201000237613 0.866777390906971
102.275 -2.22338698135144 7.69285367767734 -3.27073166200943 -2.3105215223903 -4.40658960650774 -2.95883003854109 178.020799872733 -1.95611533683379 -14.9954397637122 0.839303751457859 0.864936070134556 0.866602154467467
102.289 -2.25722785436803 7.66972128308465 -3.27800877180184 -3.55351517167799 -3.86516728707834 -3.63775619499232 178.038719885459 -1.34050380315041 -15.115895787341 0.838997193026723 0.864697633041805 0.866567901937453
102.305 -2.27002740779842 7.65925702831135 -3.28354062396125 -5.25465220412851 -2.9931543751644 -4.35642332358469 178.054847896914 -1.26645342283537 -14.6243062086069 0.838848062217936 0.864483039658329 0.866413614394901
102.335 -2.30770366978042 7.66653875155138 -3.25679612539264 -7.26353812875383 -2.00299924299147 -5.26581915916516 177.769363107222 -1.13980808055183 -14.4818755877462 0.838460149161225 0.864413640873998 0.866027422876115
102.351 -2.35543881885462 7.66758564391333 -3.22883549078154 -9.12039042274867 -0.861477944646524 -6.30030594553872 177.7524267965 -1.02582727249665 -13.8736880289716 0.838364722738988 0.864103573064501 0.866050643505237
102.366 -2.39594638674485 7.71874623845755 -3.19289702246053 -10.5991910751303 0.418562979589121 -7.47561886243523 177.37718411685 -0.803244545246982 -13.0863192260744 0.838152067179738 0.864072120939554 0.865824484336216
102.395 -2.3997821956488 7.76856160179441 -3.17156571807977 -11.2843101355562 1.54006546025616 -8.70057606016117 177.099465705165 -0.662920090722284 -12.557687303467 0.83808744895565 0.863796205123501 0.865620941084097
102.41 -2.39515401270501 7.79531919970213 -3.15984942909345 -11.6955737784891 2.07613525010841 -9.61983143124429 176.669519134648 -0.236628081650056 -12.1419185731203 0.837902520774734 0.863795489792654 0.86556134962688
102.426 -2.39469965708118 7.83328748954026 -3.16558534857271 -12.4970087670524 1.86852172509757 -10.2517414178909 176.162567221184 0.14703472651495 -12.2477267158082 0.837862857191147 0.863671110734093 0.865507717315385
102.455 -2.42116563688393 7.88505633961578 -3.14255594274376 -13.6022697224083 1.25037184266415 -10.697559642514 176.246310499065 0.672331253863455 -11.2029540442274 0.837827159965918 0.863559169581388 0.86545944823504
102.471 -2.47389501187809 7.90866389535147 -3.10650657767929 -14.3298290097094 0.687930078245061 -10.9255136019267 175.721679449159 1.02509812847711 -10.9826586398047 0.837921653155018 0.863582157804751 0.865539466328269
102.485 -2.5394276784683 7.97420343156705 -3.07633663852403 -14.6281438186621 0.526770658206815 -10.9184584249401 175.129511504243 1.3425883156294 -10.1843927758242 0.838133167307668 0.86384990494101 0.865734806256622
102.516 -2.58110897602064 8.01469383593842 -3.04583181416442 -14.614184398628 0.737452371012088 -11.0464599106904 174.776560353819 2.40832948406646 -9.88595349824179 0.838323530045053 0.863843819628411 0.865787288547693
102.531 -2.64208532149871 7.97505945524375 -3.06021616585955 -14.8855903862461 1.05225675223149 -11.4158597211481 174.818904318437 2.76749653565981 -9.49735814841761 0.838494856508699 0.863961940316763 0.865834522609657
102.545 -2.71174822546792 8.0338397493434 -3.0157610928527 -15.9619168438047 1.8164967258633 -11.7811439780409 174.917013886593 2.91074688209383 -8.72762233357585 0.838775370872398 0.86419170920182 0.866000356909871
102.575 -2.77450468210356 8.08081635866809 -2.98012092907829 -16.3206869914853 2.94629743495636 -12.1404341603895 174.165312497934 3.15967219388445 -8.15486010021827 0.83890151325331 0.864398501198371 0.866149607780064
102.605 -2.80794131220558 8.08436907262428 -2.97312405585888 -16.2435801243978 4.33411043955233 -12.3851693703047 173.84878124814 3.743704974496 -7.51937409019644 0.839267533421506 0.864337556260037 0.866530173301789
102.607 -2.84318180794578 8.13191914198539 -2.98699801158586 -16.7192221119581 5.61367649483374 -12.6985608302208 173.623903123326 4.2093344770464 -6.6474366811768 0.839217989265048 0.864776274797758 0.866503118888343
102.635 -2.87238434477205 8.23355171356566 -2.94525590829562 -17.3289792900752 6.64238518122823 -13.2447352815499 173.541512810994 4.62840102934176 -6.10269301305912 0.839552361832071 0.864801149969175 0.866848333299241
102.65 -2.87095373442967 8.25696587509484 -2.90738872849206 -16.9617302160295 7.23463521272373 -13.8103380892728 173.467361529894 5.24556092640759 -5.01242371175321 0.839474334834556 0.865193509135983 0.86678946288605
102.664 -2.91186398480415 8.2562513585082 -2.89647218134934 -16.2159388738159 7.44399611893227 -13.9277775627882 173.760625376905 5.92100483376683 -3.91118134057789 0.839783072844628 0.865053063403887 0.867106042897176
102.695 -2.94778539729786 8.26291057782096 -2.87629236471892 -15.6775510933045 7.48814612535965 -13.3502669820819 173.604562839214 6.58890435039015 -3.4600632065201 0.839555354054051 0.865420231227223 0.867021401524192
102.711 -2.97173497074251 8.27889971718242 -2.82694604717708 -15.205979190081 7.39047655099163 -12.6656219632631 173.644106555293 6.53001391535113 -2.27405688586809 0.839982013217571 0.865133378025205 0.867191735535498
102.725 -2.99077565366093 8.27772759901032 -2.78798117688015 -14.7456866145843 7.33616172031995 -12.4845559501429 173.799695899764 7.31701252381602 -1.44665119728128 0.8397344003897 0.865369326783865 0.866851467163451
102.755 -3.00180705989061 8.26021256005655 -2.73567453429742 -14.4260797851869 7.61399592996734 -12.5803751642889 173.759726309787 8.08531127143442 -1.12198607755315 0.839764639818881 0.865087564026183 0.866915607008286
102.771 -2.99665186945788 8.2242180164685 -2.66782886450568 -14.1834718066683 8.15488641330648 -12.3956200906081 173.543753678809 7.99678014429098 -0.0497874697978358 0.839538764330879 0.865081310274757 0.866479216228161
102.785 -3.02642882595234 8.28310181403429 -2.59431791304122 -13.9208498168411 8.87832906968576 -11.9278138067381 173.049378310928 8.57710212986188 0.975191277181948 0.839462097083484 0.864828349167986 0.866457257522078
102.815 -3.04448925909197 8.34884642694239 -2.57011644838963 -13.2608259038593 9.83324425432024 -11.3991545634689 172.604440479835 8.85939191687569 1.53767214946375 0.839393096560828 0.86484801690238 0.866314034421064
102.831 -3.07552784195658 8.37952555835704 -2.54635990380091 -12.4904685043131 10.6438129586592 -10.9851933055953 172.323996431851 9.35345272518812 2.40390493451738 0.839077603619394 0.864742120393645 0.86606153616046
102.847 -3.06922549168273 8.3536861922186 -2.51187076019206 -11.9376048599886 11.0801950215719 -10.5439258834327 172.251596788666 9.73810745266931 3.48351444106564 0.838920431751341 0.864523078274985 0.865957885195607
102.874 -3.03847410225872 8.36137587301505 -2.47981298429035 -11.8056764350585 11.2401144507124 -9.99640352409706 171.9464371098 9.96429670740238 4.21516299695908 0.838652205290856 0.864325940368191 0.865617266596751
102.889 -3.04210204432014 8.44910083835637 -2.40541130717631 -11.460986654148 11.1748816315954 -9.15477843886293 171.67179339882 10.1678670366621 4.03364669726317 0.838537573255656 0.864024642609274 0.865558042588269
102.904 -3.06547849073652 8.44216139279588 -2.36801818385157 -10.2797734849164 10.7596835447717 -7.91563647283923 171.904614058938 10.7110803329959 4.95028202753685 0.83830763264474 0.86412468099954 0.865133534607344
102.935 -3.08214786673763 8.41394905295477 -2.36949928439646 -9.58309384634846 10.1951655719739 -6.60575221486829 172.234152653044 10.9599722996963 5.17525382478317 0.838227457874151 0.863843509177489 0.865122683797803
102.95 -3.10660741649728 8.4202212695465 -2.33647549006631 -9.90570049224797 9.72297725905136 -5.62227623002268 172.35073738774 10.8839750697267 5.55772844230485 0.838155300580622 0.863714328180444 0.864989320599525
102.966 -3.14861257603164 8.4572303239273 -2.29723712074718 -10.5174205193591 9.54762609803172 -4.89821654595171 172.635663648966 11.235577562754 5.96195559807437 0.837963587237209 0.863598065283104 0.864992891190766
102.996 -3.20772561785932 8.55188986752334 -2.26156345845426 -10.6336173987209 9.8180543279232 -4.2427460363947 172.832097284069 11.1320198064786 6.62576003826693 0.838044437699181 0.863617163936296 0.864996104722882
103.011 -3.25230823776742 8.5269501903108 -2.25657150603383 -9.88475947564266 10.4362488951309 -3.74900578390027 173.308887555662 11.0988178258308 7.28318403444024 0.838243673397414 0.86375795019386 0.864998996901787
103.026 -3.2647795691039 8.46907028244 -2.25165975204452 -9.59246673418527 11.1689598834804 -3.36189146505223 173.557998800096 11.3689360432477 8.17486563099621 0.838422985525824 0.863761060355976 0.865125060128342
103.056 -3.23889362936727 8.43463559764082 -2.22623005012879 -10.046960518782 11.6642776355904 -2.9402061353409 173.782198920086 11.1320424389229 8.61737906789659 0.838584366441393 0.864010917237112 0.865361840676687
103.071 -3.19183384292286 8.5184463603865 -2.18460869640299 -10.5811957646137 11.3734223911153 -2.36297941493658 174.223979028078 10.9188381950306 9.25564116110693 0.838729609265405 0.864235788430134 0.865451619525752
103.086 -3.16881320696736 8.53270422907808 -2.1637891756015 -10.1070456538012 9.97272137337781 -1.72286467954979 175.10158112527 11.2069543755276 9.95007704499624 0.838860327807016 0.864314712238314 0.865901983872908
103.116 -3.15024941404162 8.45844720147972 -2.16139202951047 -9.65511971437529 7.70903702229957 -0.952104929152066 175.051423012743 11.2262589379748 10.8150693404966 0.838977974494466 0.864632527575662 0.865937748402351
103.131 -3.17514125024824 8.45637899347774 -2.17461734091031 -10.2071649948462 5.29920202235969 -0.0691081766948745 175.786280711469 11.0636330441773 10.933562406447 0.839336348538547 0.864548179999599 0.866339499861847
103.145 -3.23016490503146 8.53592048026888 -2.1328301525842 -11.0154561289493 3.45630472088708 1.05764996921889 176.087652640322 11.0372697397596 11.5202061658023 0.839279922870385 0.864842648560819 0.866331512792396
103.176 -3.28190084067577 8.62235185448321 -2.05709402233936 -10.6391013557491 2.26487272208082 2.03356436160998 176.41888737629 10.9535427657836 11.628185549222 0.839608102076873 0.86498434662147 0.866693887812888
103.19 -3.32876244575615 8.65524882922165 -2.0732074064366 -9.14007671635735 1.87426331246816 2.57142929949478 176.896998638661 10.5781884892053 11.9053669942998 0.839397880363072 0.865235198520503 0.866650461948332
103.205 -3.33783804825695 8.70317170783513 -2.11979174754191 -8.12606904472162 2.33492858427478 2.68833217107202 177.087298774795 10.1203696402847 11.9148302948698 0.83984028689569 0.865090583849955 0.86698094205323
103.235 -3.32511668907182 8.80071056274742 -2.10365827209802 -7.72720259826473 2.82433648920608 2.53018597686558 177.198568897315 10.4883326762563 11.9833472653829 0.839606846700007 0.86533081202614 0.8667853504991
103.25 -3.30121762907424 8.84438237298879 -2.11128451222525 -7.05066554454512 2.87167383265188 2.21686203566757 177.718712007584 10.2794994086306 11.9850125388446 0.839902333523533 0.865176636005029 0.86685610201037
103.266 -3.29233788868116 8.94204567148703 -2.12545043642234 -6.48147685268603 2.68297973182944 1.75853461072677 178.246840806825 10.3915494677676 12.2865112849601 0.839662688665065 0.865161475055719 0.866672994460526
103.296 -3.32157594639355 9.03060105688349 -2.14149180425624 -5.80966504528002 2.49330771284497 1.20863534812738 178.602156726143 10.6123945209908 12.6778601564641 0.83970009926671 0.864900497470851 0.866754981575653
103.31 -3.33424326191808 9.07187393230477 -2.14862672722418 -5.02869854075202 2.59588533850704 0.735100057589447 179.761941053529 10.8111550688917 12.7900741408177 0.839480677833925 0.864789352905269 0.866458388599591
103.325 -3.32816616663752 9.09794640769612 -2.16169204922985 -4.36552334316537 3.02789985809145 0.0211320365633267 179.905746948176 10.8100395620026 13.0710667267359 0.839156426765182 0.864565587535446 0.866315052390825
103.356 -3.31054620715456 9.15062086787865 -2.16764491748038 -4.01981070350532 3.77701826922887 -0.942049869383082 179.915172253358 10.5690356058023 13.3239600540623 0.838991372582549 0.864487933963404 0.866186049802935
103.37 -3.27170390581319 9.17181137508493 -2.15833799199364 -3.62088306826929 4.58252254917621 -1.69975327939134 180.163655028022 10.3521320452221 13.3115640486561 0.83884282381818 0.864418045748566 0.865822614743346
103.386 -3.22088425184991 9.16340938186355 -2.14206090113015 -2.9893291125874 5.07923212631966 -2.11832756977282 180.80728952522 10.4569188406999 13.2404076437905 0.838709129930247 0.863983524831937 0.865866316185745
103.416 -3.17077713750934 9.12011407890058 -2.14327310210905 -2.26367864407675 5.22169059307701 -2.52557878226118 181.086560572698 10.4912269566299 13.3563668794114 0.838462033651872 0.863840342269448 0.865534854487875
103.431 -3.16560404488267 9.09605223308328 -2.1619016291479 -1.876242077379 5.21784214445633 -2.96462395747018 181.577904515428 10.5221042609669 13.7007301914703 0.83836641878057 0.863587604320406 0.86536027422059
103.446 -3.19111519743939 9.09115596744707 -2.17064671174703 -1.58632779330522 5.38613426588856 -3.27426843195217 181.840114063885 10.2498938348702 13.7106571723233 0.838153593617163 0.863360140166268 0.865326749449724
103.475 -3.20042829832381 9.04335447668991 -2.1863583009483 -1.11777134985256 5.70706282403253 -3.50485685593252 182.316102657497 10.6049044513832 13.8395914550909 0.838088822749332 0.863155422427544 0.865296577155944
103.49 -3.17331604767691 8.97585241067375 -2.18338018188253 -0.775459863722269 6.02185272483538 -3.66505819324004 182.804492391747 10.7444140062449 14.4956323095819 0.838157149660091 0.863218785366292 0.865269422091543
103.505 -3.15903052635954 8.94329221309392 -2.20589885886944 -0.603257388800424 6.20974378822971 -3.8710714578855 183.484043152573 10.5099726056204 14.9660690786237 0.838218643879775 0.863275812011166 0.865121385063892
103.535 -3.15898252381056 8.96205169494005 -2.22035972276125 -0.474992718622672 6.38953276818536 -4.00915515179161 184.095638837315 10.6589753450583 15.3894621707613 0.83827398867749 0.863450733461242 0.865235209474236
103.549 -3.16941395568701 8.97773808123218 -2.22080495356435 0.0251783089647863 6.43378559823706 -4.03266711752848 184.706074953584 10.6130778105525 15.1105159536852 0.838323798995434 0.863608162766311 0.865214191178005
103.566 -3.14983240814077 8.93684903873396 -2.22012827157003 0.687545974251514 6.35147574070343 -3.9110797950886 184.835467458225 10.5117700294973 15.0394643583167 0.838495098564042 0.863749849140873 0.865195274711398
103.596 -3.12412858054996 8.92165658557468 -2.21514983200153 0.979096720337813 6.14533580022087 -3.84134586138127 185.071920712403 10.6605930265475 15.215517922485 0.838775588722207 0.863877366877979 0.865425033801438
103.609 -3.10081558268631 8.91408860997009 -2.21707373162914 1.12851529257884 5.90408466294688 -3.93889066455612 185.464728641163 10.7345337238928 16.0339661302365 0.838775239035679 0.864238916751361 0.865508493338027
103.625 -3.097371406925 8.88770479246063 -2.20354218453892 1.36833551904615 5.79840902107967 -4.14958175077227 185.638255777046 11.2210803515035 16.2305695172128 0.83902771514668 0.864317527727418 0.86583011816795
103.655 -3.09457093558217 8.84821753159836 -2.21799929592664 1.84371570759955 6.01017117240682 -4.5659212856187 186.154430199342 11.1789723163532 16.7675125654916 0.839002152817705 0.864635061515856 0.865996392912335
103.668 -3.08959644509708 8.86445359399028 -2.23795387435247 2.3448403200457 6.75419222310507 -5.19787877537744 186.438987179408 11.5610750847178 17.3107613089424 0.83948413210486 0.864550460545773 0.866269227784826
103.684 -3.06458913213034 8.87649227389789 -2.26124010045787 3.11188300559838 7.65510887865716 -5.80328173753436 186.875088461467 11.4849675762461 17.2596851780482 0.839539398362525 0.864844701052376 0.866391591567523
103.711 -3.02035515540259 8.86146973260429 -2.29027813875193 3.89764126992404 8.10257509002808 -5.84967112103283 186.72757961532 11.3564708186215 17.1537166602433 0.8398416300198 0.864739136128641 0.866624906574496
103.726 -2.97234443157986 8.8252643944757 -2.30707499566836 4.22238095972553 7.77170689400237 -5.12653606999825 187.554821653788 11.9608237367593 16.938344994219 0.839734676203513 0.865014509076957 0.86646491856824
103.742 -2.94595406648584 8.84152125733526 -2.32147388323989 4.2009062225316 6.72965070841893 -4.02075269200606 187.819339488409 11.9047413630834 17.1045104947971 0.840017380076689 0.864891963350764 0.866813953011147
103.773 -2.94788053807975 8.87351045087664 -2.35400549767774 4.37776216516394 5.62004441620299 -3.09119650677492 188.537405539568 11.854267226775 17.4940594453174 0.839766230562905 0.865152053576867 0.866511462891535
103.787 -2.97828493574883 8.88356607922037 -2.39339945493664 4.64532946009793 5.1465895929033 -2.39047380266231 189.243664985612 11.5088405040975 17.3046535007857 0.839793286974766 0.865015753400683 0.866732790766106
103.803 -2.98853034430407 8.89836222322094 -2.43394167821281 4.79606368966065 5.31742681681908 -1.71860199491516 189.69929848705 11.3779564536878 17.9141881507071 0.839564546771175 0.865016680711808 0.866438416870998
103.834 -2.95836658466157 8.94795089713908 -2.46420476079589 4.94241151916787 5.73606581452648 -1.14597843664502 190.589368638345 11.020160808319 17.5027693356364 0.839358680587943 0.864770182561331 0.866420538100632
103.849 -2.93097978104618 8.96025896446863 -2.50526804841106 5.21992609244192 6.13726839337918 -0.822983646415634 191.450431774511 10.5181447274871 17.1924924020727 0.839173401023035 0.864672069486701 0.866280986941762
103.865 -2.90579297485471 8.94146857598685 -2.54036951467286 5.21549073510613 6.43117514182752 -0.450608945896208 191.86538859706 10.5463302547384 17.6332431618655 0.83887987763538 0.864583767719533 0.866031793429088
103.894 -2.88414237209427 8.93096172159251 -2.57231996421418 4.89088822648101 6.50790495588904 0.249413780754481 192.418849737354 10.6316972292646 17.7299188456789 0.838869099057535 0.864380560868284 0.866054577002912
103.909 -2.84598207451345 8.92725163112882 -2.59933956233622 4.62164673207719 6.29528239923144 1.0969914866485 192.316964763618 10.9485275063381 17.336926961111 0.838606005866431 0.864321409962959 0.865704289223325
103.922 -2.81876053789951 8.92451107571247 -2.6179709652182 4.57780266955649 5.97567782343043 1.99797936088441 192.045268287257 10.5736747557043 17.6432342649999 0.838622614465481 0.863896552624891 0.865389030221697
103.951 -2.80760885220495 8.93664923968663 -2.66610328726022 4.87803766977641 5.60940775101105 2.7019982186891 192.520741458531 10.2363072801339 17.0789108384999 0.838384169733582 0.863885802543904 0.865105297120232
103.966 -2.80421622641439 8.92452938255147 -2.70056381558224 5.14290565852396 5.56602422781834 3.42950832048431 192.468667312678 10.0526765521205 17.1710197546499 0.838296341254109 0.863628518567416 0.864973672589711
103.981 -2.79392042202551 8.91260394063421 -2.7139210587875 5.42708837511432 5.56056684320445 4.05144298461909 192.60180058141 9.94740889690843 17.433917779185 0.838343916314391 0.863520836631379 0.864978807981933
104.012 -2.76089173355221 8.90959237164403 -2.74288155014538 5.80575358340441 5.5190139756779 4.54171853348542 193.081620523269 9.49266800721759 17.5505260012665 0.838260113176838 0.863423922888945 0.864983429834933
104.026 -2.73320098339188 8.89808326494228 -2.77529064454338 6.02288814872809 5.4610057078811 4.86998942822848 193.213458470942 9.26340120649583 17.8354734011398 0.838311311044846 0.863584033251244 0.864987589502633
104.043 -2.70845888512135 8.89023895440874 -2.77620722923608 5.93510315064918 5.39353109129146 5.33566224113083 193.452112623848 9.17706108584625 17.9719260610258 0.838230768434247 0.863480799846824 0.864991333203562
104.072 -2.68613112977267 8.90867736975889 -2.78613013691245 6.00113482031708 5.16715508139896 5.90133265823912 193.846901361463 9.39935497726162 17.6747334549233 0.838411371058974 0.863511625043644 0.864871105064709
104.087 -2.66262440393377 8.90168900824076 -2.81235885620002 6.30102133828538 4.91227163432777 6.39593221684269 194.142211225317 9.05941947953546 17.3472601094309 0.838573913421228 0.863786425456013 0.865009957474971
104.104 -2.64697503307469 8.88576289000946 -2.8233352899541 6.4167207311744 4.80425057776522 6.83267487302101 194.527990102785 8.63347753158191 17.4125340984878 0.838593731264798 0.863910285561605 0.865134924644207
104.134 -2.61619104676552 8.91290887578879 -2.8379426360121 6.49489598630123 4.69023773372915 7.07078143152044 194.815191092507 8.31012977842372 17.1712806886391 0.838864358152888 0.863898162186947 0.865493906343512
104.149 -2.57950718760288 8.93674173698921 -2.85162793040192 6.81716211286195 4.45938189928754 6.99500099829206 194.953671983256 8.37911680058135 17.3141526197751 0.838855131523291 0.864257632529432 0.865570478625894
104.165 -2.58623547160443 8.92964049648731 -2.86669802462979 7.51788864966736 3.97145897653436 6.4733634938827 194.77830478493 8.02120512052322 17.5027373577976 0.839225789864489 0.864334371927682 0.865885904927029
104.196 -2.58169658306673 8.88595966522236 -2.9079740029209 8.26380970836474 3.32698483460611 5.92602714449443 195.280474306437 8.11908460847089 17.7324636220179 0.839053799371926 0.864773408898639 0.86592327735106
104.21 -2.55552505841942 8.83820737622088 -2.92908122375308 8.52750507340613 2.51871383206153 5.87617252164804 196.212426875794 7.60717614762381 17.8192172598161 0.839530614003659 0.864798570659968 0.866449393156722
104.225 -2.53083345345639 8.80067713161027 -2.94346890063314 8.22437288667621 1.51722412824469 6.41603618551377 196.811184188214 7.26645853286142 18.0172955338345 0.839454761788986 0.865068000155151 0.866306956492243
104.255 -2.52525071846231 8.81550220638259 -2.96258286128547 7.69506536900095 0.42809713526755 7.04924172726774 196.870065769393 7.19981267957528 17.835565980451 0.839891480179013 0.864940105321139 0.86667178714275
104.269 -2.53806304228411 8.82142270794282 -2.99026006004309 7.39197104584132 -0.373491204213404 7.33210381408295 197.043059192454 7.13983141161775 17.6720093824059 0.839779541346804 0.86531856895275 0.866507111079668
104.286 -2.55168907009458 8.81705467573496 -3.01828199810769 7.18636172751673 -0.643775671578323 7.17751938687313 197.198753273208 6.72584827045598 17.5248084441653 0.839931587226693 0.865041881978179 0.866605686532881
104.316 -2.54443974640574 8.80558169488632 -3.03943160343455 6.86161868453605 -0.402298867779269 6.79259187566673 196.558877945887 6.65326344341038 17.2123275997488 0.839689016997909 0.865163656697094 0.866324023061096
104.33 -2.51253681790774 8.77807757202855 -3.0476324841525 6.28919727409771 0.0661752938078181 6.34157696290922 196.582990151299 6.82793709906934 16.9310948397739 0.839597324483811 0.864902460948089 0.866440907316166
104.346 -2.47209260533999 8.7829521382815 -3.05082342789881 5.44195693600092 0.487038680457571 5.90970934295417 196.244691136169 6.14514338916241 16.7979853557965 0.839388180529316 0.864914717504473 0.866299319235743
104.374 -2.43449571434334 8.8070315735012 -3.06231439500731 4.82447879965273 0.641388247526317 5.42560863766639 196.720222022552 5.95062905024617 16.2581868202169 0.839199950970269 0.864554542031929 0.866171889963362
104.39 -2.40855937037178 8.80966915635494 -3.07594830146147 4.52600038533632 0.543661636514144 4.9639638044341 196.848199820297 5.47556614522155 16.4323681381952 0.839030544367128 0.864477993010238 0.865933606148528
104.405 -2.38785028010584 8.79642074657882 -3.08582461789888 4.28637744603932 0.256471045381813 4.6706208591052 197.983379838267 5.5880095306994 16.5291313243757 0.838751306645065 0.864409098890717 0.865719150715178
104.436 -2.37459904745201 8.79850331562822 -3.10638503654875 3.96002977777127 -0.123374532438811 4.63027633044659 198.16504185444 4.96920857762946 16.2562181919381 0.838626764474444 0.863975472659873 0.865649738294853
104.45 -2.34818803186696 8.7998987878984 -3.10723218104909 3.60066802136819 -0.495006544843785 4.80312655999735 198.028537668996 4.83228771986651 15.5905963727443 0.838387904741649 0.864080428045079 0.865339934386072
104.466 -2.32639332040085 8.80115471294157 -3.11613488896194 3.31312030320084 -0.899704363641849 4.9518215375854 197.545683902097 4.82905894787986 15.2315367354699 0.838172930982133 0.863679668898799 0.865184846128968
104.496 -2.31402054510057 8.80264419922798 -3.12408748302015 3.16577773852961 -1.25171866010209 4.90931113955205 197.591115511887 4.82615305309188 14.7883830619229 0.837979454598569 0.863442998286822 0.865045266697573
104.511 -2.3069551862616 8.78866176554175 -3.13956464856702 3.15149004101252 -1.43189030554226 4.61150979658921 197.572003960698 4.40353774778269 14.8095447557306 0.837805325853362 0.863353868378844 0.865043242679009
104.526 -2.30065623021173 8.79056255294632 -3.14553339657042 3.12489065523188 -1.4406096719346 4.21219087799899 197.434803564629 4.14318397300442 14.4685902801575 0.837775381761911 0.863273651461664 0.864917823592611
104.556 -2.292892233396 8.78102047688142 -3.15826742091942 3.18415731489953 -1.36906778871061 3.79784201920673 197.551323208166 3.78886557570398 14.2817312521418 0.837748432079606 0.863325191497 0.864928543884543
104.567 -2.27453218924799 8.7544761608217 -3.18151948665829 3.15352784295157 -1.21155032281665 3.40737079438529 197.656190887349 3.46997901813358 14.2335581269276 0.837724177365531 0.863371577528803 0.864938192147282
104.585 -2.26201842154084 8.74267695935135 -3.19472506477164 2.80382391361824 -1.07207467984796 3.05060318059562 197.870571798614 3.42298111632022 13.8302023142348 0.83782896881467 0.863536922427115 0.864946875583747
104.617 -2.2552451663466 8.73564892940132 -3.21361310631388 2.35855602607321 -1.06028705919141 2.68981767169636 198.183514618753 3.2606830046882 14.1871820828114 0.838049751401355 0.863685732835597 0.864954690676565
104.631 -2.25022662638888 8.72794707357056 -3.22378887549359 1.92270042346589 -1.09624308609669 2.2788511717023 198.525163156878 3.29461470421938 13.7284638745302 0.838374776275789 0.86369606473354 0.865331695772634
104.645 -2.24553036355315 8.71784310107679 -3.22893677188741 1.52279679333304 -1.1034126706168 1.75554620720382 198.41264684119 3.62515323379744 13.1356174870772 0.838414507833902 0.863952421176919 0.865424489112104
104.675 -2.24860605892544 8.69797558097766 -3.23716120154071 1.15372322086997 -0.993834762333742 1.16167097579642 198.791382157071 3.6826379104177 12.8420557383695 0.838576736518664 0.86393608424073 0.865754514364618
104.69 -2.24496968952124 8.68931255199366 -3.24133099523551 0.787969219393657 -0.777657392970597 0.596648916384715 198.772243941364 3.37437411937593 12.8178501645325 0.83859627205249 0.864291762377837 0.86580502584489
104.706 -2.2352924618182 8.67966026179063 -3.24119324750334 0.513752450126047 -0.573937455200255 0.104922956043954 198.815019547227 3.27693670743834 12.8560651480793 0.838992816340768 0.864365088791246 0.866220049560132
104.736 -2.22251281795419 8.6689980457312 -3.23711884558168 0.335659647861534 -0.486009358535191 -0.294118957881053 198.733517592505 3.4292430366945 12.8904586332714 0.839097214174843 0.864677866473302 0.866224007520852
104.75 -2.20855707220003 8.6653277066427 -3.23321246391506 0.208963912083014 -0.536645063903046 -0.554020039192184 198.600165833254 2.90631873302505 12.8614127699442 0.839443664250886 0.864712582477164 0.866597133068498
104.765 -2.19468009136705 8.66352071646549 -3.22832004385564 0.19799118499685 -0.71351490865778 -0.739076050540141 198.780149249929 2.97568685972255 13.0152714929498 0.83937650701149 0.865113798393173 0.866563382678382
104.796 -2.19781299527814 8.66877776041952 -3.22176208636797 0.209489776420829 -0.969644333822536 -0.950664628692234 198.342134324936 2.91811817375029 13.1537443436548 0.839821050879266 0.865104921205049 0.866779518574269
104.811 -2.20440346088704 8.65698907663221 -3.21849354393753 0.212204920916151 -1.18718371723418 -1.16475847116652 198.787920892442 2.74630635637526 13.3983699092893 0.839589534285225 0.865343715645724 0.866480471898344
104.826 -2.21314807611731 8.64757640859301 -3.21417517919069 -0.00901557117546439 -1.31426687222832 -1.27347346374453 199.369128803198 2.89167572073774 13.4385329183604 0.839760580871272 0.865064514001856 0.866827951008241
104.855 -2.22622562537813 8.64425255984797 -3.21142590754085 -0.46612928123349 -1.31642797126503 -1.31101161355328 199.412215922878 3.02250814866396 13.2346796265244 0.839661731969838 0.865184025518404 0.86652406108892
104.87 -2.22985511800847 8.66143226144374 -3.19686085623073 -0.987455284407851 -1.13287677719196 -1.41120816212162 199.99099433059 2.60025733379757 13.3512116638719 0.839572767958546 0.864796919244466 0.866620941541208
