47.273 -2.94934616208791 8.37309266232163 -3.42372876353965 1.99904596527808 1.3789222463193 -2.95689082834521 242.984718329585 61.125959243175 -109.88689613075 0.838084832369124 0.863502747290334 0.865208035955913
47.286 -2.94752167809652 8.36417714151183 -3.44150367332612 2.35410320081134 1.50438880031333 -3.03143075314427 243.166246496627 60.8933633188575 -110.298206517675 0.838153558317904 0.863654975212494 0.865189735011515
47.303 -2.94246792032105 8.36243798189556 -3.46079312819047 2.6713646364554 1.69898808822093 -3.13592126561611 243.269621846964 61.2240269869718 -110.248385865907 0.838341881954265 0.863915440607978 0.865420048071543
47.315 -2.93678228170081 8.35985526311274 -3.48108651987735 2.95919000487093 1.89473813436067 -3.22156578027587 243.182659662267 60.8616242882746 -110.383547279317 0.83851137322699 0.864149859463913 0.865504006181122
47.345 -2.93938651183609 8.35788987458833 -3.50252289848348 3.28617176774261 2.10144752703147 -3.24444737018721 243.764393696041 60.5954618594471 -110.205192551385 0.838537445089984 0.864360836434255 0.865456108214203
47.36 -2.93412872403291 8.33810468656797 -3.52995591709156 3.65144772073934 2.3554249117329 -3.23374309118376 243.987954326437 60.6559156735024 -110.224673296246 0.838939872074513 0.864427255442023 0.865782971556508
47.374 -2.92748135551298 8.32454768547099 -3.56206767573183 3.90767699446694 2.60537860376572 -3.16533061412645 244.189158893793 60.3503241061522 -110.242205966622 0.839049564335213 0.864857004061545 0.86583063731759
47.419 -2.92293524346785 8.31905014272345 -3.60383709204994 4.13141311181414 2.84789417850365 -3.03505709469854 244.250243004414 60.555291695537 -110.25798536996 0.839526802470617 0.864873806306584 0.866243099885563
47.422 -2.92836069704923 8.33331583996844 -3.65286185681345 4.41521836551822 3.18218873011894 -2.98880329362563 244.425218703972 60.2597625259833 -110.632186832964 0.839577801691707 0.865258899839651 0.866368076458186
47.434 -2.93336331524103 8.33208903426139 -3.709553715642 4.82102477324121 3.71740497161086 -3.07999930014093 244.882696833575 60.4137862733849 -110.788968149667 0.839876193016064 0.865111915037188 0.866480555373548
47.465 -2.93295756290241 8.33750909049102 -3.76225232814762 5.26716657072625 4.41894691719786 -3.25520547699707 244.514427150218 60.3724076460465 -110.870071334701 0.83976578290015 0.865350010094649 0.866458462752926
47.481 -2.92098049500481 8.32951835523952 -3.81237454177451 5.83434304342461 5.22667054608877 -3.47166966212179 244.542984435196 60.3351668814418 -110.823064201231 0.840171399179061 0.865070179005889 0.866685090641359
47.495 -2.90768722455707 8.32759393213012 -3.86209340359132 6.51197744137223 5.98339280445699 -3.72831948980274 244.688685991676 60.4216501932976 -111.260757781107 0.83990484775504 0.865435635269025 0.866519084228416
47.525 -2.8929101088137 8.32460500858264 -3.90288992642189 7.27910030792203 6.63314512706473 -3.89518219731102 244.879817392509 60.1994851739679 -111.474682002997 0.840044362994105 0.865147241662827 0.866739649969299
47.542 -2.87069230006551 8.3050358002964 -3.94942301439188 8.09241165117563 7.1240290876407 -3.89726703101503 245.591835653258 60.1795366565711 -111.247213802697 0.83979051518858 0.865258480413277 0.866568187623563
47.556 -2.84590787344946 8.2793431257233 -3.99208094412335 8.82973537155425 7.43300022467815 -3.79914338134864 246.052652087932 60.341582990914 -111.582492422427 0.839688672855415 0.865111537553452 0.866660655422386
47.588 -2.83772766578591 8.25939202085361 -4.03478263975008 9.48187633821562 7.58435669075996 -3.65129011191607 246.707386879139 59.7674246918226 -111.764243180185 0.839470394063759 0.864855553718811 0.866497092531341
47.603 -2.83754810084459 8.23892214097284 -4.08530489648125 10.1069711471421 7.65721873160763 -3.4754740778237 247.236648191225 58.9506822226403 -111.987818862166 0.839147171372033 0.864501294624833 0.86647334619494
47.617 -2.83762591233453 8.23426591930719 -4.13251071016259 10.6466557118172 7.74874876684381 -3.31723964714056 247.772983372102 59.2356140003763 -111.88903697595 0.839109663420522 0.864182461440252 0.866328514226639
47.649 -2.84128724173249 8.23408561567604 -4.18002376115561 11.2903870872004 7.97387389015943 -3.23589736181582 248.615685034892 59.4920526003387 -112.160133278355 0.838695590243552 0.86414312047773 0.865950832724679
47.663 -2.84152982207126 8.22458591717606 -4.23834780296302 12.1323407448926 8.40320405839539 -3.25276564090141 249.314116531403 59.3028473403048 -112.344119950519 0.838703240404889 0.863983978350661 0.865981712368945
47.678 -2.84234669421899 8.206938230915 -4.30771856999948 12.9733051436858 8.98425769835738 -3.3664203745212 249.942704878263 58.7725626062743 -113.109707955467 0.838329809529483 0.863840750436299 0.865762446313553
47.708 -2.83637812091221 8.19291078203004 -4.37631733563442 13.6920051636683 9.66598460027737 -3.55573253554236 251.288434390436 58.7153063456469 -113.138737159921 0.83824741707042 0.863587971670572 0.8655651068637
47.722 -2.83830871301868 8.18016639190687 -4.43745765102118 14.2983771663855 10.3886991173489 -3.84825088504156 251.719590951393 58.4837757110822 -113.584863443928 0.838046492078028 0.863608079685017 0.865387501358833
47.738 -2.84273973212819 8.17617830191052 -4.50912364434191 14.9395318161591 11.286470426988 -4.13060136905649 252.527631856254 57.855398139974 -113.686377099536 0.83799243136411 0.863378567994418 0.865351253874143
47.768 -2.83918589746517 8.1488266040742 -4.58954448799183 15.7829832146959 12.3066783461213 -4.28319008711267 253.194868670628 57.3498583259766 -113.957739389582 0.837943776721585 0.863295881115681 0.865318631137921
47.783 -2.83107933755722 8.13570223300394 -4.67203877538344 16.660410084066 13.3790639466237 -4.36326802496629 253.555381803565 57.0148724933789 -114.201965450624 0.838026608235119 0.863345198185615 0.865412730940862
47.796 -2.82162865420586 8.1086272661275 -4.74969535621912 17.601239304667 14.4083331244804 -4.42007099346203 254.299843623209 56.173385244041 -114.481768905561 0.8381011565973 0.863636641283787 0.865497420763509
47.845 -2.81192593950396 8.10377249697325 -4.83221569257597 18.6647794963377 15.3270417967652 -4.54447610785628 255.029859260888 55.5960467196369 -115.153592015005 0.838294720405721 0.863775479806601 0.865573641603892
47.858 -2.80038030009 8.07456342201957 -4.91468411622303 19.8120420047192 16.1607498308291 -4.70758574897905 255.626873334799 55.4964420476732 -114.858232813505 0.838468927833301 0.863900434477134 0.865642240360236
47.864 -2.78370446318861 8.04258901913341 -4.99477150980703 20.8003034531023 16.9156672141584 -4.83911725041702 256.764186001319 54.6867978429059 -115.072409532154 0.83875203506454 0.864259677590601 0.865827302885392
47.904 -2.7658830137951 8.02811740970054 -5.0553580070502 21.6622578406165 17.5744821721319 -4.93154140323792 257.787767401187 54.0781180586153 -115.625168578939 0.838880511026238 0.864459672748274 0.865870535513586
47.906 -2.75086125599469 7.99043266000246 -5.11712829574643 22.6319099191503 18.1933698327813 -5.04525749192176 259.068990661069 53.6503062527538 -115.882651721045 0.839374654492539 0.864392610654949 0.866155956125953
47.919 -2.7322539883893 7.94065482636 -5.19031894479422 23.6229174005177 18.7625824678238 -5.15981571219523 259.982091594962 53.0252756274784 -116.114386548941 0.839314398228978 0.864825823753179 0.866166323430091
47.949 -2.71119788867604 7.88226768272852 -5.26397170073594 24.4255111566491 19.2794539920338 -5.23162040051769 261.043882435466 52.8227480647306 -116.442947894046 0.839639129899607 0.864722146559364 0.866545217386813
47.964 -2.69494086130594 7.8337295493281 -5.34612073999768 24.9073875219002 19.8179208065708 -5.22067210092394 261.999494191919 52.2804732582575 -116.498653104642 0.839552426095339 0.865122406067153 0.866516658564865
47.978 -2.67216925881029 7.78950649864639 -5.42023445220702 25.2059617468094 20.4994875045397 -5.07417740991551 263.219544772727 51.6724259324318 -117.268787794178 0.839979378054731 0.86498907064194 0.86686051900811
48.009 -2.63790817017902 7.75215984315126 -5.49232376562279 25.6525411446476 21.1426685250781 -4.94614898190106 264.317590295454 51.0051833391886 -117.96190901476 0.839605256963907 0.865362637741471 0.866800430024032
48.024 -2.58791957159831 7.70023220417305 -5.57707600247909 26.3956839767477 21.7291650313489 -4.8469539310392 265.605831265909 50.1046650052697 -117.805718113284 0.840026925836442 0.865205279148827 0.866992861185354
48.039 -2.53736330741639 7.6354210999972 -5.6550289552097 27.162222449302 22.1699889862293 -4.75538830892765 266.765248139318 49.1741985047428 -118.145146301956 0.839774821746684 0.865310714150677 0.866672480248321
48.084 -2.49641164845819 7.5814605081707 -5.71824343449036 27.7299696700206 22.4163488662323 -4.49969680627916 267.688723325386 48.5767786542685 -118.45063167176 0.839801019040167 0.865034812656314 0.866754518784669
48.086 -2.45710111296113 7.51212628405956 -5.79554700356269 28.4081177411865 22.4121185597618 -4.02606300351384 268.339850992848 47.6191007888416 -119.025568504584 0.839571505630036 0.865033834041875 0.866334236826907
48.099 -2.41687336536588 7.4540948842913 -5.86374358685205 29.1840998601976 22.3144181541673 -3.50818952758994 269.705865893563 46.8171907099575 -119.483011654126 0.839364943560918 0.864785620558392 0.866326776060949
48.175 -2.37163027798243 7.3836707092777 -5.93685208873203 30.1069112482237 22.1929000028727 -3.09630187254087 271.475279304207 46.0354716389617 -119.594710488713 0.839305658390519 0.864685963684056 0.866196601106047
48.177 -2.32732020028032 7.29724474705354 -6.01551857396588 30.9687392073708 22.007197788845 -2.71033580742418 272.887751373786 45.5119244750656 -119.995239439842 0.838998909266116 0.864596272497153 0.865955846176945
48.189 -2.29061344451544 7.21616934499528 -6.07566419963204 31.7008729202215 21.6789970939299 -2.15838619614741 274.458976236407 44.380732027559 -120.535715495858 0.83884960683339 0.864391815168142 0.865862764210444
48.191 -2.25207070577297 7.13254731978225 -6.13955163709071 32.455976467894 21.2553721936972 -1.46621169867008 276.053078612767 43.5426588248031 -120.722143946272 0.838715234643937 0.86433153883283 0.865531657710103
48.218 -2.2124142652883 7.04878806548042 -6.2156652428366 33.1264093554557 20.7809800124955 -0.818063811245818 277.48777075149 42.3083929423228 -120.889929551645 0.838594299673429 0.863905668607775 0.865357397120596
48.22 -2.17684317882066 6.98800935277393 -6.29272676268135 33.6687302519712 20.2509736142993 -0.20343300264032 279.018993676341 41.6775536480905 -121.40093659648 0.838358686420735 0.8638940069285 0.86507682732924
48.247 -2.12286239792589 6.89135013159261 -6.35543821536524 34.2178877611253 19.677784649816 0.452788160219132 280.577094308707 41.1697982832815 -121.560842936832 0.838273406272547 0.863635902513553 0.864948049777819
48.261 -2.07906810578421 6.80543424608838 -6.42522619619688 34.7426638705089 18.8916855741474 0.973921557937677 282.039384877836 40.7728184549533 -121.644758643149 0.838196654139178 0.8634036085401 0.86483214998154
48.326 -2.03109396818324 6.70554458429692 -6.4829477172022 35.2981684758244 17.9849597648242 1.53759810443399 284.015446390053 40.115536609458 -121.420282778834 0.838127577219146 0.863318417606795 0.864851437634579
48.328 -1.99623709907869 6.59104347822319 -6.55357184120341 35.8103363610664 16.8956240936853 2.24261691994479 285.313901751047 39.4039829485122 -121.458254500951 0.838192028682924 0.863365481027618 0.864868796522314
48.338 -1.97498142114943 6.49343929824755 -6.6149787733703 36.0613637936621 15.8862143560725 3.02904225085107 287.022511575943 38.583584653661 -121.552429050856 0.838250035000325 0.863531435576049 0.865007879786816
48.34 -1.95513303928076 6.37117886070185 -6.67922328380488 36.1941587120058 15.2327074242821 3.77575634637665 289.040260418348 37.9652261882949 -121.63718614577 0.838428710968444 0.863680794669637 0.865133054724868
48.383 -1.93499500619619 6.2518070893625 -6.76391826690205 36.1625291003472 14.8972229413958 4.35466926135731 290.916234376514 37.2287035694654 -121.653467531193 0.838589519339751 0.863691620384176 0.865369035813561
48.385 -1.91734961629435 6.16586044643577 -6.85001981217535 35.8645968009995 15.0540655327524 4.84133973980173 293.264610938862 36.1458332125189 -121.968120778074 0.838734246873927 0.863824960996952 0.865458095148938
48.399 -1.89554312193863 6.08419890893331 -6.93032439910357 35.4949310140293 15.7181246283322 5.38850347574522 295.078149844976 35.471249891267 -122.311308700266 0.838990822201104 0.863944967548449 0.865907811933776
48.429 -1.85993598429387 5.99101124727276 -7.00152116146372 35.2171936378172 16.6821900280944 5.90003480756001 297.310334860478 34.6241249021403 -122.14017783024 0.838968949166686 0.864299757354785 0.865942993657132
48.459 -1.80747898693107 5.90995550027681 -7.08307590299862 34.9382223656386 17.6338183535292 6.25277941840706 299.439301374431 33.7417124119262 -122.226160047216 0.839328225743545 0.864372284270499 0.86634422059115
48.465 -1.72842480190297 5.84011778716319 -7.17838207078592 34.4627207397617 18.4574594189396 6.55269231626101 300.875371236988 32.9475411707336 -122.183544042494 0.839399082637342 0.864684342404629 0.866335761448768
48.488 -1.65769502026767 5.76140228644675 -7.27026285403325 33.6485097344878 19.0811791259006 6.99284293196316 302.827834113289 32.4127870536603 -122.205189638245 0.839715345867135 0.864718410815359 0.866697711603623
48.503 -1.59523531648156 5.6994168734759 -7.34206197565813 32.9615213564589 19.3806948010968 7.39432199754547 304.34505070196 31.3315083482942 -121.86467067442 0.839494399774307 0.864995856295003 0.866653903359994
48.541 -1.52812796997401 5.61424119259804 -7.41613824879544 32.7546821979122 19.3891902064833 7.67321040847794 305.830545631764 30.9583575134648 -121.678203606978 0.839927154365802 0.864875175847006 0.866984039323726
48.548 -1.48473019153512 5.52351714658042 -7.49986564858631 32.7196719933882 19.2777521018655 7.88451532182862 307.647491068588 30.2625217621183 -121.15038324628 0.839811648114914 0.865136944823485 0.866788138042546
48.562 -1.42675799802514 5.42570463556618 -7.57893124589809 32.5919796032097 19.3469234565645 8.07697982018011 309.462741961729 29.6962695859065 -121.215344921652 0.84008665479695 0.865002155522639 0.866858610799472
48.577 -1.35920027502393 5.3188788867465 -7.64643914135833 32.3495755360185 19.4900937063279 8.36851847938348 311.276467765556 29.0066426273159 -121.213810429487 0.839828577811141 0.865127902887108 0.866675252370718
48.639 -1.30186991937174 5.22255613593501 -7.68876086442953 32.1085111121876 19.4334507479088 8.81868953220849 312.788820989 28.0259783645843 -121.572429386538 0.839849399498178 0.864870282519102 0.866757013694826
48.654 -1.2350095604111 5.1434672551296 -7.72577304931836 32.2869729780681 19.1641514746447 9.20857630417848 314.6899388901 26.7233805281258 -121.475186447885 0.839615048042246 0.864762159448694 0.866460217506846
48.656 -1.16112843402468 5.04942263456659 -7.77075574957451 32.7750695733911 18.819492052371 9.46863470429498 316.10094500109 26.2110424753133 -120.727667803096 0.839277359952671 0.864541113424529 0.866316698407354
48.669 -1.10062092466572 4.94090032540986 -7.786101086406 33.1532878068917 18.486397808966 9.56833611936167 317.970850500981 25.6299382277819 -120.414901022787 0.839100212451289 0.864465907263579 0.866187531217812
48.727 -1.05220952561574 4.83652646508719 -7.81565376234182 33.6387223849811 17.9942465776877 9.46341090437206 320.013765450883 24.6269444050037 -119.653410920508 0.838940779700046 0.864274486457925 0.865823948016735
48.73 -1.00169608233342 4.73636507243132 -7.84183222155686 33.8779035815975 17.4963486374762 9.25752782920203 321.252388905795 24.0842499645034 -119.328069828457 0.838797290223927 0.863854321470361 0.865867516131795
48.744 -0.966289632659875 4.64406503960683 -7.87060018272026 33.7786628417584 16.9421336210568 8.93864527528946 323.567150015215 24.075824968053 -118.795262845611 0.838541377916183 0.863724059244029 0.865659669700118
48.746 -0.916407456822744 4.50473127715463 -7.92390500209472 33.2801858705596 16.6066988849053 8.59745250348571 325.170435013694 23.5882424712477 -118.43573656105 0.838437828618451 0.863482949597529 0.865596205381299
48.759 -0.866545531893567 4.38980552511818 -7.96984419854052 32.3872817873205 16.4544259429797 8.17892862718294 326.733391512324 22.909418224123 -118.112162904945 0.838217862471255 0.86338982455848 0.865539087494362
48.789 -0.835197037826296 4.28361901900834 -8.04979602365107 31.4966452116419 16.4486780051703 7.78928003927381 328.380052361092 22.5384764017107 -117.340946614451 0.838146664718015 0.863182138380535 0.865487681396119
48.805 -0.80417020890443 4.15231770212948 -8.15203926445613 30.5561409958212 16.9679323420578 7.45386348572811 330.282047124983 22.2646287615396 -116.466851953006 0.838209207431906 0.863242829723984 0.86531781843801
48.819 -0.795758805632548 4.00385984720736 -8.27506308688137 29.3867864382238 18.1367879628139 7.18481301501789 332.173842412485 21.2381658853856 -115.980166757705 0.838265495874408 0.863297451933088 0.865288539245402
48.849 -0.763169132435283 3.8959854448612 -8.3777041399486 28.136657412722 20.0490633650058 7.03427064481381 333.336458171236 20.2543492968471 -115.122150081935 0.83831615547266 0.863470209390972 0.865385648237595
48.863 -0.690922362220848 3.85049355072756 -8.44745592749183 27.2642130454956 22.3029356544594 6.98122525972174 334.802812354112 19.5489143671624 -113.809935073741 0.838361749111087 0.863625691103068 0.865473046330569
48.878 -0.572030731391219 3.7991360549001 -8.50125426479636 27.2797764737705 24.3856191882501 6.9838660925282 336.062531118701 18.9740229304461 -113.408941566367 0.83852925366813 0.863765624643955 0.865428244348705
48.906 -0.414091624335624 3.70167839442505 -8.53476884152107 27.8861499714316 25.8898053610281 6.95952528480209 337.076278006831 18.2166206374015 -112.92804740973 0.838806328315886 0.864015025096292 0.865634706475014
48.919 -0.245789776011864 3.66077314539087 -8.50364036129962 28.6570769590213 26.1420461989711 6.81624451204708 339.128650206148 17.2349585736614 -112.435242668757 0.83880290466999 0.864362809147843 0.865697198744246
48.935 -0.0604401556532617 3.56482164910434 -8.46856181711302 30.1646517058672 24.6942537928145 6.65675746542252 340.495785185533 16.5914627162952 -111.511718401882 0.839178785696518 0.864429030884252 0.865999953033547
48.966 0.0884778504478006 3.39059809015094 -8.4451912959547 31.563453710853 21.7378055127697 6.3391733219337 341.90620666698 15.9523164446657 -110.380546561693 0.839264586595018 0.864735414357007 0.866025920646925
48.982 0.146787423334158 3.26923106163054 -8.41673585654478 31.9811541412945 18.0136432821034 5.87701171493117 343.955586000282 15.3170848001991 -109.542491905524 0.839720322504442 0.864640778102809 0.866418854881964
49.014 0.171912284292253 3.18579826995113 -8.38549956871134 32.0044127729665 14.1947217019847 5.54427237549912 345.260027400254 14.9253763201792 -109.088242714972 0.839751969722149 0.864925986853708 0.866526255954948
49.029 0.16890670054925 3.05414573768715 -8.41275275820252 31.995574549105 11.0973869363663 5.12343292420875 346.734024660228 14.8728386881613 -108.259418443474 0.840032944243461 0.86481229334984 0.866869156659184
49.044 0.135196763519399 2.90956166166014 -8.4395551419892 31.2586125140418 9.36016732669917 4.57979192186421 348.420622194206 14.2255548193452 -107.753476599127 0.839906859004808 0.865080350576036 0.866684743644459
49.059 0.137778094330984 2.81678553919148 -8.46798684626562 30.0342779801949 9.03178418181551 4.21723257700604 349.458559974785 13.8829993374107 -107.058128939214 0.840046173118896 0.865074818169625 0.867011795579744
49.088 0.161649105774961 2.75848600119488 -8.52787236955532 28.9056593424808 9.69578133615305 3.97260855594666 350.812703977307 13.6346994036696 -106.492316045293 0.839792144300892 0.865439810516388 0.866689521203273
49.118 0.222038791621567 2.67130049035075 -8.60499302673431 28.0204369196831 10.9536841185683 3.76542403622985 352.271433579576 13.6512294633026 -105.503084440764 0.839816609338955 0.865150999385453 0.86689304324667
49.12 0.319724565188445 2.57278209893515 -8.66596207733236 27.3428207086308 12.434651584574 3.55376712879007 353.884290221618 13.1261065169724 -104.312775996687 0.839585536898945 0.865138402098101 0.866582644103506
49.165 0.429069869613967 2.52786958785603 -8.73005196197583 26.8734241339509 13.3911864261166 3.42739804949885 355.335861199457 12.4134958652751 -103.721498397019 0.839504192394743 0.865003467069794 0.866550342609889
49.167 0.558246129360487 2.45554558549895 -8.82328669497747 26.5853183617772 13.5757319056424 3.54420022928179 356.642275079511 12.7321462787476 -102.949348557317 0.839304361649154 0.864882025544317 0.866397811000093
49.194 0.676839107519409 2.36232210500158 -8.90953235867064 26.2557941591873 12.9570900127881 3.76458936665896 358.05804757156 12.2989316508729 -102.374413701585 0.838997742198888 0.864648992910589 0.866136935081586
49.209 0.753944546800274 2.2968563315551 -8.97931244113243 26.1576956592991 11.6766481870818 3.98278691854268 358.672242814404 11.8490384857856 -101.916972331427 0.838975177164692 0.864439263540235 0.866149204490161
49.224 0.789940325160103 2.24583800529962 -9.04959637646255 26.4449795284837 10.1891360401293 4.40664563126856 360.065018532963 11.324134637207 -101.505275098284 0.838701476162872 0.864374242367714 0.865913189222647
49.239 0.809527547126362 2.13222545291953 -9.107464993516 26.9691838657116 9.08472625291029 4.92246961776003 361.438516679667 11.2117211734863 -100.534747588456 0.838708537732278 0.864068114408845 0.865700775481885
49.267 0.793278095989241 2.02967488085603 -9.12943963216489 27.2768456318122 8.57701698639789 5.49739822850311 362.6746650117 11.1105490561377 -99.6612728296099 0.838588272452935 0.864163805619154 0.865385867854401
49.282 0.799662707330716 1.94396342619099 -9.127429544986 27.5567946564173 8.60633818852146 6.33239123008028 363.84719851053 10.8394941505239 -98.6951455466489 0.838480033701528 0.863754708715466 0.865349783720154
49.297 0.853472457601368 1.84898630783413 -9.12681761389438 27.8377564121496 9.14646772844794 7.04800706890431 365.202478659477 10.4155447354715 -97.7656309919841 0.838509239517067 0.863634407764624 0.865317307999332
49.327 0.892922973281508 1.70778185730088 -9.10920812194464 28.2150494732247 9.82266065025963 7.59053460628869 366.72223079353 9.85399026192437 -97.2290678927857 0.838408904059246 0.863526136908866 0.865288079850591
49.357 0.924537863415211 1.56238220874883 -9.08372298632489 28.267590327429 10.4602419134779 8.26201549680486 367.850007714177 9.70859123573193 -96.0261611035071 0.838445222839014 0.863676025869172 0.865261774516725
49.359 0.982140665723439 1.44965860317127 -9.01284248609328 27.9400679359074 10.9584925312905 9.14039409979613 369.465006942759 9.81773211215874 -94.8235449931564 0.838351289048998 0.863563593202959 0.865361559981786
49.431 1.00226002228876 1.33258519235232 -8.96377429049299 27.690335951477 11.1969944231996 10.1484920943967 371.098506248483 9.97595890094287 -94.1611904938407 0.83851983961225 0.863586139064166 0.865327906634801
49.433 1.00965338908988 1.20962174009959 -8.91392672670858 27.5556535013675 11.4376003243911 11.0626505185448 372.328655623635 9.87836301084858 -93.5650714444567 0.838671535119177 0.863853488074483 0.8655444025325
49.444 1.01768408384941 1.05717581455422 -8.89557968926111 27.3771873878719 11.7266647194329 11.8594389018048 373.735790061271 10.0905267097637 -92.728564300011 0.83880806107541 0.864094102183768 0.865615925195984
49.446 1.08285139352401 0.930748387675098 -8.81927216665458 26.6898503284741 12.2234638963446 12.5948690574259 375.602211055144 10.2814740387874 -91.6157078700099 0.839183426461396 0.864063597146893 0.86592680684011
49.459 1.06901750877786 0.800802842826198 -8.80679933383922 26.1964378147106 12.3789801021299 13.246069174584 376.80198994963 10.4533266349086 -90.4941370830089 0.839268763283408 0.864406523993384 0.866083412717279
49.475 1.11821771188338 0.674993305847541 -8.73925016064817 25.4706871630106 12.9174179697796 13.8397828678127 377.461790954667 10.7879939714178 -89.184723374708 0.839598058448595 0.864344776775548 0.866470597745283
49.506 1.09707633129143 0.560328202943947 -8.72047412758506 24.702244400908 13.5630807529543 14.1970259550772 379.1956118592 11.389194574276 -88.3062510372372 0.839515461789428 0.864782773261718 0.866449500887488
49.521 1.13999905113623 0.427082375437867 -8.64150604336354 23.9327833195958 14.5334902349107 14.5605294664397 380.63605067328 11.2102751168484 -87.3956259335135 0.839946110179411 0.86480699858674 0.86680007709847
49.536 1.18413616947155 0.32002997018473 -8.56271343882882 23.1769095677889 15.1770877763052 14.681575756437 381.812445605952 10.9292476051635 -86.2160633401622 0.839955178629621 0.865198772891791 0.866622572039816
49.567 1.25851564763624 0.180287894167691 -8.46426680197719 22.5179972369642 15.3830431208121 14.6699067304116 382.631201045357 11.3963228446472 -85.514457006146 0.840341855335585 0.865181398253805 0.866955841135566
49.584 1.3143839939711 0.0558368354065921 -8.37937581399444 21.53718987968 15.0256548392652 14.4746717825613 383.668080940821 11.2766905601825 -84.5830113055314 0.840184878987719 0.865412544989604 0.866762759673203
49.598 1.36945390441514 -0.0264211604872012 -8.29052408807901 20.0483563878952 14.2902649278578 14.2073572760609 384.421272846739 11.4690215041642 -83.6847101749782 0.840422562582474 0.865250195672146 0.866958957869607
49.629 1.37933293347207 -0.0805216231833694 -8.22803519016588 18.4710016651362 13.3444445419422 13.8095223118136 385.939145562065 11.7621193537478 -82.5162391574804 0.840130894818112 0.865474462666112 0.866518232003351
49.645 1.39672347931249 -0.23240213384248 -8.15485620957092 17.078099971905 12.2145802404198 13.145363973762 387.185231005859 12.025907418373 -81.5846152417324 0.840121484804453 0.865182186320205 0.866738882966741
49.659 1.44445726598665 -0.334139246851359 -8.09725513870844 15.1321220357832 11.0198397736297 12.3002932252407 387.946707905273 12.2633166765357 -80.8661537175591 0.8399865455097 0.865166470339377 0.86656749732126
49.689 1.44845204346208 -0.411337440410395 -8.04439665212031 13.0868487635026 9.88655808634306 11.4748440553884 388.812037114746 12.2969850088821 -80.0395383458032 0.839738479452616 0.864904993226144 0.866413250240327
49.704 1.49622036927487 -0.51601058113498 -8.01148847341951 11.2071715207402 8.99179540747974 10.7189627032847 388.930833403271 12.5072865079939 -79.4755845112229 0.839641840693047 0.864793399085032 0.866274427867487
49.719 1.52843795341443 -0.61512451649835 -7.97031911254301 9.11851543736843 8.15902808047223 9.80202826501729 389.577750062944 12.7565578571945 -79.0280260601006 0.839428245117628 0.864692964358032 0.865902155001443
49.749 1.53642465581468 -0.671287083159062 -7.90836696660853 7.4570455730209 7.18816344036393 8.77831398813388 390.21997505665 12.6809020714751 -78.9252234540906 0.839362629791558 0.864354964200131 0.865814442152492
49.778 1.53583152809714 -0.744757864055192 -7.86751396211687 5.87088300045163 6.03117915739624 7.74170396336629 390.317977550985 13.2128118643276 -78.4727011086815 0.839050183527051 0.864421970431311 0.865488167857947
49.78 1.53404075848139 -0.819620406488021 -7.84223841505679 3.94104660880342 4.93722154700013 6.66600684947241 390.226179795886 12.7915306778948 -78.0054309978134 0.838895753668232 0.864111069666083 0.865441853723345
49.824 1.55738861811528 -0.831032230728364 -7.77112754771799 1.93167477235056 3.87403374344516 5.56734509582288 390.323561816298 13.0723776101053 -78.004887898032 0.838756766795294 0.863955132620179 0.865400171002204
49.826 1.57498995768162 -0.844415337687876 -7.70096269181093 0.700339356184202 2.34464563627621 4.2518319602864 390.771205634668 13.3251398490948 -77.7643991082288 0.83863167860965 0.863690915636064 0.865362656553177
49.839 1.58245145357072 -0.896862284105551 -7.66875938413192 -0.70709915958689 0.36132611081653 2.80832815357073 391.054085071201 13.7926258641853 -78.1479591974059 0.838392327463335 0.863576993993162 0.865205296079362
49.869 1.53577610620635 -0.876847322966038 -7.64264944646641 -2.85165641920072 -2.02366146209718 1.50001442218313 390.888676564081 14.1533632777668 -78.0731632776653 0.838303683210887 0.863598199775348 0.865310729388159
49.884 1.47736801596383 -0.866196032928269 -7.66458049524323 -5.3443533727005 -4.25717317848289 0.413371758590768 390.739808907673 14.3580269499901 -78.3658469498988 0.838350524075491 0.863740882449006 0.865405619366076
49.899 1.38062770866066 -0.810521486312307 -7.7055669228002 -8.16793330260602 -5.83527265452773 -0.837125722611821 390.605828016906 14.5422242549911 -78.6292622549089 0.838392680853634 0.863745699385608 0.865367560080661
49.928 1.32247141929903 -0.707861667493126 -7.75430601833146 -10.8183155448645 -6.48227974021999 -2.24196276867125 390.485245215215 15.068001829492 -79.106336029418 0.838557092236422 0.863873632098241 0.865456766989329
49.944 1.31256798445379 -0.596493782656617 -7.80750862954153 -12.4914458224391 -6.70275405627433 -3.69562908722397 390.256720693694 15.0612016465428 -79.1757024264762 0.838831383027349 0.863865174069919 0.865783564454121
49.989 1.36051718776698 -0.559709030738974 -7.8723898428508 -13.6842859730196 -7.42866185675377 -5.09476846857791 389.811048624324 14.9350814818885 -79.5981321838286 0.838951924192766 0.86410461957966 0.865831170925442
49.991 1.40241451607891 -0.514871165917669 -7.92796969096318 -14.9341779864047 -9.28961246497152 -6.64254353011707 389.769943761892 15.0615733336997 -79.9783189654458 0.839186731788059 0.864196660272887 0.866120527996623
50.004 1.38373865675999 -0.437885802179295 -7.9780514450114 -16.1285464473062 -12.2293535085507 -8.12103726870841 389.312949385703 14.6354160003297 -80.5004870689012 0.839271738077404 0.864526280806779 0.866134438113694
50.019 1.31982446305817 -0.345375217070924 -8.04347576599488 -17.1256154666977 -15.4338990737262 -9.32801751130322 388.721654447132 14.4318744002967 -81.3904383620111 0.839600735763191 0.864699615642834 0.866516520602056
50.066 1.22459301286518 -0.242602947715592 -8.08146818191858 -17.8909165154478 -18.2347839755139 -10.3219333174248 388.009489002419 15.0286869602671 -82.25139452581 0.839517871372565 0.864978940639731 0.86661415510303
50.078 1.11087254747968 -0.180933252004092 -8.12200605610954 -18.5873210471091 -20.2517635932296 -11.1462285353006 387.548540102177 15.5058182642404 -82.966255073229 0.839822255728835 0.86485995175726 0.867071183133496
50.08 1.01456948875089 -0.118128208840464 -8.15968719488335 -19.6728637515585 -21.4502513560441 -11.9193919413126 386.953686091959 15.1552364378163 -83.7896295659061 0.839717239341644 0.865246430745259 0.866990027736879
50.109 0.936156731176666 -0.0122831182401546 -8.16870054631787 -20.980386536708 -22.0640048463939 -12.7801245029065 386.118317482764 15.7397127940347 -84.8306666093155 0.840001686901007 0.865100692852236 0.867163499126917
50.124 0.847509026597403 0.1223022296976 -8.18626967396757 -22.0945616234952 -22.5553142854186 -13.4929517472723 385.246485734487 16.1457415146312 -85.8875999483839 0.839878727396599 0.865339910128192 0.866826054395728
50.139 0.763177109246742 0.218050505663539 -8.20812723034401 -22.7553344687793 -23.0150500324493 -13.8100687862856 384.161837161038 16.8111673631681 -87.1388399535455 0.840020854671508 0.865184824296876 0.867138975255886
50.169 0.693204032616578 0.253287308763491 -8.23162975007694 -23.8126254493823 -23.4883541895097 -13.8977641977333 383.065653444935 17.6500506268513 -88.024955958191 0.83989597839005 0.865292304783922 0.8668039829118
50.184 0.605268711361375 0.382923287169063 -8.23434663499357 -25.7214392403219 -23.9189080835358 -14.1889038084944 382.079088100441 18.4050455641662 -89.5424603623719 0.839910060019197 0.864894370583432 0.8668728711818
50.199 0.49218911038019 0.528864778890542 -8.24666789190437 -27.5492953162897 -23.9857959011364 -14.494440908561 380.831179290397 18.9645410077495 -90.3082143261347 0.839669642511163 0.864907436176282 0.866688086714813
50.229 0.398557759280602 0.650096617175041 -8.25093357875763 -28.8874955556531 -23.7353079140762 -14.5930884207583 379.468061361357 19.3480869069746 -91.2373928935213 0.839579887445739 0.864671862479358 0.866398183224835
50.245 0.290646800657153 0.757469477086871 -8.27590154214041 -30.0674482901642 -23.3136855196152 -14.3696574412779 377.941255225222 19.6332782162771 -92.3736536041691 0.839372487195051 0.864335972509325 0.866260867553544
50.259 0.209508236581123 0.898876626935252 -8.29083095732334 -31.3454362855752 -22.6701032271956 -13.9449054376081 376.627129702699 19.7099503946494 -93.4562882437522 0.839059055190195 0.864157545179097 0.865889950718894
50.318 0.161682498157653 1.05642970768808 -8.31085150310102 -32.6070758631246 -22.1030929044761 -13.7229339778168 375.68441673243 20.1389553551845 -94.910659419377 0.839030358856868 0.86387308693909 0.865679860828507
50.332 0.0961338386243276 1.21953587861238 -8.31947277368936 -33.6883530096365 -22.0607225453262 -13.7727779846152 373.875975059187 20.645059819666 -96.2195934774393 0.838751139685831 0.863740948165885 0.86561437739685
50.334 -0.0334889079357065 1.38506605444591 -8.36637710078209 -34.7027238155431 -22.5661006724729 -13.6695459876804 372.848377553268 20.8605538376994 -97.1576341296954 0.838626614211133 0.863498149627199 0.865555442308358
50.361 -0.118067072501023 1.52171308593369 -8.4139779199092 -35.8057338767369 -22.8140707578974 -13.2865608545612 371.143539797941 21.3544984539295 -98.4218707167259 0.838514541283906 0.863403504585184 0.865378803259025
50.363 -0.21980537772498 1.72262667533532 -8.43485191365437 -36.8472978936434 -22.7525110103519 -13.1205001889525 369.369185818147 22.1590486085365 -99.5596836450533 0.838413675649401 0.86331832404737 0.865219828114625
50.377 -0.287068710926069 1.8753170393417 -8.4539377710255 -37.1801253561874 -22.2116110543549 -13.2626486433396 367.592267236332 23.0631437476829 -100.763715280548 0.838322896578346 0.863365396824135 0.865323808219896
50.404 -0.331744122090543 2.00387980543164 -8.45196135232139 -37.5644028969046 -22.0003736130416 -13.4875288171736 365.753040512699 23.2768293729146 -102.207343752493 0.838367816106204 0.863407762323224 0.865293930049099
50.434 -0.408224148377124 2.12676891686846 -8.45239729335268 -38.2446038285882 -22.4965194578443 -13.4090049430899 364.037736461429 23.5291464356231 -103.086609377244 0.838408243681276 0.863445891272405 0.865267039695382
50.436 -0.51135311379225 2.29632633628543 -8.48080172524178 -39.1033495525996 -23.2201499548079 -12.9604708609946 361.893962815286 24.3562317920608 -103.997948439519 0.838697419327718 0.863480207326667 0.865489622287024
50.464 -0.615002946742096 2.48597828479495 -8.52150910841218 -39.6891978034465 -23.5202723639073 -12.423965759628 359.784566533758 24.8006086128547 -105.118153595568 0.838704886580639 0.863758149510733 0.865566622975055
50.479 -0.697274467367874 2.6194351905455 -8.55102295053117 -40.2011940536362 -23.0270237534708 -12.0357676569476 358.246109880382 25.4405477515693 -106.126338236011 0.838964397937144 0.863884837210853 0.865882434841274
50.495 -0.782691294865859 2.78395885174302 -8.55256604884963 -40.886418159723 -22.1785198514061 -11.9390611202605 356.261498892344 25.8964929764123 -107.03370441241 0.838945167329123 0.864245640050948 0.866043477918327
50.527 -0.847176445946442 2.92586507151867 -8.51271471740217 -40.9825091681781 -21.4102861868762 -11.8161473746467 354.535349003109 27.0868436787711 -108.150333971169 0.839306822089737 0.864323578697046 0.866311604290219
50.542 -0.913233649812949 3.07710371390294 -8.53113700176547 -40.8453269536504 -21.06849420941 -11.5093417974873 352.321814102798 27.258159310894 -109.215300574052 0.839253349066456 0.864640507388521 0.866306406777931
50.557 -0.978850208594929 3.19382542945722 -8.53748184345904 -40.7363667773693 -20.5929424983926 -11.0217663963646 350.749632692519 28.0723433798046 -110.113770516647 0.839584185653338 0.864678959300862 0.866794209640906
50.589 -1.02898670691955 3.33317191521328 -8.50853615316221 -41.0543331530675 -20.1313581722175 -10.5409638025296 348.794669423267 28.8651090418241 -111.342393464982 0.839502976273697 0.865083537534501 0.866864075237996
50.604 -1.07698259465731 3.50772477793695 -8.47907326202812 -41.3252357156234 -19.9754742633927 -10.0563330711316 346.61520248094 29.6385981376417 -111.788154118484 0.839808850139854 0.865077686432244 0.867173194013927
50.619 -1.13586092334542 3.64578844554426 -8.44244122726818 -41.492712144061 -20.0939573714046 -9.51711197775892 344.293682232846 30.0947383238776 -112.669338706635 0.83983164459402 0.865442391952745 0.867081837529268
50.649 -1.21566647596556 3.78812197548629 -8.40857451161533 -41.6197768075175 -20.380744840371 -9.01120230670059 342.444314009562 30.8652644914898 -113.462404835972 0.839978480149188 0.865153322678175 0.867369180076073
50.665 -1.29353682673631 3.97176762553288 -8.37336595953217 -41.7547456916513 -20.5510673028988 -8.53985306839694 340.599882608605 31.4987380423408 -114.596164352375 0.839857841319961 0.86526395332709 0.867011167249968
50.678 -1.3304604572951 4.1144235026738 -8.3568215617601 -41.7609505117991 -20.4959605726089 -8.06067692186259 338.339894347745 31.2288642381067 -115.376547917137 0.840002057202535 0.864992727915086 0.867182524688696
50.71 -1.39727039482289 4.27717057692119 -8.32032391867613 -41.9108096590925 -20.5074332176381 -7.66071609990534 336.30590491297 31.8259778142961 -115.838893125424 0.839752439976167 0.86499595777477 0.86696677487102
50.725 -1.44476992499316 4.43399784410395 -8.26461141206243 -41.9479729679924 -20.6879876057979 -7.20227807770107 334.535314421673 32.6633800328665 -116.435003812881 0.839780875446701 0.864875267178796 0.866896060300651
50.739 -1.52678440759913 4.67438206771968 -8.2598402580388 -41.4860000986741 -21.3130819749891 -6.89579072794623 332.521782979506 33.2370420295798 -117.031503431593 0.839679997087724 0.864766645642419 0.866708956921779
50.769 -1.59497107342186 4.78107344239913 -8.21981280572125 -40.9832016155242 -21.5329188156582 -6.47186051011344 331.009604681555 34.5333378266218 -117.988353088434 0.839462585872837 0.86479248372937 0.866293231150305
50.783 -1.65609965272518 4.87470148023929 -8.15882853442647 -40.7596906142772 -21.368176552413 -6.03917827589599 329.0486442134 35.2200040439597 -118.48951777959 0.839393536471246 0.864444531634336 0.866042813216778
50.799 -1.71434754324947 4.99583738461405 -8.08508835829095 -40.7394467436891 -20.7970077521335 -5.72151999029112 327.16377979206 36.0780036395637 -119.060566001631 0.839204771318007 0.864378983652405 0.865817437076602
50.83 -1.75288428836758 5.10336333586517 -8.0110607617807 -40.6113035960378 -20.0730321677598 -5.35776493782689 325.107401812854 36.9702032756073 -119.214509401468 0.839034882680092 0.864072381565067 0.865614598550445
50.844 -1.77619488811816 5.09940064615377 -7.89535479012534 -40.2028449921592 -19.4970266609075 -4.73420218450222 322.596661631569 37.7131829480466 -119.893058461321 0.838755211126732 0.863920313329265 0.865432043876903
50.859 -1.80082559385591 5.21033694147797 -7.83916329380934 -40.2123314853097 -19.3503774299313 -4.0432247141436 320.756995468412 38.6818646532419 -120.083752615189 0.838756899199752 0.863907187177841 0.865391342140406
50.889 -1.83478467284465 5.34968394458054 -7.75740646455048 -40.0636174207482 -19.4328969388465 -3.38012361677504 319.041295921571 39.3736781879177 -120.79537735367 0.838631797773662 0.863895373641559 0.865354710577558
50.934 -1.88617740230701 5.48509204166912 -7.68885313689731 -39.5167976634062 -19.7384622067939 -2.87875247647158 316.837166329414 40.656310369126 -121.255839618303 0.838519206490181 0.863761006198108 0.865321742170995
50.949 -1.94254633924611 5.60534323255225 -7.60512850779315 -38.7903087367602 -20.1325549174123 -2.30080089294656 315.033449696472 41.3906793322134 -121.970255656473 0.838417874335049 0.863640075499001 0.865292070605089
50.951 -1.99758796520156 5.69046525657181 -7.51942139355558 -38.0822702294964 -20.5925818684191 -1.57453759754504 313.590104726825 42.231611398992 -121.953230090826 0.838453296087237 0.863902030865834 0.865388826461313
50.964 -2.05412844980171 5.78892218321565 -7.44503834386067 -37.6167912981498 -21.09286566631 -0.839984601149312 311.571094254142 42.8684502590928 -122.897907081743 0.838485175664206 0.864014330430444 0.865475906731915
50.994 -2.11967939285407 5.8817232422531 -7.37917096501049 -37.4459518629913 -21.383579099679 -0.226215148667969 309.933984828728 43.9816052331835 -122.608116373569 0.838640337565937 0.863868067308104 0.865800790222449
51.023 -2.19130465520593 5.9818240617961 -7.30660254137626 -37.4937230889059 -21.2917860752073 0.184955984519439 308.460586345855 45.1034447098652 -122.107304736212 0.838779983277494 0.864107223494027 0.865969997761384
51.025 -2.25678491413449 6.06664756076786 -7.24673772791247 -37.4588545968092 -20.7954318951675 0.448903134159098 306.41452771127 46.3531002388787 -121.656574262591 0.839031984964314 0.864199003795817 0.86624547214897
51.039 -2.30398557025065 6.16495550099539 -7.16173480396766 -37.5122057783497 -20.0120719117576 0.681875416163036 304.693074940143 47.1177902149908 -122.090916836332 0.839005995653575 0.864528389977415 0.866370211495253
51.069 -2.34790268037799 6.25217570445115 -7.0907388309714 -37.1693821470796 -19.1490326595132 0.863306195157419 302.423767446129 48.0460111934917 -122.361825152699 0.839361567581745 0.864578053630867 0.86672871664546
51.099 -2.37443953598216 6.32223429901458 -7.02546577871533 -36.7463370621427 -18.2753507676076 1.1777389344203 300.561390701516 49.4214100741426 -121.705642637429 0.839429090291722 0.864992722431505 0.866681807897647
51.101 -2.39880154590018 6.40521877965084 -6.93230340380095 -36.6518560276841 -17.4378920267247 1.69278946845919 298.465251631364 49.7592690667283 -121.895078373686 0.839868375831475 0.864995952839548 0.867009153407614
51.13 -2.41677692586369 6.49229480589108 -6.82708900122603 -36.3798001959081 -16.8185303049683 2.38686930023922 296.938726468228 50.4233421600555 -121.465570536317 0.839885217716479 0.865368831719318 0.866934200983585
51.174 -2.4319372211771 6.5488759675444 -6.74197283639396 -35.8105224663936 -16.4969826179829 3.15886939311607 294.964853821405 51.1410079440499 -120.839013482686 0.840278890513757 0.865334451198579 0.867236307184958
51.176 -2.45420060469599 6.60937585820146 -6.64573585320012 -35.0821419754794 -16.7930858829022 3.6384023011327 293.068368439265 51.4269071496449 -120.995112134417 0.840128210648074 0.865550292639902 0.866891581647965
51.189 -2.48758532327912 6.69417224874545 -6.55816488857713 -34.9227827397636 -17.132097905299 4.04479107865302 291.421531595338 51.9842164346804 -120.955600920975 0.840245389597836 0.865250433296616 0.8671979497829
51.204 -2.52212070574613 6.78796665564581 -6.4783933406679 -34.8098937787643 -17.4631629239294 4.35863258147474 289.939378435804 52.3657947912124 -120.920040828878 0.839971439131938 0.865474676528134 0.866857059986113
51.233 -2.56840573981629 6.86250556137029 -6.41036982348038 -34.4937898970711 -17.6992893796281 4.58689146073185 288.545440592224 53.6092153120912 -120.46803674599 0.840104295233313 0.865058505153223 0.866797316904235
51.263 -2.61784341843629 6.92450291477916 -6.35154285738296 -33.993265869196 -17.7927192202912 4.83430918488767 287.050896533002 54.368293780882 -120.301233071391 0.839717682424631 0.865055157289094 0.866496490395314
51.265 -2.6557532809231 7.04308844712327 -6.35007392206275 -33.2443209616657 -17.8348213440636 5.00431338090272 285.465806879701 54.6914644027938 -119.791109764252 0.839623123367861 0.864928546741687 0.866349344006976
51.279 -2.70393809038878 7.09804082906499 -6.28069667969778 -32.7870644380183 -17.455919362329 5.07258433288879 283.739226191731 55.0423179625144 -119.391998787827 0.83941139952496 0.864690861988223 0.866216912257471
51.309 -2.74520948253703 7.16748956140508 -6.19826557297679 -32.3350755514683 -16.7026938383098 4.88135643395105 282.005303572558 56.138086166263 -119.332798909044 0.83922084806635 0.864724278440594 0.865974126213227
51.339 -2.78624432136982 7.2201173123416 -6.09965674334024 -31.7282855535734 -15.6072336147842 4.48329712643381 280.264773215302 56.5842775496367 -118.73951901814 0.8390493517536 0.864383146874437 0.865879216243097
51.341 -2.81030684277745 7.25509229451686 -6.00965180623461 -30.8997318073764 -14.4304797189546 4.03038726111867 278.518295893772 57.525849794673 -118.505567116326 0.83876823329289 0.864076128464896 0.86567019980029
51.369 -2.82466080396174 7.30207223132494 -5.91673620904621 -30.5273158785471 -13.1172027394256 3.76475311515948 276.946466304395 58.4932648152057 -119.015010404693 0.838768619149294 0.863799811896309 0.865605682471454
51.384 -2.8400334114623 7.37907011302033 -5.82227843134227 -30.2051186418375 -11.7398336105212 3.58598772730765 276.011819673955 58.8839383336852 -118.753509364224 0.838515573949013 0.863675000627383 0.865300284145013
51.399 -2.8436335439794 7.43490079931961 -5.73175977285465 -29.7281182280354 -10.2971479593927 3.39227445076009 274.87063770656 59.0555445003167 -118.098158427801 0.838414605047998 0.863686405746147 0.865396218647245
51.429 -2.84495830374772 7.48425062798751 -5.65232802583957 -29.0911842678273 -8.92621178940767 3.08434471560775 273.663573935904 59.869990050285 -117.928342585021 0.838196961257847 0.863696670353035 0.865359099433714
51.444 -2.85010101650191 7.55153010162674 -5.5631223781781 -28.5591650776858 -7.62901045779515 2.75300948068819 272.877216542314 60.1829910452565 -117.115508326519 0.838254474317755 0.863582173238436 0.865325692141535
51.458 -2.84928266633182 7.62070074563887 -5.48062267278522 -27.6734775775508 -6.65847582422938 2.38228868529113 271.389494888082 61.0046919407308 -116.803957493867 0.838179615379865 0.863602861096095 0.865295625578575
51.489 -2.82622020627823 7.63686591582596 -5.41092191673716 -27.1420076823911 -5.9063686998217 2.08222775569332 270.050545399274 61.1442227466578 -116.763561744481 0.83836533331003 0.86349774490719 0.86539202593745
51.504 -2.8164174662748 7.67822960195333 -5.33837501887143 -26.8491809599535 -5.37451045579373 1.79232559081101 268.965490859347 61.509800471992 -116.247205570032 0.83840600916472 0.863650473067664 0.865602109904885
51.518 -2.82333687305918 7.73042073706439 -5.26320670262272 -26.3322017952559 -4.97675406670291 1.44286402409632 267.808941773412 61.1788204247928 -115.362485013029 0.838569087716399 0.86378792841209 0.865791185475577
51.548 -2.8254343571705 7.75345071726725 -5.1992662508663 -25.5073785622952 -4.55465117911659 1.11918830870959 266.768047596071 61.2409383823135 -114.926236511726 0.838715858412911 0.864158422132061 0.865838029844752
51.564 -2.81612919888876 7.79889784372168 -5.19397328132777 -24.3207628434703 -4.20223949631943 0.743910699212675 265.351242836464 62.0168445440822 -114.773612860554 0.838974272586189 0.864245082570048 0.866126701024002
51.577 -2.82026426007135 7.82022761806533 -5.12444644422283 -23.4879232003446 -3.60033615737451 0.541275354482247 264.136118552817 62.2951600896739 -115.056251574498 0.83920684534214 0.864569860874224 0.866139993838335
51.608 -2.80411393651173 7.84385375533717 -5.06324896738782 -22.7345507276384 -3.00442467904164 0.523025681629442 263.102506697536 62.1256440807066 -114.530626417049 0.839542332301453 0.864615377437994 0.866521520754233
51.624 -2.79412762411361 7.88558770734862 -5.00320326261987 -22.1931567235768 -2.46276083709168 0.470723113466498 262.352256027782 62.3930796726359 -113.997563775344 0.839465308257 0.86502631385792 0.86661865523999
51.639 -2.78705530245237 7.92003575729247 -4.94275763308945 -21.4738410512192 -2.08900383735197 0.331284389906108 261.617030425004 62.2137717053723 -113.337807397809 0.839774948924827 0.86490258765363 0.866829263879716
51.669 -2.76907834600626 7.92985036164745 -4.89170844563194 -20.6035561827385 -1.86865307193739 0.158461294426947 260.535327382503 61.9923945348351 -112.924026658028 0.839674663218037 0.865284803051992 0.866772300408478
51.683 -2.76133862606781 7.95448522141776 -4.83217708356692 -19.8752616331669 -1.8039251693238 -0.0123466670768162 259.801794644253 61.9131550813516 -112.791623992226 0.839963368389761 0.865135227928296 0.867090596667361
51.699 -2.75072173600284 7.98078657720568 -4.77363088209194 -19.173995011835 -1.75406700353646 -0.0973715423538674 259.201615179828 61.5418395732164 -112.252461593003 0.83971762004467 0.865370991696646 0.866760442182128
51.728 -2.72033697657186 7.96178115785791 -4.69262788127746 -18.0749161213385 -1.83820228791564 -0.246413014072679 258.421453661845 61.6876556158948 -112.247215433703 0.840128052609129 0.864965188804884 0.86695687212764
51.743 -2.71376038455128 7.9965705637396 -4.64163215247589 -17.491088631342 -1.7345347308798 -0.203451101978388 257.539308295661 61.9988900543053 -112.302493890332 0.839865835842101 0.865094632841129 0.866887147831609
51.758 -2.71089406785213 8.02883870878166 -4.5768816407424 -16.8694606842384 -1.66031789901319 -0.141884617734748 256.745377466094 61.6790010488748 -112.472244501299 0.839756461443584 0.864964074738519 0.866824395965182
51.788 -2.71298307159701 8.04991933833074 -4.52082082652167 -16.1809878982573 -1.64008763582943 -0.098688522373487 255.730839719485 62.1711009439873 -112.325020051169 0.839531403793111 0.86484657244617 0.866520861550166
51.804 -2.73114375453435 8.06625833330016 -4.46090898236438 -15.5094539939277 -1.58523917759 -0.146834937311711 255.297755747536 61.8939908495886 -111.832518046052 0.839455472599493 0.864617085122257 0.866123945315854
51.818 -2.74467517299571 8.07641440228337 -4.41273440111402 -14.9233940907182 -1.33053205372413 -0.293220145870616 254.907980172783 61.5245917646297 -111.869266241447 0.839260513833429 0.864162660268259 0.865890455965771
51.849 -2.75290302064823 8.08753011461241 -4.36931743492535 -14.4203676587456 -0.818089535374618 -0.51198973433699 254.377182155505 61.3721325881667 -111.482339617302 0.838831355615168 0.864001564162138 0.865680315550697
51.863 -2.75372403526431 8.10603368731865 -4.3292246187018 -13.9256591371458 -0.1317004291654 -0.741706791437642 253.899463939954 61.3549193293501 -111.494105655572 0.838698808547537 0.863732704023827 0.86573824691236
51.878 -2.75021323261374 8.13022855924841 -4.29158485450923 -13.2491237577824 0.566965796957247 -0.885856722980901 253.229517545959 60.9794273964151 -111.504695090015 0.838325820857866 0.863738338802947 0.865419592141828
51.907 -2.73514235643488 8.13757895237752 -4.25286080108803 -12.4257380995614 1.20110891191801 -0.924751966713345 252.686565791363 61.0614846567736 -111.214225581013 0.838243827265965 0.863619674843356 0.865380135578838
51.922 -2.73145465220161 8.14491251832141 -4.21328062117149 -11.7251490224297 1.60237206652774 -0.913956159354988 251.537909212227 61.4353361910962 -111.492803022912 0.838296653725061 0.863636612540523 0.865344624672148
51.937 -2.72496339230372 8.15354777329469 -4.17598251968667 -11.2137028224768 1.8314478369742 -0.842407871663764 251.284118291004 61.1118025719866 -111.323522720621 0.83821757684644 0.863528121207175 0.865189067386436
51.968 -2.72187458767265 8.17760015386317 -4.1344535035197 -10.7953859753436 1.92158549602487 -0.778014412741662 250.755706461904 61.2406223147879 -111.351170448559 0.838146407655682 0.86355421426796 0.865049065829295
51.984 -2.7180771406928 8.19541657738066 -4.09576057931519 -10.271572568649 1.93629717543002 -0.771968696658336 250.640135815713 61.2365600833091 -111.616053403703 0.838208976075806 0.863577698022667 0.865170122163099
51.999 -2.71908870724791 8.2020540425674 -4.06045810765686 -9.67952981560086 1.94495753422289 -0.767290910961968 250.356122234142 60.9329040749782 -111.434448063333 0.838265287653918 0.863722430871593 0.865402396507969
52.029 -2.71880201746184 8.20952417160534 -4.02736907351013 -9.16119515465146 2.01992742965557 -0.673004567957374 249.560510010728 61.3196136674804 -111.091003256999 0.838315968074219 0.863729092965937 0.865611443418352
52.044 -2.70675255282961 8.22720071410056 -3.98890995813605 -8.69545731857562 2.07518659508696 -0.553032355436446 249.324459009655 61.5476523007324 -111.141902931299 0.83836158045249 0.863982146586076 0.865799585637697
52.063 -2.70446730933406 8.24191255034432 -3.95387775748846 -8.20224746458066 2.02797327908971 -0.567194768747763 249.412013108689 61.5728870706591 -110.887712638169 0.83865542242181 0.864086434578662 0.865968913635107
