124.861 1.22452592059157 -9.77403506041963 1.54464960509959 -2.06988389814798 -0.160007806201176 -1.52389747920826 385.251612415927 -30.1086475339167 110.771441572833 0.838369149212804 0.863933255987419 0.865748618516078
124.877 1.22657181505127 -9.77921193004906 1.54101934803506 -2.11785734039426 -0.111182598100142 -1.62265276945538 385.006451174335 -30.2177827805251 110.254297415549 0.838662234306093 0.86404243303987 0.866046230828195
124.907 1.22739558533219 -9.78393100346261 1.53428052758855 -2.17782733154567 -0.00846128485501338 -1.70771573678465 384.725806056901 -30.1360045024726 110.448867673994 0.838673220061176 0.864387476297063 0.866067570662109
124.921 1.23382321401287 -9.7900336382848 1.52468414511397 -2.20584612510866 0.0862779734014803 -1.81633347608328 385.373225451211 -30.0024040522253 110.323980906595 0.839062069548586 0.86445123131855 0.866333287759623
124.936 1.24152343932255 -9.79337127787429 1.52538477843506 -2.24022334465886 0.118108191328508 -1.87668486129938 385.65590290609 -30.3021636470028 110.151582815935 0.839159542061879 0.86487858235042 0.866449245544841
124.967 1.2424082767677 -9.79625537201069 1.52475839375409 -2.26734604836092 0.0353050057834434 -1.81191713852822 385.310312615481 -30.5719472823025 110.476424534342 0.839625782424617 0.864893226766571 0.866676795154082
124.981 1.23799724683568 -9.80250219885381 1.52509247230547 -2.25587861909734 -0.110973586397954 -1.74064908879754 385.299281353933 -30.8747525540723 110.468782080908 0.839666883650306 0.865153190651094 0.866758402199853
124.995 1.2346258697397 -9.8092018042553 1.52389676839462 -2.27380220756929 -0.18460905218564 -1.81085898907809 385.70935321854 -30.967277298665 110.641903872817 0.839956366778803 0.865016776767487 0.867078088279599
125.027 1.24218597449242 -9.81828406523602 1.51982788566069 -2.34336855169786 -0.192102345440358 -1.97481125810921 385.778417896686 -31.1105495687985 110.257713485535 0.839837939286615 0.865387573254463 0.866996242368373
125.04 1.23749789986651 -9.81771920088771 1.51927835038289 -2.46094009347463 -0.253808141430674 -2.13916219336699 385.660576107017 -31.4194946119187 110.091942136982 0.840110316851481 0.86522772111052 0.867292144431267
125.056 1.23172240311182 -9.82092185584166 1.5092668261318 -2.49728883221877 -0.350564731867759 -2.25578032517533 385.734518496315 -31.5175451507268 110.122747923284 0.839976494352025 0.865577423163193 0.866941835169643
125.084 1.2130570726479 -9.82422319442742 1.49582717354792 -2.45977368945491 -0.342989174711517 -2.4744771018181 385.021066646684 -31.3057906356541 110.570473130955 0.840108844931392 0.865274850767578 0.866996938213859
125.1 1.20715188236996 -9.83856687001031 1.48121757688252 -2.34967418310484 -0.0941864404464726 -2.85603702522408 385.398959982015 -30.8152115720887 110.79342581786 0.839848548932139 0.865249868342013 0.866676149573975
125.112 1.21279068516461 -9.84459284292139 1.47279748364205 -2.30096630677909 0.286987928789014 -3.26203637613679 385.439063983814 -30.6736904148798 110.454083236074 0.83961428253281 0.864980051428516 0.866634497533311
125.142 1.24545879119725 -9.84666433942149 1.46079013088866 -2.17926662266607 0.540731884001716 -3.51598541027883 385.835157585433 -30.6663213733919 110.148674912466 0.839276670994179 0.864860951467167 0.866473550431173
125.157 1.27773312587223 -9.83386422704306 1.45423321729473 -1.92317202146816 0.382078542929789 -3.60331816696087 386.131641826889 -30.9596892360527 110.41380742122 0.83897282060941 0.864753761501953 0.866328698039249
125.172 1.29067901246561 -9.86059152046424 1.44174794678901 -1.48276321626791 -0.147732364798305 -3.54756650293654 385.9784776442 -31.1637203124474 110.472426679098 0.838826127042355 0.864533555272462 0.866321791152057
125.203 1.28616945272219 -9.87351298594101 1.42889511875821 -1.12379987174036 -0.847462945112367 -3.33784802058182 385.48062987978 -30.5073482812027 110.045184011188 0.838567331052769 0.864459104926718 0.866068517218354
125.219 1.27486839585482 -9.87694223162791 1.41720786356192 -0.696916067772427 -1.51996855899808 -3.18345253150074 385.632566891802 -30.6366134530824 109.780665610069 0.838587807133184 0.864144490711949 0.865840570678021
125.234 1.25290600084942 -9.88625347111161 1.41734353300865 -0.152415300689841 -1.93209384050285 -3.28724468293082 385.649310202622 -30.9929521077742 109.542599049062 0.838352843134515 0.864108946822257 0.865635418791722
125.265 1.25235330722047 -9.90163660788716 1.42452852365615 0.368169740829525 -1.86560201370447 -3.65928357341636 385.36437918236 -31.0136568969968 109.988339144156 0.838141375535713 0.863705335798259 0.865574379563743
125.281 1.25939762289506 -9.90967546174688 1.44775443468012 0.671810782013748 -1.47675173599815 -4.31854605576938 385.227941264124 -31.0322912072971 110.14950522974 0.838204447167835 0.863589972139137 0.865519444258561
125.297 1.27920489038689 -9.92379376533416 1.47452354306147 0.881728940453595 -0.953504043314364 -5.06302732805504 384.625147137712 -31.1690620865674 110.054554706766 0.838261211636744 0.863609880106726 0.865470002483898
125.327 1.31576605313119 -9.9447602979194 1.50891080982237 1.18134230595022 -0.510825394708118 -5.6849688700587 384.38263242394 -30.9921558779106 110.14909923609 0.838312299658762 0.863751394747247 0.865548965152242
125.342 1.34980835622338 -9.94812772439577 1.54979528921916 1.27542181581321 -0.351345908672421 -6.13173915862534 384.224369181546 -31.2529402901196 109.934189312481 0.838231658186771 0.863878757923715 0.865620031553751
125.356 1.38541439270187 -9.97150905519716 1.58204232994981 1.20360482507159 -0.404760936125789 -6.5536797465796 384.141932263392 -31.6676462611076 109.800770381233 0.838412171836246 0.863869787312846 0.865560531049569
125.387 1.41087576534041 -9.98692586055391 1.60513902316332 0.916068770045344 -0.527643621139165 -7.06090719176897 383.827739037053 -31.8008816349969 110.280693343109 0.838574634120773 0.864108771498295 0.865753764505792
125.402 1.44175172554572 -10.0037938061147 1.61826459714627 0.445835938842336 -0.617627350628302 -7.47924395350811 383.304965133347 -31.8007934714972 110.112624008798 0.838720850176847 0.864323857265199 0.865927674616393
125.417 1.49617558157849 -9.99652927840853 1.61864529981187 -0.159816357331974 -0.748994386557838 -7.83589971082905 382.954468620013 -32.0407141243475 109.601361607919 0.838978765173731 0.864270376720181 0.866330433454485
125.445 1.54719212147362 -9.98873426072393 1.60180953980062 -0.657575179614044 -1.02371326851274 -8.47368378554767 382.279021758011 -32.4966427119127 109.381225447127 0.838958097842051 0.864715813211888 0.866446676670216
125.462 1.56563354575127 -10.0274480004841 1.5669051871351 -1.04983292882821 -1.07019690349353 -9.44463601767993 381.79111958221 -32.7869784407214 109.423102902414 0.839318459551373 0.864746734541892 0.86667448316692
125.477 1.55176461675903 -10.0306270438194 1.53848401895031 -1.62042215502936 -0.277681029938069 -10.5933021869043 381.592007623989 -32.9282805966493 109.700792612173 0.839263822781928 0.865144535251428 0.866632997766961
125.507 1.56903053169674 -10.0204398200893 1.52397815159736 -1.86448680975543 1.55619394328475 -11.8118345636337 381.65280686159 -32.9354525369844 109.470713350955 0.839719635072661 0.865132584377478 0.866965224289997
125.522 1.63107722561264 -10.0043879836187 1.51385577713053 -1.74445034252035 3.74408599933795 -12.8993533973467 380.987526175431 -33.3019072832859 109.74364201586 0.839624880751088 0.865368612500911 0.86689466477773
125.537 1.70020705664787 -9.97773086631766 1.5100727337116 -1.37305874338282 5.31547892612171 -13.7178150041769 380.388773557888 -33.3917165549573 109.989277814274 0.840044587244905 0.865334253902013 0.867323641840726
125.567 1.76242390457958 -9.96648856047813 1.5146287194652 -0.67239409041858 5.91446538465458 -14.1712243434539 380.149896202099 -33.0525448994616 110.030350032847 0.839917337706107 0.865550115072991 0.867093780307846
125.581 1.80261735186729 -9.95942310134194 1.52070432112479 0.135303333890454 5.63065243397538 -14.1228041991848 380.234906581889 -33.2872904095154 110.367315029562 0.840181775429023 0.865374008747195 0.867256876440786
125.597 1.83304537593502 -9.94175160801073 1.53155931120393 0.99887223714263 4.80804520584502 -13.5815161456785 380.071415923701 -33.4985613685639 110.790583526606 0.839914186380006 0.865585894433655 0.867033691447901
125.625 1.86013131075363 -9.94344465323382 1.54444127337883 2.02035905922989 3.71121015090937 -12.830998118897 379.32427433133 -33.4487052317075 110.811525173945 0.839926447210157 0.865282474910994 0.867202796466836
125.639 1.87912170350486 -9.97627256263579 1.55489778271392 2.9946590311695 2.68436394497874 -12.0929364749462 379.251846898197 -34.0038347085368 111.190372656551 0.839811011674834 0.865256730071088 0.867108479736886
125.654 1.89417798751534 -9.97822454526381 1.58316298500664 3.59595648683118 2.00600388635873 -11.5019634381386 378.946662208378 -34.5034512376831 111.171335390896 0.839580499001236 0.864986226984683 0.86690013441439
125.686 1.91778428048439 -9.95065231580457 1.62308658518762 4.14323106715569 1.69624319237935 -11.3273396134087 378.67199598754 -34.4731061139148 111.274201851806 0.839373037594998 0.864866509467717 0.866712623624144
125.702 1.93436125538242 -9.93822735064257 1.64980014584992 4.93577818944776 1.66097001817958 -11.6457506902358 378.544796388786 -35.5257955025233 111.606781666625 0.839059550550148 0.864882361172139 0.866420266443232
125.716 1.96185010333203 -9.93674136560883 1.67994757076383 5.71090266057932 1.84449133697231 -12.197969514342 378.010316749907 -35.693215952271 112.206103499963 0.838904183989019 0.864525421332828 0.866404202715642
125.746 1.98838571601519 -9.90709253574961 1.73383546692383 6.18256048612444 2.0608055620537 -12.873592410236 377.349285074917 -35.4238943570439 112.445493149967 0.838637582304766 0.864575381850738 0.866142687625581
125.76 2.00113471651145 -9.88058816575009 1.79681947966443 6.57117466651963 2.32571737226055 -13.7327980547086 376.934356567425 -35.8415049213395 112.84094383497 0.838524412568175 0.864249139943567 0.866154381779756
125.776 2.02404113087715 -9.85320277675686 1.85775480693603 6.82474422276843 2.73894716175205 -14.2992129057263 376.380920910682 -36.0373544292055 113.016849451473 0.838295788026007 0.863955522227113 0.866041446252973
125.807 2.06859892136151 -9.81053958831457 1.90726949595831 6.83005606003357 3.07955626237074 -14.3631847449247 375.342828819614 -36.153618986285 113.715164506326 0.838216797717292 0.863815139925106 0.866063264544409
125.821 2.10672570639516 -9.76543896047677 1.9344747467943 6.58369167540426 3.09221132315657 -14.1642708505849 374.648545937653 -36.4982570876565 113.863648055693 0.838145706439448 0.8636887958533 0.865835843271471
125.836 2.15145460403262 -9.74729397876625 1.94567166603577 6.23371945442872 2.79138713740579 -13.9249430021676 374.443691343888 -36.7484313788908 114.177283250124 0.838208344981196 0.863698821449472 0.865878221861057
125.867 2.17716583880453 -9.72024944111912 1.95191817435895 5.5943169746347 2.09163773664231 -13.6958074805768 373.599322209499 -37.5135882410018 113.919554925111 0.838264719668769 0.863831441955718 0.865916362591685
125.879 2.18809550946357 -9.69010348336585 1.94467118638701 4.80893107869795 1.23972587137503 -13.4796618470229 373.379389988549 -37.6622294169016 114.7075994326 0.838441927170044 0.863950800411339 0.86582722898371
125.91 2.20655135463538 -9.66147571101803 1.93246267370534 4.23261812349991 0.646287635382564 -13.2660468073588 373.121450989694 -37.6160064752114 114.63683948934 0.838601413921191 0.864058223021398 0.865870469002072
125.927 2.24441014663156 -9.68018302883224 1.91806327818768 4.0498143264171 0.318300093218354 -13.2478390731878 372.649305890725 -37.8144058276903 115.413155540406 0.838871272543641 0.864031305900761 0.86615589626559
125.94 2.28476784469881 -9.69300931899712 1.90474469231609 3.86926037469142 0.0811265724461366 -13.3123681429683 372.404375301652 -38.5329652449212 115.571839986366 0.83886135447497 0.864254138227418 0.866289593200211
125.957 2.33425786950169 -9.72274889536767 1.90137708276847 3.69225800134441 -0.160573871058019 -13.2177725500455 371.943937771487 -38.5796687204291 115.474655987729 0.839105219042042 0.864207629586179 0.866656160179921
125.987 2.35509629420619 -9.73221638788046 1.91283115229314 3.59249785006493 -0.371234041204126 -13.1097357530562 371.229543994338 -39.0417018483862 115.567190388956 0.839071906323531 0.864536153188741 0.866616507078662
126.016 2.37947726880473 -9.7574367313617 1.92230184508537 3.71111066047829 -0.27991216380127 -12.9338766815674 370.706589594905 -38.7375316635476 115.410471350061 0.839420887184705 0.86458504052106 0.866950382670527
126.018 2.42649939627912 -9.728120975706 1.9490214076624 3.94228967076634 -0.100775909253204 -12.721405043945 370.655930635414 -38.6437784971928 115.569424215055 0.839482477934386 0.864875823030134 0.867004630964655
126.047 2.4810895947051 -9.73483663768741 1.96480902615062 4.72592329910955 -0.203675417564525 -12.8141500357337 370.910337571873 -38.7394006474736 115.532481793549 0.839790401634474 0.864890743378314 0.867422611408958
126.061 2.5076554322927 -9.75596423719381 2.00092480703775 5.52355997683218 -0.681781158250821 -13.1403686199466 369.879303814685 -39.0054605827262 116.039233614194 0.839815040939178 0.865274143204207 0.867306313184795
126.076 2.51462571364839 -9.75768095052887 2.03360858670996 5.94830321579019 -1.17696182105169 -13.587400460242 369.251373433217 -39.5449145244536 116.195310252775 0.840089708338788 0.865125634065289 0.867448156030041
126.107 2.52742314823448 -9.71654935297355 2.07325920264833 5.87408358123407 -1.47300609696179 -13.7538512539125 368.926236089895 -39.9104230720082 116.095779227497 0.839957946690602 0.86536235721994 0.86720584307823
126.122 2.56665373284798 -9.67001391306804 2.11774345160347 5.75385079562975 -1.83791922772363 -13.4464050598189 368.153612480906 -40.2393807648074 116.246201304748 0.840092152036111 0.865205026679449 0.867480785070138
126.137 2.6119570532964 -9.62322393228369 2.15951505828639 5.72503060156295 -2.57702806831004 -12.8849706607073 367.758251232815 -40.2354426883267 116.321581174273 0.839960146018192 0.865187026662697 0.867111611744627
126.167 2.66410248871383 -9.59332341405532 2.18789183672136 5.4242832665975 -3.79337106300576 -12.1521987854762 367.402426109534 -40.591898419494 116.509423056846 0.839841340602066 0.86479962027433 0.867026413486898
126.182 2.68344022091392 -9.54121391581996 2.20828340866446 4.68719845138813 -5.33006449105633 -11.3591163115088 366.66218349858 -40.4927085775446 116.738480751161 0.839607795035745 0.86482216089809 0.866949735054941
126.197 2.6916863553777 -9.46875727719817 2.22196713463914 3.8887076138829 -6.80163819462245 -10.4957237643274 366.235965148722 -41.0034377197901 116.584632676045 0.839524224717863 0.864595114728985 0.86663366673095
126.227 2.7079065710057 -9.41126763117391 2.22237133422301 3.2906765471511 -7.92071101638158 -9.45225825812362 365.97236863385 -40.8630939478111 116.44616940844 0.839322390739962 0.86426689953399 0.866472802709048
126.242 2.71568127302073 -9.36617081724475 2.22022118066674 2.73870812907721 -8.66604449489609 -8.46886449337996 365.735131770465 -41.21678455303 116.681552467596 0.839013968380616 0.864095379501295 0.866080692358847
126.256 2.73231516922482 -9.33426269319239 2.22840154673093 2.12743273601682 -9.00325683929962 -7.71816125014884 365.401618593419 -41.655106097727 116.293397220837 0.83886316003644 0.863693125209393 0.865851528304465
126.287 2.77236494998606 -9.31446376228258 2.25641388152927 1.53606350821667 -9.02048840727805 -7.37840619383624 365.521456734077 -41.8695954879543 115.764057498753 0.838473737197878 0.863702717869957 0.865645280655521
126.301 2.79811467153256 -9.27090705738 2.27851252366504 0.951922806249961 -8.8787449100617 -7.32300832254422 365.329311060669 -42.0026359391589 115.347651748878 0.838503572663783 0.863463742360864 0.865583255241162
126.317 2.80686435779117 -9.25115897630631 2.27906810590089 0.424669456922674 -8.37789331981889 -7.35788306280888 365.156379954602 -42.122372345243 114.73288657399 0.838277032112054 0.86349627330628 0.865403834898549
126.347 2.82521370959445 -9.2163269493727 2.29728522910292 -0.19947687808257 -7.44163070539425 -7.29537719927609 365.060741959142 -42.2901351107187 114.959597916591 0.838199917394734 0.863525551157155 0.865365954059887
126.362 2.88859463851598 -9.22741539243592 2.31320180011047 -0.586399419281947 -6.4997577111907 -7.0429387159897 365.334667763228 -42.5611215996468 114.683638124932 0.838130514149146 0.863428165962143 0.865455321570631
126.377 2.97113572169197 -9.21075943974018 2.3132213608526 -1.06974421017818 -6.05588881030064 -6.74475171461974 365.101200986905 -42.5650094396822 114.555274312439 0.838194671919924 0.863587852017122 0.865412292064761
126.407 3.02124125905799 -9.21695781827593 2.32544938231433 -1.47803696473288 -6.17014725751485 -6.74890249735624 365.371080888215 -42.688508495714 114.199746881195 0.838252413913625 0.863731569466603 0.865373565509478
126.422 3.03515176011295 -9.26287868989072 2.32292737518184 -1.78061494764891 -6.31343787527482 -6.92210385067405 365.013972799393 -42.7996576461426 113.999772193075 0.838304381707955 0.863860915171136 0.86558549551971
126.437 3.01696556836221 -9.26248851453568 2.3027010496357 -2.3697290254031 -5.89659790454123 -6.84668735873642 365.112575519454 -43.1996918815283 113.759794973768 0.838351152722852 0.864100786570756 0.865776232528919
126.467 3.01610044863689 -9.25513424010848 2.27001243852665 -3.05184009232844 -4.65731979347642 -6.39102625645056 365.141317967509 -43.3797226933755 113.483815476391 0.838646037465136 0.864193210564873 0.865947895837207
126.482 3.06170951330842 -9.21098630605735 2.2446029724755 -3.83978585408796 -3.02364888283107 -5.68780149340092 365.107186170758 -43.8417504240379 113.295433928752 0.838658642904315 0.864523176069566 0.866102392814667
126.497 3.10940156284733 -9.21273275296626 2.2201782234381 -4.68481490226695 -1.60678017775407 -4.88009004635091 365.016467553682 -44.1975753816341 112.825890535877 0.838922778628453 0.864573361113802 0.866364627696925
126.527 3.15112730774668 -9.19527064634029 2.20340334485802 -5.64152425173491 -0.807934221047362 -3.86078333179215 365.414820798314 -43.9178178434707 112.163301482289 0.8389077099513 0.864865311563602 0.866477451488413
126.541 3.19963395220089 -9.15399666016695 2.20518508354574 -5.94912755175226 -0.517217134820489 -2.91210957876561 365.113338718482 -44.0860360591237 112.10697133406 0.839273110449697 0.864757685588744 0.86694814988034
126.581 3.2130032863204 -9.19939010785875 2.16524924158826 -5.48322243016482 -0.46549542133844 -2.32776884989668 364.782004846634 -43.8174324532113 112.236274200654 0.839349478872879 0.865154391193595 0.867002621453486
126.583 3.18241889053443 -9.21013718944959 2.13116248833932 -5.6188696527972 -0.258640535693145 -1.59422860612839 365.203804361971 -44.1756892078902 112.232646780589 0.839670702479118 0.865141454725429 0.867420802848906
126.597 3.17841597891324 -9.204307110031 2.11395179379997 -6.04400558828083 0.314551762150978 -0.67068360811097 365.103423925774 -44.1381202871012 112.10938210253 0.839580841416899 0.865499783416611 0.867181225215209
126.628 3.1535049602074 -9.20043666743 2.10833824112133 -6.20907067830771 1.29760040272977 -0.066210667147201 365.673081533196 -44.2843082583911 112.058443892277 0.839878928768736 0.865081101352852 0.867458628993419
126.642 3.1169592432394 -9.20425555332982 2.08425214678749 -5.86755292345404 2.65257318688428 -0.0786735698981298 365.825773379877 -44.655877432552 112.012599503049 0.839641624385748 0.8651989541343 0.86721526874527
126.657 3.09448288907537 -9.20392172239259 2.03905162922177 -5.58537778378039 4.19876624987524 -0.282256594587706 366.143196041889 -44.3302896892968 112.031339552744 0.839807461961743 0.865057963902373 0.867366216034468
126.672 3.06240285959776 -9.19787519605787 2.01914086680085 -5.64439725731075 5.63385145694878 -0.635710324441913 366.1288764377 -44.4572607203671 112.34820559747 0.839450532480218 0.865054670163329 0.867132097082215
126.703 3.03963606530669 -9.28161732046453 1.99038741654578 -5.55171325677052 6.93916860133024 -1.20343700192139 365.99598879393 -43.7315346483304 111.673385037723 0.839509158700348 0.8648043730677 0.867044850290726
126.719 3.01741014397957 -9.26780123432262 1.95780555307648 -6.02325948834537 7.98952655035752 -1.46095589714909 366.356389914537 -43.3183811834973 111.666046533951 0.839308831324198 0.864702840942433 0.866842867912847
126.736 3.02236637899415 -9.22627721059129 1.95032895713849 -6.34078086775511 8.89210061287902 -1.29348626163266 366.200750923083 -43.0665430651476 112.019441880556 0.839128536685664 0.864611462029692 0.866413751042266
126.766 3.04065350379768 -9.28808533395355 1.94342045584145 -5.89906919319334 9.6815165057896 -1.12520633775947 366.960675830775 -42.5398887586329 112.1574976925 0.838966271510983 0.864157599484951 0.866274878589233
126.781 3.01653018909296 -9.31025374452792 1.92289745150944 -5.68626151051523 10.0080213437603 -0.7149757803194 367.164608247698 -42.7858998827696 112.28174792325 0.838693461074534 0.864120744717958 0.866026295911812
126.797 2.99948789463282 -9.30638300645818 1.91532036667115 -5.81610864190645 10.0507306597659 0.431330958017884 367.288147422928 -42.8273098944926 112.093573130925 0.838574703460966 0.86371595390439 0.865926168971824
126.827 3.00414141821123 -9.30595195831481 1.90987765495521 -5.85281838840283 9.70367286096489 1.72712915992602 367.639332680635 -42.7445789050434 112.524215817833 0.838341049829519 0.863723263695454 0.865836054725835
126.841 2.97965901619723 -9.29826163537761 1.90629602406509 -5.54387242742514 8.82796206341802 2.70174448820823 367.475399412572 -42.550121014539 112.671794236049 0.83838415403226 0.863606107246613 0.865754951904444
126.855 2.93577777320025 -9.34449166614527 1.8983440125056 -4.84292029918645 7.92608188761057 3.41248606992176 367.567859471314 -42.1351089130851 113.164614812444 0.838169555343683 0.863624401703454 0.865681959365193
126.9 2.86055119312296 -9.38825342558665 1.86383345044266 -4.38000231506933 7.58156530190295 4.04680998201355 368.251073524183 -42.0015980217766 113.3681533312 0.838229808995008 0.863393257811011 0.865616266079867
126.902 2.80475842484674 -9.4215936675922 1.84079451248 -4.79696391562346 8.01348510759052 5.05052593037708 368.505966171765 -41.5214382195989 113.91133799808 0.838157416589392 0.863432837211413 0.865557142123073
126.916 2.74754188831604 -9.44693117278122 1.84950815634385 -6.14856523398478 8.80373965026658 6.38364127627067 369.155369554588 -41.3892943976391 114.220204198272 0.838218884116146 0.863592056141465 0.865627390827499
126.947 2.69467035272083 -9.41305224541399 1.8726733237188 -7.49630413043363 9.59206797531626 7.20787256849093 369.559832599129 -41.3303649578751 113.958183778445 0.838147584198417 0.863611755708821 0.865813938305929
126.961 2.63667117957796 -9.4248786965928 1.85898561266192 -7.78942180899332 10.6290443838915 6.58861202919909 370.223849339216 -41.0973284620876 114.0223654006 0.838336505246727 0.863505750058643 0.866105018639061
126.977 2.5286271757292 -9.45701050161614 1.82003118086274 -8.19444909374285 12.6821704798535 5.18089586444712 370.641464405295 -40.4675956158789 113.90012886054 0.838506534190205 0.863781137969512 0.866243803336335
127.007 2.4503616142041 -9.44061881958807 1.80604117055311 -9.03149273398688 15.8803656456086 4.04219559097951 370.957317964765 -40.080836054291 113.850115974486 0.838659560239336 0.863905526823754 0.866491897166427
127.021 2.44312953183948 -9.39761475318102 1.77447610741473 -9.58559536898514 19.16332144746 3.25324320745408 371.181586168289 -39.6727524488619 114.345104377038 0.838670813401095 0.864264260702558 0.866591994010964
127.037 2.47792064455061 -9.31395994061317 1.78790623228803 -10.4987915572775 21.5553862492789 2.62333873403691 371.62342755146 -39.4254772039757 114.910593939334 0.839059903554513 0.864463797549036 0.866805268773593
127.067 2.51288381195285 -9.27823483735995 1.79831739319314 -10.5573093481146 22.4952674716792 1.15642470796147 372.141084796314 -38.6029294835781 115.6595345454 0.839031122384754 0.864889891957857 0.866750704812967
127.081 2.50430761852459 -9.32473176530609 1.75345877456322 -10.0405097110131 22.5800918695495 -0.819523106346132 372.426976316683 -37.8026365352203 116.27358109086 0.839384181639806 0.864903405413265 0.867194077872439
127.097 2.45133864055809 -9.32330373953231 1.6907600848167 -10.5784434727362 22.6800979497701 -2.13604407815427 373.104278685014 -37.1423728816983 116.646222981774 0.839449442943977 0.865285539035663 0.867100633001928
127.127 2.46585596058431 -9.26228321817918 1.65779444172581 -11.7205991254626 23.2533095288389 -2.44305035736174 373.473850816513 -36.6681355935285 116.981600683597 0.839760670143106 0.86525948778329 0.867386096001467
127.141 2.5226755778819 -9.1757613172597 1.63045970733106 -11.8806002816186 23.0783602553443 -2.76821097048053 373.686465734862 -35.7613220341756 117.403440615237 0.839661812314488 0.865606013168686 0.867026391582823
127.157 2.55567716129091 -9.19324063215849 1.59292975784964 -11.0787997954415 21.9132723214129 -3.49138987343248 374.117819161376 -35.4251898307581 117.663096553714 0.839825631097609 0.865300581772521 0.867196226588265
127.187 2.55814453274727 -9.22752708453712 1.56926830758118 -10.8075610372714 20.4364489060655 -4.2796554662419 374.626037245238 -34.4026708476822 118.136786898342 0.839593656481734 0.865519810156449 0.866979106580632
127.201 2.5537212518816 -9.21828202836612 1.53085446491358 -11.0367285976664 19.3179948551536 -5.10359831656428 374.483433520714 -33.962403762914 117.963108208508 0.839764290848129 0.865222999061509 0.867030482483749
127.217 2.53334003340884 -9.15489489227145 1.47658969284162 -11.31626184477 18.8022259039894 -5.69323848490785 374.295090168643 -33.6261633866226 117.746797387657 0.839411678477966 0.865203201806551 0.866706339416876
127.247 2.57455270575002 -9.13447767248401 1.44457066048144 -11.0342539809037 18.667804840308 -6.41170089595905 374.545581151779 -33.3835470479604 118.092117648891 0.839347719815862 0.8649380515466 0.866538208126382
127.262 2.63768104094131 -9.09850478545411 1.45094829787873 -10.1567827812866 18.3704900051322 -7.80946210407307 374.951023036601 -33.2251923431643 118.702905884002 0.839163536328161 0.864823151573443 0.866386889964937
127.276 2.7094603125262 -9.14214513637647 1.4584838210648 -8.52049381613502 17.6647387145426 -9.27813421427645 375.075920732941 -33.0826731088479 118.892615295602 0.838997771189231 0.864843339067291 0.866127106149946
127.307 2.76867468452523 -9.20560291354083 1.48878882459751 -7.3119558849032 16.3013182782029 -9.96711468597857 374.468328659647 -32.8344057979631 118.943353766042 0.838975203256 0.864490301438465 0.866016898186144
127.322 2.80502864685121 -9.27785821209153 1.51582390783981 -6.60442441855028 14.525384923665 -9.61391466776239 374.401495793682 -32.8509652181668 118.989018389438 0.83870149964505 0.864296441215323 0.865917711018723
127.337 2.83014561801966 -9.30505963072002 1.49580290364107 -6.5981804499777 12.7965105534359 -8.50519495671135 374.581346214314 -32.6258686963501 118.670116550494 0.83858193817443 0.863998093371693 0.865828442568043
127.367 2.86244742336705 -9.25657757435578 1.49592007202101 -6.95439293933107 11.5939587347336 -7.33864492668907 374.443211592882 -32.3632818267151 118.683104895445 0.838347561071637 0.863853453955228 0.865500768231943
127.382 2.88792774912269 -9.2325163630933 1.49812044801288 -6.34902998127583 10.5666239299625 -6.70859722791329 374.318890433594 -32.3669536440436 118.4547944059 0.838263393458359 0.86372327848041 0.865576654325482
127.397 2.86878192874686 -9.23803545966361 1.48747137280083 -5.07214225032382 9.79545772017236 -6.23773750512196 374.567001390235 -32.1302582796392 118.96931496531 0.838060870827172 0.863729855813871 0.865521491544127
127.427 2.88237604307738 -9.21900076211644 1.45897301815548 -4.1519509260548 9.38843103212459 -5.22694085384641 374.310301251211 -32.0372324516753 118.832383468779 0.838131992930148 0.863735775413987 0.865348247571217
127.442 2.94967740304118 -9.17553324587184 1.462354190194 -3.64286270367832 8.7045497609732 -4.44623150128619 374.73927112609 -31.7735092065078 119.009145121901 0.838069382131018 0.863741103054091 0.865315925465289
127.457 2.97062457972925 -9.11181207079027 1.48832172785108 -2.84422528827232 7.45317875434153 -4.55504346566139 374.465344013481 -31.716158285857 119.348230609711 0.838266123386068 0.863622162669386 0.86553361947994
127.487 2.95769400633122 -9.14819603781402 1.4703326818398 -1.69797069837639 6.29641049722799 -4.46824140917159 374.638809612133 -31.6045424572713 119.35340754874 0.838316720233154 0.86376244905364 0.865729544093126
127.517 2.93833518537949 -9.15526383179874 1.43468964669568 -1.47931866670669 5.51791448567313 -3.67027223008649 374.73492865092 -31.8040882115442 119.538066793866 0.838362257395531 0.863888706799469 0.866029063847538
127.519 2.89996297818188 -9.10410407535836 1.42517626798269 -1.41001275423449 5.21421464015925 -2.91240531242135 375.061435785828 -31.6236793903898 119.464260114479 0.838403240841671 0.864249122680702 0.866175444023964
127.547 2.88009249861625 -9.13497403281276 1.39853799804553 -0.632370257436999 5.58210615324256 -2.70131745293494 375.055292207245 -31.4013114513508 119.337834103031 0.838692916772073 0.864326713063825 0.866307186182748
127.561 2.85903674091924 -9.10751083210717 1.3680393618152 -0.51417139963223 6.50557492723128 -2.96553685267962 374.86976298652 -31.0211803062157 119.524050692728 0.838953625109435 0.864643328318623 0.866425754125653
127.577 2.89371667259361 -9.04454655691037 1.3558536221211 -0.797868763485801 7.41990293069136 -3.78577706054143 374.942786687868 -30.7990622755941 119.211645623455 0.839314434092019 0.864681498137953 0.866901622253856
127.607 2.96245772200905 -9.0515046171312 1.36421964016183 -0.621898681030351 7.63821798113367 -5.17895507967812 375.488508019082 -30.9591560480347 119.29048106111 0.839260199868509 0.865085822487883 0.866837422945204
127.621 3.09178129337504 -9.04094758498351 1.38982527357302 -0.123830950331896 6.52935801508138 -6.82365499155764 375.199657217173 -30.5632404432312 119.661432954999 0.839590351375186 0.864956145420597 0.867026154814409
127.637 3.17656905206092 -9.08651293695879 1.41556381793584 0.787025427144042 4.13214740441293 -8.28556430156218 374.939691495456 -30.8069163989081 119.875289659499 0.83950852542336 0.865333005042263 0.866949502249701
127.666 3.15932461099667 -9.13661971134763 1.45075937162428 1.23122364778842 1.90290212962049 -8.80357275690215 374.585722345911 -30.9062247590173 119.467760693549 0.839813844374551 0.865178609719539 0.867250078324462
127.681 3.14793459603348 -9.12305787601609 1.49273043916156 0.727185252475224 1.06681038994089 -8.33313914533407 374.44715011132 -30.6956022831156 119.040984624194 0.839709669122789 0.865286711664318 0.866903975673519
127.696 3.21974484946571 -9.10127542673235 1.52044875066456 0.359810238678083 1.15783927461092 -7.88837484912127 374.142435100188 -30.086042054804 118.956886161775 0.839994873704037 0.865013210418591 0.867086052269892
127.727 3.30077434324839 -9.08921297423856 1.55790493465343 0.481081123207222 0.902360690661279 -8.21404118100304 374.168191590169 -29.8374378493236 118.821197545597 0.839745974827519 0.865137852293465 0.867003409959636
127.741 3.32450006672995 -9.1099601986958 1.58958043077778 1.06961423226055 0.265559736098968 -8.84683553618518 373.891372431152 -30.3936940643913 118.879077791038 0.83964858653046 0.864879236984823 0.866929031880406
127.758 3.31490815522602 -9.20818001058282 1.59624129610531 1.10769097697342 -0.150309214610166 -8.63238099020025 373.042235188037 -30.1743246579521 119.051170011934 0.839434316371299 0.864646483207045 0.866738631343558
127.786 3.33153426208196 -9.19859514856262 1.59397607514804 0.00302874950508714 0.141057584713446 -7.7477688453787 372.698011669233 -30.2768921921569 118.78605301074 0.839368093919862 0.864437004807045 0.866443673390705
127.801 3.36780615649907 -9.16333331665924 1.62102692249011 -0.587350461323284 1.13458541402836 -7.16001486160419 372.20821050231 -30.6692029729412 118.487447709666 0.839181873021762 0.864000587984568 0.866178211233137
127.816 3.40841158630509 -9.1815765917438 1.62328617205552 -0.0347222854199634 2.24250091842705 -7.32340268842087 371.947389452079 -31.2022826756471 118.5187029387 0.838760578884668 0.863979434367614 0.865939295291326
127.848 3.45148067833834 -9.231454535139 1.63543500092922 0.129055286633483 3.46939586475229 -7.22465020583832 371.292650506871 -31.0220544080824 118.48683264483 0.838635109490086 0.863712787208755 0.865847868413386
127.86 3.50203430499303 -9.22696428639805 1.64116156328289 -0.69606398248788 4.52779978972744 -6.25562029975831 371.483385456184 -31.0398489672742 118.398149380347 0.83826849170616 0.863596678408584 0.865518251492752
127.876 3.54819096188844 -9.18701007196113 1.6940797945431 -1.96386216439176 5.25364576495317 -4.69647048352294 371.715046910565 -30.6358640705467 118.498334442312 0.83819223102943 0.86349218048843 0.86546892899467
127.907 3.54525966400893 -9.14464678372864 1.70968375032286 -2.41862098612053 5.44125828769449 -3.42606007639202 371.563542219509 -30.2722776634921 118.468500998081 0.838123596420372 0.863398132360291 0.865424538746396
127.921 3.52316861410431 -9.16469891672663 1.67057603679723 -2.22027033789015 5.60858284060443 -2.38345406875281 371.427187997558 -30.4250498971429 118.081650898273 0.838061825272221 0.863313489044966 0.865260990053259
127.936 3.52112345450662 -9.15138177697657 1.67404545023405 -2.24175475448282 5.71490012906308 -1.3970170588241 371.304469197802 -30.2025449074286 118.213485808446 0.838006231238884 0.863361045321972 0.865113796229436
127.967 3.505815427484 -9.14250876270055 1.68895936615196 -2.19238843933988 5.58386813142394 -0.900063444544742 371.314022278022 -30.0022904166857 118.332137227601 0.838082817300688 0.863280110710479 0.865228379523225
127.982 3.46139242736866 -9.14972623970198 1.67395074910159 -2.26780608395551 5.61708437171666 -0.980286107723855 371.26262005022 -29.7620613750171 118.498923504841 0.838151744756312 0.863454602290624 0.865331504487636
127.997 3.42500302632186 -9.16633749710995 1.67959660064788 -2.66621631525462 6.2759866215679 -1.22195215344002 371.276358045198 -29.4858552375154 118.829031154357 0.838340249748832 0.863488047243065 0.865547640600053
128.026 3.42972183322489 -9.15010314620267 1.69916278515707 -3.09272445472152 7.2598383410905 -1.31349739611128 371.348722240678 -29.6572697137639 118.826128038921 0.838256813267835 0.863765205435491 0.865618839456781
128.041 3.45976626958471 -9.18972091767249 1.70683641190335 -3.29566574970738 8.08499954514939 -1.24168964123298 371.53385001661 -29.4515427423875 118.703515235029 0.838561131955621 0.863891187543135 0.865806242072283
128.057 3.48219744043966 -9.15193473899118 1.70033514757459 -3.76151902206489 8.32077439979475 -1.24271151680434 371.280465014949 -28.8463884681488 118.773163711526 0.838582227945751 0.864251355350002 0.865851580781788
128.086 3.53452763269025 -9.07381401899831 1.75487774842535 -3.86246635649962 7.92075802851757 -1.3711121208491 371.112418513454 -28.6017496213339 118.895847340374 0.838854005165745 0.864328722466194 0.86626194900334
128.101 3.57085090854476 -9.1396157721583 1.76895088762242 -3.55179223993363 6.53402573711619 -1.68209251181762 371.201176662109 -28.2615746592005 119.006262606336 0.838972284117322 0.8647683243833 0.866385040664186
128.115 3.5390779791359 -9.16495940505599 1.73917949328004 -3.79432293960439 4.89741705653435 -1.823806924758 371.281058995898 -27.8354171932804 118.745636345703 0.839457250274516 0.864793994596163 0.866864980138536
128.147 3.54573696417366 -9.12001278477134 1.71867002364259 -4.00725705785769 3.98553794630076 -1.67425065976311 371.952953096308 -27.5718754739524 118.631072711132 0.839515204715216 0.865187069300272 0.866804445041416
128.16 3.58129843678553 -9.12062136957546 1.7336106060409 -3.80042448184291 3.48316735777755 -1.79995536477917 372.197657786677 -28.0546879265572 118.887965440019 0.839693684258263 0.865047267551747 0.866996474700999
128.175 3.58217914646697 -9.15630398359448 1.71647120938869 -3.40053470541435 3.12645367543491 -2.09858578249973 372.05789200801 -28.1292191339014 118.639168896017 0.83960152501813 0.865168503713306 0.866675732412402
128.207 3.60583641301839 -9.14065403491154 1.69559893691097 -3.58719879212482 2.95197624682272 -2.05132262409708 372.292102807209 -28.0762972205113 118.415252006415 0.839897544009844 0.865030558523478 0.867003685470893
128.222 3.6294622853808 -9.12662887647654 1.68651041105587 -3.69947127932455 2.84609159923968 -2.07596135405379 372.082892526488 -28.2086674984602 118.633726805774 0.839658378102745 0.865153465587863 0.866805819574997
128.237 3.64719413835517 -9.15351057119583 1.65869827909945 -3.44784476207912 2.90346717214014 -2.08439575299955 371.654603273839 -28.2078007486142 118.710354125197 0.83982254030704 0.864893288949781 0.866874524178677
128.266 3.69900595353882 -9.13969616950227 1.66311604836892 -3.31909082022235 2.96579221065132 -1.84313175021868 372.469142946455 -28.2070206737527 118.779318712677 0.839464102990985 0.864906462705996 0.866689574412003
128.281 3.74671400076306 -9.14845184857255 1.67038406484703 -2.995578684765 2.77455650103657 -1.66645216298307 372.78222865181 -28.6263186063775 118.301386841409 0.839394901877579 0.864794721616899 0.866399522152305
128.296 3.7664873285844 -9.15501522160714 1.65968703228277 -2.79678417506713 2.37267337001688 -1.40438709935652 373.004005786629 -28.5836867457397 118.291248157268 0.839206000183707 0.864570419375914 0.866138475118577
128.328 3.7980499700088 -9.07592803660463 1.66891403494515 -2.92702942168255 1.84609305591596 -0.946391137512471 372.723605207966 -28.3053180711658 118.402123341541 0.838909216879986 0.864615880089515 0.866027130257912
128.34 3.83471635896373 -9.03545521280257 1.68266515283201 -2.50989899859827 1.16224710910299 -0.602897061929163 372.471244687169 -27.8147862640492 118.381911007387 0.83889550437768 0.864285588358467 0.865926919883314
128.356 3.85807946847446 -9.02937616033335 1.70372013165129 -1.9840999384331 0.167396443994215 -0.363218042759148 372.724120218452 -27.9733076376443 118.363719906649 0.838502847104994 0.864112199443324 0.865713133076485
128.387 3.81524091535718 -9.02456342985909 1.7126738302133 -2.01317086062032 -0.970717246206733 -0.598651963674073 372.471708196607 -27.7559768738798 118.227347915984 0.83840315088838 0.863956149419696 0.86564432242003
128.4 3.78554475522557 -8.9890474898578 1.7127115791042 -2.3355178966957 -1.46753865135705 -1.41664936272651 372.544537376946 -27.9803791864919 118.404613124385 0.838186652514192 0.863939439659229 0.865335060098731
128.416 3.73439735367763 -8.95953723397505 1.7120871482789 -2.30578290091926 -0.926128297671729 -2.7055187775989 372.310083639252 -28.2423412678427 118.264151811947 0.838245196448465 0.863676791971209 0.865304056740051
128.461 3.74037873323143 -8.93573135679947 1.70547979520256 -1.87978476349909 0.598545600797734 -4.00290583113672 372.039075275327 -28.0581071410584 118.197736630752 0.838044493518268 0.863564282694792 0.86502882098675
128.463 3.79478324272079 -8.94584960829604 1.70779317718591 -1.66661544745452 2.16159180407674 -5.14154654573297 372.095167747794 -28.1922964269526 118.437962967677 0.838117253352134 0.863586759606816 0.865028441539268
128.477 3.81597458855369 -8.98428504846741 1.69371436329346 -1.94041191797624 2.75993644046296 -5.96861326520548 371.905650973015 -28.3130667842573 118.894166670909 0.838056116510806 0.863606988827637 0.865151560302075
128.506 3.78387072863631 -8.96847897632941 1.67667400501663 -2.53873713839236 2.72211073534796 -5.88014888524981 372.395085875713 -28.1217601058316 118.884750003818 0.838254184327877 0.863501459865577 0.865385690833047
128.52 3.72313435538816 -8.9364167499306 1.63631827529515 -3.03753518027832 2.94226607402691 -5.426485141763 371.995577288142 -28.4295840952484 118.876275003436 0.838305975080782 0.863777276795753 0.865473084666476
128.537 3.67762944398112 -8.90941621492167 1.62220434155684 -3.349048837823 3.8182684742578 -5.23040151308288 372.536019559328 -28.6466256857236 118.808647503093 0.838479057040855 0.863902051767371 0.865551739116562
128.566 3.70455064741778 -8.89684735801691 1.62662035053927 -3.12254090060559 4.71430422225187 -5.60354456788147 372.542417603395 -28.3619631171512 119.467782752784 0.838634830804921 0.864137809507367 0.865745851766085
128.581 3.6886170002938 -8.94946055770106 1.60611404620968 -2.4240272685603 5.12760662445417 -6.51876263017729 372.488175843055 -28.6457668054361 119.881004477505 0.839027519217956 0.864349991473363 0.865920553150657
128.597 3.63555050728804 -8.98831300580668 1.56180098333981 -2.13505965620808 5.416372679566 -6.34780239769391 372.61935825875 -28.6011901248925 119.832904029755 0.839001976481853 0.864664278887207 0.865831000486784
128.628 3.61682036672312 -8.96797415594013 1.54969197522724 -2.5223170493659 5.51443006809795 -4.8595870434207 372.737422432875 -28.8010711124032 119.909613626779 0.839483973402593 0.864700353649679 0.866243426737837
128.643 3.61378975350509 -9.0174250809528 1.54627574096135 -2.43955099328427 5.02863591624999 -3.7255367360252 372.423680189587 -28.6809640011629 120.398652264101 0.839539255530486 0.865102792448437 0.866368370625233
128.655 3.61513234054014 -9.10532586051621 1.53996896097074 -2.4146798634215 4.05019980554102 -3.00718153570512 372.321312170629 -28.8728676010466 120.898787037691 0.839967524546363 0.865095015854786 0.866727059862442
128.686 3.56007691211967 -9.16109309441088 1.54626386775682 -3.05107447249919 3.24441646620829 -2.0209671989285 372.109180953566 -29.165580840942 121.108908333922 0.839974451559878 0.865334800830487 0.866680316792931
128.7 3.49562312353374 -9.17165958147858 1.52469524217346 -3.82230290311187 3.01463130813708 -0.953221624073819 372.158262858209 -29.4290227568478 121.41801750053 0.840233177897417 0.865180225928941 0.866884759277363
128.716 3.44096661676814 -9.10862503583683 1.47403914158969 -4.30495810898389 3.21316817732337 -0.200647553269491 372.562436572388 -29.546120481163 121.696215750477 0.839960448601561 0.865411489897227 0.86682224626636
128.746 3.46186600687965 -9.04327482702243 1.3914582409748 -4.00499664923054 2.88574448936203 0.323997354729214 372.566192915149 -29.1715084330467 121.826594175429 0.840346598310331 0.865125510828209 0.867012495803449
128.761 3.51778559591947 -8.95189852763928 1.36148801549869 -3.43274125911664 1.04068149080751 0.879383878798277 372.569573623634 -29.314357589742 122.303934757886 0.839935755193947 0.865238922662121 0.866813748874297
128.776 3.52866873180787 -8.95429492518053 1.42555433903274 -1.85587934694544 -2.3855240628534 1.45785770465891 372.872616261271 -29.3829218307678 122.673541282098 0.839945859142704 0.865093935577412 0.866881660548047
128.807 3.41815491648841 -9.10519140235852 1.35422640795235 -0.391665458052422 -6.2836128779421 2.8555833845747 372.905354635144 -29.204629647691 122.886187153888 0.839701861722319 0.864963447201173 0.866695997144436
128.821 3.2779910695463 -9.04126201813463 1.28063402552656 -0.503643950415118 -8.97586227717079 5.04407084764394 372.93481917163 -29.0441666829219 122.717568438499 0.839482264043973 0.864846007662559 0.866652360346725
128.837 3.23348587738659 -8.94009125302771 1.26180607657955 0.527636475160745 -10.628657728843 5.67325154913909 372.661337254467 -28.9597500146297 122.625811594649 0.839284626133461 0.864368690554531 0.866613087228786
128.868 3.20462409842479 -9.02142001453524 1.28388640804284 3.12754458336986 -12.2864026429816 4.40592639422518 372.77520352902 -29.1237750131668 122.303230435184 0.838979980234764 0.864186991419782 0.8664542811571
128.878 3.16769502331436 -9.19098259148138 1.31716623476023 4.76898859831532 -14.1165410046377 3.92640245709274 372.817683176118 -28.9713975118501 122.432907391666 0.838832570705173 0.864023462198508 0.866434815958124
128.892 3.09746845158595 -9.23004387441698 1.33179519090838 4.86155538733875 -15.3453449194411 4.86429656252851 372.795914858506 -29.6142577606651 121.889616652499 0.838573130349305 0.863876285899361 0.866046504283016
128.923 3.05503422849767 -9.18002532681903 1.34992921513724 4.9586059554751 -15.7184440152832 5.69466079940543 372.956323372656 -29.7728319845986 121.580654987249 0.83846640580826 0.863743827230129 0.866067816771447
128.938 3.04443661123567 -9.2462192663051 1.39240648891695 5.94137131412607 -15.8695003771137 5.46946952862519 372.98069103539 -30.0355487861387 121.542589488524 0.838243581942084 0.863748349688619 0.865839940275805
128.952 3.00126020684886 -9.33721766667044 1.42327387225181 6.38540212164476 -16.2367488126848 5.38359127805275 372.942621931851 -30.5719939075248 120.968330539672 0.838169812241761 0.86375241990126 0.865634851429727
128.984 2.92720668830021 -9.25601131138035 1.45632175587014 5.4590756499383 -16.4970433970651 5.92233138688869 373.268359738666 -30.5747945167724 120.451497485705 0.838103419511471 0.863632347831838 0.865573868937948
128.999 2.8576256154556 -9.21985615268494 1.48229398711677 5.00324442082233 -16.0633695917098 5.81406771384868 373.201523764799 -30.6973150650951 120.586347737134 0.838170286746016 0.863524282969359 0.865642444960886
129.014 2.83414785730054 -9.24747075714301 1.51919623360773 4.98688944438895 -15.1493990447525 5.13495101879969 373.681371388319 -30.7475835585856 120.887712963421 0.8381038465653 0.863550759853925 0.865704163381531
129.046 2.7979343950797 -9.27711229989795 1.50739725958473 5.05766614880502 -14.1275889112696 4.50542538256858 373.813234249487 -30.7328252027271 120.738941667079 0.838297141376922 0.863574589050036 0.866006221207103
129.075 2.7677963453575 -9.25883863094331 1.50575644252747 4.89006747285581 -13.2926926155625 3.82129505805218 374.051910824539 -30.8395426824543 120.845047500371 0.838471106707381 0.863843093061765 0.866154885647572
129.077 2.73049672943747 -9.26298244347764 1.52032085488483 4.46518286297481 -12.9107515982811 2.93687547591108 374.026719742085 -31.1755884142089 120.820542750334 0.838627675504794 0.863961286406782 0.866288683643995
129.107 2.71015503855702 -9.22415492132836 1.52528854814391 3.92706152324222 -12.8845619346362 2.04013449320547 374.184047767876 -31.298029572788 120.8584884753 0.838642117140008 0.864191120682837 0.866409101840776
129.121 2.72656345533273 -9.23326341982663 1.53143541163701 3.93130193580349 -12.9067927640733 0.963601959915456 374.205642991089 -31.7682266155092 120.53263962777 0.839034076919534 0.864397971531286 0.866640665820423
129.137 2.73301117569453 -9.25175617345554 1.5555226458296 3.90229387962772 -12.6428310449179 -0.0976437322592956 374.04507869198 -32.4914039539583 120.179375664993 0.838881257721466 0.864707460939338 0.866725885799561
129.167 2.74898947134835 -9.26331198997839 1.57803913830383 3.74794235426037 -12.0380899251589 -0.714596916285274 373.660570822782 -32.7822635585625 119.981438098494 0.839375326518245 0.864739217496597 0.867048823519336
129.181 2.76749994327327 -9.27496916759798 1.5925578911185 3.55788094326181 -11.6480213906583 -1.17214485824453 373.314513740504 -32.9240372027062 119.443294288645 0.839441473334572 0.865137769910662 0.866969904084136
129.196 2.7972676214847 -9.30287843980303 1.62747186175702 3.30819971916464 -11.3496314653329 -1.57096090677123 372.703062366453 -33.3516334824356 118.65896485978 0.839753497494642 0.865126495570789 0.867268439975454
129.227 2.8184920064157 -9.31123738918821 1.6311216987823 3.17737974724818 -10.8971110668912 -1.86271977792616 372.512756129808 -33.856470134192 118.553068373802 0.839655356930871 0.865486320177435 0.867167558894642
129.241 2.86710249586812 -9.25082497686851 1.60603525379192 3.16040513130198 -10.4486213342479 -2.01461573906485 372.281480516827 -34.1308231207728 118.637761536422 0.840072015806709 0.865192858080396 0.867446329304909
129.257 2.89157860759417 -9.20028452477492 1.59788251643382 3.27031881664507 -10.1472706512048 -2.15361218042554 372.373332465145 -34.1977408086956 118.53398538278 0.839688630940688 0.865422858833536 0.867204199025611
129.286 2.89409435942936 -9.15132655264411 1.58970708303155 3.59901212582026 -10.3088794639469 -1.77260210742115 371.85599921863 -34.857966727826 118.320586844502 0.839849767861188 0.865135742870887 0.867479305422781
129.301 2.88761970837565 -9.12097115720636 1.55104501234742 4.02079030255121 -11.0955487694606 -0.98312815622102 371.750399296767 -35.3321700550434 118.248528160052 0.839742000260762 0.865248131500531 0.867233877531696
129.317 2.88538382148431 -9.09466877644055 1.55575347412156 4.47901661580754 -12.1172916024382 -0.835197019988231 371.77535936709 -35.2789530495391 117.943675344046 0.839645009420379 0.864978488271183 0.86701299242972
129.347 2.89618051376062 -9.10978275893444 1.60368526400798 5.33340503056266 -12.6811349612784 -1.14328037142452 371.857823430381 -35.6510577445852 117.729307809642 0.839431096972226 0.864735809364769 0.866566863107452
129.361 2.92026273303733 -9.18713093720359 1.65873502869911 6.21227826796441 -12.8801970376696 -1.03353248695383 371.752041087343 -35.8059519701266 117.116377028678 0.839111803989653 0.864641133609794 0.8664126794479
129.378 2.93008544349825 -9.22633791794612 1.71246966582096 6.31318784574812 -12.7387422193988 -0.576744123754627 371.536836978609 -35.705356773114 116.68473932581 0.838951212084573 0.864432190169519 0.866397374419843
129.407 2.93707036647936 -9.21260295656533 1.74622622306546 6.10705990086797 -12.4999825012758 0.121388303888012 371.403153280748 -35.6748210958026 116.236265393229 0.838552984041198 0.86436787633407 0.866136542159361
129.422 2.9571234673894 -9.25542785835753 1.79109203078211 6.19940734589568 -12.6652514267207 0.577951763575546 371.162837952673 -36.8473389862223 115.832638853906 0.838448274130964 0.864062384978566 0.866025390594618
129.437 2.95529937958448 -9.29786078434429 1.82177475027317 6.30542080977939 -12.9575049100028 0.866721472714175 371.126554157406 -36.8826050876001 115.409374968515 0.838227263432517 0.864035051662212 0.865801756716659
129.467 2.95371754362341 -9.34035997660078 1.82712311981983 6.15961155322893 -12.8457238846514 1.48920963078627 370.733898741665 -37.2743445788401 115.508437471664 0.838281746274958 0.863886716416695 0.865724083696186
129.482 2.94313609058401 -9.35376946691677 1.84821723197878 5.44059696279154 -12.484052259545 2.2830367593107 370.560508867499 -37.5669101209561 115.297593724497 0.838077388362111 0.864000547426218 0.86553058050807
129.497 2.90278743017978 -9.32136569527392 1.86181497241539 4.41638459475666 -12.126486728247 2.98450407574604 370.524457980749 -38.0702191088605 115.107834352048 0.838146858711593 0.863855662604301 0.865480025108456
129.526 2.87018464484155 -9.34098417259101 1.84771672188177 3.38772323451763 -11.745135765346 3.42574832465998 370.432012182674 -38.1031971979744 114.997050916843 0.838082761334319 0.863849001525373 0.865434525248804
129.541 2.81666070054478 -9.33290313509265 1.85100958912612 2.21765320114221 -11.1332176086587 3.20683761433139 370.588810964407 -38.012877478177 114.897345825159 0.838025073694773 0.863843006554339 0.865640359285103
129.557 2.80984898058032 -9.4151733531996 1.87228880675769 1.76382681232569 -9.80004851954857 2.42432179182955 370.489929867966 -38.1715897303593 114.447611242643 0.838226245793447 0.863961208550098 0.865578826007786
129.585 2.82167495173921 -9.47371409664551 1.87246606068733 1.29507771887939 -8.49332611034181 1.74066823860079 370.340936881169 -38.2544307573234 114.582850118379 0.838407300682254 0.864067590346281 0.865646906323741
129.601 2.85219020440617 -9.46852093634009 1.86574226603141 0.467860023327324 -7.44399349930763 1.8956090483285 370.326843193052 -38.808987681591 114.464565106541 0.83857025008218 0.864163333962846 0.865831502252547
129.615 2.84757161254679 -9.46420615044534 1.87830576287416 0.0119137156510804 -7.4507391875448 2.31368173128191 370.374158873747 -39.1280889134319 114.658108595887 0.838843225088531 0.864372963483295 0.866120826191017
129.647 2.80510766609009 -9.62390669400066 1.92827926564253 -0.0679036101125009 -8.17055076497353 2.55483264212318 370.596742986372 -39.2352800220887 114.412297736298 0.83896258204783 0.864684953696145 0.866258030133095
129.659 2.75845054957416 -9.61057760907325 1.89933444101843 -0.203097981925678 -8.73593843656778 2.34209746951392 370.557068687735 -39.6917520198799 114.551067962668 0.839448518411972 0.864718960977724 0.866750670660554
129.689 2.7128079787476 -9.59020168715518 1.82899137472421 -0.619429405107156 -8.7005125318423 1.71475795157016 370.701361818962 -40.0425768178919 114.135961166401 0.839507346038926 0.865119539043676 0.866701566511232
129.704 2.66933546563236 -9.54433001697482 1.78489607693532 -1.52924218978728 -7.93656814888708 1.07610658389406 370.891225637066 -40.4183191361027 113.822365049761 0.839812782928561 0.864986490320811 0.86702693615984
129.718 2.65020179242118 -9.52626929539819 1.75825870742004 -2.40074545172458 -6.68336934926554 0.315824169779464 371.002103073359 -40.6964872224924 113.600128544785 0.839835184103856 0.86523712784991 0.866826745195049
129.734 2.66679958841404 -9.4972056555007 1.75260072388888 -3.59196861647579 -5.56846752884281 -0.438659010557261 370.621892766023 -40.9468385002432 113.880115690307 0.840107837186998 0.865215917716112 0.867262514216313
129.764 2.66707312173725 -9.45446856086738 1.7086626181481 -4.90987099146943 -5.02383451641654 -1.23296104843283 370.459703489421 -40.7521546502189 113.712104121276 0.839847641962184 0.865443612505681 0.867162225711415
129.777 2.66330900586022 -9.41947674094397 1.67007600272992 -5.57460908316218 -5.02450449988939 -2.06844356954375 370.433733140479 -40.576939185197 113.200893709148 0.840119049259492 0.865154421175817 0.867441529440005
129.791 2.66171695109939 -9.35590183143698 1.60667747561901 -6.04997260232688 -5.0235807674577 -2.46159921258937 370.770359826431 -40.8992452666773 112.740804338234 0.839857732827429 0.865264941974969 0.867199879147197
129.822 2.66992076620521 -9.39086113636091 1.55081591282579 -6.24115854820106 -4.97465780521575 -2.66963776461288 370.593323843788 -40.7093207400096 111.96672390441 0.840128131038213 0.865117352958974 0.867105854149211
129.838 2.66976247178074 -9.37378210661764 1.51316991991662 -6.36360757887714 -5.31994011629723 -2.56450604922029 370.733991459409 -40.7183886660086 111.330051513969 0.839865906428277 0.86498452284458 0.867021231651023
129.853 2.68482319664856 -9.35853066597541 1.50520575833496 -6.40205598129477 -5.94443465428583 -2.06607071147384 371.280592313468 -40.7865497994077 111.057046362572 0.839503132500099 0.864741240480826 0.866945071402654
129.884 2.70352537767798 -9.38670290607953 1.4873239588038 -6.2649038182798 -6.80647973847557 -1.75717356399058 371.772533082121 -41.327894819467 109.851341726315 0.839303407743975 0.864522286353448 0.866753066913582
129.899 2.70599212053457 -9.37632450847695 1.44692919176482 -6.22085618454342 -7.59300733714709 -1.63565468087396 371.735279773909 -41.2151053375203 109.726207553684 0.838996883684227 0.864448962899605 0.866580262873417
129.914 2.72449276867246 -9.39062668134752 1.42978736330566 -6.07968659662343 -7.97492797747819 -1.52247089217588 371.641751796518 -41.2935948037683 109.433586798315 0.83884778380969 0.864259236530349 0.866424739237268
129.946 2.74659016748728 -9.42911652252063 1.41382102283386 -5.96713778428933 -7.9812519736235 -1.41144517700409 372.097576616866 -41.1842353233914 108.870228118484 0.83858682214337 0.864212218058817 0.865913561591444
129.962 2.75055637675937 -9.44214978985475 1.38005828958047 -5.97805759364666 -7.74190540221535 -1.41991897991437 371.66781895518 -41.3258117910523 107.883205306635 0.838478728422919 0.863922292530838 0.865948168349033
129.977 2.77962421225085 -9.47494868492323 1.35314341874086 -5.88177855183924 -7.31351638871137 -1.46800341780079 371.461037059662 -41.8732306119471 107.414884775972 0.838127748745709 0.863785233198458 0.865608521434834
130.007 2.83547336023963 -9.46083337117944 1.33239162407365 -5.5958907729912 -7.07147772693947 -1.6059359004482 371.634933353696 -42.2459075507524 106.753396298375 0.838192183056831 0.863785615060115 0.865426574472853
130.02 2.89699035431668 -9.49493621036154 1.30731052555484 -5.37446963462338 -6.68341392371117 -1.64839574551788 371.551440018326 -42.3413167956771 106.278056668537 0.838123553245033 0.863662223474808 0.865386419676761
130.036 2.93613491248243 -9.47936077932783 1.2818644976423 -5.2683203810847 -6.3486603175996 -1.55454853737831 371.356296016493 -42.7871851161094 105.850251001683 0.838188407106223 0.863551171048031 0.865473740625818
130.066 2.9572392385407 -9.46857508439065 1.25381553195171 -5.10103032770906 -5.95501565988544 -1.16550589738093 371.300666414844 -42.7084666044985 105.105225901515 0.838120154889486 0.863698556594421 0.865428869214429
130.08 2.96605776082311 -9.48478520290471 1.21570262928831 -4.81382805829693 -5.63050646030911 -0.546665231306962 371.01059977336 -42.8776199440486 104.914703311364 0.83818534858623 0.863831203586172 0.86551194520972
130.096 2.9505312531963 -9.33608976939098 1.12364090341354 -4.34160555781075 -5.52852451656828 -0.170624662374739 370.869539796024 -43.0298579496438 104.623232980227 0.838370493195758 0.864074046144288 0.865710037249928
130.126 2.95882347432748 -9.38961019461252 1.10740401319883 -3.71355187225868 -4.93063389697252 0.237277498519223 371.462585816421 -43.1668721546794 104.240909682205 0.838537123344334 0.864292604446592 0.865764996441668
130.14 2.96191707141377 -9.41443510959951 1.09781863068541 -3.25975393694121 -4.37192165231343 0.72118333645356 371.216327234779 -43.2301849392115 104.196818713984 0.838687090478052 0.864365846653126 0.865814459714235
130.157 2.94901927906732 -9.46700433591373 1.09451889194548 -2.62690831423946 -3.69885162448667 1.06509553715935 371.174694511301 -43.5871664452903 104.337136842586 0.839074552923774 0.864431764639007 0.866228540042543
130.187 2.92837315140778 -9.50503910511167 1.09376376149803 -2.06803427670864 -2.66484432463342 1.32347147962662 371.377225060171 -43.1884498007613 104.103423158327 0.839170777099548 0.864861062338831 0.866231648955022
130.2 2.91715381150199 -9.54232291814176 1.09859080264941 -1.7971087116332 -1.37851256392581 1.71707853013724 371.139502554154 -43.0096048206851 103.833080842494 0.839635893958519 0.864877458756141 0.866726927600288
130.216 2.93794160131889 -9.57126952799995 1.11029731467344 -1.62961158092789 -0.229210925853836 2.21483632597848 371.405552298739 -42.8486443386166 104.309772758245 0.83954951374836 0.865262187044252 0.866803521401439
130.247 2.96185800770769 -9.62036568158423 1.13052969486991 -1.30252828543052 0.5158475713117 2.52541376208292 371.764997068865 -42.943779904755 104.61879548242 0.839976756942449 0.865114873521329 0.867118695561027
130.259 2.93615715509519 -9.63654003948172 1.14011970738899 -1.14632125841419 1.02533151647061 2.75302505763035 371.488497361978 -42.4294019142795 104.416915934178 0.83972966974209 0.865352672730376 0.867032788921657
130.274 2.92930694346903 -9.68293986091196 1.13157232624589 -1.00115478142773 1.38386706711362 3.3387912541574 371.47964762578 -42.4464617228515 104.475224340761 0.840012874261408 0.865072575378043 0.867325036329223
130.308 2.93541203670452 -9.6801675918923 1.14171648045449 -1.2582912116819 1.61036585658547 4.44231670889433 371.891682863202 -42.2818155505664 104.587701906685 0.839635403549917 0.865191280756972 0.867095035347494
130.319 2.90834548532442 -9.6883267131352 1.14725492018523 -1.2171949149412 1.40658117932387 5.36373389296673 371.962514576882 -42.5536339955097 104.868931716016 0.839801863209494 0.864927322601979 0.867258005976469
130.336 2.85268139653929 -9.6946523517582 1.15277821080144 -1.00768916390509 1.25065588581896 6.0403376029067 372.146263119194 -42.5582705959588 104.522038544414 0.839698886074238 0.865060553258514 0.867034708030015
130.367 2.80641443562681 -9.70489445300816 1.14817236294975 -0.729057652094735 1.57215518273325 6.69050231589847 372.671636807275 -42.5624435363629 104.569834689973 0.839606206652507 0.864933403114165 0.866957200143747
130.381 2.76645011036552 -9.70471512352156 1.15342434433666 -0.493556467037933 2.29127554232252 7.18710093927045 372.664473126547 -42.0861991827266 104.492851220976 0.839396174481141 0.864818967984252 0.866763982780566
130.397 2.73497135337255 -9.707606343103 1.17784342933506 -0.0373305913265061 3.09039226289943 7.26457405145028 373.138025813892 -41.8975792644539 104.543566098878 0.839080373747677 0.864468367463729 0.866713547419242
130.426 2.66857265439089 -9.67465450853635 1.2273539343668 0.74273834566874 3.64929196790719 6.70071206615258 373.864223232503 -41.1878213380085 103.80920948899 0.839049545558602 0.864276700638061 0.866544695328511
130.441 2.61019050186684 -9.68432261786338 1.24354209058222 0.90357901491866 4.57825590088747 6.61613704274343 373.617800909253 -41.2090392042077 103.808288540091 0.838641484167824 0.864227935755757 0.866145395716364
130.457 2.60247798358628 -9.65316042519936 1.2533828874177 0.866656227930611 5.40363641766895 7.08582104839275 373.696020818328 -40.9281352837869 103.987459686082 0.838654544936734 0.864060312100886 0.866156819061461
130.487 2.58631904955413 -9.64325057164427 1.26553162870523 0.967776864679534 5.42357811941351 7.59403283668325 374.066418736495 -40.4953217554082 104.328713717474 0.83841290715771 0.8640331860723 0.865920042336818
130.5 2.51323777469134 -9.65749559428331 1.28065535668477 1.17099917821158 4.81862488762483 7.87432420950347 374.279776862845 -40.3457895798674 104.395842345727 0.838322204935825 0.863761163742973 0.865706943284638
130.515 2.44483100800635 -9.66265467667016 1.29300974527548 1.17985345886371 4.58027384924402 8.18765514733175 374.291799176561 -40.0312106218807 104.876258111154 0.838113801156892 0.86364021728938 0.865515154137677
130.547 2.4130128690206 -9.66981173631638 1.26390610980586 1.23286047938955 4.65583425057916 8.23224841122453 374.602619258905 -40.1680895596926 105.368632300039 0.837926237755852 0.863407491838344 0.865466141375102
130.561 2.38898538964417 -9.67164426812908 1.28733266753789 1.24774237038189 4.98185387895636 8.00749685254482 374.942357333014 -39.9912806037233 105.751769070035 0.837884202474152 0.863445647836013 0.865422029888785
130.577 2.36855775789106 -9.69292598160548 1.31649700429591 1.34968569059561 5.32794330022103 7.60216701461859 374.828121599713 -40.012152543351 106.276592163031 0.83797299141243 0.863479988233914 0.865629113461087
130.607 2.33299449690298 -9.63977470271983 1.35130418205159 1.70861025130704 5.5149962984432 6.83584344292772 375.085309439742 -39.6709372890159 106.628932946728 0.838179371739338 0.863757952327256 0.865815488676158
130.621 2.30655406363114 -9.67489763146518 1.37862034616378 1.76981029487863 5.7199852182172 6.56599955665022 374.956778495768 -39.7238435601143 106.946039652055 0.838365114033556 0.863761062276033 0.865859902725275
130.637 2.29197536510799 -9.68968898098956 1.40577865818894 1.37756208981825 5.61516226891457 7.05749120403863 375.381100646191 -39.1114592041029 107.05143568685 0.838532282098352 0.863887458699623 0.865899875369481
130.667 2.26466889324105 -9.65356090701781 1.42806635957739 1.0008745831265 5.2032643626338 7.5761695645508 375.702990581572 -38.7403132836926 106.726292118165 0.838809053903086 0.864124675746394 0.866059174393713
130.681 2.21752771564409 -9.66641574237193 1.43417906756801 1.07177949122606 4.7882814378208 7.5857281806148 375.872691523415 -38.1662819553233 107.153662906348 0.838931827980929 0.864338171088487 0.866079219871075
130.697 2.18593441988306 -9.6889984112988 1.44758137460592 1.1600213894317 4.68502581312269 7.54394925568309 376.265422371073 -38.369653759791 107.538296615714 0.839420839751761 0.864283259161141 0.866466824183699
130.727 2.16737652610489 -9.68951080161424 1.40397825595179 1.4020345176641 4.48904231577989 7.31016501713768 376.798880133966 -37.7726883838119 107.704466954142 0.839355964962278 0.864727407408752 0.866446104682062
130.741 2.12882734052016 -9.77424786613665 1.42680512746964 1.34198373765342 4.43632129030877 7.01731645435521 376.918992120569 -37.5954195454307 108.094020258728 0.839676539959577 0.86463357184938 0.866797020513587
130.757 2.08240148465342 -9.79801841491117 1.4492048163485 0.677251012743038 4.7606280925756 6.83314206082809 377.027092908512 -37.3158775908876 108.324618232855 0.839586095149312 0.865042688828167 0.866743281378962
130.787 2.06060979104495 -9.79379392785121 1.47786395602866 0.1820449954382 5.48761871843255 6.41165991581398 377.124383617661 -36.8242898317989 108.89215640957 0.839883657127908 0.865040922596543 0.867064479540797
130.801 2.05219016077926 -9.83775619079729 1.49809066820243 0.197428282153922 6.1831316557496 5.52240232117915 377.391945255895 -36.201860848619 109.102940768613 0.839645879909003 0.865286116898069 0.866860534237911
130.832 2.05005930903086 -9.87229445645267 1.53490962119191 0.115090034091201 6.5755055130754 4.83810102035894 377.092750730306 -35.4616747637571 109.712646691751 0.840063486487028 0.865136410389764 0.867170007113851
130.845 2.06801342108127 -9.88763697507132 1.55715305982193 -0.0887853815316593 6.55841297703504 4.69780236870473 376.823475657275 -35.0355072873814 109.661382022576 0.839934347024018 0.865248732267521 0.866955509053659
130.861 2.08225676242956 -9.86427521314158 1.5817810002997 -0.186777072386127 5.96745717551474 4.76237327687242 377.001128091548 -34.5919565586433 110.035243820319 0.839944591789768 0.864979028961474 0.867009244709473
130.876 2.07801706335946 -9.85168926363528 1.61011121011088 0.147167810425005 5.00353588544418 4.65178480414701 377.281015282393 -34.5527609027789 110.371719438287 0.839700721104677 0.864983628716519 0.86656349015923
130.907 2.07037061520222 -9.86867335240847 1.63608723881522 0.546954846176398 4.08028153354099 4.57362922449567 377.652913754154 -34.277484812501 110.794547494458 0.839607858179902 0.864740435765572 0.86653310406004
130.92 2.07079111994329 -9.8642667067123 1.64599828126441 0.616686842474788 3.36919994507238 4.69489225624458 377.987622378738 -34.3897363312509 111.055092745012 0.839524281547604 0.864768894840208 0.866382296305229
130.937 2.06691988224706 -9.86359271395855 1.65372111978302 0.480208997921966 2.77197460705369 4.84372364130714 377.868860140864 -34.1907626981258 111.229583470511 0.839195670107493 0.864670910537689 0.866122971856209
130.967 2.03243085069884 -9.83682950426924 1.65702052040848 0.204707182099235 2.23141836772237 5.04713753671841 377.701974126778 -33.9516864283133 111.32662512346 0.839026691590629 0.864458989404625 0.866013177321781
130.981 1.99444753220763 -9.81411924442459 1.6642995398398 -0.0356108643549633 1.81514675995777 5.38669859220688 378.1517767141 -34.2165177854819 111.173962611114 0.838747839146216 0.864391995645665 0.865667029510307
130.997 1.96696631572621 -9.81091824603804 1.66444617400966 -0.232813136698093 1.43897559541237 5.7923035421465 378.25659904269 -33.9148660069337 111.096566350003 0.838750264417287 0.864084092359001 0.86560282921047
131.027 1.91972772296051 -9.80546357124503 1.65835321447613 -0.57441731921149 0.931719257245181 6.11230982915322 378.530939138421 -33.1033794062404 111.206909715002 0.838499054690208 0.864178185774294 0.865297716210127
131.041 1.85656300797265 -9.79097756644597 1.64628550262477 -0.921555739962097 0.574425194116083 6.11710938058904 378.717845224579 -33.0330414656163 111.006218743502 0.83852635840688 0.863891663474767 0.865146849770617
131.058 1.79181389463724 -9.79990700096348 1.63422745035194 -1.18359863924833 0.709349086918215 5.67791752649961 378.886060702121 -32.9697373190547 111.065596869152 0.838550931751884 0.863757667047995 0.865134667444748
131.087 1.74820417570574 -9.81572461614423 1.61732984989378 -1.60569679059067 1.31245997975311 5.0559273005672 378.497454631909 -32.9727635871492 111.179037182237 0.838446427070581 0.863760805524698 0.865247163617007
131.1 1.72876745230708 -9.80482142409157 1.61110026904487 -2.08176833290565 2.07968726422055 4.46789182241888 378.567709168718 -32.9154872284343 111.221133464013 0.838478993549216 0.863887227623421 0.865224949906499
131.115 1.71743946462947 -9.80632113135283 1.60070523561725 -2.25527088892806 2.80072617138628 3.70888889971898 378.510938251846 -33.1039385055909 111.139020117612 0.838508303379987 0.864001007512272 0.865451741477029
131.146 1.71029687991808 -9.8246098403611 1.58099478133043 -2.27554532675281 3.37179859241559 2.87540458989975 378.579844426662 -32.6735446550318 110.825118105851 0.83866115251014 0.864226869677778 0.86553253024606
131.16 1.71769507888916 -9.83514402310355 1.57247305197287 -2.39302896201646 3.65675613775418 2.41000153548993 378.941859983996 -32.4661901895286 110.722606295266 0.838798716727277 0.864183087891503 0.865728563782634
131.176 1.71585403827396 -9.81481693387303 1.56809551968665 -2.4766268291736 3.54833243237571 2.37129145827681 379.207673985596 -32.4595711705758 110.810345665739 0.839048845069119 0.864267281753546 0.865781670321103
131.206 1.70970796597809 -9.79191373169667 1.55882864702783 -2.17094887908066 3.06372819677173 2.49294093840333 379.206906587036 -32.3336140535182 110.409311099165 0.839273960576776 0.864343056229384 0.866075977452718
131.222 1.69483912336358 -9.7991933439396 1.54851324715354 -1.55538070872985 2.22682102594952 2.63448653921949 379.626215928333 -32.5202526481664 110.588379989249 0.839223773704791 0.864658037167626 0.86609434262418
131.237 1.66248311115082 -9.80215364821751 1.54210242651228 -1.14106401190267 1.22093281648434 2.86798445018303 380.0035943355 -32.0882273833497 110.389541990324 0.839557567827839 0.864694736102056 0.866480434661493
131.267 1.62869401138523 -9.7945229124546 1.53938529213361 -0.871995778651331 0.378992206591628 3.05217837157694 380.22323490195 -31.5794046450147 110.090587791291 0.839479020230748 0.86497454905303 0.866458354112077
131.281 1.58679165269284 -9.78825377626896 1.53035582292162 -0.520674063381618 -0.0940215178843284 2.93245671762536 380.300911411755 -31.1214641805133 110.181529012162 0.8397872897012 0.865103057064461 0.866808045000601
131.297 1.55476575337662 -9.79476212743234 1.52594030965641 -0.1434158173488 -0.123550663805819 2.485775931359 380.490820270579 -31.3093177624619 110.743376110946 0.83943237744573 0.865342037919195 0.866876527061721
131.34 1.53946968236101 -9.79726776435952 1.53148330213971 -0.0267841592780417 0.204834936925908 1.84406856723074 380.721738243521 -31.5383859862158 111.069038499851 0.839871334270082 0.865186739308778 0.867307317896317
131.343 1.54288162277817 -9.79269929786009 1.54275676872444 -0.137082842586879 0.582824725676065 1.21538690134736 381.109564419169 -31.8045473875942 111.062134649866 0.839761410028767 0.865540539541625 0.867079088757879
131.357 1.54792758363497 -9.79355565362706 1.54332609116535 -0.362305856038115 0.778740726390901 0.803008516556134 381.098607977252 -31.6840926488348 111.17592118488 0.840041440519417 0.865365390768965 0.867243654045816
131.387 1.54923677925478 -9.78750292945088 1.54922542994768 -0.567296644480105 0.82376741711059 0.486066443526475 381.148747179527 -31.6356833839513 111.578329066392 0.839787884961361 0.865454814608802 0.867021791292427
131.401 1.54592591957042 -9.79127312143011 1.54842962645487 -0.676215834993926 0.932993728834646 0.0748643793264993 381.493872461574 -31.4121150455562 111.640496159753 0.839812775933377 0.865164503068626 0.867068898724364
131.417 1.54641774686386 -9.78269529735472 1.55591353615817 -0.834548449967816 1.16564855442446 -0.270026638758822 381.324485215417 -31.6909035410005 111.456446543777 0.839582086833925 0.865026957943266 0.866740914033431
131.447 1.55111009531209 -9.77940459604943 1.5609731153312 -1.00147528436035 1.42999972951637 -0.474321684806604 381.592036693875 -31.2818131869005 111.8308018894 0.839374466644418 0.864779432069644 0.866569325281281
131.461 1.55551277386835 -9.74974761804239 1.56839977583253 -1.20590790859607 1.54119822984717 -0.505515470524417 381.772833024488 -31.3336318682104 111.62772170046 0.839187608473861 0.864680394044182 0.866538355669886
131.476 1.56528111804447 -9.74502308130529 1.56257406664757 -1.18913391162959 1.37410130762582 -0.454963923471975 381.755549722039 -31.6802686813894 111.504949530414 0.839019436120361 0.864591259821266 0.8662634252844
131.506 1.55779206015695 -9.74023236298799 1.56415440851034 -1.21602204718419 0.912263695947204 -0.320154554025541 381.439994749835 -31.6922418132505 111.814454577372 0.83886808100221 0.864263430117043 0.866263045672693
131.52 1.54045756391909 -9.73352642176366 1.56629497599823 -1.28220610200776 0.440884654596758 -0.17821543450085 381.695995274852 -32.1230176319254 111.913009119635 0.838605089616639 0.864092257026043 0.866015646286927
131.536 1.5155191397568 -9.73437440977528 1.56157757156094 -1.34406182768484 0.226567181503495 -0.178714501737788 381.746395747367 -31.9707158687329 111.701708207672 0.838495169148861 0.863938201244143 0.865792986839737
131.567 1.49804252170626 -9.74369692134292 1.55631437283457 -1.58828159911483 0.374139470986733 -0.263133127899887 381.97175617263 -32.1336442818596 111.091537386904 0.838269468948624 0.863799551040433 0.865716190806956
131.58 1.49195022985133 -9.72395531529871 1.55588706477017 -1.9134229048522 0.817641554422411 -0.481094624270203 381.994580555367 -32.2202798536736 111.082383648214 0.838193110547647 0.863674765857094 0.865770534642994
131.597 1.49430817012304 -9.72773566420097 1.55460466274795 -2.08162259909981 1.33358732264429 -0.903977528255397 382.19512249983 -32.1182518683063 110.774145283393 0.838251008678575 0.863686194452887 0.865695983829887
131.627 1.49637046138329 -9.72449411072033 1.55524615045646 -2.34521606438067 1.65671713999818 -1.07693855405581 382.435610249847 -32.0864266814756 110.556730755053 0.83830311699641 0.863696480189101 0.865628888098092
131.641 1.51576405775442 -9.71134149835435 1.55151391860479 -2.54199216786626 1.69333550233424 -0.957794316970841 381.992049224862 -31.8777840133281 111.021057679548 0.838350014482462 0.863829334821384 0.865815285849462
131.656 1.5078397573104 -9.70740495746667 1.53995477709145 -2.52290745489643 1.42552866965807 -0.921556870006581 381.952844302376 -31.4500056119953 110.958951911593 0.838392222219908 0.863948903990438 0.86585972018125
