91.261 -1.54444732127007 -8.80816135007377 4.74745101175292 -1.13304763440996 6.0050393646184 -3.15784246485952 410.650979365022 87.6602529489793 -11.8858471108089 0.838742128984585 0.86447068899386 0.865564961618973
91.277 -1.56154714099243 -8.78973668692919 4.74190957344994 -1.13806348165599 6.26102397777488 -3.46343226417509 410.68588142852 87.1142276540814 -11.477262399728 0.838871595554278 0.864649583011207 0.865634428373809
91.292 -1.57837349836535 -8.78183349858295 4.7223176628121 -1.22731056860489 6.60133379373785 -3.67510430493315 410.657293285668 86.8028048886733 -11.7695361597552 0.839366630567776 0.864563529891589 0.865943459700153
91.322 -1.59824576375938 -8.78369880518828 4.69385120300367 -1.38702225983601 7.07631491818086 -3.7533954011574 410.931563957101 86.4625243998059 -12.0925825437797 0.83943364697915 0.864979651066155 0.865975076646871
91.337 -1.62247544286898 -8.77520225764674 4.68325500215216 -1.64984675140966 7.87784373170629 -3.70782685340807 410.518407561391 86.4562719598254 -11.9633242894017 0.839746453774762 0.864984188610733 0.866250043145909
91.352 -1.63632142923698 -8.7652210562351 4.66671535246184 -1.80089261061984 8.95647157227612 -3.75154798486116 410.686566805252 86.7506447638428 -11.6669918604615 0.839649017582978 0.865358243913384 0.866251001748051
91.383 -1.64423383816265 -8.77126158794069 4.64267186706612 -1.8398873190235 10.1738015142851 -3.91150769019183 410.717910124727 86.6555802874586 -12.1202926744154 0.840066310393606 0.865201324703549 0.866621427872978
91.4 -1.62268444488212 -8.7726877706078 4.65377341853395 -1.84292148788451 11.4083297598032 -4.06692180666883 411.106119112254 86.3300222587127 -12.5282634069739 0.839810267848131 0.865430478794374 0.866461787736873
91.412 -1.57982681324868 -8.77468954713589 4.69249525499476 -1.46702628566095 12.2995578525252 -4.32740519852104 411.035507201029 86.3370200328414 -12.5954370662765 0.840211435632243 0.865266336096439 0.866688083126911
91.444 -1.55160986898054 -8.78726509086591 4.71190229802251 -0.718033580758973 12.556624968036 -4.88321429698954 410.971956480926 85.7433180295573 -12.6558933596488 0.840067501254712 0.86561217665052 0.866398179995722
91.459 -1.56284590528348 -8.79217858498366 4.69872283711064 -0.00195541352277051 12.3910388071103 -5.54069439400815 410.914760832833 85.5689862266016 -13.1903040236839 0.840064430597392 0.865306128906172 0.866384324912883
91.473 -1.60869179933612 -8.78127785371308 4.67070050037528 0.311980585844774 12.2580417966283 -6.00952571796611 411.58328474955 85.0520876039414 -13.7912736213155 0.839808576031538 0.865278018666748 0.866001062342299
91.503 -1.67353599163304 -8.77044962507395 4.64649792012535 0.246431382222128 12.559718532996 -6.36811513090232 411.764956274595 84.6468788435473 -13.792146259184 0.83957830692227 0.865129121981576 0.866026919024802
91.519 -1.73399067722926 -8.79841288323916 4.62716964033511 0.107284427206022 13.5403879010704 -6.75649445750675 411.868460647135 84.1021909591925 -14.6929316332656 0.839497685415736 0.864995114964921 0.865926729773515
91.534 -1.78103771927806 -8.81873162146554 4.61851304007113 -0.0767264582626714 15.1665017827191 -7.11748623313012 411.661614582422 83.6719718632733 -14.843638469939 0.839171733588812 0.864874508649932 0.865712961977666
91.564 -1.80733892133402 -8.85461577972304 4.57893904357439 -0.142336255184496 17.0689355739128 -7.52940173195451 411.89545312418 83.104774676946 -15.3992746229451 0.839005148723816 0.864642227705643 0.865520570961402
91.579 -1.81257464418322 -8.88415826440332 4.56050083913761 -0.134209499895054 19.1055534669032 -8.08333178776669 411.625907811762 83.1942972092514 -15.5393471606506 0.838728450566084 0.864556910116581 0.865099810143165
91.594 -1.82746215399662 -8.90643694174717 4.54695907126388 -0.121551908684175 20.9400362881518 -8.6917925021198 412.163317030586 82.4948674883263 -15.3654124445856 0.838732814695168 0.864232515382826 0.864968734310351
91.625 -1.84529019358658 -8.90978815113691 4.53860219917168 -0.076572290334841 22.4987044150619 -9.16078119083912 412.346985327527 81.5653807394936 -15.388871200127 0.838483349940301 0.864311766495736 0.86472703080002
91.639 -1.86522599127504 -8.92232124169338 4.52359915317419 -0.0383807101563187 23.8602843552351 -9.55615345343459 412.332286794774 80.7888426655443 -15.4699840801143 0.838385603440156 0.864011886124065 0.864633232901521
91.655 -1.89525893986177 -8.92390444421472 4.5094379950284 -0.187214394865878 25.3307444693299 -9.9348892531293 412.739058115297 80.3899583989899 -16.0829856721029 0.838424252281833 0.863865867432363 0.864548814792871
91.685 -1.93779104644017 -8.91623136887284 4.49603453594914 -0.463149443928908 27.1129371979694 -10.2352934575874 412.865152303767 79.6709625590909 -16.3946871048926 0.838205643768299 0.86385818587063 0.864596435964777
91.7 -1.98313283050618 -8.93727789064644 4.46338130818431 -0.938208545337544 29.4062236308442 -10.4377183103019 413.038637073391 79.0838663031818 -17.0952183944033 0.838262288577162 0.863851272465069 0.864639295019492
91.715 -2.02585579566265 -8.93868226176857 4.44584471392593 -1.61385333965875 32.3075860005842 -10.619900677745 413.614773366052 78.0154796728636 -17.185696554963 0.838439739187597 0.863968647869755 0.864801328434276
91.745 -2.07262631903981 -8.92725689142667 4.41928788192238 -2.40132296752494 35.4623235837319 -10.9067655718026 414.373296029446 77.4139317055773 -17.3871268994667 0.838599444736989 0.864197745999513 0.864823698242042
91.76 -2.1207651554128 -8.94827832218757 4.37880686670988 -3.08561815168848 38.7809767215419 -11.335172984088 414.275966426502 76.4525385350195 -17.62841420952 0.838743179731442 0.864280474050755 0.865090614979018
91.774 -2.14936575817291 -8.97019033524469 4.35937276855513 -3.48545328308451 42.2295966066396 -11.791732021557 414.608369783852 75.5272846815176 -18.025572788568 0.838872541226449 0.864354929296872 0.865207516397849
91.804 -2.17289167815946 -8.98608042800196 4.31805979647104 -3.7292743669898 45.3615987780368 -12.3095053842868 414.907532805467 74.8145562133658 -19.1030155097112 0.839115287118373 0.864421939018378 0.865682291057796
91.819 -2.19406500614734 -9.01181377771885 4.27453346941945 -3.8349728844893 48.2147518773323 -12.8755014107436 414.87677952492 74.1131005920292 -19.7727139587401 0.839080967592229 0.86472903167772 0.86574002486875
91.835 -2.1817569418882 -9.04921930256538 4.24475701952646 -3.74384200825411 50.7283911934159 -13.3528367658525 414.849101572428 73.0017905328263 -20.1354425628661 0.839429042326533 0.864635033691451 0.8660384965456
91.865 -2.19941012419474 -9.07881418367969 4.2072441605151 -3.64732040284854 52.941811616059 -13.8076294251451 415.064191415185 72.0016114795437 -20.9418983065795 0.839363347279572 0.864920816883486 0.865937149542233
91.879 -2.23774361929785 -9.09539393932295 4.17563736683908 -3.51999294271636 55.0033556452928 -14.3283932001878 414.957772273667 70.6814503315893 -21.7277084759215 0.839683184045142 0.86505469811187 0.866338960887741
91.894 -2.27008898545644 -9.12390281275516 4.13731516820296 -3.48707761791037 57.0740124471758 -14.8070042618484 415.2819950463 69.1933052984304 -22.7349376283294 0.839465454134514 0.865298514861863 0.8663310277157
91.925 -2.30937516232736 -9.14279714985733 4.10665593226645 -3.68264466527964 59.3215730345193 -15.3339374234499 415.27379554167 67.7939747685874 -22.7414438654964 0.839901103289988 0.86514756855718 0.866693451243861
91.939 -2.34024360961086 -9.16441087511818 4.07618958067799 -3.93957103844633 61.7474309982429 -15.8501620017156 415.266415987503 66.1745772917286 -22.9872994789468 0.839788202146682 0.865505285865187 0.866526608770668
91.954 -2.36670840251178 -9.19894673157609 4.03254912774477 -4.44027042315132 64.290245150327 -16.2575122137577 415.739774388753 64.1171195625557 -23.5685695310521 0.840065553425541 0.865457259929861 0.866623234454781
91.984 -2.38747410000321 -9.23577508087942 3.99357200694723 -5.11151055640871 66.9322130017065 -16.5485548855117 415.865796949877 62.5654076063002 -24.5117125779469 0.839936207268679 0.865537496853608 0.866339816190806
91.999 -2.39939960260055 -9.27759950836887 3.94951432674506 -5.98280224885944 69.5496787244367 -16.7272871832201 415.91921725489 60.7488668456702 -24.5805413201522 0.839946266009963 0.865238917088952 0.866331797488459
92.014 -2.41492095368083 -9.31105171573511 3.93326574918072 -6.98375866519487 71.9618864245121 -16.9148638084095 415.727295529401 58.8739801611031 -25.362487188137 0.839702227902852 0.865217528031249 0.866077522921115
92.044 -2.42601713040747 -9.34020102261619 3.88428524455226 -8.06553547043111 73.881728316412 -17.1798659771869 415.974565976461 56.8865821449928 -26.3662384693233 0.839482593606453 0.864950945148829 0.865972273280197
92.06 -2.41984284370492 -9.35829512094661 3.8205104647946 -9.13302772491472 75.6416470878242 -17.6313450283232 415.417109378815 55.0379239304936 -26.609614622391 0.839284922739693 0.864834755815448 0.86587754860337
92.074 -2.42230655356661 -9.37775211169008 3.78106968213961 -9.85789289135454 77.2553449744617 -18.2689738842695 415.515398440933 52.8941315374442 -27.6686531601519 0.839107018959609 0.864730185415406 0.865421090020936
92.104 -2.41602448467387 -9.40597745746688 3.72091270038347 -10.1995845182496 78.1870623854125 -18.9008551217967 415.60385859684 50.7247183836998 -28.7417878441367 0.838946905557534 0.864264450532093 0.865504943935576
92.12 -2.42006713012433 -9.43257732066794 3.64689953817899 -10.5101604175697 78.5477454598483 -19.5016093042736 415.683472737156 48.2922465453298 -29.587609059723 0.83867603171643 0.864093175399588 0.865209619462723
92.133 -2.41023812764504 -9.46968534177498 3.56370784962751 -10.9278466658891 78.6754136619551 -20.0766392135409 415.75512546344 46.2230218907968 -30.1088481537507 0.838559017038672 0.863939027780334 0.865067562697953
92.162 -2.39708246654527 -9.49727659153303 3.46710795871535 -11.6587261214376 78.8552005400344 -20.6063798723394 416.059612917096 44.2407197017171 -30.8179633383756 0.838326932049454 0.863800294923005 0.865063309079351
92.191 -2.39799149512878 -9.51726052219296 3.3896251444112 -12.3646092344846 79.1544133104584 -21.2716960835788 415.853651625387 42.5766477315454 -31.3361670045381 0.838244827338394 0.863551561708607 0.865059480822608
92.195 -2.40096440028814 -9.54661843527518 3.28786815918303 -12.8250948759217 79.5756132007866 -21.993381437053 416.028286462848 40.3589829583909 -31.9225503040843 0.838297553790248 0.863575310719249 0.86493243792185
92.236 -2.38155351381005 -9.56663606180991 3.19784310206905 -13.2990739379478 80.2035480639141 -22.6154173391492 415.405457816563 37.9430846625518 -31.7902952736758 0.838345007596916 0.863596684828827 0.864818099311168
92.251 -2.34038110644073 -9.59710185778957 3.09820563863339 -13.7027543304126 80.7465520361486 -23.2141809487457 415.744912034907 35.7087761962966 -32.0912657463083 0.838387716022917 0.863739518997137 0.864962252296784
92.253 -2.29315058055923 -9.63146420466442 2.97644961420257 -14.1591964546232 81.3764769852055 -23.8538315561612 415.330420831416 33.457898576667 -32.7221391716774 0.838552623888776 0.863868069748616 0.864968529718299
92.281 -2.27590193447536 -9.67543877495115 2.86920354852283 -14.7501470381686 82.275470508059 -24.4791354234459 415.077378748275 30.8321087190003 -33.4099252545097 0.838574570685591 0.863983765424948 0.864974179397662
92.297 -2.23673541036605 -9.72165975570189 2.78944149693135 -15.0224605786265 83.2097555183218 -24.9754966902616 414.609640873447 28.8288978471002 -34.0289327290587 0.838847113631602 0.864087891533646 0.865226048019076
92.312 -2.21806539315604 -9.76152285575426 2.67982726466909 -15.1530389482448 83.8154975237415 -25.3222218303957 414.008676786102 26.3660080623902 -34.4060394561529 0.838839611454134 0.864428388941462 0.865329406133901
92.345 -2.1783977498289 -9.83391116237243 2.49899347876538 -14.8575823816646 84.5202073133521 -25.5472515557531 413.587809107492 23.5494072561512 -34.2654355105376 0.839211821802248 0.864488052698508 0.865668939684236
92.36 -2.11276934292997 -9.89313507833124 2.37885986794558 -14.8313661282309 85.8910873453757 -25.6284042627732 413.089028196743 21.0144665305361 -34.1388919594838 0.839167848807716 0.864911721592383 0.865728008632546
92.374 -2.07130116594211 -9.91752653799689 2.29276626434499 -15.3375424925071 87.2615205955709 -25.7892279586333 412.700125377069 18.4330198774825 -34.2050027635354 0.83963325849587 0.864799454614647 0.866150734069023
92.404 -2.04277850126364 -9.93546855582806 2.21294767671741 -15.5847042737907 88.5368952535711 -26.0515265368158 411.930112839362 15.5697178897342 -33.9645024871819 0.839673612114434 0.865068795714362 0.866161623578854
92.42 -2.02758272530262 -9.95736245036733 2.13530501437709 -15.3247071288544 89.8625950411911 -26.3127860968747 411.417101555426 12.6927461007608 -33.2080522384637 0.839962422396518 0.864940821324429 0.866417935384693
92.433 -1.93525700606368 -9.9916118239219 2.01850026290886 -14.7052135152056 91.2435111095911 -26.2441029070345 410.895391399883 10.0434714906847 -32.3472470146173 0.839843389342559 0.865196025753166 0.866278644497417
92.461 -1.81457489285584 -9.98287203206316 1.93270915843194 -14.391944072082 92.4535111436701 -26.1509903262547 410.485852259895 7.47912434161624 -31.7525223131556 0.84011522190183 0.865178925829042 0.8665232542114
92.475 -1.73618778187379 -9.96943971777286 1.85424020973276 -14.0680168404463 93.186022624723 -26.5725325150033 409.517267033905 4.81121190745462 -31.21727008184 0.839854288205533 0.865410319807318 0.866249833971763
92.49 -1.68700763522098 -9.97393045363717 1.77260482687441 -13.7276273701421 93.7513898278995 -27.0862716299152 408.765540330515 2.41009071670916 -29.895543073656 0.839872538853131 0.865124457747291 0.866497324738312
92.52 -1.6276620352731 -9.97294434491897 1.72205746512432 -13.2838722667157 94.2434264176287 -27.2005452302824 408.808986297463 0.00908164503824027 -28.5859887662904 0.839635873461703 0.865114514623754 0.866226497445983
92.549 -1.53887666384571 -9.99647768066022 1.6433452934696 -12.4913629026396 94.4427478980032 -26.9820174248115 408.308087667717 -2.45182651946558 -26.9873898896614 0.839422874609419 0.864858233082083 0.866353134262565
92.55 -1.4336511473673 -10.0211292480739 1.54467174744669 -12.5139823375664 94.6496181463709 -26.4494645372921 407.857278900945 -4.54664386751903 -25.7886509006953 0.839231175642362 0.864751314955378 0.866220323487501
92.61 -1.37138961382068 -9.9960301973205 1.48579307797012 -13.7557138748022 95.1953433546346 -26.0945944194408 407.151551010851 -7.21197948076712 -24.0497858106257 0.838931874792775 0.864531353380544 0.865977196320254
92.611 -1.3225368377032 -9.91777584473322 1.45500849845222 -14.9526615712914 96.090312835965 -26.1935319240616 406.576395909766 -9.79078153269041 -22.4248072295632 0.838915896499191 0.864333387963194 0.866005439604962
92.658 -1.28234020916779 -9.90139603781727 1.36493341769765 -14.8802961775211 97.008762468399 -26.7986062125715 405.998756318789 -11.8117033794214 -20.7823265066068 0.838648123563921 0.864402551818068 0.865783800825968
92.659 -1.19355066163682 -9.88767178208852 1.30469539743057 -14.4800528193109 98.2895656108721 -27.4599669653601 405.53888068691 -13.9305330414792 -18.6440938559462 0.838660520393221 0.863969580294489 0.865584325924874
92.674 -1.03684604951748 -9.90411023513578 1.22803554220251 -14.4122002091356 99.5873266070368 -27.8452679787478 404.464992618219 -16.3774797373313 -16.8996844703515 0.838418285068549 0.863951527446543 0.865281063253091
92.676 -0.89611117353149 -9.89406496479603 1.18304354503678 -15.6503695011991 100.537754251677 -27.8034892724761 403.918493356397 -18.8797317635982 -14.5497160233164 0.838327045055579 0.863687670979791 0.865255459578975
92.703 -0.793272091240654 -9.81637044722878 1.1473391463303 -17.1105233907739 100.73894065857 -27.5376441620223 403.546644020758 -20.7717585872384 -11.4747444209848 0.838371549735714 0.863574073802516 0.86523241627227
92.731 -0.691559095642837 -9.81665536142924 1.10006186454982 -17.6002344104751 100.397871020194 -27.1388415778812 402.551979618682 -22.8945827285145 -9.72726997888628 0.838284983256028 0.863471836342969 0.865211677296236
92.734 -0.575656398649698 -9.82654847244208 1.01118450840852 -17.3432644045421 99.4519770479456 -26.669995588032 402.016781656814 -24.8051244556631 -7.19454298099765 0.838333694116118 0.863627155359865 0.865316472483346
92.763 -0.457158325179534 -9.84676485246228 0.935205174808577 -17.624968498439 98.4686114042197 -25.9029960292288 401.355103491132 -26.8246120100968 -4.85508868289788 0.838250913198392 0.863643345005381 0.865410788151745
92.78 -0.366790629682645 -9.87040640997117 0.858803199224062 -18.6762121066104 97.5461777447138 -24.6928490980616 400.699593142019 -28.4621508090871 -2.5695798146081 0.838429501346704 0.863781513156036 0.865372211987763
92.794 -0.318978528461789 -9.85301746804022 0.791896927200902 -20.3040107432776 96.8961401229142 -23.1594420508509 399.929633827817 -30.2359357281784 -0.452621833147287 0.838590230680185 0.864029324757166 0.865584277350167
92.824 -0.214895493044198 -9.79481046687219 0.748201275923683 -21.5904035620796 96.5798085533709 -21.6221237999643 399.116670445036 -31.9523421553605 2.41264035016744 0.838608416797859 0.864128894932642 0.865651812531884
92.84 -0.124632501232988 -9.77019687852847 0.653868404083401 -22.218386106635 96.4241177743697 -20.6851022596625 398.685003400532 -33.5571079398245 4.4513763151507 0.838877575132643 0.864094910620881 0.86595910544242
92.855 -0.0419592889800967 -9.73601385678281 0.554064914929524 -22.6194482593303 96.7809426381541 -20.4639202779711 398.116503060479 -35.181397145842 6.94623868363563 0.83899349708753 0.864434706119973 0.865989157814912
92.885 0.0312495023618369 -9.68507797174539 0.484712198687484 -22.6758240440843 97.8684972293005 -20.823635120403 397.484852754431 -36.0432574312578 9.91161481527207 0.839350318872304 0.864493738159168 0.866262716197145
92.898 0.101147704477033 -9.68484514939385 0.425287506264052 -22.2670202656301 99.8679070483552 -21.6168441274466 396.676367478988 -36.8189316881321 12.7004533337449 0.839292496170766 0.864916838506977 0.866262407494164
92.914 0.20912693722986 -9.60341240752576 0.411908162786008 -21.8059670940289 102.780352984741 -22.3299688750073 396.308730731089 -37.0370385193189 15.5704080003704 0.839745441122615 0.864927657307472 0.866631693044479
92.944 0.438109053229775 -9.54550561120067 0.363474886703587 -20.7146833617252 105.455752800771 -23.0465903081173 395.91785765798 -38.013334667387 18.8133672003333 0.839648106196046 0.865184178137905 0.866594486656765
92.959 0.654368304957884 -9.52206009158451 0.30246712066659 -19.6981768576138 106.744528665732 -23.7610152467712 395.386071892182 -38.8320012006483 21.9120304803 0.839939467069969 0.865044665505617 0.86693056429082
92.973 0.818954405561033 -9.48599540170096 0.223618113678056 -19.0611835993333 106.53038114267 -24.3352954014834 395.027464702964 -39.8088010805834 25.54082743227 0.839822729548665 0.865289485516235 0.866740010512931
93.004 0.98013028267766 -9.46335335054454 0.117339530898355 -18.6123171477969 105.25138882993 -24.1017658613351 394.704718232668 -40.4479209725251 29.286744689043 0.840096628087325 0.865139442146114 0.866938483625363
93.033 1.15523582187663 -9.4417784525018 0.0619113975583516 -18.4640625322539 103.093425519456 -22.7572381301634 393.934246409401 -41.1431288752726 32.6580702201387 0.839837553772478 0.865374784492683 0.866623540444329
93.035 1.32115063805017 -9.41559739527653 0.0010726035075488 -18.1443738362804 99.9649989980447 -20.9372395079867 393.480821768461 -41.4088159877453 36.1722631981248 0.839857477863382 0.865092475964119 0.866833660563621
93.064 1.45132037763566 -9.37928534404233 -0.0623612898197381 -17.6383333992173 96.1677357394616 -19.2908438014629 393.432739591615 -41.5279343889708 39.2150368783124 0.839748939262736 0.8650857310189 0.866776257423992
93.081 1.52543734995815 -9.37270122339542 -0.124898603344554 -16.6508359371581 92.1433285777292 -18.0892403373471 393.029465632453 -41.8751409500737 42.1935331904811 0.839524633830348 0.864832327837714 0.866601134332786
93.095 1.61303205032611 -9.40197029325559 -0.212306807146604 -15.710943183137 88.0442628955288 -16.9039804257498 392.486519069208 -42.2476268550663 44.934179871433 0.839322758941199 0.864728000235445 0.8664435235507
93.122 1.65978496139762 -9.42352405738706 -0.281157967185499 -15.3054977197851 83.7230427128461 -15.2998419251596 392.117867162287 -42.2228641695597 47.4007618842897 0.839014299761729 0.864634105393404 0.866054341116335
93.138 1.71299563228056 -9.42825798587687 -0.323012712659408 -14.7566273371196 79.6018834797295 -13.475201244094 391.786080446058 -41.9605777526038 49.9806856958607 0.838863458279441 0.864301991131966 0.865951409655894
93.151 1.76639189462929 -9.39846099969763 -0.366727342959019 -13.829056206461 75.9615424600008 -12.1772994402953 391.007472401453 -41.9645199773434 52.3026171262747 0.838600929166147 0.864374294669962 0.865611438611009
93.183 1.76883899695637 -9.39905736646371 -0.427678183396851 -12.5018757766546 72.7455408857564 -11.4908672061894 391.266725161307 -41.6080679796091 54.8723554136472 0.838491424743417 0.864068161480869 0.865552797401101
93.2 1.7839700775769 -9.38463027895674 -0.468647571516212 -11.0196271302869 69.7832005376388 -10.8089560580896 391.380052645177 -41.2872611816482 57.3051198722825 0.838392870762961 0.863792641610685 0.865500020312184
93.213 1.80249615884661 -9.41150939125882 -0.514378564458051 -9.49476365389942 66.5544988044856 -9.87386197899816 391.062047380659 -41.2985350634833 59.7946078850542 0.838304172180551 0.863544673727519 0.865575981197699
93.244 1.82497557738578 -9.43498228483558 -0.537340525002144 -8.26818805186825 63.0952321301439 -8.68189562842659 390.835842642593 -40.648681557135 61.6151470965488 0.838224343456381 0.86356911153627 0.865397288259432
93.26 1.84658370678862 -9.45509041392648 -0.543581226358589 -6.92839214744479 59.9757852530074 -7.90836255413355 390.512258378334 -39.9438134014215 63.4936323868939 0.838152497604629 0.863591105564145 0.865360062084682
93.272 1.84759567617094 -9.51969508865932 -0.571882914504209 -5.42868270369267 57.6911838269433 -7.9442438559721 390.1610325405 -39.7294320612794 65.6042691482045 0.838214457029859 0.863734497658924 0.865326558527406
93.318 1.83270472084328 -9.56586829906219 -0.580116186440705 -4.40642512034631 56.246492925165 -8.40783473755046 390.26492928645 -39.3564888551514 67.6838422333841 0.838270220512565 0.863863550544224 0.865419865591399
93.321 1.79937112744013 -9.58797123508615 -0.573340482026981 -3.62303451670862 55.8768054647096 -8.83193675997862 389.758436357805 -39.2608399696363 69.5554580100457 0.838320407647002 0.863979698140995 0.865503841948992
93.334 1.78924277200127 -9.52029597589638 -0.561436411598903 -2.86989137038127 56.6021020174753 -9.10065148092733 389.962592722025 -38.7547559726727 71.2999122090411 0.838618366896871 0.863960633508398 0.865825931917818
93.364 1.87439894772015 -9.49721659269273 -0.522590877288206 -1.966871698992 57.6792963958804 -9.22722755420864 389.726333449822 -38.3592803754054 73.889920988137 0.838633739392876 0.864190533074291 0.865869301642769
93.38 1.9681580313722 -9.45112652522033 -0.473444251722357 -1.07400132298593 58.1151835501855 -9.64877960794808 389.27370010484 -37.7633523378649 76.1009288893233 0.83877404492174 0.864150384948365 0.866154845642218
93.394 2.02710282641766 -9.38498516328668 -0.485356320595379 -0.279578289923978 57.7952682486021 -10.2381001204357 388.926330094356 -37.0470171040784 78.030836000391 0.838773849615259 0.864484633014708 0.866165323994729
93.424 2.07710052583919 -9.35801904899658 -0.47057893245426 0.159829920747809 56.9470391336655 -10.4158168259494 388.97369708492 -37.0023153936705 79.7677524003519 0.83915263614726 0.864662132629971 0.866544317894988
93.439 2.17979873169338 -9.36062446984155 -0.437646828910773 0.354533951573791 55.8340146096119 -10.1948458303774 388.656327376428 -36.8420838543035 81.9309771603167 0.839114581718227 0.864945205928154 0.866515849022222
93.454 2.29640855445452 -9.2520579792783 -0.398730404589532 0.574805747256107 54.5605368127729 -9.76849101833199 388.730694638786 -36.2178754688731 83.757879444285 0.839459295039931 0.864953187986531 0.866982707660769
93.484 2.42595780540098 -9.22174496928382 -0.36059316035118 1.26847021069844 52.7426510704269 -9.19316863405604 387.897625174907 -35.8360879219858 85.4620914998565 0.839390574721631 0.86545339548761 0.866910399811425
93.499 2.55757574422886 -9.31076155435617 -0.343268472278174 1.60727204459042 50.6538821465903 -8.73415711416189 388.107862657416 -35.0124791297872 87.3558823498709 0.839833711818393 0.865286961120351 0.866968646391462
93.514 2.60247005388495 -9.37447623906948 -0.372866807869723 0.380132626390923 48.8533794281145 -7.798909341677 388.057076391675 -34.5112312168085 88.5802941148838 0.839727549822247 0.865507551569496 0.866774284403509
93.544 2.59319524793646 -9.25321199147479 -0.333425345599637 -1.17009437670618 46.949720874616 -6.02359856018105 387.651368752507 -33.5801080951277 89.6822647033954 0.839884794854591 0.865335701594049 0.86709238226289
93.559 2.61710979487438 -9.20291167779484 -0.328214680474984 -0.279802496287475 44.1791762680705 -3.95787992553699 388.186231877257 -33.1620972856149 91.0940382330559 0.839773524554825 0.865304634085837 0.866762049218103
93.574 2.67688025783842 -9.12178820029245 -0.29311872078954 1.35733805868478 40.6520983359199 -2.05827513909016 388.367608689531 -31.8858875570534 92.3046344097503 0.839799851567494 0.865029340597958 0.866711807213026
93.604 2.71307628528487 -9.07140232612503 -0.240523237472583 3.01702410014455 36.7754381206485 -1.15626441907428 388.170847820578 -30.9772988013481 93.8741709687752 0.83957045490463 0.865028909189355 0.866543129142917
93.619 2.68005157568643 -9.04347285172175 -0.18313165469689 4.61455833135147 33.1009477436982 -1.00476011457143 388.17376303852 -30.4595689212133 94.6267538718977 0.83949061859986 0.864781188191124 0.866143986149329
93.634 2.62644718639782 -9.02719481474904 -0.150333569619562 6.18592692569724 29.740471289939 -0.666879522961615 388.056386734668 -29.6336120290919 95.5440784847079 0.839292145233759 0.864434365649914 0.866032090185589
93.66 2.64739566939531 -9.07084345537497 -0.0920250172974221 7.31237240106645 27.0068821762123 0.429579421700959 387.650748061201 -28.8302508261827 96.4296706362372 0.838986747425033 0.864246099005627 0.865684051087735
93.676 2.68025537041537 -9.04129388080305 0.0262932280694051 7.74678401592163 24.8283313631712 1.36066728105758 387.645673255081 -28.1072257435645 98.0667035726134 0.838965281868222 0.863952785382967 0.865494551160464
93.69 2.68061984516125 -9.05001372825741 0.0985425621266309 8.35073156852794 23.2325211276175 1.41391353005106 387.461105929573 -27.276503169208 99.4800332153521 0.838692570396049 0.863936412026173 0.865447598695611
93.72 2.67669815662748 -9.04816510735428 0.140403060018582 8.53245230480492 22.547436953787 1.09771301674061 387.174995336616 -27.1288528522872 100.512029893817 0.83857390185033 0.863674067101458 0.865405341477243
93.736 2.7216512219004 -9.05745477490254 0.195734746366348 8.31279486058397 22.7430749377976 0.538323394455862 387.157495802954 -26.3959675670585 101.200826904435 0.838340328379946 0.863561830312017 0.865119977250223
93.75 2.77006970547666 -9.01164667915667 0.266721952357537 7.91968331345687 23.3428132455446 -0.339936425905755 386.901746222659 -25.7363708103526 101.700744213992 0.838256884035837 0.863584552462318 0.864986884706703
93.782 2.86003398927775 -8.99795273343949 0.317382474302035 7.66893635615699 23.9634937530512 -1.41357637110144 386.791571600393 -25.3827337293174 102.510669792593 0.838181784126139 0.863605002397589 0.865114159152766
93.797 2.9675775054043 -9.07606912315096 0.338556086622579 7.16311142283137 24.2686710953033 -2.88748590956381 386.752414440354 -25.1244603563856 102.939602813333 0.838240814899218 0.863623407339332 0.865105245888682
93.829 2.95674728896726 -9.17851603621428 0.378382035138819 5.68496821947953 25.1509642911165 -4.11858464685171 386.417172996318 -24.3520143207471 103.865642532 0.838293942594989 0.863639971786902 0.865097223951007
93.844 2.8322579820142 -9.2090077095704 0.384776706733656 4.34166223722623 27.0946464879591 -3.91206969361692 386.115455696686 -24.0168128886724 104.8190782788 0.838468227803641 0.863654879789714 0.865336788117086
93.86 2.77678062550895 -9.2197507107386 0.392985968504863 2.96474792190055 29.6195329842013 -1.68422150288118 386.263910127018 -23.6551315998051 105.97717045092 0.83849861420897 0.863915354727476 0.865429072222111
93.874 2.91916524797087 -9.15711449540815 0.461606015605792 1.07208992360363 31.8224651819644 0.877330418399303 386.157519114316 -22.6096184398246 106.899453405828 0.838778752802642 0.864026321905921 0.86563545156108
93.904 2.93089335646693 -9.07895463964785 0.524501302698015 -0.393134335932307 32.995180495829 1.06745997197922 386.061767202884 -21.9086565958422 107.369508065245 0.838778086708071 0.864372976276509 0.865821192966152
93.919 2.95198313134728 -9.00735382671456 0.539088820390783 -0.767561360354344 33.5323036676202 -0.391957780943893 386.215590482596 -20.7977909362579 108.272557258721 0.839156449530791 0.864438181300052 0.866111547833262
93.934 3.07714676622586 -9.01497854383558 0.611234654461935 -0.284698354089902 33.4660962016215 -2.04512841506324 386.294031434336 -19.9780118426322 109.265301532849 0.839118013763404 0.864743649731226 0.866249679611116
93.964 3.25485646513733 -9.06804888479504 0.709565022118921 0.467435603456493 32.0599445967265 -3.24672244378593 386.244628290903 -19.2402106583689 109.678771379564 0.839462383880591 0.864648189939606 0.866620237949735
93.978 3.34823640395074 -9.0809167715841 0.804706268186601 0.384814180515424 29.057766930947 -3.18769905436917 386.020165461812 -17.796189592532 110.470894241607 0.839519824960683 0.865055845109371 0.866584177071495
93.994 3.35129447170081 -9.09561028119326 0.85184658706954 -0.0399267795208513 24.9497001615164 -1.72083754587882 385.938148915631 -17.5765706332788 111.423804817447 0.839697842479184 0.865052763249627 0.866921285664077
94.024 3.30622256447061 -9.12307994994283 0.88062592572663 -0.616086773324491 21.0745774736091 0.386360712525861 386.164334024068 -16.718913569951 111.861424335702 0.839605267416959 0.865419961088389 0.866731659748862
94.039 3.22226294859514 -9.11021367400373 0.877557494282965 -1.21020328683174 18.357196062126 2.13398418325801 386.007900621661 -16.5470222129559 112.135281902132 0.83990091216879 0.865133134900254 0.866930967937701
94.054 3.17938013956784 -9.08714186867611 0.879404745733956 -1.58536616425543 17.2459039368295 3.24501324584824 386.467110559495 -16.0323199916603 112.501753711919 0.839788030137604 0.865245784326962 0.866616776325434
94.084 3.13324388342356 -9.11132839668277 0.896090890976387 -1.57034099821157 17.5381074362763 3.70142795179777 387.180399503546 -15.7490879924942 113.251578340727 0.839812906591995 0.86497637581497 0.866827572856615
94.1 3.06634271571566 -9.21952691687777 0.883694809090433 -1.85071147854308 18.6255180666945 4.24197217951875 386.922359553191 -15.0741791932448 113.146420506654 0.839455432647445 0.865104701150206 0.866647318222147
94.114 3.04366077568707 -9.18253106189043 0.874333984921579 -2.91296857496359 19.8721265653685 4.93380549591802 386.930123597872 -14.3467612739203 113.531778455989 0.839513568850852 0.864973136216688 0.866485089051125
94.142 3.03246469724098 -9.17652866523508 0.88530227595884 -3.16060301517715 21.1643032218088 5.04882189289111 387.297111238085 -14.0520851465283 113.63860061039 0.839312800459652 0.864854727776522 0.866462543062746
94.157 3.01783924783396 -9.27174286795596 0.840526083597407 -3.02087859152203 22.2181019072615 4.8882145127623 388.227400114276 -13.3068766318755 113.974740549351 0.839132108907572 0.864871757650063 0.866195193937974
94.171 2.94996884004885 -9.22641291099435 0.838714301129161 -3.70047012168281 22.8436199608101 5.18336252713493 388.104660102849 -12.3961889686879 114.397266494416 0.838969486510701 0.86451587816296 0.865954579725679
94.202 2.94766311529232 -9.28479578981679 0.823676168507319 -3.80217883470536 23.1821587280879 5.72380490037563 388.714194092564 -11.4565700718191 115.017539844974 0.838823126353516 0.864443195528166 0.865614291673816
94.216 2.98634924307126 -9.20320522984756 0.863472693788392 -4.14944186726536 22.5807367484089 5.43844731110143 388.962774683307 -11.0309130646372 114.915785860477 0.83869140221205 0.864130172253252 0.865555365157627
94.231 3.00470662547342 -9.14743091047609 0.869302189613029 -3.37571905458463 20.8669378827283 3.69994609144167 389.066497214977 -10.1678217581735 115.304207274429 0.838446078705495 0.863972324948631 0.865378733823367
94.262 3.02930870443456 -9.18779474539283 0.883706554411034 -1.73356699645441 18.5489463845318 1.27880644412956 389.159847493479 -9.51103958235615 115.533786546986 0.838478680020638 0.863830262374473 0.865343363092223
94.278 3.00590087285524 -9.24740577378324 0.912951062296194 -0.547233197572328 16.0734410590557 -0.597165803336831 388.883862744131 -9.39993562412054 115.500407892288 0.838254628733223 0.863826141318528 0.865187931964504
94.293 2.95203326920467 -9.29153879259632 0.943161693371262 -0.241364839647156 14.001211456967 -1.21454845964437 389.055476469718 -9.23994206170848 116.130367103059 0.838306375045594 0.863698697107379 0.865171641419246
94.324 2.95484820705471 -9.3024083355779 0.987350088796252 -0.471426828964883 12.4003269524916 -0.955689033527261 389.149928822746 -8.91594785553763 116.517330392753 0.83822632603492 0.863583997317346 0.865033382458824
94.339 2.99473118515447 -9.30943757114243 1.03735485891214 -0.590696359808853 10.8526606694562 -1.14179951948751 389.414935940472 -8.44435306998387 117.045597353478 0.838280902617121 0.863728100236804 0.865156007129675
94.354 2.99776544330986 -9.33802998498766 1.06643771427611 -0.685061838331784 9.48342513686174 -2.06349743013418 389.593442346425 -8.07991776298548 117.94103761813 0.838330021541101 0.863857792864317 0.865266369333441
94.384 2.95063703797882 -9.31887189539392 1.09081663457519 -1.23487626518563 8.73584598195419 -2.8846286031513 389.454098111782 -7.81192598668693 118.206933856317 0.838500698855143 0.86372718349859 0.865612206563822
94.4 2.94114173837863 -9.30426318638431 1.08905506522625 -1.67856421118615 8.99355909368243 -3.53357032298884 388.848688300604 -7.57073338801824 118.686240470685 0.83865430843778 0.864103751709911 0.865676948824173
94.415 2.9951444869193 -9.28159844153739 1.11913296334001 -2.03055511831181 9.99801997820732 -4.516854512064 388.903819470543 -7.35366004921642 118.757616423617 0.838792557062153 0.864072281720422 0.865858540502936
94.445 3.04548276707106 -9.22570612973228 1.1713421888833 -2.4618507515188 10.9631034765698 -6.1002835646744 389.193437523489 -7.27829404429478 119.181854781255 0.838663889849824 0.864537527712105 0.865898649369375
94.46 3.06163780609882 -9.16013996851076 1.19540602097077 -2.92864277560356 11.6958007625006 -8.21697276545886 389.45409377114 -7.0904646398653 119.44366930313 0.839053672358368 0.864586277592088 0.866304310732169
94.475 3.07851169753179 -9.15140870557692 1.2118560742959 -3.10753422323404 12.8224038923574 -10.4273365576153 388.788684394026 -6.98141817587877 119.499302372817 0.839151984590683 0.865000123996604 0.866299842575686
94.504 3.13721280915831 -9.17198169839203 1.2125353340767 -3.62655179327705 14.4699344954881 -11.8998700774263 388.489815954624 -6.94327635829089 119.849372135535 0.83961898070054 0.865002614248137 0.866665384617849
94.52 3.1887868430313 -9.12154435466367 1.20273188869317 -4.99901111776614 15.7259944810538 -12.3579746727371 388.340834359161 -6.9089487224618 120.284434921981 0.839660762098638 0.865374826987048 0.866624809072797
94.535 3.17534844154982 -9.11697191611503 1.1601505469098 -6.25407183805059 16.2625553382919 -12.2359176634786 388.446750923245 -6.75805385021562 120.795991429783 0.839950857382301 0.865339846939536 0.866957854465249
94.579 3.22861559457959 -9.08957314445592 1.14092109717259 -7.52713793668828 16.8614906441574 -11.8107991795735 388.302075830921 -6.62224846519406 121.016392286805 0.839706360137957 0.865555148806763 0.866640974200226
94.581 3.29523078740282 -9.07215664345637 1.11726995811459 -8.43320276897365 17.7303034118027 -11.5152154448223 388.711868247829 -6.80002361867466 121.514753058124 0.83986572413873 0.865254803846791 0.866849350943929
94.595 3.29509000903943 -9.13680730067445 1.0814990088844 -9.10056951497705 18.272540246195 -10.8598771064469 389.020681423046 -6.54002125680719 121.303277752312 0.839629740218743 0.865478610023292 0.866543321031039
94.624 3.24558288687389 -9.13645464601594 0.985978521600693 -10.4408942428687 18.0567366032549 -9.6586222202297 388.998613280741 -6.48601913112647 121.052949977081 0.839796766211438 0.865185918941667 0.866638275489115
94.64 3.27129629999925 -9.05778699894975 0.952143828000423 -11.8517666506429 17.8648034009446 -8.66909587606933 389.098751952667 -6.07741721801382 121.307654979373 0.839440906304944 0.865169829698693 0.866476950591396
94.67 3.33334415928002 -9.06024871272055 0.954433309965548 -12.1421625046625 17.362292526499 -8.13119392205018 389.3688767574 -6.12967549621244 121.356889481435 0.839374024860142 0.865031751910326 0.86633175818345
94.684 3.32873362698087 -9.07850543858594 0.917228938281432 -12.4378699183184 16.1451472433148 -7.68143330847112 389.49198908166 -6.0567079465912 121.641200533292 0.839187210868013 0.864783746639998 0.866201085016298
94.699 3.32841489074762 -9.00042536439288 0.888353837555553 -13.3307241478606 14.4787241220367 -7.10565638983775 389.662790173494 -6.17103715193208 121.717080479963 0.838892306495861 0.864807874627191 0.865836146435372
94.714 3.47776563189747 -8.96026041431834 0.822323225163733 -13.2831479162807 12.1018440762453 -6.34394571268603 389.456511156145 -5.91393343673887 122.025372431966 0.838753664340161 0.8643343708227 0.865755034443028
94.744 3.59524232645919 -8.8559968679274 0.828496797880514 -12.8197186208358 7.65349172968945 -5.04084885134109 389.93086004053 -5.74254009306498 122.00283518877 0.838502114620794 0.864032230018333 0.865558436180228
94.759 3.63860238641581 -8.91981782398744 0.784612751604006 -11.4873650793629 0.953791411682337 -3.10393953872607 390.297774036477 -5.40828608375849 121.802551669893 0.838529112344407 0.863760303294402 0.865505095213398
94.773 3.59610388025714 -8.89154434694758 0.702021478430228 -11.3287049073045 -7.05380146994391 -0.653087569586286 390.68799663283 -5.52745747538264 121.562296502904 0.838300017824616 0.863639442885666 0.865209755612763
94.804 3.66523513804441 -8.79672618353884 0.695983933343706 -11.0294222028336 -15.2919327733312 1.60993111103647 390.799196969547 -5.75471172784437 120.866066852613 0.83822060453604 0.863654403778602 0.86531474296822
94.82 3.64162115106492 -8.91645322720278 0.701144486904935 -8.96541128026015 -23.0329685036317 3.16649525184122 390.959277272592 -6.73924055505994 120.779460167352 0.838022360797085 0.863667868582245 0.865285771322591
94.834 3.49108167752185 -9.04012896847786 0.575424704170938 -7.55741977055475 -30.1533357754059 5.38343351291664 391.223349545333 -7.26531649955394 120.221514150617 0.838097333903069 0.863803584375213 0.865136099371834
94.864 3.33548486469291 -8.95960173218305 0.482088917389556 -7.60015107594202 -36.5486892207661 8.13134970360971 391.5810145908 -8.21878484959855 119.119362735555 0.838038189006648 0.863802131119195 0.865124992085844
94.88 3.21220714066716 -8.95841456540396 0.422627277429442 -6.89509780040889 -41.5991638101399 9.4113445042411 391.60291313172 -9.13690636463869 118.067426462 0.838238049574135 0.863800823188778 0.865361779438439
94.893 3.10436964822673 -9.0365942575452 0.317277336647099 -5.67658038678021 -45.0911558260724 9.35112608435134 391.742621818548 -9.60321572817482 117.2406838158 0.838291453802414 0.864046703786633 0.865451564411329
94.924 3.02772649043378 -9.02285964410758 0.185471973893034 -4.98449486718616 -47.9316585640759 9.82822721637422 392.168359636693 -10.5628941553573 116.31661543422 0.838465987890324 0.864020938589472 0.865655694531376
94.94 3.03284819048861 -9.07167030979326 0.11275596208303 -4.07383164000953 -50.9331491962179 10.8171602199276 392.791523673024 -11.9066047398216 115.124953890798 0.838623068569443 0.864368131291705 0.865839411639418
94.955 2.98173267056542 -9.14217556961593 0.0560503881001074 -2.67255534623758 -53.9444144292679 11.639260991828 392.932371305721 -12.4559442658394 113.632458501718 0.838890761727068 0.864433820813728 0.866004757036656
94.983 2.8534280157983 -9.10716877086357 -0.0118038939693333 -1.19003263604131 -57.0209653527533 12.8516707705078 392.399134175149 -13.3703498392555 112.109212651546 0.839131685568931 0.86486291289608 0.866030244249724
94.998 2.66511023910937 -9.0559703263944 -0.113155188017377 0.460268337486488 -60.1982581304551 14.0405494949837 392.699220757634 -14.25331485533 111.158291386392 0.839474688505565 0.864879124257665 0.866422746124483
95.013 2.45342643444625 -8.97685167968025 -0.150920804011782 2.06767661824166 -63.0227071265699 14.0723724080808 392.669298681871 -15.227983369797 110.002462247752 0.83953089912316 0.865263685995624 0.866406434428768
95.046 2.28194491313298 -8.9817805330135 -0.169287692607605 4.13419139916558 -64.5036425207831 13.2307840222345 393.122368813684 -16.1051850328173 108.482216022977 0.839833980704371 0.865239820047254 0.866638265149616
95.06 2.12533705454826 -8.98382230164208 -0.140986465157119 6.23909286993605 -64.836484375575 12.5290796658126 393.110131932315 -17.1946665295355 106.813994420679 0.839727791819626 0.865588312206254 0.866600401551388
95.074 1.94596304316901 -9.08735361899374 -0.117430722183926 8.0815957966829 -63.6856603654985 11.9624312412161 393.339118739084 -18.055199876582 105.552594978611 0.840011184131191 0.865531983636821 0.866935887695981
95.104 1.83205133515224 -9.10313922648524 -0.118197353601702 8.89175682770163 -60.6751095961242 11.157027811751 393.605206865176 -18.8896798889238 104.23733548075 0.839887274903764 0.865728071834319 0.866744801577576
95.12 1.81937321875356 -9.07772224979008 -0.108053559477849 9.49800099225972 -57.1045452013973 9.96422579393465 393.604686178658 -19.7607119000314 102.813601932675 0.840154718906915 0.865410434571592 0.866942795583543
95.134 1.74966409969803 -9.16671601983671 -0.0526561955354126 10.4405673052475 -54.2559227423262 8.54871924507554 394.024217560792 -20.9646407100283 101.832241739408 0.839889835510109 0.865495354031166 0.866874478941922
95.162 1.62306056471297 -9.27572038220851 -0.0591221640772979 10.8873502693792 -51.8753686360326 7.58163358010997 394.041795804713 -22.0481766390254 100.829017565467 0.839778061144791 0.865200988548753 0.866689533698923
95.179 1.45770190106298 -9.20928287310143 -0.0547661787510539 10.036019822594 -48.7649310090705 7.17690533660279 394.477616224242 -22.8433589751229 99.6261158089203 0.839550843524197 0.865059794875381 0.866523082980224
95.192 1.4205686147195 -9.21610774817532 -0.0454588381565176 9.57821936705214 -45.1777508852627 6.62868045179747 394.209854601818 -23.2590230776106 98.8435042280283 0.83947296835747 0.864808985308547 0.866249679863704
95.221 1.39379256026583 -9.18932987054407 0.0321101980105136 9.31429056011791 -42.2103574761257 5.24520171959482 394.448869141636 -23.8731207698496 97.8991538052254 0.839276260015609 0.86433537043592 0.866003617058836
95.236 1.32599993696783 -9.24998453378873 0.0276422223287905 9.12942638960231 -40.2328331788949 3.66800979191015 394.423982227472 -24.6658086928646 97.0492384247029 0.83884552717913 0.864280738573831 0.865782160534455
95.251 1.26307121054208 -9.23771562981782 0.0413381371651368 7.69434634606193 -38.6568781052802 2.61876606462753 394.041584004725 -25.3792278235781 96.4043145822326 0.838711562955103 0.86398396099435 0.865706447132203
95.282 1.24701707782635 -9.24061986334483 0.0951440018791804 6.42491171145573 -37.3499689207064 1.80803449633272 393.877425604253 -25.9613050412203 95.8838831240093 0.838337299824675 0.86384073481562 0.865390972339687
95.298 1.24160647292991 -9.31637648815536 0.138242186520593 5.93509229603535 -36.928712486651 1.11349058868418 393.789683043827 -26.0651745370983 95.3554948116084 0.838254158336093 0.863711831254762 0.865230780287221
95.312 1.28982834726625 -9.37911063499412 0.18505112655231 5.54921665421808 -37.7648488715737 0.742599545082936 393.950714739445 -26.7586570833885 94.3999453304476 0.838305951688176 0.863719553310788 0.865210204909692
95.344 1.32059862056423 -9.46591785610165 0.243998441045898 4.90421865291841 -39.625768564569 1.01337775851357 394.0356432655 -27.5627913750496 93.5999507974028 0.838225945013244 0.863602767900414 0.865191687069915
95.36 1.30058739637478 -9.57241568917434 0.297470008980112 4.42219373419145 -42.8257871279594 1.47692547884542 393.63207893895 -28.4065122375447 92.7599557176625 0.838153939005806 0.863621396291875 0.865051423544427
95.374 1.2487591986818 -9.61074306328059 0.323208632157036 4.05554687985628 -46.4867198655452 2.05213369431966 393.688871045055 -28.9858610137902 91.2239601458963 0.838215754290918 0.863514426583392 0.865172244106717
95.404 1.2304851131108 -9.72035576485658 0.327638765054156 4.42403799339737 -49.9403379553265 2.80493559206327 393.37998394055 -29.5072749124112 89.9615641313067 0.838271388047518 0.863665486576246 0.865280982612779
95.42 1.22942117897868 -9.7526878260052 0.361014711747059 4.97629068260725 -53.4890522513969 3.76413668934549 393.161985546495 -30.1565474211701 88.525407718176 0.838447928710918 0.863677843100124 0.865378847268234
95.434 1.25228594584644 -9.76245350919448 0.37884263505592 6.04889062198011 -57.5317500796923 4.39382989063995 393.205786991845 -31.2208926790531 86.8728669463584 0.838353724333712 0.863936021706845 0.865590249102591
95.464 1.2379088894431 -9.83343201233998 0.406439789921528 7.73026110176683 -62.999185758746 4.57734766493473 393.065208292661 -31.9988034111478 85.0855802517226 0.83864835191491 0.864168382452893 0.865780510753512
95.48 1.21383649968244 -9.94208424109865 0.453902431241112 9.17860903739168 -68.8977404653142 5.36694114271607 392.518687463395 -32.878923070033 83.1770222265503 0.838660725909112 0.864377507124337 0.865951746239341
95.494 1.1664935367984 -9.93763879077419 0.485066784541104 10.1378473702937 -74.3751419913018 6.89513252462767 392.866818717055 -33.6710307630297 81.2193200038953 0.83892465333277 0.864442259063097 0.866229045779132
95.524 1.10904082217953 -9.99804189625487 0.567343377876544 11.3026885874628 -78.8467880975152 8.5674513332336 392.88013684535 -34.3239276867267 78.6773880035058 0.839035867467644 0.864870507320512 0.866232104117952
95.539 1.07199786209293 -9.99470443865453 0.631995067425011 12.7472288890219 -82.6582924938705 9.70001917700948 393.012123160815 -35.0315349180541 76.5096492031552 0.839514475289805 0.864885959239654 0.866727337246925
95.554 1.00172863694931 -10.0225260556411 0.672344778860305 13.7747960764556 -85.8932266032621 10.4674218394612 392.950910844733 -35.3683814262487 73.8986842828397 0.839566707228976 0.865146649876868 0.866557106173426
95.584 0.914723883207779 -10.0507379085426 0.710874165491486 14.4637286825505 -88.6626825688901 10.9916720219273 393.31581976026 -35.4915432836238 71.1288158545557 0.839866207999606 0.865010890070684 0.866773869719808
95.598 0.850844669463761 -10.0691853502933 0.744054238852463 15.2417832952115 -90.7391624036041 11.2169323006506 393.404237784234 -36.0823889552614 68.2759342691002 0.839756796385338 0.865259087624796 0.86659898539902
95.614 0.819510032048101 -10.0316192513297 0.803305126002373 16.167223286301 -92.4079942548468 11.3334070095168 393.603814005811 -36.7341500597353 64.6283408421901 0.840037288240331 0.865112084043819 0.86693461315885
95.644 0.835182603577025 -10.0742446606388 0.851662948820837 17.5390505759915 -94.4641413942476 11.7389976062751 393.48343260523 -37.1407350537617 61.1655067579711 0.839784147910184 0.865350162200617 0.866743654494158
95.659 0.82839851055674 -10.0671176455942 0.927746136570437 18.5095729993084 -97.4558951937542 12.6292199830521 393.915089344707 -37.5666615483856 58.348956082174 0.839935733133735 0.86507031590126 0.866818575605922
95.674 0.748551411695471 -10.0846453257675 0.974134492502627 19.3799897451791 -100.52099269728 13.1304201221515 394.303580410236 -37.589995393547 54.9740604739566 0.839692748314247 0.865189247227867 0.866639220696523
95.704 0.678604384080044 -10.1278338922508 1.0086415597433 19.7549678698978 -102.532252206178 13.1479124610814 394.353222369212 -38.0309958541923 51.516654426561 0.839600682668515 0.865049227686583 0.866354203808373
95.719 0.619063796683077 -10.0940994227034 1.06184428828664 19.6603871134424 -103.901927748919 13.1873196882557 395.237900132291 -37.9478962687731 48.6449889839049 0.839391202895549 0.864799474838629 0.866097688609039
95.734 0.606178696826629 -10.1192839208933 1.09811486510373 20.0859514555333 -105.211734974027 13.3533205438576 395.854110119062 -37.6931066418958 45.0404900855144 0.839075899320644 0.864698432536268 0.865990422399328
95.764 0.582970228083907 -10.1447032270156 1.16547429896536 20.4834631802089 -106.950866820135 13.0561564284032 396.168699107156 -37.8237959777062 41.7964410769629 0.839045518574272 0.864359885560544 0.865893882810588
95.778 0.580697524209003 -10.2261787394276 1.22364373508522 20.7114527400506 -109.291658000717 12.7413804802193 396.63182919644 -38.0014163799356 39.2967969692666 0.838637859881927 0.864179066925194 0.865683399711032
95.809 0.546031092994673 -10.2048758869997 1.28287956270661 20.4235135729158 -112.539591437287 13.0993035008997 396.808646276796 -37.681274741942 36.20711727234 0.83852466238762 0.864016330153379 0.865617562391122
95.824 0.486759290450748 -10.1226759379177 1.36426381903666 20.5697118339448 -116.127617026383 13.603113608825 396.967781649117 -37.1531472677478 32.826405545106 0.838422784642743 0.863869867058746 0.865310976072714
95.839 0.408095984477344 -10.1736732862951 1.39285778377453 21.5608322536038 -119.086611048935 13.5481457593929 396.811003484205 -36.377832540973 29.3637649905954 0.838331094672355 0.863614176630774 0.865282381116635
95.855 0.344601324634441 -10.1927558668758 1.43481307662129 21.9032223106862 -121.316881241752 13.9757739315452 397.389903135785 -35.5600492868757 26.0073884915359 0.838121801919769 0.863507928888401 0.865009312925676
95.884 0.336537267062088 -10.1284675200259 1.52500586602032 21.891526033816 -123.153895407653 14.9186545536578 397.550912822206 -34.7040443581882 22.3866496423823 0.838186830913484 0.863536041181063 0.865010884284301
95.9 0.338317726814466 -10.0976624130733 1.61198529803401 22.2283276289077 -124.779727240933 15.3733539837882 398.295821539986 -33.9336399223694 18.647984678144 0.838245357007829 0.863561342244459 0.865135758772605
95.914 0.248222215262399 -10.0950171625192 1.65591000202577 22.6268689118185 -125.755189631344 15.4176979747224 398.846239385987 -32.4002759301324 15.6431862103296 0.838424500775197 0.863460377940718 0.865371469456524
95.944 0.192454937059295 -10.1160995908595 1.65875109448982 22.8565484328504 -125.745319523171 16.2217297039677 399.641615447388 -31.2002483371192 12.7588675892967 0.83845925988337 0.863740303063379 0.865460285427605
95.96 0.160699739717196 -10.0643250657335 1.71894848717707 22.2060080933821 -125.174604364747 17.4400147488381 399.397453902649 -29.1602235034073 9.08298083036701 0.838617013363185 0.863868775408234 0.865540219801578
95.975 0.117934415932968 -9.974572513689 1.80365220642201 21.4541095741202 -124.291495073311 18.5265476250993 399.717708512385 -27.3842011530665 5.47468274733031 0.838758991495018 0.864107860784144 0.8657354843826
96.033 0.0456275256244617 -9.96574097948319 1.8345752948771 21.4140421281586 -123.024940985827 19.4433585114444 400.605937661146 -26.5057810377599 2.70721447259728 0.839013092360085 0.864199577356923 0.86591122250552
96.036 -0.0214238901345482 -9.99609988400679 1.86833170600981 21.2359966939687 -121.094202612435 20.2318470877809 401.645343895032 -24.5152029339839 -0.143506974662452 0.839115462592228 0.864528906182411 0.865822602906161
96.049 -0.123070139236023 -9.99565009000309 1.94019203974233 20.7185038948008 -118.552721282489 20.8956852797661 402.160809505528 -22.1836826405855 -2.52915627719621 0.839460087826533 0.864578518215363 0.866235868915276
96.063 -0.201084386003109 -9.98698531141049 1.97535779708706 20.0977985434887 -115.469204879431 21.5061167517895 402.924728554976 -19.785314376527 -5.45624064947659 0.839517758512031 0.864993140557552 0.866238244940482
96.079 -0.268005177997434 -9.92208528414518 2.03962798089459 19.2819118189108 -112.0932767579 21.82802416058 403.672255699478 -18.1667829388743 -7.67061658452893 0.839948177229753 0.864996329152989 0.866609946746165
96.093 -0.299683039447263 -9.89192681218818 2.1023193881274 18.8911252171724 -108.799979616461 21.8314812865068 404.40503012953 -15.9301046449868 -10.323554926076 0.839957038974929 0.865369170401416 0.866574914988282
96.124 -0.342558322901066 -9.84431375896008 2.18657425809152 18.3249134588139 -106.014638143365 22.0574934631996 404.824527116577 -13.4370941804881 -12.2311994334684 0.840217506570964 0.865087423281978 0.866912949789185
96.14 -0.371868543524625 -9.79858897180919 2.27664915116054 17.4229564640776 -103.767372802311 22.5380036588644 405.80207440492 -11.4333847624393 -14.0680794901216 0.84007296509956 0.86532796751496 0.86672415746146
96.156 -0.471989154248609 -9.72667122529356 2.3534668391176 16.3898211230133 -101.509719491545 22.9254246670237 406.441866964428 -9.6300462861954 -15.9612715411094 0.84044786315853 0.865050340684169 0.866801028276494
96.184 -0.532589172806597 -9.68379231077202 2.41542016016495 16.1073275603303 -98.9816483057497 22.9672333453595 406.417680267985 -7.04704165757586 -17.6651443869985 0.840026893557326 0.865294593176932 0.866499830630347
96.199 -0.562588622110715 -9.68003691239745 2.45334133994924 16.0973581630759 -96.2827201163961 22.7659298581518 407.295912241186 -4.54233749181828 -19.1386299482986 0.840154204216163 0.865020303779943 0.866599134128492
96.244 -0.551879447642831 -9.70532765093676 2.50770141028476 15.6952559345546 -93.600249631474 22.5901002311153 407.906321017068 -2.34810374263645 -20.8847669534688 0.839889372288432 0.865020776053141 0.866318125897146
96.246 -0.556845821688057 -9.65243252012043 2.66783615359466 14.6272570586564 -91.4631254316854 22.8791818110572 408.155688915361 -0.0732933683728034 -22.5162902581219 0.839651023553474 0.86489760362933 0.866188815958624
96.26 -0.595792059078349 -9.618413995739 2.78412481911898 14.2820886046991 -90.82062968241 23.5378285154476 408.440120023825 2.03403596846448 -23.9246612323097 0.839436509692013 0.864663013187101 0.866072437013955
96.274 -0.619231799818158 -9.61329561862604 2.85981475801397 14.7492995915575 -91.1484903782911 24.3069464272617 408.816108021442 4.29063237161803 -24.5921951090787 0.838989751887894 0.864328008146294 0.865844098494062
96.318 -0.611836564162743 -9.65483728402784 2.90291629574712 15.463682609501 -91.7542520274849 25.0457174333905 409.514497219298 7.04156913445623 -25.7929755981709 0.838714593413754 0.864026503609567 0.865762191295849
96.32 -0.670961545365487 -9.64392175096807 2.98414492316856 15.5707494630547 -91.9276817865685 25.9258785144789 409.663047497368 9.1574122210106 -26.0336780383538 0.838466950787028 0.863879023169315 0.865441142086968
96.332 -0.738419526628346 -9.60411043600921 3.09998719430996 15.5098577228561 -91.7379670430262 26.7439776859318 410.156742747632 11.4216709989095 -26.2503102345184 0.838244072422974 0.863746290773087 0.865522990795005
96.364 -0.807271999548398 -9.60892184647933 3.16318467143505 15.9481849276697 -91.3748573616243 27.111564650163 410.421068472868 13.8795038990186 -26.8652792110666 0.838043481895326 0.863750566877281 0.865349596897007
96.38 -0.845716192511191 -9.63934884136631 3.23209326460954 16.6197786486432 -90.5923334575229 26.9752173454521 410.958961625582 16.8715535091167 -27.1187512899599 0.838116342891486 0.863630680110257 0.865193542388809
96.394 -0.892346829939607 -9.65757538377387 3.29028027947244 16.9700145242369 -89.3285199590989 26.9021230918229 411.563065463023 18.8443981582051 -27.1068761609639 0.838055297096223 0.863522782019936 0.865176690801121
96.423 -0.913006005378416 -9.68816489129492 3.3726958188012 17.1333184153247 -87.7178053677692 27.0706894085948 412.226758916721 21.6999583423846 -26.9761885448675 0.838253446854752 0.863425673738647 0.865284984637742
96.44 -0.928965643964872 -9.66092803015615 3.4749418275888 16.9787651997464 -86.2215973500762 27.3353761929262 412.584083025049 24.0299625081461 -27.3385696903808 0.838178690663163 0.863462011546285 0.865382449090701
96.454 -0.965954526593684 -9.66149420083439 3.51931859648245 17.1289802828252 -85.4872238746106 27.3842813217251 412.965674722544 26.3069662573315 -27.4847127213427 0.838238030782539 0.863618313042849 0.865470167098364
96.484 -0.995713064965963 -9.71377835161276 3.53435799118296 17.4023417965274 -84.8186541589053 27.3366928842091 413.24910725029 28.5362696315983 -27.4362414492084 0.838291436889978 0.863882444655298 0.865549113305261
96.499 -0.976347514895224 -9.70726381677497 3.60810763212814 16.8987488382487 -83.4963307277476 27.562565580521 413.864196525261 31.0226426684385 -27.0326173042876 0.838465972669132 0.863996702840961 0.865620164891468
96.514 -0.939166357136628 -9.65495317224958 3.76953211938835 16.2523854048055 -82.7902091053545 28.1147059690338 414.117776872735 32.9603784015947 -26.3693555738588 0.838496584587911 0.864346319118045 0.865684111319055
96.544 -0.972920522108848 -9.6374419782546 3.86710969968584 15.8431773986761 -83.40508132459 28.8414033110617 414.705999185461 35.5443405614352 -26.2524200164729 0.838903097622647 0.864537650122974 0.865988174350874
96.56 -1.02760041804478 -9.60025379544379 3.9586405071373 15.4787069870528 -83.5836571615967 29.535888934154 415.415399266915 38.2899065052917 -25.7271780148257 0.838763376354268 0.864833171671856 0.86601531983252
96.574 -1.06723552690177 -9.53488173621191 4.02372015530663 15.0804546089582 -83.0390319034523 29.8006206514257 415.813859340224 40.6409158547625 -24.5344602133431 0.839269233287767 0.864728759686173 0.866286262012993
96.604 -1.10589987408724 -9.44857343319619 4.17823943807003 14.77927937707 -81.8496325299009 29.7816272885732 415.752473406201 43.1768242692863 -23.6410141920088 0.839345989427142 0.865128357881281 0.866283598728427
96.634 -1.13674735759145 -9.42368812814561 4.24518150073276 14.4776873172256 -80.2959669868345 29.3118615062807 415.397226065581 45.8791418423577 -22.7769127728079 0.839667561977955 0.865118024744346 0.866650765155316
96.636 -1.16349254609149 -9.37321928252466 4.33918756826507 13.4436590435183 -77.6136985324259 28.8226600884771 415.737503459023 47.7712276581219 -22.2992214955271 0.839578014965852 0.865478696433636 0.866488191290977
96.663 -1.17283887768687 -9.31869936385471 4.38698220178891 12.3420412307695 -74.8546187555192 28.3739818658889 415.623753113121 50.3741048923097 -21.4492993459744 0.840002408038192 0.865309731971775 0.866711846325605
96.678 -1.16856130753369 -9.2734621560459 4.44741518430777 11.0795928328834 -71.9569431395092 28.2678813892237 415.521377801809 52.9566944030787 -21.044369411377 0.839752755728259 0.865528045335778 0.866543164344237
96.692 -1.14106875772248 -9.19007202946108 4.51144150912345 9.32964881677064 -69.5093404286118 28.3952917235838 415.129240021628 55.4610249627709 -20.1399324702393 0.839907480170002 0.865230410722904 0.866638134470994
96.721 -1.14517559511933 -9.15440556671883 4.54272900837285 7.97989004196381 -67.8446659277353 28.5168312535155 414.896316019465 57.7149224664938 -20.1659392232153 0.839667320646887 0.865209872301807 0.866353226205397
96.736 -1.22057807955271 -9.14367396771907 4.5390448583748 6.93838958738575 -66.1525657471755 28.6063695022097 414.626684417519 59.8034302198444 -19.4093453008938 0.839577797767891 0.864944054992331 0.86622040623605
96.75 -1.28311322194152 -9.11851307576894 4.55188999297494 5.95676436910519 -63.5457061190229 28.4686333153475 414.444015975767 62.22308719786 -18.1884107708044 0.839370606484988 0.864704819413802 0.865977270793948
96.781 -1.32760340626669 -9.08754841827749 4.54537438501961 5.02291999326337 -60.0689981025404 27.9675715105303 413.85961437819 63.860778478074 -17.749569693724 0.839057362551138 0.864613242653924 0.865758448896056
96.797 -1.36267660846381 -9.08248496362626 4.52035674288911 4.13665852828818 -55.9399608877062 27.2891349701643 414.353652940371 66.1147006302666 -17.0546127243516 0.83890221478991 0.864407088309236 0.865561509187953
96.812 -1.39238698592843 -9.06511895932906 4.53183849604466 3.14284000370364 -51.3841327378669 26.6106031525372 414.318287646334 68.2632305672399 -16.6691514519164 0.838635810025569 0.864345284659815 0.86513665454706
96.844 -1.3654363451397 -9.03823677073258 4.54127428488318 2.68580791173022 -47.6090782427062 25.683130623543 414.286458881701 69.9569075105159 -16.0822363067248 0.838649438208704 0.864165926114538 0.865125491743547
96.86 -1.37386162561138 -9.03702711496059 4.53330636223898 2.65463170070987 -45.0069490443898 24.7491687062269 413.597812993531 71.4212167594643 -15.8540126760523 0.838408311102483 0.864128238684587 0.864991847750695
96.875 -1.40903754963243 -9.05533148735736 4.51691754043769 2.61741280544804 -42.8703762773554 24.2078396218638 412.978031694178 72.0190950835179 -15.7686114084471 0.83831806848612 0.863846711094031 0.864995165626819
96.905 -1.45416326463608 -9.01889356872416 4.55573787135486 2.38849595238416 -40.523796664887 23.7160632932652 412.54022852476 73.3971855751661 -15.4517502676024 0.838236850131394 0.86384094516613 0.864750818984841
96.919 -1.51722205108751 -9.00435524792352 4.55895300366823 2.29315780752742 -37.7859208151922 22.8849149792058 412.266205672284 74.6374670176495 -14.8065752408421 0.83816375361214 0.863712020570222 0.86465464226786
96.933 -1.60533899450018 -8.99025318870734 4.54688285283754 1.77529240845407 -34.0287027794745 21.9490952370104 412.019585105055 76.1137203158846 -14.2259177167579 0.838097966744812 0.863595988433904 0.864691680692267
96.96 -1.6281410907243 -8.97013926967792 4.56451068960884 1.1870761447079 -29.7456798297713 20.9259414385002 412.09762659455 77.5023482842961 -14.2433259450821 0.838165379256023 0.863615294772016 0.864848475539773
96.975 -1.63106560002574 -8.94377677856218 4.58348820188575 0.695086087489016 -25.836760701756 19.8119732488487 411.567863935095 78.9921134558665 -14.1389933505739 0.838352520798572 0.863879728211548 0.864989590902529
96.99 -1.61484331450589 -8.92040969030557 4.60050811987161 0.595806486373702 -22.9591915018094 18.6109285957195 411.391077541585 80.2729021102798 -14.1050940155165 0.838520948186867 0.863994258041586 0.86511659472901
97.021 -1.58031152392978 -8.92942653682677 4.62845545966362 1.09042431101877 -21.2754860920865 17.1719731407277 410.931969787427 81.7256118992519 -13.7745846139649 0.838798853382749 0.864220795154161 0.865230898172842
97.036 -1.59077231918771 -8.9195851557271 4.6490590866709 1.67909180358102 -20.5189298492901 15.6830201014641 411.118772808684 82.7930507093267 -13.3571261525684 0.839048968059044 0.864424678555478 0.865580282519283
97.051 -1.6113200739175 -8.9191076582208 4.67568278577663 2.04171697436796 -19.8464261773382 14.471206640936 410.566895527816 83.513745638394 -12.8614135373115 0.839147750721291 0.86473149726111 0.865648217184088
97.081 -1.63645695642977 -8.91610413422001 4.7049711966521 2.21006436090063 -18.8541499718181 13.1332462821859 410.670205975034 84.2823710745546 -12.4152721835804 0.839615170218087 0.864760850186192 0.865955869629404
97.096 -1.63675421771124 -8.91028845575284 4.7227116487032 2.36768387900904 -17.3847655089874 11.4962575318299 410.883185377531 84.8541339670991 -12.0137449652224 0.83965733266443 0.865157239331298 0.865986245583197
97.111 -1.61523452666445 -8.90140320301203 4.72975967481188 2.24083915523027 -15.6981973550353 9.94052490841794 410.834866839778 85.4887205703892 -11.6523704687001 0.840073793966913 0.865020420579671 0.866383147324609
97.141 -1.58814549982884 -8.88418883180751 4.75914705533789 1.9007247053561 -14.0566218943409 8.70448768475172 410.3713801558 86.4798485133503 -11.2671334218301 0.840070094038373 0.865267665082883 0.866247335243341
97.187 -1.59135854727333 -8.86402718510747 4.78254312937564 1.6785911661182 -12.7120284071969 7.53403891627655 410.49424214022 86.7118636620153 -10.9804200796471 0.840319256128063 0.865243401225788 0.866741045259775
97.189 -1.60065478521262 -8.85970826405156 4.78438611029183 1.55577021744531 -11.0667797649505 6.37376479564126 410.304817926198 86.9806772958138 -10.4223780716824 0.840164539700949 0.865468347664389 0.866569443384991
97.201 -1.56460895333595 -8.84726191274406 4.80250492571529 1.50477334837254 -9.18376591059283 5.25852572065729 410.374336133578 87.7026095662324 -10.0401402645141 0.840404257224381 0.865176682818655 0.866908025346223
97.217 -1.52702017599857 -8.81349483172966 4.8273112912065 1.49933418147421 -7.81348092258698 4.35328383561446 409.77690252022 88.0523486096092 -10.2361262380627 0.840114419995829 0.865408301097969 0.866596127993103
97.232 -1.50294663883313 -8.78466075993365 4.85664004138883 1.77077480912832 -7.30007176162599 3.67902415434309 409.599212268198 88.6071137486483 -9.81251361425646 0.840232978010815 0.865246376169675 0.866562478110526
97.264 -1.46637655237673 -8.7861236542772 4.87070576594868 2.23186526714678 -7.10441573050156 3.10959502135153 409.439291041379 88.8664023737834 -9.91126225283082 0.839960268703619 0.86510064373421 0.866285135480976
