27.679 0.886544687588454 9.39610167411046 -2.27925611847859 -0.903297952993248 0.692259737845048 -1.31881464002152 170.445239571213 -34.7110693023382 11.7831967554327 0.840876984840256 0.866388135128454 0.867548101701394
27.707 0.878800017299202 9.38927931243511 -2.2810622917068 -0.906022486962699 0.790654051776626 -1.34938489658537 170.382644052682 -34.4099661348939 10.9663893719005 0.840590878427636 0.865906545033874 0.867290822934384
27.751 0.896181541439073 9.38729059686272 -2.30878969488801 -0.994412565584825 0.88432291171006 -1.42055901814254 170.265941682673 -34.0280725692641 11.1507753912394 0.840599291007649 0.865973631019231 0.867452398645638
27.797 0.915785201174521 9.38115473381586 -2.31220898639353 -1.1681459338489 0.820805375279041 -1.63500394973363 170.363412762965 -34.7147387811039 11.6481280669039 0.840744908731059 0.866151294311818 0.867570956211499
27.828 0.913252755705344 9.36650011252806 -2.29529828175967 -1.4013127102344 0.902562277640146 -1.94488755042928 170.496364338002 -34.4129384126942 11.3849837341922 0.841216124985258 0.866418389181357 0.867679306600102
27.874 0.943337638586859 9.33594314557583 -2.26268641451501 -1.61468161590055 1.16725865099539 -2.30154212195459 170.394055113781 -33.9224801142823 11.5018368246956 0.841219295050385 0.866856596147977 0.867988686179566
27.92 0.964564018966934 9.29975971703568 -2.24840342762666 -1.99781577300159 0.829525308832982 -2.58027965313436 170.047184642163 -34.1972088925686 11.8244878280035 0.841814218811707 0.867346644325692 0.868337226175811
27.951 0.985330729636517 9.27758581589778 -2.24915236639682 -2.8604445165893 0.0281750421394482 -2.43201125186326 169.706219560152 -34.0957392029806 11.5818351406828 0.84205678016208 0.867509674828602 0.868619543572769
27.996 0.977916452340189 9.24262610229261 -2.20414348989964 -3.91138753935336 -0.783285086096055 -1.844509266681 169.778037843723 -33.4735487544143 10.8332864639531 0.842126934309464 0.867641729535959 0.869081792502576
28.04 0.931796039116424 9.2286379960522 -2.16634553517594 -4.89906360153271 -1.06675099607368 -0.990541055629927 169.632210653416 -33.4375744910756 11.126962035802 0.842057288886386 0.867526341887211 0.868988814030512
28.088 0.915190250106011 9.23631163161491 -2.12745723302178 -5.63663846380638 -0.891854566361668 -0.634170316128943 169.556090629267 -33.7864353377712 10.8428392489996 0.841900637810299 0.867285666470434 0.868926199595653
28.113 0.922521228836136 9.23308817996989 -2.08736253253381 -6.0158298274389 -1.02644800027967 -0.935052001865971 169.692433409706 -33.4750126235947 10.6666997916897 0.841432684361617 0.866843661647614 0.868653866138721
28.157 0.912358318914361 9.23649266608628 -2.06065584562347 -6.70457788541635 -1.62157555198226 -0.946857770366398 169.568871061862 -33.6367602251117 11.2380268312687 0.840939683445558 0.866139550518624 0.868322284758604
28.188 0.905892083914085 9.25781730881273 -2.03459416038912 -7.67887602611854 -2.2833235253499 -1.11130593903495 169.432785560108 -33.8277757823405 10.8968017333276 0.840413882421092 0.865680458226864 0.867954539481546
28.233 0.890048119023952 9.26875764307837 -2.00712758409747 -8.34370637504915 -2.9060569410296 -1.76603567321373 169.262556303688 -33.5504983836958 10.9804094039954 0.840114453873733 0.865555926201026 0.867509046256306
28.278 0.877765173914398 9.27927126848442 -1.96523522880964 -8.88588307982034 -3.53390612223398 -2.30117591820388 169.304670605987 -33.5059036907936 10.8921316172362 0.839985875372998 0.865331457790408 0.867641220392399
28.31 0.860645354701992 9.29467061156662 -1.9119453083804 -9.40725995114303 -4.1641433483225 -2.86631890595889 169.176783190849 -33.5477819895428 10.8866266099614 0.839995550041617 0.86563113399647 0.86773622058663
28.356 0.837865883251302 9.29104915644379 -1.85612112100699 -9.91270498790677 -4.53578053962214 -3.12057327565876 169.523194384588 -33.3117034115297 11.1161675540687 0.840369567040349 0.865972408201227 0.867924039586248
28.4 0.803361387306075 9.29542406064647 -1.78691961438239 -10.5757032539449 -4.60245551953668 -3.07171015481031 169.413787451516 -33.054479763339 12.1360957187956 0.841037973546888 0.866137971464789 0.868211273510691
28.431 0.762322449202769 9.30280439343578 -1.70482346770498 -11.0446402463824 -4.28592790212242 -3.14266537806811 169.091167835728 -33.1761286083046 12.9082375322245 0.841705111058674 0.866604318989904 0.868788331668066
28.476 0.734767138806483 9.31093117706067 -1.63311820526361 -11.5392883705621 -3.79457869995581 -3.40456658982296 169.06984594694 -33.5746641727268 13.0056724011018 0.842006209870669 0.866982060485247 0.869145001853133
28.519 0.708891951319054 9.34192882121394 -1.55764306041147 -11.9458312137431 -3.41742554085733 -3.71876764004667 169.592575217021 -33.1894779799087 13.6965946448925 0.842250099908385 0.867053945314002 0.869323035860747
28.55 0.674752964629675 9.34857755476276 -1.46798128611408 -12.0839095426739 -3.06834369572803 -4.27533155943017 168.893985925787 -32.751477163726 14.2142416623629 0.842094263761841 0.867222797542226 0.869344460493035
28.596 0.636362389905945 9.35876949980827 -1.39100977707421 -12.2678140578101 -2.62551106529543 -5.11889642573386 168.472128599888 -32.8166965026181 14.837535746514 0.841829665182997 0.867138195407749 0.868881666185599
28.641 0.61688388875007 9.42332452821262 -1.31211890848575 -12.1254790051468 -2.09368686365265 -5.70340534148565 168.148424165909 -32.8635241671206 15.1684039546763 0.841248726251043 0.866736693317543 0.868506802796575
28.67 0.61053347356729 9.47010144405462 -1.23653959928353 -11.2801876124895 -1.90649704658155 -5.97739191438963 168.060223574386 -32.3794545753677 15.9944072032878 0.840879056770343 0.866534936890017 0.867956379541479
28.72 0.6227296435015 9.51519736705668 -1.16644385214352 -10.6999290653532 -2.42159085200587 -6.13199279416705 167.904781095253 -32.0713582060479 16.0274698346631 0.8404659359992 0.866371514183721 0.867633996970391
28.76 0.619787591593767 9.62113888876976 -1.11796818864464 -10.8229730772872 -3.38919851378887 -5.82515843808447 167.226872687155 -31.6898001468988 16.5342505660771 0.840257928866381 0.866127904068899 0.86737286708781
28.79 0.594366324044085 9.71695340009577 -1.04126955946899 -10.5101196429843 -4.36402942212319 -4.34028673179499 167.199766876596 -31.338738118988 16.9387429585225 0.839975619834585 0.865918357333075 0.867395666807368
28.836 0.592958637077035 9.70561247258343 -0.998297282688813 -10.3232732466952 -5.29448215253047 -2.7096017184028 167.201811170042 -31.7143778763803 16.8823817964032 0.840353423572653 0.866106522626031 0.867537322182755
28.88 0.542809100924652 9.84205371502098 -0.981619829925624 -11.0431490397468 -5.97524810080159 -1.32080792625741 167.143467047734 -31.610646079868 16.4887292550866 0.840659444600489 0.866493115395872 0.867762931879109
28.913 0.508203411502405 9.91478466624096 -0.947856149220575 -9.68724079853075 -5.33056164867219 0.0599165720979103 167.162208308665 -31.5206233246931 16.6318706966201 0.84088180470658 0.866917124381734 0.867933235053017
28.956 0.515457348491986 9.93239674512149 -0.912121872630446 -8.26811542848929 -4.1827931033634 0.490898835613048 167.639388730019 -31.2977048930014 16.9698152642623 0.841301524736927 0.867395672195035 0.86830499374336
28.998 0.536817540663137 9.99118863871015 -0.880878672427585 -7.33412006196182 -3.57607768089993 0.50678836219008 167.287904871315 -31.6991409633312 17.4535503640525 0.841880824857806 0.867660378682772 0.868716622905029
29.03 0.562546883473297 9.970371828651 -0.851118468836533 -6.43804183034175 -3.70448551694879 0.892330634442667 168.317202945765 -31.8383041802982 17.8393757948825 0.841984410513002 0.867763799657837 0.868913915514715
29.074 0.570279397670522 9.94995483835758 -0.82331964662912 -6.1195467070043 -4.52918288704913 1.26523056199016 168.96493438607 -32.2090263860416 17.8698943938548 0.841941844611252 0.867847570647639 0.868976157314791
29.119 0.552504949832277 9.9687435380119 -0.820087893266543 -5.34095497007806 -5.23818012324262 1.85193599185325 168.841596852717 -32.6413113726937 17.5106144590224 0.841920548715299 0.867558071171841 0.868669163745932
29.15 0.540436007164018 10.0076290812804 -0.788763699334703 -3.92312009064873 -5.17231521280362 2.29701471828663 169.3476934507 -32.3494622118819 16.9495977118082 0.84156263544888 0.867076792686458 0.868556535942738
29.197 0.549047631463904 9.97678130525726 -0.767305618818097 -2.06482651006669 -4.97415547504269 2.57187963173584 169.247631695067 -33.1390643916243 16.3931741465646 0.84127272570308 0.866798071352284 0.868120123655411
29.237 0.545368848023428 9.96223335408455 -0.760267526804754 -1.73052474032959 -5.29898959890672 2.74642860857626 169.322581673005 -33.0586421572157 15.9424710587173 0.84092407555477 0.866324974341114 0.867778839108136
29.267 0.544980760812627 10.0336001388635 -0.747874878474546 -1.27569450531582 -5.50935714763353 3.03132473019868 169.797291155134 -32.9755001473447 16.039401557561 0.840641668934639 0.86620144451911 0.867379074980397
29.311 0.552621142947567 10.0269253085702 -0.746354203551077 0.265618748404106 -5.35708310637705 2.93835013069757 169.839805835658 -33.4061551193492 15.7039152616244 0.840526742826545 0.865866687375024 0.867400695200364
29.357 0.560048856015953 10.0170775014982 -0.7326247248198 0.903166453382899 -5.33961899555473 2.96960559059786 169.982242726883 -33.5029856466729 15.5161713619158 0.840673661717183 0.865941346315563 0.867664447317088
29.388 0.585883306182943 10.0347666617879 -0.717535460993427 1.34629765166763 -5.59364100471994 3.42683091006365 170.409616608775 -32.789418373805 15.1600988031518 0.84103239182862 0.866359322584393 0.867865903237919
29.433 0.600895526450071 10.0369621988223 -0.702248576734335 2.09989041082788 -6.37268127489185 3.64275593791492 171.037789453108 -33.2134288827821 14.049680030553 0.841448986294282 0.8665746957596 0.868164183068545
29.479 0.611714673814541 9.98898906366321 -0.681666056312755 2.73266695796142 -7.35034511510515 3.63238803490192 171.768609457018 -33.2508773950535 12.9162408247479 0.841786427811469 0.866847440151768 0.868639441487521
29.51 0.61343324497309 9.98050140295026 -0.670333285329823 2.73773504510906 -8.22736732949471 3.19673812506445 171.874573660184 -33.7312106899933 11.4161550680458 0.842185630771495 0.867178988626357 0.868913531964601
29.556 0.625162255318195 9.9692448651037 -0.655928394745239 3.18733637890475 -8.63752631551667 2.62905253779076 172.584404664749 -34.6722806588946 10.3090856051171 0.842395430838054 0.867336917373841 0.869246414093327
29.601 0.637589668389654 9.90534190366125 -0.636527164037887 3.59067376462277 -8.60319020869828 1.88846385332044 172.805367778447 -34.8765473337046 9.65835934014485 0.842451680400191 0.867464839659303 0.869048488340386
29.631 0.65752597121076 9.86877768659452 -0.61771766388143 3.25600300125284 -8.31026345835858 1.17454121737276 173.542347900542 -35.3840033403007 8.32127106551733 0.84211917266006 0.86722338068029 0.868765116344498
29.675 0.693276895173567 9.86076827002889 -0.597567863816194 3.17774411040411 -8.06238210356053 0.827027241033767 173.581301799439 -35.4410427056436 7.43622956306904 0.841723520844137 0.866669474896799 0.868523388705285
29.721 0.714968742530965 9.83930488501185 -0.59913720321544 2.71145364545787 -7.84846843518174 0.458518019435825 173.720854457546 -35.1632445915713 6.75534594608592 0.841390261082556 0.866480489969215 0.868080805407536
29.75 0.736752935148431 9.8872094506035 -0.60295819105535 1.8364301245766 -7.26313729509263 -0.0437149080737759 173.899892110612 -34.6322281191728 5.7178302163296 0.841006632183899 0.866092714189609 0.86783318177865
29.796 0.744779423869346 9.95836984145124 -0.640200493117985 1.42941679785361 -6.1217671632235 -0.293882357982507 173.972912609596 -34.5861047765299 5.03344247522697 0.840695892775987 0.865778615808129 0.867423092543513
29.841 0.75820611333581 9.95278487019 -0.654798459091248 1.17851462916219 -4.60534895946295 -0.749113412255907 174.332059213773 -34.7647448689893 4.14308840493385 0.840583161430242 0.86552419611913 0.867313025782041
29.871 0.77820364213728 9.92641397658913 -0.681610517475559 0.402230437407631 -3.31605784800468 -1.37426277995782 173.560967963156 -35.1554433438813 3.18790160799642 0.840719360786178 0.865787252042735 0.86747038295224
29.916 0.775613138250132 9.93974547782126 -0.731968922164618 -0.503429986921193 -2.19738090268532 -1.47223682123148 173.254384050156 -34.8179091085438 3.4282003024771 0.840955853743444 0.866000327340855 0.867585523499847
29.976 0.774939379323534 9.92992394338898 -0.763487687532831 -0.75640424360464 -0.628733493007169 -1.54861869542651 174.134051080626 -34.9525063779205 3.41884224500645 0.84137438813775 0.866530149350886 0.868023347385293
29.991 0.788172263299922 9.93106051671893 -0.802353589304319 -0.74039736098388 1.03606938211457 -1.73781625779929 174.378581375307 -35.5295301661156 3.71126221845522 0.841813672733514 0.866971231140046 0.868377984732504
30.039 0.798896890183642 9.93131667807297 -0.838348035554195 -0.653996671557249 2.39440703920746 -1.52549376423727 174.468650913999 -35.3489194345537 4.11612239694873 0.842182509317702 0.867316581428231 0.868665240983745
30.08 0.803830924484419 9.9295788543624 -0.861380372124399 -0.410653334495723 3.40145443458247 -1.3735888803299 173.965607240339 -35.0826247419885 4.09605914152847 0.842228774925517 0.867596315161661 0.868885235567196
30.111 0.800022391588651 9.93084077091355 -0.886913902440432 -0.0344612620102375 4.1209032828515 -1.31268332894508 173.858141864675 -35.2749260410107 4.33180790463806 0.842266250067848 0.867711908205736 0.869063431179791
30.156 0.788976761072916 9.93237167995755 -0.897630195788342 0.209414622046517 4.62457288048376 -1.15495288575849 173.717094910387 -36.1566900932186 4.36076440275683 0.842183317135142 0.867336946871179 0.868863315842122
30.201 0.778030643284057 9.91514642621362 -0.916928678936915 0.286648744621037 5.09781243013841 -1.31047366952545 174.286846877413 -35.5269189755071 4.50421916623303 0.84190179841537 0.867021142268462 0.868590475496205
30.231 0.759653320143605 9.90509652042468 -0.939270205946363 0.335925941158308 5.9112891371144 -1.65392642040722 174.022345970705 -35.3108043701607 4.62641752464876 0.841433624451725 0.866641880274721 0.868270938338166
30.276 0.757127759939718 9.89076115235393 -0.942145702439341 0.728970241345863 7.09768618579549 -1.99464223259091 174.018100236271 -35.0937515398302 4.88739819496549 0.841054403541172 0.866087345329302 0.867900999001168
30.321 0.753573704610162 9.85881071141572 -0.973259146342886 1.48153459778023 8.16156855858595 -2.24619455954368 173.684661191379 -35.2599387472625 6.02879253792205 0.840620764321165 0.865873021523297 0.867478024493753
30.349 0.763090898363206 9.8370129808732 -1.00132808845984 2.07737126847679 8.88590870039355 -2.4252954558258 173.714575565017 -34.6505503852826 6.53332195571686 0.840509810089632 0.865600664748416 0.86736985302618
30.397 0.782196225635623 9.84376568410873 -1.02716441976046 2.73877759769521 9.21949444426534 -2.66441298334104 173.702806207664 -34.8529458120789 7.16999078413066 0.840533625653866 0.86572586798801 0.867393225417448
30.442 0.798850689281082 9.82592193722133 -1.04418930313868 3.75199764039266 9.04855385863355 -2.90626611955967 173.609273028208 -34.7048861077839 8.36969253514583 0.840918962617333 0.865950606256528 0.86753534465692
30.471 0.798508301276699 9.76420092221019 -1.06535359273876 4.51278221085546 8.56650419801226 -3.09575494615631 173.245511152848 -34.380957747305 8.71745095346812 0.841243554302078 0.86624363553403 0.867896430617936
30.515 0.809196410842713 9.77682127421194 -1.08131752412443 5.02443756025857 7.92413557596245 -3.39267601020341 173.166864033807 -34.562575775317 9.22713527230918 0.841745903228888 0.866591858091097 0.868533308924933
30.562 0.798568481601338 9.7694284601085 -1.12857518733292 5.79979442380944 7.37412233561356 -3.34386909498232 172.947159867384 -33.9656863780068 9.14797957057044 0.842039251528543 0.86709529080166 0.868938433431196
30.591 0.787439964077492 9.73710402084279 -1.16060502344377 5.92287165122458 7.16502382467141 -3.09044236388224 173.141199492581 -33.8782059661855 9.01186345216206 0.842402591892752 0.867392445780283 0.869266584281268
30.637 0.786368632622472 9.75592621275424 -1.18097070615834 5.79821306039267 7.45962349645712 -3.24295297123317 172.968371588991 -34.0293468326103 9.45960939625127 0.842558848346229 0.86738635740298 0.869409603555948
30.681 0.771788065919686 9.72861517755188 -1.2240724711288 6.11922433464326 8.33267671151958 -3.45694457845459 173.122380987082 -33.6417709344143 9.39628361096353 0.842205978696351 0.867381425817365 0.86918067180511
30.711 0.768477214658678 9.6965393778014 -1.25559111241717 6.43557934464882 9.65252157144537 -3.73004877267036 172.623128599537 -33.3278344568756 9.21298972488046 0.841793833733532 0.867044824188319 0.868859988628381
30.751 0.768752267917376 9.68019464916245 -1.29629447302637 6.68075820046326 11.0984661369929 -4.02126316998513 172.668734165625 -33.2715459100692 8.48252167715317 0.84133352603119 0.866772176868791 0.868353451345243
30.797 0.80648022758753 9.65267399348882 -1.34033139363476 6.81080345535234 11.7732690213459 -4.10310103028337 171.829674674156 -32.9499521871561 8.87484255849407 0.840834056100486 0.866452440843807 0.868066616411442
30.829 0.840643150338636 9.58739441029662 -1.38709243745202 6.07094927211784 10.847034930191 -3.80855000246846 171.972036486066 -33.3674612715964 9.4266224723802 0.840556106148423 0.865946396928338 0.86795760375951
30.874 0.835951499154742 9.56515768217913 -1.4441943277377 4.81174371957575 8.93647997284399 -3.31950565467121 172.399349553714 -33.4656436299931 10.269564202628 0.840343613715497 0.86578355909204 0.867856848709289
30.921 0.806988198288845 9.57647501298563 -1.51115070985368 4.45064218384873 7.73862511388149 -3.36009729020735 171.701473138508 -33.5211713402944 10.4843470041286 0.840285318099041 0.865874012406345 0.867910879523311
30.953 0.7930508633158 9.5587851039937 -1.58266553598001 5.30868429105487 8.25271382316004 -3.88908338522062 171.778193242192 -33.3081487856385 11.0843210733442 0.840604279166862 0.866181594515382 0.867954644482669
30.995 0.805075162207894 9.50413193307523 -1.64788887845533 6.04476710018193 10.0348508685154 -4.1689361679829 170.814336526175 -33.2496005163672 10.8323000694088 0.841089612730719 0.866442932346244 0.868211709864445
31.037 0.89722925263664 9.44651514353141 -1.73324500816183 6.81038348855194 11.8556337836501 -4.14676196018829 171.047612586202 -33.4841764182574 11.2341630562211 0.841356561438485 0.867011576646288 0.868530558340617
31.068 0.993002895601559 9.39203448404914 -1.813534455604 7.85587627458204 12.1483305403291 -3.29773214958458 170.570566194824 -33.6921828987885 11.4696720755391 0.841559757143352 0.867472178529324 0.868911877742323
31.113 0.996347320985054 9.38842695277072 -1.86848932867883 8.15783993508321 11.1208347605673 -2.10230807933145 169.992158617807 -33.5006681480187 11.3724343811867 0.841850666210712 0.867722348813546 0.868974506719154
31.158 0.931318352478858 9.40203684439382 -1.87844845887191 8.21609462222656 10.5336776827771 -1.50767870456381 169.925648480424 -33.6155411998951 11.8276718487612 0.842086302555274 0.867813995463764 0.868901912545939
31.187 0.870755995695864 9.39968328550258 -1.86738569062248 8.4070977127058 10.9827369383166 -1.60450219344478 169.847775269143 -34.2005883719151 11.5604141974966 0.842037559649956 0.867530875272902 0.868953615888127
31.233 0.825956182044655 9.38512355197059 -1.86260272624343 8.63654304042147 12.2588413475174 -2.04361624233913 170.510697968006 -34.2964765812512 12.5499354999722 0.841771102797728 0.867066986551137 0.868897689100321
31.28 0.821217923217165 9.36977470783348 -1.85156388347767 8.79056169480246 13.8262263769853 -2.55441312576034 170.249665354085 -34.1041460308135 13.0814477549775 0.841681593293842 0.866666530912983 0.868531854721059
31.31 0.835719518036693 9.33969689948404 -1.83928250079345 8.43379008729381 14.7797777165031 -2.98579218911779 170.242228936809 -33.4923582849589 13.3079726815318 0.841267620227078 0.866231047607093 0.867989017626865
31.357 0.866020878214191 9.31208974172538 -1.83444021217071 7.64740050505913 14.5352077366271 -3.12810999379609 170.050205438815 -33.0748102108167 14.0734578720407 0.840919940119208 0.865989420368308 0.867549319580567
31.401 0.932295913743402 9.29208619932722 -1.86405473945891 6.98218066863988 13.0011518544542 -2.83850191940232 169.73266640544 -32.6585962707615 14.531500876353 0.840752142486046 0.865929645801136 0.867304278402053
31.431 1.02162235831262 9.25195932256894 -1.94206768332588 6.69465031106395 10.2706276585964 -1.70407205089908 169.367459788407 -32.6934629793169 14.4585157098459 0.840742546949603 0.865868882375174 0.867450978814195
31.477 1.1000041979808 9.20093142879854 -2.0528788171959 6.40037667562593 7.01966641873029 0.00252606625265894 169.551642428609 -33.0937050132467 14.7833977249752 0.840986969119441 0.866177439190133 0.867582124908285
31.521 1.1362055662065 9.18331938538163 -2.1560613407919 5.25995396221883 3.63035728008756 1.78586290755778 169.712830367174 -32.9739010607298 14.8185521572299 0.84105892800161 0.866304046565803 0.867922274222795
31.55 1.11434663210902 9.20755235610504 -2.22839839739856 3.63338713687817 0.29829932053505 3.26570926046532 170.005392597411 -33.2188598591911 15.2010272473562 0.841356926263342 0.866763978629378 0.868320712408585
31.596 1.0688561837715 9.23131699531337 -2.27268606008527 2.18525732132933 -2.21639281754218 3.91858327960286 169.918368003903 -33.5852764859448 14.2028320703586 0.841610491694674 0.867234708437668 0.868876977175359
31.641 1.03528298825841 9.23608741210837 -2.3240854736265 1.29288285775768 -3.37642322037711 3.39199138777603 170.177878083161 -33.9720739536153 13.7362939769904 0.842043122516892 0.867505374065449 0.869216804714041
31.671 1.02846335382824 9.23145809300761 -2.38799705712379 1.07990687050891 -3.39444479323828 2.42018477982377 171.276081247361 -33.9853799024284 13.0823981213622 0.842393553482887 0.867588454830899 0.869258413264204
31.72 1.03264793911941 9.25457125194566 -2.44694802594969 1.1388467025168 -2.62568348862988 1.70080768692443 171.517625810362 -34.296157720967 12.1327424783034 0.842324284411401 0.867434377811573 0.869070010670847
31.761 1.04134061673371 9.27283203803534 -2.48522324403682 1.24948872980196 -1.12458988533219 1.23047865388971 172.307276906393 -34.8178877539833 12.0055214074258 0.84201598190914 0.86719870658363 0.868770353109628
31.79 1.05979603110414 9.27037902160941 -2.49306825461837 1.39987213068158 0.522135627995433 0.716153358505624 172.028894294179 -34.9464890807265 12.3404723400149 0.841639936335891 0.867020281874533 0.868293315560592
31.836 1.06878336030955 9.2636994952203 -2.48433328238041 1.3352704716536 1.89315886630989 -0.0557173063280019 171.761404378285 -34.6126561553884 12.329782595412 0.84119593693907 0.866542044163739 0.868017906425875
31.881 1.07928929253975 9.27571885026845 -2.46839342096644 1.30034770799362 3.15895486491712 -0.898108117362323 171.406737546411 -34.8402514858646 11.6311239022838 0.840849229627676 0.865907613882765 0.867683833746752
31.911 1.11602673088405 9.26519362163798 -2.45138804037522 1.40694576561223 3.9980664176821 -1.45403246055966 170.675457412593 -35.5286037035504 11.3412103608498 0.840694866987905 0.865863382547847 0.867524226156664
31.956 1.14838774656716 9.25730267550675 -2.44443115407737 1.24329019228331 3.87446433267365 -1.67387316328234 170.8211205042 -35.0481689998758 10.3923803922884 0.840569833249691 0.865827555166563 0.86751826765314
32 1.16240769824312 9.25970359069867 -2.4127112716412 0.671187193154065 3.05549168198474 -1.70621894164801 170.825107608402 -35.0970168898994 10.2418281177536 0.840582244413514 0.866020640506711 0.867513441265285
32.029 1.15517288906127 9.26760992181737 -2.42212913641136 0.1297684966838 2.07968108683512 -1.73760986181885 170.384337162806 -35.9525836808185 10.6958807753804 0.84083217233369 0.866312559599221 0.867964960775298
32.075 1.14484151556916 9.27733606006379 -2.42672293652226 -0.317177594022 1.42370198567996 -1.797616659829 170.051313101873 -36.273592781463 10.9436634280581 0.841034613949032 0.866660005344156 0.868343118197481
