24.446 0.319296131300123 9.66473126252023 -1.34897316544922 -0.374983343443895 1.05587964093706 -1.40655990983507 193.520187660714 113.855486887811 -101.50260807031 0.840691691683368 0.866071741577712 0.867533517089325
24.492 0.321872702351635 9.65907483210184 -1.3727300072733 -0.607934981471998 0.906102203815508 -1.33709978650839 193.537352005178 113.708944379127 -101.555112536951 0.840440790970557 0.865996325980754 0.867069126422439
24.533 0.321804945171132 9.68963404791667 -1.37206525872836 -1.08792351819843 0.781042021731783 -1.41618059806417 193.389255124194 113.200244947093 -101.42364115493 0.84023756139318 0.865799295850973 0.866915321943969
24.563 0.297131682381239 9.7218808519906 -1.39288309344906 -0.690760034473549 0.528292892564577 -1.41336582641671 193.383296650598 113.634198407145 -101.563149335493 0.840451907743339 0.865886759181082 0.866802949721868
24.609 0.286525625244396 9.80877756916818 -1.43350799098312 -0.096767536320521 0.402192052137612 -1.12910112855784 193.060470286984 113.727700709788 -101.68215096175 0.840613045299786 0.865957604478469 0.867401889244203
24.653 0.292611176160027 9.92986122720542 -1.49107443535235 1.25696180703076 0.0934091500177256 -1.08335054008605 192.804980932457 113.365437574928 -102.180542279017 0.840882072783089 0.866360172936093 0.867653231198882
24.715 0.330436803354333 10.0558613058131 -1.56639178144499 3.22729936903843 -0.487773702989459 -1.89155973899642 193.56403455529 113.570004435692 -101.894239246004 0.841339548867445 0.866797000309173 0.868102787559216
24.73 0.315507916249179 10.1743935088439 -1.61063941472299 6.10327279426464 -1.73662341697871 -3.85231606034282 194.046867989785 113.07570359291 -101.770333789263 0.841710104495774 0.867150830481369 0.868589711124964
24.775 0.26447382803882 10.2124827926854 -1.6952558827833 10.0238036351101 -2.99093977691306 -5.74365845162578 194.809963071726 113.911319910257 -102.161970369303 0.841997933554677 0.8673141092764 0.868861336299342
24.806 0.241816974841169 10.1612558927789 -1.82155532346893 10.6948534635231 -3.35296656281103 -6.02213433818329 195.338070088098 114.570169127308 -102.617195999136 0.84200383226955 0.867446365100376 0.868982275482174
24.851 0.238853654217437 10.276199233829 -1.86366166981509 8.83962519858351 -3.45628459526625 -4.94136392843228 196.011836771359 115.66183699312 -102.6799287593 0.842008610228598 0.867306434582565 0.868834536065352
24.896 0.193513358777651 10.3921739665292 -1.89104608369951 9.33368419711219 -3.71752945346337 -3.65998569806068 196.851587784801 116.624087964427 -102.556742295033 0.84176028582107 0.867218532833673 0.868345303754729
24.945 0.176402216000527 10.4492368501598 -1.96290714120069 12.0676887798135 -3.94654236875571 -2.36932123985664 197.531786105689 117.163511251186 -101.964961258977 0.841192528967883 0.866925226898082 0.867936556597585
24.972 0.143460403554606 10.4417497857174 -2.04082486675095 14.9333011940917 -3.98112679960816 -1.91983722718464 197.782746745608 118.344444113461 -102.481618619771 0.840593076699971 0.866217991897583 0.867383365881311
25.044 0.117723244858388 10.4279520233916 -2.14208983672845 17.3275006847715 -3.42539973058337 -1.81331242882872 198.094024863943 119.504999731903 -102.540111082015 0.840360912834005 0.865880090751588 0.867157386920117
25.059 0.105136142899999 10.3774032487036 -2.24427961734416 19.9945121958863 -2.73991729322291 -2.09718001391615 199.900160139793 119.851049782841 -103.601489976432 0.840299330385032 0.865606390823331 0.86709780422709
25.09 0.0777921202174142 10.2512011537736 -2.40688799874247 22.1647915198893 -1.80872232048766 -2.33001352119574 201.687129713233 120.743350324102 -104.26920688091 0.84036313709314 0.865607045843152 0.867061874610183
25.151 0.07562906043102 10.094635139299 -2.51778917268486 22.5836338028661 -0.766591797152256 -2.94929568499298 202.330575067719 120.950113762522 -104.594057573537 0.840414820526707 0.865743246080207 0.867365378665186
25.167 0.0706088966118487 9.91609591485857 -2.62855642092241 22.7066365100925 0.377686598505146 -3.63572339797408 204.411765804852 121.057592147643 -105.193186634565 0.840583004654315 0.866198861393754 0.867623657629879
25.213 0.0501722097166752 9.71178563491361 -2.72984189641605 21.5283297716482 1.11394141196474 -3.68463060884756 205.76753030193 121.582649639591 -106.032481173998 0.840946208896597 0.866690961933734 0.86782042291114
25.272 -0.00269556196407636 9.60043918654565 -2.81094338804707 20.4105425348824 1.67206353605785 -3.44966529698332 207.189699544563 122.487946208069 -107.264309750938 0.841479863609799 0.867323349454446 0.868447172666937
25.287 0.0377518781719636 9.40116276510405 -2.9300382800031 19.1909363998196 2.34276841077175 -3.28262583712137 208.011656631096 123.203236428536 -108.60409089826 0.841785952448534 0.867601797262895 0.868474771963644
25.332 0.0222232570196594 9.25863907293436 -2.9961646163835 17.132368407518 2.16932180203809 -3.52961395096908 208.749441871188 123.818621507114 -110.06131362759 0.841907563861492 0.867716348707736 0.868730955660914
25.379 -0.0113341176255764 9.11313570678557 -3.08308415662675 15.6293558146697 1.90165447644475 -3.15952165142999 209.497047915662 123.471083420762 -111.463664038348 0.841879598823529 0.86758678341635 0.868704636188765
25.408 -0.0435553868371069 8.98756869637632 -3.16247921239989 13.4651980572107 1.47018745416452 -2.72562475139875 210.690608811687 123.669577570817 -111.891567871062 0.841643154528322 0.867223509870051 0.868461944976986
25.453 -0.0460118730096851 8.86679553511706 -3.21943304073654 11.4320776019132 1.2850503111557 -2.099969789091 211.297393137466 124.514357832362 -112.11816997556 0.841464266703846 0.866558465301519 0.868043504973152
25.5 -0.0202049439264194 8.68917058560852 -3.28672438936226 9.56471568197719 1.15050907264681 -1.953036597866 211.254888441348 125.396629844213 -112.583717680204 0.840952753482932 0.866267111931497 0.867827892214493
25.528 -0.0110089802087757 8.6086568890951 -3.37549142005247 6.68574031308854 1.48946960075231 -2.27478407175238 211.508459637492 124.971270173813 -113.212811320965 0.840436844832511 0.86603111570178 0.867542131640993
25.589 -0.0198228625736181 8.56014636514018 -3.39150006383045 3.96499163833454 0.998684117067387 -2.37654456376828 211.869852306368 125.094728840788 -113.854377169982 0.840133053426982 0.865951072994694 0.867174995905457
25.617 -0.0123455060827783 8.47915780861694 -3.41273903603952 2.29065086063877 1.05748375314519 -1.58034460810269 211.076580368158 124.588730361039 -113.996045507685 0.840127261557548 0.865886238401955 0.86712439986966
25.647 -0.0106462942229729 8.42333139080614 -3.44277552408016 0.376419563529616 1.37587481714684 -0.30687302569295 210.770030098208 124.634871592441 -114.350796861225 0.840110072851102 0.865957182647377 0.867317595963212
25.693 0.0449587372541142 8.39300397922631 -3.46533335993737 -1.36113068789216 1.99445860188894 0.145096971326115 210.413724379549 124.768245989877 -114.542145457592 0.84058835359143 0.866359831252908 0.867708005777286
25.738 0.0720063846564062 8.40489039213388 -3.42228971578221 -2.04808837627662 2.26734352859875 1.09485679104896 209.921116747434 124.612279251801 -114.76913782065 0.841089315322159 0.866919911148339 0.868147154967722
25.768 0.0932805162933639 8.36322870420071 -3.44985914461422 -0.760783645852762 2.33525054824132 1.4792004129634 209.462104565422 124.881946193959 -114.977001634726 0.841393726832316 0.867127064616646 0.868514779883564
25.812 0.146144272688668 8.34142975369085 -3.39995733925116 0.355826315561553 2.23727813491516 0.496014929920202 209.588304697992 124.986376417106 -115.139371324128 0.841867542978381 0.867528808087355 0.868689773151518
25.858 0.111637183314511 8.35437048604867 -3.40372784637425 2.28028038430715 2.29341666332708 0.334825528349867 209.102526805373 125.322964897856 -115.378890772544 0.842024091233856 0.867620271137249 0.868954300612438
25.886 0.121107812932748 8.32908316926094 -3.35949047564905 3.19122558457123 2.30720948202776 1.23304073903209 209.207046712352 124.725601567264 -115.854901525761 0.841911196735472 0.867694356207663 0.868811876420866
25.933 0.12455325693529 8.36372089172905 -3.32844661840943 3.74420570060194 2.387999985786 1.25219811311981 208.955707837005 125.249737269483 -116.492470235866 0.841567557637425 0.867409289084462 0.868548809564988
25.978 0.111093422996196 8.45639688319225 -3.25335206078499 3.6878447854265 2.20198991215078 1.49756291437514 208.482123347974 125.068287188282 -116.390900891052 0.84103641913913 0.867079739461221 0.868126074694894
26.007 0.133578100893921 8.49124194405943 -3.15167440061249 5.10799397085195 1.42582556930015 2.62264428125455 208.662519911859 124.669312622508 -116.704629721752 0.840720020209725 0.866701566543675 0.867647989779117
26.053 0.273978772179446 8.50101304561099 -3.16716054716137 0.964956032420617 0.692017947774342 5.79640293651848 208.802641128606 124.112143224232 -116.988750074619 0.840450804876875 0.866506484203184 0.867384201262878
26.098 0.316493772424351 8.4852550666855 -3.1405172163956 -2.42571385801411 -0.0277860729898061 6.20462836331279 208.832139314171 123.876836011628 -117.386887560441 0.840245672657298 0.866002407784406 0.867158063579186
26.128 0.30412428207223 8.34872882043066 -3.32968573509824 -4.58520990438074 -0.226552520648461 5.84872607352 207.914032844478 123.956237169418 -117.319378923958 0.840205985841899 0.866051279847162 0.867233872287926
26.172 0.395810676494139 8.42225063705983 -3.44102564333607 -10.0810429233118 -0.132438839435177 4.50181926458937 207.452366604028 123.822552107229 -117.078696928406 0.840300160067844 0.866214189862441 0.867270626217306
26.217 0.377774196162231 8.64887671093423 -3.42856557897499 -11.4935073633024 -0.268191490476844 3.4774659707296 206.142416949262 123.678267206855 -116.967744512009 0.840729855492655 0.866580325857364 0.867559091440811
26.247 0.492541324107319 8.58636188726054 -3.51729959272081 -10.5407333306871 -0.348761824843496 2.88735812331388 205.057357728902 123.345396437553 -116.853873054727 0.841065158075653 0.866987764855543 0.868001937417474
26.293 0.49235627791967 8.61982121644959 -3.46960171658213 -11.8807420894596 -0.386771887283537 1.71868374400638 203.620459760411 122.805771114418 -116.191637174329 0.841563196383216 0.867329973737783 0.868347959678516
26.338 0.454413918860413 8.7381422691407 -3.45809872631943 -10.644698802386 -0.41168217526455 0.650988794477229 202.834572405933 123.130674602678 -116.093226111206 0.84197962347396 0.867496171652396 0.86851773308747
26.382 0.400750142607294 8.81266194065594 -3.51295788511256 -8.14014496123035 -0.604683936010087 0.216461228870067 201.634003648806 122.92584642817 -115.845513150077 0.842064437392087 0.867630791963232 0.868765754171213
26.413 0.421997752230658 8.92375599264054 -3.52445558323405 -6.62199070103933 -0.305213835496415 -0.998788542019826 201.063542955533 123.053935606817 -114.966865651562 0.842006666383311 0.867505668040016 0.868856146626554
26.488 0.450137847480623 8.80283102476943 -3.4243058209349 -5.13266742967392 -0.15233771056889 -2.30336986407423 200.607469793981 122.707687841522 -115.005161177766 0.841859633582808 0.867392244298653 0.868707992076041
26.503 0.475463195236656 8.65390921511573 -3.39886765184311 -4.64150641956259 -0.0856836218966789 -3.56534791051081 200.220050533125 122.769227151633 -114.14218055399 0.841399470937349 0.866929989688472 0.868477118047836
26.53 0.413059536128866 8.45017982712826 -3.40394654320547 -3.64733012350982 0.309832907485064 -4.78503104415498 200.542240931831 123.095073992823 -114.067166248732 0.840912780571901 0.866444449215238 0.868290110084989
26.605 0.409067822836636 8.2921800065544 -3.35292793693109 -2.55319236187502 1.11615549475756 -5.41892858088004 200.965215154783 123.341009934186 -114.096404661473 0.840518561375889 0.866162275670906 0.867928477995918
26.621 0.440370897062289 8.11716605517173 -3.27912553230316 2.08901342352246 1.67736839350171 -7.09559169249756 201.193824275375 123.474218046691 -114.558087775793 0.840199243827118 0.866057312569686 0.867487936452947
26.652 0.383701035176426 7.8455792054261 -3.26297392670618 6.31423827763334 2.19584397125547 -9.08071171367112 201.270997663053 123.36611661782 -114.776051098392 0.840054555235241 0.865737580749022 0.867501069315672
26.714 0.346908385528838 7.70242974218006 -3.2529916167427 8.09514369190591 3.21649621213678 -10.2896512972339 202.275508107073 123.632554460434 -115.222601389698 0.840051180730033 0.865960093592948 0.867622698214481
26.728 0.300789855548451 7.63384194866402 -3.19881756724286 7.19958547441325 5.07574361122011 -11.8717167874007 203.299161566729 124.214369112951 -115.446307125655 0.840414627897966 0.866238865474374 0.867832086464808
26.773 0.158160798429702 7.79633775585316 -3.10577764206437 9.02135889076329 5.59326072203485 -13.5592203687869 204.776320869051 123.941638981491 -115.303508771781 0.840948597510453 0.866587994342775 0.868013874241288
26.818 0.178412424395677 7.74790347436142 -3.2048269142268 11.5071480297625 5.47725874210014 -13.4180066666563 206.416819903931 124.044727575007 -116.387842105142 0.841519162138099 0.86709216116552 0.868394908423564
26.847 0.0126833321301728 7.87545771900265 -3.25070002316852 11.9197212018176 5.38543454293317 -13.0328602091519 208.015624122184 124.158229335756 -117.284152105165 0.841981319486492 0.867500536291943 0.868703546111208
26.892 0.0482395526603219 7.78430166917834 -3.3899579928113 7.98772226507529 5.61288900267663 -12.4366931052909 209.742655538969 123.746165761962 -117.434163205184 0.842229938697202 0.867473910717425 0.8689535426382
26.937 -0.177397705928818 7.98607379409683 -3.30365511630896 2.22066572173389 5.24094390896197 -13.1808206519269 210.757550986565 123.54439426719 -117.507672196199 0.841951910105384 0.867562969518999 0.869045170982772
26.968 -0.16811299900833 8.14709113590459 -3.37871273609487 -0.999123360815398 5.54096609297675 -10.943029613557 211.171616299118 123.308959356424 -117.291214478921 0.841600535467054 0.867413734708935 0.868639241682286
27.026 -0.183301389344581 8.39823681858736 -3.36017750227963 -5.15440442607727 5.18406039790659 -10.6909532236224 212.071009202285 123.490257078703 -116.995883727926 0.841176954435343 0.867083340417044 0.868310438948891
27.057 -0.22929040084652 8.54174388116123 -3.43899874215183 -7.10567827214549 4.61924159406006 -9.76150417220281 212.367517453851 123.385108233749 -116.90066581962 0.840820921599625 0.866692260775073 0.867797324824855
27.087 -0.330484639477742 8.95273473917517 -3.51523391865824 -11.4719352783004 5.2382269125627 -7.82887944818657 213.207689137619 123.611937669337 -116.379539313892 0.840418846510918 0.866387708807894 0.867492693664387
27.133 -0.241248601315002 9.03602993327229 -3.39699431076784 -12.081351544889 3.62319280680937 -5.35589616982502 212.784228201472 123.327669512163 -115.525426844253 0.840219786380873 0.86614102171448 0.867134951144407
27.18 -0.409752267247875 9.26013960827051 -3.46035682410263 -11.5886428429632 3.79860296740872 -5.55705452351246 212.771224843192 122.635412304852 -115.547595743845 0.840058547675536 0.865928982625996 0.867202954893212
27.207 -0.296417267533507 9.36343194141798 -3.40282806866082 -13.5300068096704 3.08946382344839 -3.20380958389242 211.866692122986 121.45668396693 -114.911552552514 0.840306906632048 0.866238316715842 0.867258037929743
27.268 -0.362740969006237 9.57369213031529 -3.19772766054965 -13.3402978822452 1.90582447561915 -3.95065828203683 211.722020619618 121.185914013213 -114.744357567537 0.840621765878598 0.866488877328617 0.867413524031625
27.298 -0.305695423909678 9.51913941133724 -3.05137243586034 -11.1195344143896 1.77035904662556 -2.44926984967121 211.286836701891 121.020590350703 -114.698929629705 0.840864184720408 0.866913691547257 0.867650214696554
27.328 -0.271279975759198 9.50722554510089 -2.92680329959565 -12.2400289825258 0.602616781965176 -1.20131315838635 210.748337728532 121.684678184069 -114.068133000061 0.841173964750133 0.867269974358072 0.868075747254626
27.373 -0.310237604816397 9.46688764751012 -2.84561852627584 -15.5439654605787 -0.245849872257062 -0.53062091020134 210.852153560111 121.382589329096 -113.473187730049 0.841651329789545 0.867558563434831 0.868297241024119
27.418 -0.29184424990029 9.59093845111772 -2.71184558760133 -18.0562608780306 -0.789062060650358 1.42286881846211 209.68824438369 120.645897356568 -112.19928206134 0.841672049225252 0.867681329307005 0.868587155599898
27.448 -0.285911917855588 9.60188845694405 -2.73772642477071 -20.4913728379224 -0.879063933248927 2.78725656738179 207.767477950789 119.88717685882 -111.233418469685 0.841815302250633 0.867657717527459 0.868711481783789
27.494 -0.227560408997437 9.81282854119219 -2.60672391281137 -24.8926684872667 -1.10272880883239 5.55515873560978 205.635657140139 119.440613255644 -110.835068960445 0.841818049403198 0.867392080739035 0.868344029643415
27.538 -0.224612360548178 9.94725621731892 -2.43422067233665 -25.5626034594189 -0.545118732100805 7.72151063691263 204.748882283512 119.330896737072 -109.588405857961 0.841479611006078 0.866942340435885 0.868169853675252
27.567 -0.127168649866652 10.0078336902794 -2.23311170633318 -23.9257088021293 -0.760630142467301 7.47541598231144 203.460594649645 118.072026357028 -108.704608744948 0.841091652650198 0.866578050790334 0.867695796779761
27.61 -0.0854211965123038 10.148174369708 -2.15401050292952 -20.5631829083507 -0.757026445932865 7.23859839605395 201.715081666213 117.874341349193 -107.526733083408 0.840777406381935 0.866270492946733 0.86743513433886
27.655 -0.0431961246902315 10.2785977947156 -2.10818831049638 -19.3469415145427 -0.724718138762872 6.98250134202507 200.313216149632 117.486216492846 -106.72865379756 0.840522866904642 0.86603385432412 0.867100674117284
27.7 -0.0160207985237639 10.3574017701771 -2.00071275649291 -18.2039233901384 -0.805876654229988 7.90323066719298 198.745705081202 117.171835359205 -105.794209576024 0.840316689928035 0.865730939317083 0.867175190501242
27.73 0.0332372300723916 10.3055450859431 -1.92771750428712 -15.999681762806 -0.478485280765985 8.67344890149502 197.416021115774 116.953186640956 -105.133309756579 0.84050351886939 0.86583139038863 0.867124557492246
27.776 0.100382252181448 10.2413290096957 -1.82329903809362 -13.5887498614606 -0.268412772076936 8.60656231250104 197.046977103777 116.908081179175 -104.609980902829 0.840894576121908 0.866270258283578 0.867317723637506
27.808 0.15033446009194 10.0929712907917 -1.73348874531376 -10.6181087618289 -0.0198570934739215 7.02612463343118 195.080051454059 116.151545755132 -104.174084531292 0.841337355571845 0.86650255367594 0.867720157592211
27.852 0.181578069892927 9.94065940476677 -1.64923826706978 -8.79364519631805 0.329182929858643 5.42978690727773 195.172841677788 115.748752061657 -103.395008470346 0.8418218822574 0.86691232870845 0.86827978085169
27.898 0.258085397753713 9.8907708640769 -1.55610167027099 -6.92239459375045 0.683355730437409 4.12057014298657 194.408001759008 115.338489169942 -102.271956860981 0.842100794541637 0.867354872001716 0.8684994239357
27.928 0.266952940302704 9.80366816439814 -1.4966004187154 -4.75706328506 0.555808217990179 3.08186028910156 194.562481424797 114.904176227653 -102.520285057394 0.842213025000093 0.867355922642341 0.868788203676038
27.972 0.268180071380603 9.80336088258083 -1.46550499780701 -3.71848843647112 0.949670305427007 2.23531446776005 194.213609954085 114.498382744399 -102.427430896489 0.842303931671443 0.867480233926788 0.868677337902382
28.016 0.291416181171102 9.85010420041904 -1.41639963250179 -3.45258632056451 1.50381310006763 1.06167342117572 193.913024062809 115.087690022963 -102.694219026156 0.841999496189774 0.867346718879244 0.868353370250728
28.044 0.27632955065943 9.86335982157465 -1.37884490652147 -3.16148041584046 1.94404280952806 -0.518975826557593 193.957549490875 114.6410289186 -102.394317411187 0.841626582903205 0.866781999859764 0.86807888308933
28.093 0.258028107879336 9.89417225312866 -1.35749362051729 -3.01873806812848 2.75749910319865 -1.70479790042768 193.339615087609 114.537233424066 -102.121397103061 0.841198052858625 0.866571635189216 0.867720755858612
28.137 0.294140576897261 9.91329448436955 -1.33631447845297 -2.88601752984056 3.07403228885808 -1.95103897110215 193.013088220963 114.039159073494 -102.29033165348 0.840737120268302 0.86616654181781 0.867430672801731
28.167 0.318256116170029 9.93139319283128 -1.33059767279837 -2.32156732894184 2.50912645931856 -1.62308965819579 192.94660145898 113.67771884953 -102.253168639318 0.840464655924323 0.866073114175233 0.867097060272209
28.213 0.344331862299895 9.95034469064585 -1.31624659884958 -2.66665274254976 2.05445350075032 -1.06806140176455 192.994747181774 113.618952268119 -102.313066597848 0.840395859580394 0.865762739796484 0.867048939642285
28.258 0.386276780002412 9.90234485036308 -1.30713613948307 -3.2914391031447 1.31334397682914 -0.722534315581954 192.247745217237 112.809351337177 -101.899583944257 0.840453957796025 0.865980472421392 0.867256473179038
28.287 0.411818591883589 9.86706225832901 -1.30068442918932 -4.24606567354721 0.927472743369004 -0.597008520812223 191.936673625962 112.531574583113 -101.858662994848 0.84074087732142 0.866045721608582 0.867301387741262
28.329 0.432938415394182 9.80351003305204 -1.27054089243652 -3.94687044748163 0.591252922128893 -0.971057817888435 190.964705637029 112.522575412322 -102.377517025827 0.841074085756952 0.866554735414029 0.867682571903906
28.374 0.436643927151584 9.67371844529937 -1.27144929297475 -3.36971315406318 0.327769828756465 -1.21411408439803 191.257411565994 112.26328608398 -102.18578879092 0.841444107258651 0.866868228610155 0.868101956592581
28.404 0.441447029086198 9.6276103629337 -1.27507010765317 -3.1665668914324 0.238394324651515 -1.55457744653034 191.122503368455 112.185261728024 -102.678488920645 0.841883161283062 0.867122158099017 0.868441658190407
28.453 0.423143293513376 9.57321601178941 -1.27268784613042 -2.85980467824345 0.02348108235704 -1.74897872405599 191.331227728448 112.1040619997 -102.627576025723 0.842112623563877 0.867561749506034 0.868704133504592
28.497 0.399728067023903 9.56735609793687 -1.26648455649822 -3.10537308708712 0.110622730144317 -1.71461169778306 191.260294460043 112.722290219757 -102.682336580835 0.84217216746492 0.867683910024679 0.868793414864635
28.527 0.38447873345585 9.60127597816249 -1.25391816387643 -3.2964972387085 0.155176930500866 -1.49929349047146 190.998838512635 112.227055078003 -102.390692630477 0.841993689458911 0.867425506067244 0.8684103954389
28.573 0.376274726656803 9.62565653196615 -1.25445342803951 -3.21756734350656 0.407372703018679 -1.02893154407577 190.547059195234 112.137914613182 -102.010461030686 0.841748199997624 0.86720398945626 0.868223609969595
28.618 0.40283107490625 9.68290388409327 -1.22915532234723 -3.17775626579756 0.741345935246657 -0.515419283525803 191.39911794814 112.839710836678 -101.564473434856 0.841182739450891 0.866789986496838 0.867973777261612
28.648 0.412819620592809 9.69397785641218 -1.20761638378268 -2.5783337203342 0.765833719000173 -0.0637491616406332 191.063285537993 112.946165777709 -101.629223482233 0.840851186690497 0.866318425608203 0.867536974884713
28.689 0.403432670796878 9.66091748720156 -1.19886678349062 -2.66753428293635 0.957806228420675 0.596225774490935 190.425261285775 113.386394279944 -101.735671020609 0.840456158672118 0.866060196549207 0.86729427919841
28.733 0.413049533851567 9.63959141177987 -1.14605634005644 -3.67971040276623 1.42719709082227 1.07233219031476 190.124461641477 113.106979366755 -101.965893526693 0.840376479513904 0.865863514242125 0.867097695692506
28.763 0.426208191870625 9.6542618421562 -1.1206079101497 -4.20888603692767 2.30755636112329 1.06729136423129 189.790813929597 112.586653287071 -101.954373756621 0.840425627887526 0.866049767357916 0.86706178669717
28.808 0.462430793389449 9.66679741380179 -1.10600413426822 -3.68469387311752 2.752937446403 0.746948753118947 189.718559282973 112.795189162528 -101.063042742863 0.840717930095536 0.866323956026154 0.867266879293494
28.853 0.474676499822998 9.67587981188722 -1.09753295115136 -2.58826615936259 2.60407780486887 0.137547573995812 189.912033019208 112.460103221648 -101.217064621719 0.841080717959422 0.866546048847427 0.867678973673561
