7.494 4.31639968456341 -8.93026010117537 0.101747128819361 -0.869552519014101 1.47428594890966 -1.06298519061336 272.88931212611 -39.9265278996698 -14.5841235807301 0.841339124370751 0.866316235693214 0.867852084911075
7.51 4.3146518217745 -8.91261828121047 0.108841175534821 -0.870215402996841 1.24508764915117 -1.41972029447316 273.444342822149 -39.6964875987325 -14.1171401003914 0.841078899939113 0.865959668226049 0.867537049334225
7.526 4.29489051096144 -8.92918359540866 0.131831591929776 -0.940828674900724 0.628673667568177 -2.16577496524082 273.839917685941 -39.9241549549734 -14.068883481317 0.840767076685957 0.865435889373236 0.867417663146963
7.557 4.33854732137846 -8.94484603917005 0.164938748519305 -1.12642237170775 -0.222835397972067 -3.24130062260842 274.298333325612 -40.2585655135284 -13.9637956198668 0.840388029568441 0.865110492699099 0.867209846096294
7.585 4.35592887669564 -8.97046726522322 0.155291852423503 -1.49698227375504 -1.58522949678486 -2.95988098522885 274.219649993746 -40.451438065958 -14.0046744520921 0.840093513063086 0.864859418931125 0.866683492652543
7.615 4.31670103266345 -8.95401463824268 0.105220208603494 -2.26095258830647 -2.6647229152965 -1.97506084994377 273.939916494934 -40.151664833426 -15.0577863061946 0.839728484411289 0.864532313918268 0.866491844351367
7.631 4.30232633365741 -8.91872722738367 0.0208243426989175 -2.93579907744427 -3.23231869116115 -2.20323440295827 274.277332360897 -39.5488485150751 -14.8428069080176 0.839787063362632 0.864514691588343 0.866336609227414
7.648 4.3051378168958 -8.9110816861693 -0.0641879814046987 -3.82753923746268 -2.73955218564206 -3.2895053625794 274.076639212326 -39.5465672972108 -16.2586735954943 0.839948200804996 0.864611655223824 0.866556297940447
7.679 4.33524770746837 -8.87902541735353 -0.178088884901452 -4.9741235762379 -1.51384643067541 -4.30785812231527 273.980077761984 -39.4547195107407 -15.7795256123504 0.840331214158686 0.865048093917538 0.866746442120547
7.705 4.40799365242591 -8.83461256445101 -0.277022453441891 -5.43713169980614 0.577066833901006 -5.20638797983873 274.537862987207 -39.5603228037 -16.1234157460038 0.840893353381679 0.865500145737291 0.867245371164727
7.735 4.48696326750734 -8.78461404852795 -0.36088162338603 -4.65209194401854 2.41505772324607 -5.78480785145563 274.011669019638 -39.795861470997 -15.6159667542631 0.841109122329422 0.865977054633697 0.86777242093155
7.751 4.56868167982457 -8.77179820351113 -0.394253234639302 -2.47239294793746 3.59474637414993 -5.77584703143479 273.333451905907 -39.6026477915076 -15.7689330709531 0.841523458999975 0.86612914365184 0.868088462400386
7.768 4.64720974778558 -8.76329680363308 -0.41965019927956 -0.429661188592704 2.62052318901564 -5.86942846187439 272.808096043784 -39.3621447111211 -15.064835787472 0.841745383211347 0.866363082678942 0.868344455990144
7.797 4.63173698699966 -8.73902286951518 -0.408019730185422 1.64731794869029 1.03178408844618 -4.93683247396559 272.142557795465 -39.8753372160081 -15.2025169878523 0.841799266491453 0.866318228898798 0.868083735901815
7.825 4.61033949540417 -8.73137386511235 -0.415903140778652 3.22593059187425 0.104218394084156 -4.31181140314877 271.741471814327 -40.1530231449666 -14.4800387601604 0.841337926565106 0.86618363468428 0.867872552630269
7.855 4.57197448811881 -8.72532770767887 -0.403248815573258 4.51162973361662 0.872279494628014 -4.485620671665 271.422592169605 -39.7839487474229 -14.2248313957299 0.840837620532958 0.865963499131533 0.867331522667785
7.873 4.60125664128444 -8.72181901301359 -0.368314592647525 4.90487809949664 2.31921814637388 -4.42335274404865 271.21229965738 -40.2409984854126 -13.9581134305412 0.840318549392705 0.865673951611087 0.866880805167468
7.888 4.59338968749246 -8.74646245541161 -0.336288902533509 5.11661538272968 3.94612395047124 -4.44917526466414 271.443962722478 -39.6812087731842 -13.3520718787384 0.839885153244076 0.865092972636596 0.866528207222916
7.903 4.62112883072967 -8.71923988215733 -0.323821462722312 5.1120920477973 6.73529169759163 -4.51917547582834 271.283609805207 -39.8997791062792 -13.2211782217781 0.83968618324035 0.864733865945779 0.866477177392355
7.946 4.63857568330485 -8.67422325108064 -0.266078223611583 6.38667242131123 10.6036015422248 -4.16740236442859 270.625723942218 -40.2328210760861 -12.5631543596403 0.839879119960589 0.864912646718888 0.866324728990615
7.991 4.70456607333625 -8.66719653985725 -0.224220298760923 7.84824282920103 13.629527936225 -3.79956538083601 271.196836393196 -40.8265850716298 -11.5141550313086 0.839909078157565 0.864933998879566 0.866312360024191
8.022 4.75898796146474 -8.645487619373 -0.123756571171057 10.000893485546 14.6516733535331 -3.19696093557641 270.879437478489 -41.6195339080201 -10.11246557536 0.84017335333531 0.865185868634242 0.866536656085837
8.071 4.72605421462201 -8.63469696906762 0.0112910608634641 12.1910290668037 14.7373974010946 -1.88610324331307 270.640344357576 -42.0878224654963 -9.39109711604158 0.840614391328203 0.865636394382521 0.866939951660466
8.112 4.68455775219222 -8.67042283756257 0.135392016723761 13.2496190402942 14.6717957116805 -1.16003370341947 270.740678929637 -42.545136197052 -8.03278866399368 0.840958599354024 0.866013258135647 0.867266621075916
8.143 4.56696300692157 -8.62303362925454 0.25218837788657 12.5612753921039 15.5534675035605 -1.73947462801404 271.079949933006 -42.6215603196121 -6.55455881783488 0.841237407854938 0.866183392276114 0.867641848819364
8.188 4.50154900987252 -8.60040814377943 0.377678625564517 11.9586025332531 18.8038048610901 -2.77538666243183 271.036759445735 -43.3374638588858 -5.09919264244626 0.841463242740679 0.866444388532437 0.867945783291556
8.228 4.4411356222216 -8.56619603301529 0.497467788609267 10.5060100366678 22.7929903344295 -3.89897922710414 271.007775151045 -43.6713457256975 -2.83434604038147 0.841406410917676 0.866544681261073 0.867710963317421
8.258 4.50496770689714 -8.52107840817183 0.651239592996681 8.95933377855588 26.4824748426437 -5.05443271593908 271.230297872347 -44.043790037815 -1.19782029270899 0.841133402042123 0.866379407124276 0.867767816873603
8.305 4.48343903995912 -8.47056890818693 0.787011589334041 8.02423593314934 28.4443924088009 -5.53126607242974 271.044541276601 -44.5914699306302 0.92576556290572 0.840684753106935 0.866010837085209 0.867357800943871
8.352 4.63010536723993 -8.51069996205475 0.919199113684655 6.55108148753036 28.8928586144875 -6.36292093851542 271.032078434047 -45.1850906438104 3.55187010595363 0.840333859129266 0.865576200345797 0.867050119989068
8.382 4.57251232729223 -8.44235632511457 1.06040035620986 5.44500195909806 28.945352882315 -6.84961481515933 271.027983531578 -45.8279234214864 5.86501478582244 0.839923164724895 0.86533525882586 0.866677574771231
8.428 4.52915398191762 -8.45615452101736 1.30932749011003 6.23556609068623 31.0438274377286 -4.45108876363783 270.826666660578 -46.474617971404 8.60866197651618 0.839704460879981 0.864930117759083 0.86659816510649
8.473 4.4239135448952 -8.41063037229018 1.50722351754989 6.189052808265 31.2693933543312 -3.15858800541687 270.981599995068 -46.8244405568373 11.2690162009781 0.83965378104806 0.864824552952434 0.866422729039064
8.503 4.32106542214789 -8.347263979088 1.71306300380907 6.90694956858778 31.0007277009777 -2.54738758209759 271.647095996005 -46.7717968510382 13.8559031227923 0.839612730384203 0.864986103194278 0.866626054987884
8.551 4.2386502807963 -8.32157316784888 1.86346453604555 7.8779115933042 29.7782230255782 -3.38269691859829 272.324147756764 -47.2991554493409 16.4972815294617 0.840059483117844 0.864993498624632 0.867036988744979
8.59 4.20653811458337 -8.28229222669673 2.03125246607998 8.71370381042373 29.6825743911764 -4.25464099261423 272.224559682979 -47.6543159139662 18.852798038864 0.840547375907492 0.865221594442207 0.867480713930517
8.624 4.26122980320956 -8.27697852292977 2.22550139861732 9.65825275819895 30.2986867835704 -5.45526683760531 272.203893343213 -47.4499958903126 21.0367664114799 0.840942569067106 0.865640681162273 0.86796304857184
8.668 4.33312323067238 -8.33820365490368 2.39915951222497 10.1479938944465 32.0439973633943 -7.69807911555954 272.331153608003 -47.1884966711532 23.5617807932987 0.841148987034618 0.866090888327933 0.868353739631312
8.711 4.35808353426711 -8.31387516104876 2.62930587873416 10.5639208560284 36.2389203070975 -8.03620744238186 272.230234422482 -46.1726823036341 26.7230424425719 0.841442060919408 0.866332095866577 0.868325422026154
8.741 4.43198533823243 -8.28615443068143 2.87316132144035 11.7821194048334 39.2434491128711 -5.83024405886365 271.764489882211 -45.5778726659436 29.6916643784833 0.841427552359584 0.866416727050473 0.868302484765976
8.788 4.43476802921119 -8.16811214096836 3.12579875916521 13.4005396186784 39.1219266058531 -2.8218106647788 272.377236804591 -45.6420768594143 33.7102481465714 0.841163308400751 0.865892211813846 0.867926551607694
8.833 4.39160997391558 -8.09055020678111 3.36693467459606 16.4322233506715 38.0674628408173 0.412043285193298 272.777561811718 -44.9740822561256 37.2893009987229 0.840949270794096 0.865603849136791 0.867486376078485
8.862 4.27110115214051 -7.9810320869797 3.56695941315926 18.2154444254943 36.3200647483903 3.63062529001421 273.461825067492 -44.6970066274618 40.6803338089655 0.84028221432499 0.865382635115346 0.866882501169337
8.908 4.08580136392839 -7.84421095211585 3.77644448969501 20.1971817403756 35.6714661866542 5.86034846964433 274.286078304668 -44.298575368244 43.6490703852621 0.839982493618464 0.864968492553567 0.86652958098443
8.952 4.02652660684194 -7.81259795483963 4.03843583712903 22.6686485074141 35.5946509699685 6.98016470316 275.121723426781 -43.4598460482777 46.7017470120623 0.839992810820444 0.864633037078526 0.866354829873641
8.982 3.86337687947242 -7.71366901169403 4.28802229027392 21.6017579627612 32.536400110102 8.46301737902525 275.516595975693 -42.9904752991049 49.8284150797705 0.840001167754047 0.864707515070873 0.866460065383889
9.026 3.76169780975669 -7.61670531755535 4.57932348389385 21.8089506673938 31.1189115700986 9.22756316097992 276.460442740311 -42.646284992275 52.9490162146141 0.839881466587807 0.864891302510214 0.866310868263757
9.074 3.64678259799612 -7.69552966594634 4.84518102471586 21.5636469871539 29.5489901275051 9.96249409932503 277.230958619652 -41.5334908437427 56.3107031338374 0.84013822174845 0.865151284575066 0.866769504204721
9.104 3.45303708760821 -7.75765946783969 5.07620166389436 19.5497601664649 29.2610178811417 12.200307243354 277.735076481918 -40.2121275834316 59.1176695384083 0.840472513974988 0.865374079453057 0.867128558636762
9.147 3.31018709126707 -7.86406291261775 5.2678953276586 19.969504208119 31.5593634150225 12.6995771113916 278.593411950354 -38.8118233425796 62.1293123261107 0.840730390899925 0.865788845145762 0.867653205846194
9.193 3.17419373886498 -7.91749098058268 5.46750178335849 21.1696495536145 32.664305740214 13.433985704502 280.098663679787 -37.0715769074895 65.6427429841497 0.841178879553536 0.866124805356852 0.868078170085834
9.223 2.94371850765086 -7.93126514738935 5.66318670891704 23.7113092681988 30.6203013900314 14.4678642985092 280.687917580627 -35.5119772950665 68.8906218171613 0.841302547018549 0.866519985263841 0.868175879872951
9.268 2.6936530738655 -7.95622473657897 5.86163876042978 26.2857788278517 28.2337418358491 15.0853822955329 281.555213240308 -33.4627016090039 71.9354036719006 0.841162826614892 0.866248165643797 0.868020939018041
9.313 2.43035917484388 -7.88853296337152 6.07582950318689 26.4843052780408 25.5005522610836 16.2101520257939 281.915722724649 -31.8567883032931 74.3596769742395 0.841176123370388 0.866027991751561 0.867895436925565
9.343 2.20939973089035 -7.86883154476758 6.30667708652334 25.4661040691062 24.7922412246075 16.0454139805877 282.231735406966 -30.7239985256674 77.199338349134 0.840959650919502 0.86572619063331 0.867695624731503
9.387 2.00279350862183 -7.84449968220504 6.5605815443701 22.3288420058997 25.5320970713214 16.1257929578638 283.111705679643 -28.4144388057906 80.3154640627985 0.840670484980072 0.865221763076958 0.867200433612603
9.432 1.75876815444306 -7.72088849067873 6.80020593291304 18.5554459942444 26.6835940476176 16.9013579447247 283.128481600511 -26.8676954326904 82.7195258908668 0.840195831664048 0.864813176756312 0.866799328806294
9.461 1.55533759230496 -7.67952313394697 6.99036321774605 17.7073158354906 27.9185966747535 15.5797182558377 283.640070096414 -25.3568333004792 84.7568159716021 0.839937832760527 0.864742190487158 0.866462211370365
9.508 1.42082154504099 -7.63114922643497 7.15538596834482 16.6591853687321 27.1857426958633 14.4027015582209 284.024456778095 -23.6230349733882 87.1090209369977 0.839602383366217 0.864561094139453 0.866312606512802
9.551 1.25422912218995 -7.59350461418076 7.27725101250262 15.5329477822608 25.2898408966264 13.5976386438383 284.875809990257 -21.8946583284444 89.3623069589682 0.839697418808328 0.864661463833043 0.866314750222624
9.596 1.07863571829448 -7.61083664169174 7.3193328416115 13.1710006807305 25.3129390651987 13.2220262328067 285.439406092108 -20.26067324604 92.2374686367642 0.840014392249609 0.864730540742031 0.866661779749112
9.628 0.883379477942718 -7.57208342108043 7.27515267898345 10.2582052078803 28.7142440015896 13.500070256207 286.471918934608 -18.3971453292924 93.318349595779 0.840498383559885 0.8650085985573 0.866942873665568
9.67 0.76139831191265 -7.48605765888948 7.25813723694742 9.03769583670361 31.943270465715 12.9981103426422 286.966254337032 -16.3296877167268 95.951863172581 0.840902885265545 0.865468154495499 0.867182620593901
9.702 0.65250799162418 -7.42431359819358 7.30304265423698 10.3967168338368 30.5837437337177 11.9221334996776 287.258666012996 -14.8110470505487 98.3850091697906 0.841230531647129 0.865951141727846 0.867610724126891
9.743 0.558830096360212 -7.43276127337164 7.40004916277833 13.846226131591 24.30466448538 10.9139510355022 287.873519470527 -13.4789481109445 99.8818574275304 0.841609479547275 0.866108154198101 0.867957487988612
9.789 0.403595183759227 -7.40741385349218 7.50273407958665 16.5536874413979 15.9270835766693 10.4106056822682 287.891550771127 -11.355947969865 101.6703045163 0.841563161448156 0.866111736829317 0.867893343956581
9.819 0.201372135599582 -7.34424775119775 7.61046137913865 18.92642575883 10.5448308268731 9.02350663317163 286.796156124613 -10.6143178555907 103.484946658203 0.84152564378787 0.866003769918311 0.867706261791071
9.866 0.0986774766696533 -7.29951159788851 7.72864754904201 19.2588018112172 10.8745954125153 6.69087243393772 286.664886460936 -9.85759746302844 104.666806793144 0.84112893920345 0.865928922910085 0.867196827088034
9.913 0.117972620620823 -7.16528065714523 7.88912963793875 17.1513851922768 13.6168192307023 5.8556372058407 285.592558033358 -9.05865394505304 105.378113502447 0.84068113820761 0.865534583136996 0.86677170174787
9.943 0.149205898164254 -7.01100390680393 8.03795043885929 15.3393395629961 14.280081592136 5.68024170925005 285.16797200702 -7.75150969549297 107.202271936982 0.840305621963386 0.864967835190305 0.866550947692028
9.987 0.103965684258957 -6.87787549532936 8.13847382039607 14.3320406185459 12.3315225781798 5.6467973112101 285.142057325686 -7.2027228533493 108.265840268955 0.840001453805565 0.864632504614283 0.866248539437105
10.032 0.0991580088836536 -6.71412494379643 8.20019944477411 14.5125406872817 9.32914397534855 4.64703559307255 284.749066433806 -5.85820551121294 109.583330617854 0.839755077597729 0.864707083774836 0.866250646485848
10.062 0.0889012005846793 -6.64009102289552 8.2625513074234 15.308058720057 5.55935471163537 3.89272478458724 284.364743811383 -5.44714646408248 109.744497800462 0.839808603843649 0.864767492894884 0.86612889292979
10.108 -0.0207773126755072 -6.56015589083022 8.33487343767507 14.2615886319484 3.31124525535595 4.69638951826375 283.84944248722 -5.03018863590681 110.511043218374 0.839965648594619 0.864828646824942 0.866498916581663
10.153 -0.132679059192645 -6.51868009943045 8.41964092476339 12.4697493872981 4.41333003088412 5.54277779986998 282.670048414648 -4.18245279508451 111.401945006883 0.840219175389323 0.865223857114443 0.866921823342224
10.182 -0.311132800587949 -6.52504993743106 8.46448027218152 9.13927562966565 7.52731640898561 6.23781795682598 282.482739215865 -3.00378676401846 112.399575455575 0.840651507191954 0.865667165051484 0.86725193713814
10.242 -0.411106283791104 -6.52001617735413 8.56036192070507 5.64121020659407 11.4852942302096 5.67347223968553 282.007018764851 -2.01306727885495 112.631656119016 0.840888275184227 0.866149296616493 0.867629954829765
10.272 -0.493700889761312 -6.55040336740502 8.64475975008568 3.28716652688318 12.4953020669278 4.80589419353459 282.131685199529 -1.72058449587251 113.689641456403 0.841067157479408 0.866305656809158 0.867812825515535
10.303 -0.576853161347113 -6.57019270107066 8.78414001060651 1.82069648982881 9.33142368184512 4.31979719752638 281.848665011619 -1.57967344165673 114.366609579686 0.841085581856046 0.866197883239951 0.867726864988535
10.348 -0.718235229935927 -6.66987541121624 8.87080352837277 0.760718355234618 4.47417837313425 3.52086779106507 282.213418659411 -0.919535487741954 114.992953759546 0.841100505601123 0.866110586648892 0.867780697227205
10.393 -0.839703881089105 -6.72586238493452 8.97902691961219 -1.94206240706912 0.754313489872327 2.18495634587721 282.202869114123 -0.678823745070982 115.122292545232 0.840771930243939 0.865793092500148 0.867615017940276
10.423 -0.944432130166703 -6.829510621717 9.01900738365174 -6.05856673293209 -0.825418286943874 0.402715403519319 281.67832398244 -0.759847233507496 115.731056961638 0.840632254487078 0.865288589509177 0.867011681846169
10.468 -0.994055264864503 -6.92166589549904 9.00563236801072 -11.2894237864994 -0.743474308607744 -1.7353272407066 282.039442425776 -0.903476259141072 115.378156138927 0.8404176557936 0.864991179809211 0.866646439875483
10.513 -0.974227368509821 -7.00833053380149 8.92585752715546 -16.2734409006523 -0.391908846460822 -4.18439369092655 282.949948364879 -1.55381576990427 114.558306472531 0.839991040023005 0.864762775490316 0.866227133613686
10.543 -0.8585440460221 -7.04446538470007 8.81910798620185 -19.6380520150246 -1.98446906639662 -6.86340469117722 284.485458175552 -1.82259077362246 113.64822824275 0.83975943987145 0.864577767992011 0.865998733264353
10.588 -0.710001365605452 -7.1139332690564 8.70292880091579 -20.4618603001088 -7.05131307355226 -8.6339379525253 285.129221122197 -2.62829852663419 112.899064876627 0.839824634577567 0.864662747110796 0.865949275168658
10.632 -0.602412962142031 -7.21066422476063 8.5574679794147 -20.2157098965233 -13.3498078643865 -9.26822256597298 285.84866910898 -3.91092180657369 112.586242550068 0.839991265543735 0.864607982727321 0.866476613797691
10.662 -0.505833200099895 -7.24288603745986 8.43127702295878 -20.2088471535884 -18.102810019008 -8.95199310286559 286.713421978273 -5.32784666332469 111.558856465555 0.840252408105289 0.865032786830925 0.866792889244916
10.707 -0.433355663904143 -7.31190777338845 8.25683522306164 -20.1197005455517 -19.521902069595 -9.86569456599289 287.155871802402 -7.129555797293 109.8926737371 0.840589956655546 0.865253417889304 0.867405910576503
10.752 -0.274122317629814 -7.33633162437891 8.08581338233398 -21.352987976248 -18.7006796076696 -11.2250293923474 287.982256159945 -9.20094019580733 108.519065727051 0.841102934804135 0.865666458154422 0.867791589012798
10.796 -0.0752984547597023 -7.29410509890121 7.92734199627622 -21.2946988867151 -17.6509855967162 -12.4251745711602 288.819627489556 -10.3867615586039 106.746443238911 0.841392571773388 0.865988307426033 0.868103988546197
10.825 0.147166133142978 -7.31891869929333 7.75808120678019 -19.1937442661781 -18.8300464249432 -13.3780555247771 289.35989826654 -12.2892768624692 104.248619023518 0.841387466151308 0.865903792101652 0.868134926649262
10.871 0.30254655140256 -7.26662901417204 7.61540147321644 -16.9018946876654 -22.3111162301582 -12.2183623796496 289.557517595898 -13.7103142586 102.46538140905 0.841395530418608 0.865946203531193 0.868025131374687
10.903 0.336030399666907 -7.20716184709856 7.44450091771633 -13.8712217199097 -26.3839888792526 -10.4532857412567 289.813589252677 -15.677354549466 99.7489589413302 0.841263691174978 0.865882294136519 0.86768968595529
10.946 0.36673165137769 -7.20237633914605 7.31365506208344 -13.9485140206078 -27.7294279387595 -9.81410801530339 290.039007294668 -17.4926571850675 97.3146567424775 0.840790287304548 0.865496813830408 0.867183400661052
10.991 0.503803918638955 -7.16200647590551 7.19954761791912 -15.5242505551656 -26.1833557143646 -9.39003817941864 290.419595908681 -20.1810523199047 95.3008719614068 0.84026726095267 0.864825755773447 0.866760826342015
11.021 0.692925330601231 -7.28299665261084 7.07609169753627 -18.7015895145696 -24.2330982813071 -8.73623626884055 290.691872686032 -22.2386523791228 92.8657062887395 0.840097002078692 0.864752379491037 0.866418541143594
11.068 0.815491841681498 -7.37536037768033 6.90718132166576 -24.1918752930609 -21.4953744933549 -6.27963382050894 291.830416875686 -24.3193084270895 90.419222093879 0.839845269136556 0.864581582967567 0.866264887602564
11.113 0.896550835790868 -7.40735469393071 6.70212919221217 -29.4203808194404 -17.8256044846557 -2.71123621903972 292.296637669306 -26.2686398259425 87.981569896042 0.839868877199416 0.864665837240996 0.86626388849987
11.142 1.03010219883356 -7.45017315196028 6.4990345707712 -31.5558519751971 -14.1072892508917 -1.18846774963592 293.466276512138 -27.3435982590134 85.107071615794 0.84001447001279 0.864746305745292 0.866608262993428
11.187 1.14178631451389 -7.56591180135901 6.29682523823318 -31.9732171991463 -13.5955302474208 -1.58922376270128 294.191683974831 -29.1443145898009 83.2407280087931 0.840132400191624 0.865157160839927 0.867010393935754
11.231 1.21831019972558 -7.6805614774205 6.06339431287244 -32.3868555496291 -16.0952802637696 -1.92093536992544 294.569264019613 -30.1528948177387 80.9309896871225 0.8404548987354 0.865724132349128 0.867212932396493
11.261 1.2663183864592 -7.81855242702066 5.79032669216325 -32.4034293310775 -20.3588564029663 -1.57336222979228 295.205103855887 -31.6598448023683 77.7821016465692 0.840842443102276 0.866072387991578 0.867721548591576
11.305 1.30715031543147 -7.96139586264577 5.4967771790171 -32.9461670711498 -25.346093533731 -1.64320203208594 295.324134123268 -33.6364742899184 74.967502333721 0.841143321291023 0.866354475061964 0.868133527709594
11.351 1.29316016918624 -8.1373730552067 5.17804811533421 -32.6570823505321 -29.1359846172839 -2.78679517270717 295.894548639847 -35.1835441748339 71.241676890314 0.841273744825913 0.866471851349989 0.868344043192643
11.38 1.29567859528289 -8.23034862697267 4.88404834678039 -31.0423893756868 -29.8241933415267 -4.04860179981647 296.188584398276 -36.5566707816154 67.6477582811544 0.841239584712903 0.866455688420569 0.868280611572532
11.427 1.37053218748012 -8.34867067710873 4.60699077817117 -28.4447934095735 -29.4863752325908 -4.22188654182081 296.306753362604 -37.4049033331085 64.0526842077351 0.840998272816257 0.866072624935206 0.868118485037837
11.488 1.43519183760215 -8.39847108857648 4.36544961394444 -26.7309696846553 -29.2338112666428 -4.52545328971455 295.556470223709 -38.6739716998179 61.1586742082654 0.840815591970656 0.865626248504295 0.867876293702443
11.502 1.52438896437404 -8.41864417871655 4.16412700648979 -24.3775816277769 -27.8996924694922 -5.56561716466879 294.948740881204 -38.7899170768525 57.902526108695 0.840313368326421 0.865277181133334 0.867569127440772
11.547 1.66809360551171 -8.49458809190457 3.99926005684395 -23.4468334849115 -27.5247050987619 -6.91334074307637 294.678480113776 -39.9098328322505 55.1750461480429 0.839792472573278 0.864994436562855 0.867097970807111
11.588 1.8366879611963 -8.5544327015649 3.78450650389272 -23.9351412296485 -26.9720340307605 -8.90446249044148 294.435568892158 -40.5289645941229 52.6657873799148 0.83972507051963 0.86500024865318 0.866704111391027
11.618 2.07991106904553 -8.55349043638768 3.60500157392398 -25.7953269914352 -26.5167368778931 -11.9553627088607 293.524810802648 -41.9244613212396 49.631287777731 0.839670474856175 0.864881358976652 0.866619659768525
11.665 2.28473883781409 -8.61579049886587 3.43513382731144 -27.4248255500854 -24.9715339703301 -14.0759811987573 292.367096750145 -42.1668136702041 46.9453430999621 0.83974007562299 0.865032116073895 0.86679776520129
11.711 2.38214525212841 -8.62894595326654 3.20772847115193 -31.239757550531 -22.2287745770361 -14.6014684351155 291.771348367618 -42.4771190728653 44.4517279109693 0.840162632761261 0.865610527328387 0.867040703121578
11.74 2.51922354251441 -8.62476972754751 2.93667448509879 -34.7284784250904 -16.859887560071 -16.4465024095428 290.85079217777 -43.6104664490209 41.8378996078851 0.840517238626883 0.865857180322234 0.867372853733271
11.784 2.79188352795184 -8.59321323288404 2.64744948674052 -37.6622812647813 -12.3284936564819 -20.1290715318824 289.619141663994 -44.4504778237069 39.822698682387 0.840930344709143 0.866142792381961 0.86776481296978
11.83 3.08102673805863 -8.58742866391805 2.32012060221369 -38.8891959160759 -10.8256218464832 -21.8706548110537 287.781504747835 -44.9628870372026 38.3463859327334 0.841378649127549 0.866374138150339 0.868082299951353
11.863 3.31008520721256 -8.54068300718708 1.95533154734405 -38.8161265546169 -12.8257765964147 -22.2315662748161 286.683018845746 -45.6479385001341 36.4125726055141 0.841388388629364 0.86632718383063 0.868105555885387
11.905 3.50182355790412 -8.566139671521 1.58755949433674 -35.8771693794687 -15.7491080507295 -21.8726831864178 284.749245265055 -46.5388301851087 34.2461838104664 0.841156295927809 0.866289150831666 0.868235384471957
11.951 3.66399699462207 -8.55593420265759 1.24681390553498 -32.2513468920261 -20.7053271394115 -22.0054229993191 282.678888664694 -46.516452449938 31.4354088864778 0.840956087983218 0.866036483980212 0.867748876725092
11.982 3.82851120303401 -8.63397273312909 0.948448137403777 -27.1246596848312 -26.4040630745264 -20.7603468279217 281.457899818402 -46.4263264844498 28.702681198047 0.840528331281628 0.865844307061238 0.86712010746187
12.029 3.91207004567947 -8.72419058801364 0.656254208414369 -23.6957071691408 -32.9853826934198 -19.8783236787082 279.724898852906 -46.8213244524043 25.6131717704181 0.839941253319891 0.86546604429943 0.866820550130679
12.072 3.99572802140894 -8.72009593459488 0.418769083049075 -19.4029121199811 -36.0931218137311 -17.6585414163949 278.153168070854 -46.7332728064475 22.0306691340387 0.839706315204334 0.865271013197084 0.866590514882103
12.103 4.11323652236871 -8.72652957431617 0.263803560552203 -13.6190305729099 -38.1864973714123 -16.8899070968982 276.922066137392 -46.3559509732225 18.0188419985713 0.839528812768327 0.865001676269465 0.866280588861066
12.148 4.20784979890845 -8.73463789432879 0.170866572960153 -7.8939338480265 -40.0740399700806 -15.0731148248234 275.774873571287 -45.9003202883102 14.4152620188428 0.839625329331832 0.864771277623121 0.866288815924717
12.193 4.22727705640753 -8.72619393195514 0.10923456164617 -3.62820855430604 -41.89623191775 -13.8243375119237 274.041647592743 -45.0992594335313 10.5603622352626 0.83982982829469 0.864942950177535 0.866517585365263
12.223 4.25276951887766 -8.7414228897085 -0.00437313338062029 -1.82090999769019 -42.0867112121561 -13.5738965907651 273.063734550121 -43.8684001411603 7.44389341056273 0.8403488867564 0.865193119185597 0.866936945056941
12.268 4.29460108407173 -8.74523504341047 -0.152856629055263 -2.01417373935043 -38.7429078375717 -13.756917307222 272.463624985598 -42.9554041143399 4.33155366255581 0.84051683208501 0.865630071006575 0.867140862082613
12.313 4.42609629376277 -8.68585218478406 -0.248384186803134 -2.73896164490438 -32.1648087835476 -13.4115763012926 271.611536238335 -43.0618773326153 1.40855846667021 0.841005896913455 0.866119250440117 0.867539984034789
12.342 4.57109423764816 -8.65314072972758 -0.326186479563369 -3.40848259649468 -25.4163195421544 -12.5224607735126 270.765344353051 -42.0201206394184 -1.53506764199713 0.841275718878078 0.866269246042735 0.867739949171604
12.387 4.66112893217305 -8.5368619174862 -0.349055572710665 -4.35201594132863 -19.9016463100611 -11.6580787227285 269.683928925971 -41.9202977179289 -4.08740479001768 0.841367804386964 0.8665139300834 0.868135749199362
12.433 4.7931399576737 -8.49503727227393 -0.353507617645868 -5.5581863475907 -15.6097991600045 -11.1838071241887 269.191982430037 -41.5034411515224 -5.55479787991432 0.841442393649161 0.866366584592087 0.868111893437974
12.461 4.90001497712011 -8.52899298122181 -0.371921909076035 -7.78846681941106 -12.1942426631151 -10.1579677400585 268.37350576833 -41.4297873327332 -7.2113862827306 0.841162548054625 0.866111688556857 0.867870954506555
12.508 4.96583798862977 -8.53606256376733 -0.456371091902126 -9.75842911608937 -9.19344342735222 -9.20428974730996 267.614539672347 -41.5861277395139 -7.79722288901179 0.840708361377063 0.865546652315111 0.867441342426562
12.552 5.02534963432313 -8.51844557235772 -0.517855686655535 -10.0537168970095 -5.1072998631782 -7.91448232890885 267.167777134601 -41.6767634690062 -8.13975054009955 0.840238887226757 0.865101346485376 0.867105702668322
12.583 5.04072954627 -8.53752100317884 -0.545404103195493 -9.72602977054715 -2.06111136245678 -6.37256274748487 266.073899479027 -41.6781784098951 -8.42919793748063 0.839846237483863 0.86460440159441 0.866734558651155
12.628 5.0179566192768 -8.54918323037882 -0.566491288050629 -9.70388564086075 0.360957811677183 -4.48299719950855 266.039858578012 -41.859324512015 -8.51965032935931 0.839540566873265 0.864573082606017 0.866298509821981
12.668 4.96995413571546 -8.54489898446268 -0.579040880108615 -9.40533820879187 1.89787201066462 -3.81099872396834 265.62828544819 -41.7660528547322 -8.80891676678104 0.839521026902619 0.864424116755729 0.866303331903058
12.699 4.91120024540682 -8.56911765861594 -0.622443555826783 -9.088552956755 2.90605495459254 -3.38309217252122 265.126911213034 -41.906502812333 -8.91122258109265 0.839505199526397 0.864772864113934 0.866418352027717
12.744 4.8523149479937 -8.58486217077323 -0.656211087523123 -8.56501033771964 3.67092741398332 -3.04511382004753 264.582798082557 -42.1822672779898 -8.68809029068505 0.839972383123021 0.86505534947408 0.866733378450984
12.789 4.80048784171584 -8.6047498920635 -0.67363882047808 -7.77735303004146 4.63574128166237 -3.01761089652858 264.310066446871 -42.2016364951717 -8.35135313545489 0.840476824911685 0.8653951538958 0.86712392075009
12.818 4.80028072326963 -8.61027664230776 -0.67446148083736 -7.18515213753969 4.88128631600911 -3.37472284145533 264.047153821966 -42.4993255610891 -8.69659603971846 0.840885422760503 0.865892011242089 0.867563177253404
12.864 4.78946475920045 -8.60921662978406 -0.67565455959007 -6.63684346041478 4.31697168695975 -3.82367817333454 263.492194595792 -42.0024537044822 -8.35824279217195 0.841216387018045 0.866060258504638 0.868029843863378
12.909 4.83461527582944 -8.57925655250729 -0.67409506708254 -5.71439282125659 3.32308294429999 -4.4936678700193 263.600677622592 -41.4019875006306 -8.37817666165928 0.841370779574879 0.866072941317612 0.868296974975167
12.938 4.89137629361075 -8.56929424307778 -0.699437447275662 -4.45568108598119 1.35154451312727 -4.78842059303624 263.460548874299 -41.5276098755108 -8.04632309594402 0.841255991216302 0.866193961318526 0.868279442654676
12.985 4.9162717567862 -8.57926502894012 -0.724525730994954 -3.11726961857606 -0.477462684824928 -4.72045274142806 262.915044588183 -41.7493639991637 -8.00552170771466 0.841024343874693 0.866193969224261 0.867907887497542
13.032 4.91196237054015 -8.55597741094455 -0.748911399604845 -2.24949220784051 -0.942088286158573 -4.6379178655949 262.719186116428 -41.2869848393226 -8.36247258324887 0.840596415991317 0.865737034916507 0.867594718414802
13.062 4.91901822783253 -8.53765909330698 -0.752137812732849 -1.65804288682409 -0.374236549956383 -4.67999591387996 262.632540754307 -40.9844577198513 -8.68760279243159 0.840110225188952 0.865490515596916 0.867093993722552
13.11 4.95139290369688 -8.51453130851078 -0.743929414883203 -1.45003763909087 0.605952364000978 -4.65217073604429 262.088358010988 -41.4174107530796 -8.96895826186958 0.83972935916406 0.865290834948047 0.866799398001832
13.153 5.00879490848861 -8.49837156953424 -0.732989004887449 -1.43391980064071 1.43242446827591 -4.76054837253176 261.797569988901 -41.4381027099945 -9.32285619211437 0.839420857683898 0.864894134418055 0.866227432226339
13.182 5.06964371230156 -8.47158134287425 -0.739300528592089 -1.46521549653424 1.63224855212791 -4.82337242602553 261.568031691009 -41.4968631950955 -8.63151351561264 0.839297592176773 0.864696404458451 0.866233549645127
