58.449 -7.00147869713019 5.18582407644397 -3.32178429299615 -0.726410734511778 0.718869025123485 -2.57045254285839 132.010082644873 64.323078614362 -26.7516111018049 0.839933745736627 0.865001893240539 0.866767298079782
58.492 -7.01659540779191 5.17234790810858 -3.3209966848548 -0.866560633885838 0.71190223096071 -2.65336426963896 132.590166942347 64.6116936776332 -26.666804992462 0.839586410807677 0.864771453369692 0.866423783251186
58.522 -7.02154367687212 5.16949468886874 -3.30983620410236 -0.967181289020048 1.09732782997894 -2.89212582176634 132.496035223301 64.0774718788829 -25.6021120438942 0.839431690207034 0.864473435339587 0.866269133709714
58.567 -7.0297894838725 5.16664486496823 -3.30167608415393 -0.908913027312345 1.22196531327531 -2.99605703013455 132.107788530874 63.7167522218952 -25.9277107555543 0.839546660057185 0.864689351901318 0.866267327846661
58.613 -7.07536238255623 5.18790147094959 -3.30592408114473 -0.762173750596282 0.84544075871483 -3.34581382799677 132.039308710008 64.0665692997351 -26.317445711999 0.839879794674002 0.8648886762646 0.866611048864328
58.644 -7.19303286588434 5.17710119053838 -3.34866579860824 0.340349185681134 -0.0945822984180867 -6.11629240678426 132.601840055106 64.5479211327854 -26.2311310267192 0.839909624675429 0.865272480960566 0.867012650491183
58.689 -7.44642908154088 5.13146429248398 -3.38334045804745 1.05766757322615 -1.10035211973392 -10.0112197502586 132.355490444636 64.4158161175562 -26.0712161316425 0.840161029799424 0.865817541646845 0.867214760206391
58.734 -7.6686669299037 5.04180798490915 -3.43852330622809 1.55716874958035 -1.88540735438905 -13.9667215854957 133.043947260155 65.1248110552205 -26.0976850666305 0.840604409264136 0.86614804952273 0.867599841515048
58.763 -7.91627983732173 4.93179493252098 -3.50836051857439 2.60367309937383 -3.5521417891162 -18.7344185300531 133.751597280726 66.4490969547286 -26.1371249039707 0.840837226084134 0.866538813038203 0.867677808213681
58.81 -8.14868314535768 4.80745368057454 -3.52692670840356 3.99225765324089 -5.54738752093985 -23.9910622154499 134.108793797388 68.2057685333302 -26.0850711722163 0.841025807708333 0.866621165110743 0.867851586756506
58.855 -8.33030998996689 4.64866590590985 -3.53464505639523 5.84624778309459 -8.14597931180861 -30.255203142606 134.068122975884 70.6426725119975 -26.1209076494952 0.841052088541476 0.866453444964234 0.867647514671316
58.886 -8.47368077632142 4.43994981124288 -3.48759001204519 7.8801935287341 -11.7324417158474 -36.8003786676483 135.097179610466 73.7145647347179 -26.0119351960911 0.8408464009174 0.866070807735575 0.867605676547852
58.931 -8.64666738310502 4.21604460597209 -3.42801739160627 9.50387278880897 -15.8245754997601 -43.027238018505 136.512715484478 77.1087974351215 -26.6976675088338 0.840692575732582 0.865624776572594 0.867349927545553
58.976 -8.77607846003003 3.97186350621123 -3.34455083530518 10.6167629131337 -19.0912649334316 -49.2180933293402 138.001299542427 80.9921259224484 -27.4511106821554 0.840213725173581 0.865275988868656 0.867142770853691
59.004 -8.90232949287091 3.6665592034245 -3.2588308088413 10.986448188646 -21.4741536037132 -54.8789456731015 139.525052629366 85.1996219971832 -27.7673996525458 0.839711761619478 0.864993470828466 0.866752621971575
59.05 -8.98726477695127 3.36170611044401 -3.1069412585367 10.4933741778414 -23.1263544953436 -59.2629383616244 140.771292629786 89.0396938177184 -27.7715937185621 0.839533224364593 0.864875868938634 0.866424378834243
59.098 -9.01409211360238 3.08836705149326 -2.94936239248297 10.4010834657309 -24.5604387442817 -63.1327510652822 143.646747030127 93.9081519923519 -27.4209909120353 0.839641400017013 0.864656876147072 0.866516400041977
59.142 -9.07216020413524 2.77734146352114 -2.7830272290695 11.1452592866314 -26.4655584363033 -66.6120321796725 146.029865094403 98.253603113805 -27.1430026387486 0.839602701749056 0.864850284981935 0.866714124822786
59.171 -9.15766423335186 2.38218959079938 -2.62763379420901 11.8592630756065 -28.8109191272988 -69.1409369052294 149.286190726466 103.075418522182 -26.7798321373864 0.840051359923375 0.8654632441439 0.866972954414989
59.217 -9.1670854132008 1.98064189031197 -2.41010909466855 11.9831786637604 -31.0708139587609 -71.7195024046862 152.427814488438 108.241089002967 -26.005664031283 0.840427107628195 0.865725548578354 0.867317977280935
59.247 -9.20041833012416 1.50312301147305 -2.21101354959626 12.0787411298596 -31.7649165585047 -74.3802778638264 157.378529735634 112.971282092404 -25.4565878653392 0.8407314632691 0.865925423747012 0.867720363043388
59.291 -9.19347418713751 1.02168992190502 -2.02545698281572 12.0579787884687 -30.4157656184957 -77.1529105658826 161.682609085864 117.864738494847 -23.7938361709248 0.841091679830009 0.866321529821572 0.868046295510975
59.334 -9.15836477784542 0.524971666866966 -1.84913716867686 12.4509322843085 -27.4601289296075 -79.0689720621817 166.70491335955 122.644438180826 -21.6190072984491 0.841281818829462 0.866395318006734 0.868199309529718
59.363 -9.0049548046953 -0.00589085402400655 -1.67413406437286 12.6516673640304 -24.4869029062645 -79.9964017215122 171.330979821235 126.893994926469 -20.6313959117437 0.841183933012514 0.866467936984 0.868077281507857
59.408 -8.79064682609884 -0.529179588890793 -1.47132341366187 12.9427360610478 -22.9214142548376 -81.674795318089 177.430093655201 131.60813589044 -20.0114306885124 0.840852153475412 0.866181300763603 0.867731927563157
59.455 -8.581856600687 -1.07634484381352 -1.28164430920235 13.2481963621205 -21.5392463097772 -81.7316987114689 182.544375860713 135.300590071256 -19.1312588576951 0.840317372551069 0.865961608655785 0.867106378640703
59.484 -8.40479975910835 -1.56622963711429 -1.09446745649776 13.5012680609512 -20.4306826406906 -79.773133971557 187.532944447177 138.765477957718 -18.580319674733 0.839897148527375 0.865561058591013 0.866698438505532
59.532 -8.2548056534648 -2.02633302159602 -0.924221329679078 13.8996912515079 -19.5774788931578 -78.0361621810833 193.745685002214 141.152037145751 -17.0780589365337 0.839670590322396 0.865224377303575 0.866380490226747
59.577 -8.08444478534592 -2.54495533590983 -0.750145580592145 15.1070705244084 -19.3421853843739 -75.2991386949218 199.294004851793 143.613150088059 -16.1852277385923 0.839499875613957 0.865087361461263 0.866110468890228
59.606 -7.87066396517133 -3.04338364115587 -0.548493109285966 15.1884065140838 -19.5951090926405 -71.5860428009019 205.510143929952 146.164651571327 -14.8440344682598 0.839475419954334 0.864951920351199 0.866262132987325
59.652 -7.72425079701827 -3.54697278153993 -0.33560660772871 13.4895558412934 -20.3309696627488 -67.1808778748374 211.745216583261 148.267367772775 -14.0696679192904 0.839720749923661 0.865212594431725 0.866606841028266
59.697 -7.62653950026009 -3.93977253953416 -0.117319577610635 9.67386847572243 -19.5405281749181 -62.9003278725114 217.227625432442 150.126567895948 -12.0744310146252 0.840146978944805 0.865534854675937 0.867009242143973
59.727 -7.43704461026195 -4.26587711680966 0.0526574722154183 6.74285636609853 -17.9284385087066 -59.4225480194824 222.364376600278 151.380519995718 -10.2422891218465 0.840353286757618 0.866030064356296 0.867322746367556
59.772 -7.24288228635075 -4.5876023669672 0.206362079152547 5.52041594661614 -17.1293634363271 -57.7969967202082 227.557145046225 152.348221196531 -7.48625418869562 0.840873425198268 0.866443245053391 0.867687310305592
59.815 -6.97061728419966 -4.92270141986032 0.373455663483299 5.6110789014919 -16.9376088109059 -55.9212161983305 232.267287487442 153.648059169191 -5.97386589284346 0.841294737335194 0.866543755043046 0.867859283450955
59.862 -6.70249784127381 -5.25676395594165 0.518617693750436 6.69642429188783 -17.2857226788185 -52.4122919908767 236.928502864828 154.442927927044 -4.2388313732032 0.841269921539233 0.866736282373652 0.868121905343145
59.892 -6.51965991963705 -5.54974041720489 0.648983974830691 7.49708077566578 -17.8751758278583 -47.7296817034498 241.268087320511 154.834771620906 -2.53345341229459 0.841249820744504 0.866558515815017 0.868087845165832
59.936 -6.34132845889435 -5.81740979408831 0.76758716251142 7.32248275653356 -17.6635489091148 -42.2782940881913 245.131150729614 155.416165012934 0.011902736041381 0.841006564001853 0.866267152847431 0.867851475406119
59.966 -6.20428399314119 -6.02269391223832 0.89433743212627 7.28075301752501 -16.8990013339402 -36.6096166847174 249.178232090987 155.773093660476 1.80364121619352 0.840582014294317 0.865672578390475 0.86742556435521
60.011 -6.0380557554603 -6.2524802315641 1.02069578667229 7.03527253961511 -16.5957483324 -30.0134078352318 251.6283679937 156.578205864986 3.79494938511675 0.840136546089733 0.86531470834114 0.867092922430527
60.055 -6.0217383050808 -6.38797581782053 1.12112469693813 5.80734938304243 -16.2198843935188 -22.3035321022629 253.444978074897 157.626346750639 5.46790900194457 0.83977571684402 0.86490109834038 0.866835568393259
60.084 -6.031966390267 -6.48126112578302 1.18734673826737 4.54792246591323 -12.6438315495899 -15.8949449722986 255.168432240666 158.079340868017 6.6670062915751 0.839483445154992 0.864813406970253 0.866491565435807
60.132 -6.01300511704339 -6.53565747894815 1.26076271192991 3.06625994548132 -7.05814477654189 -11.0625390153481 255.94043011494 158.722266103094 7.67427509617583 0.839474758310818 0.86461877949076 0.866459706950257
60.175 -6.02325846807786 -6.55330447395599 1.28706396923441 1.27046444896964 -2.82007436823557 -5.90103828182131 256.829748393101 158.847035543506 8.20216282790242 0.839467721967038 0.865053864573756 0.866545015815948
60.203 -6.03204252229004 -6.54115456732477 1.32041081048888 0.224801394505101 -0.709680085599058 -1.06174940522183 256.596096198412 159.43409879024 8.41975189060096 0.839815854820982 0.865282959846535 0.866835976119451
60.249 -6.12528900726391 -6.55891235369261 1.31381315558008 -0.716307817015754 0.921418672649496 2.94425779093063 256.010837920714 159.177620020094 8.79999903138678 0.840350036987034 0.865702841941936 0.867096033581546
60.293 -6.07656555874388 -6.52062371726067 1.32442041914433 -1.8344078050652 3.04039492637281 6.91698621523396 255.986778715778 158.951872216276 9.44999921542329 0.84090859987264 0.865907031371513 0.867651457489174
60.324 -6.15125516789779 -6.49341066676117 1.30322245430374 -2.48335123813335 3.96417027204137 10.431919139683 254.70129075978 158.247016495184 9.20249936449287 0.841235160478877 0.866306631997417 0.867990482012061
60.37 -6.13577371266957 -6.38486559150782 1.25589114401592 -3.3629648845674 5.46769547760542 15.7986331290974 253.024045515422 158.492083361099 8.70202448523923 0.841385986078152 0.866272503846763 0.868154100595598
60.416 -6.2128726776069 -6.24576205368951 1.24190181174697 -2.11407789237746 5.77326081777642 19.7467401628132 251.413476867492 158.52258752249 7.99663983304377 0.841268308483954 0.866355606967139 0.868163714407226
60.447 -6.31960953850118 -6.15898746955845 1.17969367186075 -1.83347179511582 5.60382217842943 25.3570732723367 249.328916262668 157.815295893217 6.81327826476546 0.840920497607277 0.866324902199638 0.867925261856093
60.488 -6.39511894423405 -5.95925756011255 1.15920266942853 -1.21877627618122 5.39825626987135 29.3226644650966 246.578422172761 157.212389673506 6.82075539446002 0.840385679822904 0.865843090626562 0.867732115289675
60.534 -6.6441725025902 -5.78329668410834 1.07039583706564 -0.7188118371419 6.78548834195458 32.9433429495526 243.930521959937 157.44403563554 5.54281186951262 0.839825705638325 0.86557642072206 0.8672052851912
60.563 -6.75311262046964 -5.49230989847834 1.0263367934704 -0.970405527016237 11.200825709655 37.1201383234888 241.407722787549 157.469668864787 4.57367761430522 0.839498898328052 0.865360418099414 0.867013141561127
60.61 -6.89533737992142 -5.23998285648969 0.906001968620318 -1.05221168299002 13.9010657713854 39.4077700572931 237.498255457915 157.400431780478 2.90667886758723 0.839234184406731 0.865074094240352 0.866511802232089
60.657 -7.1815273319966 -4.91007592546319 0.785187293971439 -2.34236779909978 16.773832740471 43.5394540517509 234.331586920911 157.008349742187 0.764409882745654 0.839146386822268 0.864842171914512 0.866463889349785
60.687 -7.40869040963868 -4.5817752519903 0.65728017618928 -3.03441715391204 19.037644214438 48.2207745758114 229.468585405938 156.888763291171 -1.08482799497602 0.83932806160773 0.865123698198009 0.866671591162111
60.731 -7.7213928637806 -4.27155894896611 0.523705990278181 -4.14138934505044 19.307591050336 52.9708884751095 225.57155417881 156.005898265849 -3.05671067593058 0.839589041438167 0.865339525082181 0.866938502149843
60.775 -8.1580537197691 -3.89160738624724 0.369889386487404 -4.67796048399467 16.9951792851233 59.8949692831593 220.674958884836 154.714777595338 -4.07793564750377 0.840027677923659 0.865748659782808 0.867154700049905
60.802 -8.59570167844876 -3.52445247304886 0.222265714281642 -4.52227776302805 15.8183089614079 63.6421006918781 216.060716696717 152.132969852223 -5.43312787447805 0.840483361496343 0.86610419310988 0.867551192788295
60.848 -8.73104334008854 -3.25455437552218 0.117277217942291 -4.00251063690768 17.4551966709541 63.5333840031694 210.475180524341 151.025705580301 -7.15483357832722 0.840739177392222 0.866392175104808 0.867749028261944
60.894 -8.88414873706351 -2.92188315099021 0.000261974394946109 -4.87562140215476 20.3443581584347 62.6685295921855 204.924896224716 149.342821520044 -8.66341519844505 0.840819917985426 0.866613502623679 0.86801977961809
60.926 -8.99212904773068 -2.53090773393201 -0.174534597824902 -6.24772661818811 24.2152659861947 61.3800585879909 200.07516594202 147.061685431236 -10.6713663107405 0.841011788148379 0.866558476072434 0.868128583594078
60.972 -9.07599578262913 -2.13779472871905 -0.339822416556896 -9.02226161416748 27.0316173572147 60.8799085249749 195.396884413036 144.127965199301 -12.4718067116998 0.840813757598992 0.866513904565925 0.867748284640058
61.016 -9.12694690375382 -1.60416438765398 -0.563679643167006 -10.5895586250329 28.1035489906416 58.732573233474 190.785476374559 141.397651811434 -14.8361634364768 0.840539664362213 0.866231017735666 0.867576431380242
61.046 -9.35952010727497 -1.27963296066252 -0.763834406963276 -10.4459394328415 29.2654777358548 52.5764377542284 186.306235863393 138.886097967261 -16.1872923835462 0.840089866963582 0.865767044210745 0.867091664455263
61.092 -9.41297905575259 -0.907922096027207 -0.922745543445491 -11.7658674291513 32.1518308591722 49.289128321383 182.258051049348 136.527739353482 -17.7137068306725 0.83985200135315 0.86526749039476 0.866834549433295
61.137 -9.43134523425628 -0.603197109945963 -1.14668694789959 -11.660657961124 33.0997768890592 45.1753389784882 179.153021349972 134.11946887632 -19.8801025328447 0.839532859926241 0.865097824787332 0.866379502355515
61.167 -9.43008493508145 -0.402308616063162 -1.31844880780736 -12.8287970706478 32.7280711885349 41.1293528168502 175.305947293478 130.992769789819 -21.3948830516042 0.839261693301264 0.864737796187875 0.866480050094207
61.212 -9.43348733913351 -0.182427372085197 -1.47812416500786 -14.7866691386751 31.8563788840873 40.3982108961525 172.165817307717 128.280143529754 -23.3178552717994 0.839408962563512 0.865026944453972 0.866450379523561
61.272 -9.39490145711574 0.0696692350574478 -1.68406965475302 -16.0074310099604 30.3247355984008 40.245069909853 169.580312019251 125.6089162591 -24.7374627701575 0.839768259704126 0.865384478193957 0.866771639482872
61.287 -9.3450917951014 0.345112953313708 -1.85566792541968 -16.5377748432588 28.1528068270711 39.9510257109504 166.916052735593 123.343222169871 -25.3533448438276 0.840185461866982 0.865550756878899 0.867166838146955
61.332 -9.30630819230423 0.661302940567435 -2.03671669383768 -15.8145289207496 25.0990407055001 40.6942239556408 164.18200271583 121.112009957596 -25.3122093235003 0.840523395618895 0.865907302735994 0.867475023103827
61.374 -9.31105789130536 0.954437160672031 -2.21326974402009 -14.2651882731354 22.1217496890123 40.0994206407103 161.271422199823 117.336728065653 -26.1308895520353 0.840923145033343 0.866319428524688 0.867835521761183
61.405 -9.28627654070002 1.22166575112625 -2.32290854066424 -12.6599170050565 18.3486172481 39.7145765205021 159.435851981856 114.716749733179 -26.3440205371486 0.841145305644162 0.866406466503543 0.86825044291468
61.45 -9.2921626902125 1.47645804947748 -2.4368670637205 -10.9219373542484 14.1096318793579 38.5225474396219 157.187040105304 112.288567283875 -26.3186566350904 0.84119938040782 0.866476967266415 0.868241751685682
61.495 -9.31303151692613 1.67625577240754 -2.5145508840068 -9.07654024930762 11.9631529673181 35.7574618993762 154.225502485296 109.409739499939 -26.6821118744232 0.840978489119822 0.866423204042051 0.868000545415201
61.525 -9.20788489539413 1.83951646707009 -2.55745925977338 -8.95665409048879 12.1646577203216 32.3770555888764 152.58865701309 106.71188899495 -26.9105106182828 0.840559273639872 0.865798979858118 0.867681980733567
61.569 -9.07383841588875 2.04958713375982 -2.59804491961352 -9.29603485146386 12.5356628297963 28.9324379277533 151.010812180603 104.97063008591 -26.6395136008091 0.840206911663518 0.865540690999621 0.867275667480754
61.617 -8.96418344929787 2.24616439721981 -2.64837302942202 -8.80856685563992 12.6774746783946 25.6955800649916 149.144757866288 103.068210369587 -25.9400060166553 0.839807675208459 0.86522011528952 0.866946553745975
61.647 -8.86396048151977 2.45152825972855 -2.70911839212071 -7.79906129047292 11.6221896040034 22.746320616002 147.195253871693 100.297250399365 -26.3754048734908 0.839598116934073 0.864948213229366 0.866581463571507
61.691 -8.80160434051014 2.59761206306765 -2.74754226396604 -6.18800300406169 9.72763770138018 19.9558174088853 146.108155636072 98.6767728234859 -26.3440779475276 0.839453683829248 0.864616610825923 0.866520315034714
61.736 -8.70502541455589 2.74234796522237 -2.75477742944162 -4.6424351050457 7.80961554575153 18.3164258416551 145.233606065218 96.9141859870236 -25.7967031374973 0.839564474891179 0.864928784310791 0.866594108364358
61.766 -8.67045472199023 2.80650459822142 -2.78502885414303 -2.38617396180457 6.59471988976866 16.2276026416643 144.051220912827 95.0844906494891 -25.8873295413728 0.839894224689536 0.865070530594548 0.866641548596925
61.811 -8.62675851035896 2.89105656015734 -2.80843718458855 -2.18333526020674 6.36485288170498 14.2059611931832 143.60948893939 93.7944374260862 -26.764736928512 0.840274876357268 0.865530774247826 0.867148102196993
61.858 -8.57912421677027 3.00316001094348 -2.8403385798515 -2.74506644626364 6.50812625402836 12.042019406173 142.435686040906 92.5934943151298 -27.2594369120947 0.840683592227567 0.865927705826544 0.867558410613047
61.887 -8.51865137226727 3.10838886682931 -2.87510308936325 -3.25915267643538 6.61150592988511 9.59892121518336 142.276905693134 91.5247303952552 -26.6401438987967 0.841027684830931 0.866237282508286 0.86787819834444
61.931 -8.42484894645165 3.18323341482522 -2.90056886777501 -3.51563885875236 5.80272438335962 7.91604221483288 142.250293611438 90.6650316201567 -27.5245165580253 0.841180079293239 0.866499977517517 0.868137226406868
61.976 -8.36730432623704 3.245826716956 -2.92347662199764 -3.41240030001689 4.48585560548312 6.73787205661005 141.310737825265 89.7346756123269 -27.6588584120005 0.841177048525249 0.866712760474994 0.868223715492988
62.007 -8.32232128711944 3.2690538419749 -2.94258256877338 -2.98404424301368 3.80193998700621 5.93790537348773 140.885697638465 89.3170872459848 -27.2036753137204 0.841061172835319 0.86628085329929 0.867948938947866
62.05 -8.29173285143821 3.30251434100739 -2.95467656832088 -3.16570179103956 3.66598360321549 5.08832930672353 141.015415087156 89.4168406692477 -27.5249770041136 0.840740070703637 0.865931008486971 0.867726369946317
62.097 -8.25748118763736 3.35195525873689 -2.96034871026606 -3.50627951944433 3.89089710028394 4.44345513539263 140.580486220597 89.3056409420906 -27.989231373332 0.840252196100136 0.865635274442023 0.86744768919831
62.127 -8.21764660929156 3.40690031841477 -2.96321332546703 -3.54741465502472 3.79475642222236 3.88072537722528 140.930193838683 88.9215691630934 -28.0952774123989 0.839983487953758 0.865148120962015 0.866987383287898
62.172 -8.18022707834001 3.45509886809205 -2.97095056250723 -3.38019976369979 3.52077560276347 3.464761601354 139.713457009334 88.6704710221057 -27.7611747040431 0.839512743380927 0.86487740028601 0.866614535500464
62.216 -8.15860221768087 3.49105716283214 -2.97479358691748 -3.17132058722279 3.05824045197887 2.97645689709674 139.53190017756 88.3710815279056 -27.6585515102749 0.83948584284558 0.864794211546214 0.866423643031629
62.247 -8.1522370605427 3.52642625524029 -2.97290253616182 -2.96846433213901 2.62740377373647 2.31818199504531 139.630839143824 87.7265760376036 -27.8574267233227 0.839464053411949 0.864949180628686 0.866392480397413
62.292 -8.1266766773953 3.53286901138498 -2.96269182424957 -2.85033397162801 2.71239553000898 1.62940680529968 139.416979706497 86.9465265904589 -26.6205156458914 0.839699194799584 0.865087051612043 0.866490562308144
62.333 -8.09729382531922 3.55464952874225 -2.97036651541376 -2.87632776892709 2.76368160068132 0.975544703132433 139.201753562263 87.1246865382717 -26.524617673172 0.840141853877925 0.865198727108562 0.86692723967439
62.364 -8.05055724224483 3.58241322683607 -2.9776843588885 -2.76448198138056 2.45026148586485 0.639885866025821 138.451420385433 86.7049960960001 -26.7109403152693 0.840500407731381 0.86549869835648 0.867280948341049
62.411 -8.0382467267835 3.60626653739139 -2.99564866017127 -2.31197849652131 1.84753623103144 0.433498391175571 138.737650512201 86.9830468377601 -26.1958616553682 0.840916711683786 0.865975882255241 0.867690369602081
62.457 -8.02598877508624 3.60691294000291 -3.01121727894314 -1.74171021577005 1.61871808759348 0.286706215936182 139.035496914882 86.9742679385857 -26.5646479408482 0.841253917885234 0.866017325183 0.868022000823516
