41.657 -8.71342898688756 -3.24026261144585 2.58327020360946 0.611766966689788 -1.72534911474885 -0.583843915577819 291.077003682404 98.9868251208794 153.509985621156 0.838742457367329 0.864584083334729 0.866763451508527
41.687 -8.68053556634822 -3.23855576253271 2.61200797397423 0.750590270020809 -3.27953176052587 -0.0353831881421743 291.009303314164 99.1681426087915 153.038987059041 0.838998211645166 0.864628177652449 0.867082632657405
41.701 -8.61603597242092 -3.21942220928969 2.65930007551784 0.741943456759186 -6.02409766844275 1.16510169555754 290.888372982748 99.3913283479123 153.035088353137 0.839102069948801 0.865037834050929 0.86724684355539
41.717 -8.50698984359313 -3.20417723777326 2.71868222941168 0.743321630167237 -10.649168817629 3.26233198401705 290.719535684473 99.2921955131211 153.091579517823 0.83932186296849 0.86516001356257 0.867517685499582
41.747 -8.39957079316326 -3.15933212389736 2.80630339970476 0.839218474784101 -17.629290103805 6.26815985431764 290.507582116026 99.142975961809 153.562421566041 0.839266885857333 0.865639538506044 0.867515203510804
41.761 -8.32635680161549 -3.0885651655512 2.91718488148111 1.3201821234889 -26.6625442995314 10.1298934872065 290.556823904423 98.0486783656281 153.626179409437 0.839722391840526 0.865578087306633 0.868004909614371
41.777 -8.25669333329171 -3.02643113263103 3.03942384610705 2.12938528518581 -37.1619387245401 14.7749194056614 290.661141513981 97.4838105290653 153.863561468493 0.839627361842166 0.865892752739695 0.868076892816659
41.807 -8.19339768579933 -2.94249834651637 3.19636526963233 2.86759179483517 -48.6098669894907 19.8279618162403 290.455027362583 96.1954294761588 154.137205321644 0.839920797151476 0.865929440382458 0.868387647075762
41.822 -8.12182698689103 -2.86480405957896 3.4002807789545 3.57090895122951 -60.6374299088622 24.9535625811812 290.209524626324 95.0958865285429 154.563484789479 0.83993239690448 0.866208970507938 0.868174845284919
41.837 -8.04412552752077 -2.80092456666886 3.64838832499093 3.78328370496152 -73.0836105820981 30.0543895291699 290.288572163692 93.8062978756886 154.767136310531 0.840195328707559 0.865966978638646 0.868352887056158
41.869 -7.97215912078005 -2.66556160505049 3.96841086639321 3.51869579248064 -85.7844098292318 35.222233019001 290.779714947323 92.2256680881197 154.890422679478 0.840053005022496 0.865996243691515 0.868020101001735
41.882 -7.86022357941433 -2.54648826887101 4.30964231812974 3.57522315979746 -98.6555871669193 40.5290173506887 289.961743452591 89.9031012793078 154.94138041153 0.840051383988398 0.865775524503866 0.868213617201293
41.897 -7.73739511490551 -2.38892432185909 4.6837882547738 3.31693748503909 -111.71063913725 45.834894241574 289.705569107332 87.572791151377 154.627242370377 0.839796834083444 0.865823934970213 0.867894758132357
41.927 -7.60613964844365 -2.1965392571649 5.08366666577713 2.84554908004663 -124.454842399098 50.862855199096 289.535012196598 84.9355120362393 154.28451813334 0.839947150689669 0.865620446654694 0.867854568880301
41.941 -7.45754350586491 -1.97706489657589 5.51047522731831 2.40068882853052 -136.114701670638 55.3460353280414 289.681510976939 82.1419608326154 154.516066320006 0.839703024114587 0.865560904640418 0.867695074909004
41.957 -7.27783830193064 -1.79791346992756 5.92836109615753 2.53237567086831 -145.98338417533 58.8694470624128 289.693359879245 79.0277647493538 154.124459688005 0.839483310197014 0.865507316827569 0.867304472599607
41.988 -7.04331986213369 -1.65205993180607 6.32558722332766 2.78066482133873 -153.649167895202 61.5008229668586 290.06402389132 76.4649882744185 152.812013719205 0.839412188363005 0.865087881422715 0.867199988256379
42.003 -6.76479663942435 -1.49966291718305 6.72552800508425 2.45221665981554 -159.263640418659 63.4026490671193 290.037621502188 73.4384894469766 151.750812347284 0.839094786241354 0.864957998461946 0.866982492081934
42.018 -6.41979421222966 -1.33760590671856 7.11246931849795 1.73600262742177 -163.215902330991 64.7654375955218 290.973859351969 70.234640502279 150.555731112556 0.839062516802911 0.864593494893654 0.866786745524934
42.048 -6.03076219300712 -1.17816750394725 7.47478243379781 0.924234425748298 -166.037060189495 65.8957640649773 291.576473416773 66.2711764520511 148.5201580013 0.838906853616506 0.864513050585792 0.866610573623634
42.063 -5.60569487577931 -1.01138932872495 7.81415206792047 0.215017090043697 -168.371522109477 66.9405388035177 292.778826075095 63.484058806846 146.38814220117 0.838766756748741 0.864564248178405 0.866575479178004
42.078 -5.1322144737803 -0.869967952686674 8.12102125825367 -0.00495790140342042 -170.620629440514 67.9388513353797 293.680943467586 60.1956529261614 144.049327981053 0.838640669567752 0.864610326011758 0.866420433911396
42.108 -4.60486723670033 -0.764775224314446 8.40145319767488 0.00393483530180712 -173.041772603333 68.8411494079486 294.312849120827 56.6960876335452 141.524395182948 0.838527191104863 0.864404463331286 0.86640435343699
42.122 -4.04496128876806 -0.64693786900012 8.6638975805136 -0.179664755098603 -175.972709846816 69.2654314137186 295.061564208744 53.6064788701907 139.431955664653 0.838425060488262 0.864466519649351 0.866266420744484
42.138 -3.50830522346319 -0.510777159340098 8.90602318043343 -0.341087592565842 -179.485362526257 68.9014836921941 295.67540778787 51.2458309831716 136.288760098188 0.838586233907587 0.864645830601149 0.866389065231216
42.167 -2.97551537008125 -0.426839024251921 9.08820280666499 -0.220719291324525 -183.123085815616 67.8563734909136 296.047867009083 48.8212478848545 133.759884088369 0.83873128998498 0.864683750192227 0.866376121624827
42.182 -2.43375525877808 -0.359913829350075 9.24486209066524 -0.381090110283675 -186.589403188253 66.8027972105246 296.683080308175 45.979123096369 130.463895679532 0.838988161001051 0.864594280354507 0.86661098362607
42.198 -1.88829132919849 -0.288727682873846 9.3920205692513 -0.651378045820193 -189.864050655687 66.149235046724 297.734772277357 43.6612107867321 126.537506111579 0.839093024369098 0.864884138880237 0.866699171824643
42.227 -1.3703791827441 -0.196468426625646 9.49758827627271 -0.0732631420015326 -192.794439483248 65.5480520000669 298.801295049622 41.0950897080589 122.163755500421 0.839313721946757 0.864898227643406 0.866901728805903
42.242 -0.865951013310021 -0.181729697517201 9.54615174478802 1.7012387447177 -194.769194008206 64.8321780977701 300.121165544659 38.425580737253 117.987379950379 0.839386029220233 0.86528087904279 0.867084030089038
42.271 -0.350075535544693 -0.202761781214158 9.5190502650724 3.69142021375738 -195.521282240973 63.7321663948633 301.849048990193 36.0830226635277 113.448641955341 0.839703597791737 0.865378754055244 0.867371153379866
42.287 0.201002193180675 -0.239347891806198 9.47598417823191 4.93372857406104 -194.756176917639 62.3719268546137 303.224144091174 34.034720397175 109.183777759807 0.839736917480715 0.865713352813445 0.867383324603059
42.301 0.747070806641538 -0.212599915570288 9.40598042212136 5.20676793039539 -193.009566859463 61.0064898943431 304.341729682057 32.4312483574575 104.625399983826 0.84001939722617 0.865767980448834 0.867763435683522
42.317 1.29701096184775 -0.180326596474292 9.31406707229204 5.68532777857723 -190.578075822372 59.7249248743745 304.987556713851 30.8681235217117 99.9228599854436 0.840021136971705 0.866063656567675 0.86773637867635
42.347 1.85660053224317 -0.181507406153359 9.21326882835019 6.81908507705538 -187.853092667615 58.3669362037309 305.988801042466 30.0013111695405 95.7505739868993 0.840275194768062 0.865959793562101 0.867958267108446
42.361 2.43935950634735 -0.247093871997069 9.07741967912723 7.79366511896816 -185.555569660396 56.8989448734342 307.009920938219 29.1011800525865 91.5155165882094 0.840124884476948 0.866236288369616 0.867664943048794
42.376 2.99377012286654 -0.347960361033324 8.96640818187186 8.02193219485761 -184.19772261802 55.2746992410526 308.048928844397 28.2910620473278 86.9839649293884 0.840242396043823 0.865991564714157 0.867893975043646
42.406 3.4916024211115 -0.419347174337187 8.81131146730711 7.68996798300543 -183.168026692096 53.072420156642 308.864035959958 27.6819558425951 82.7855684364496 0.840095365625133 0.866141694803921 0.867730540456015
42.421 3.93468351391552 -0.397643460962783 8.63754721625206 7.09654370378886 -181.567254557238 50.1025827211305 309.897632363962 26.5937602583356 78.1070115928046 0.840342000556147 0.865906430505032 0.867706772971593
42.437 4.30125449205277 -0.372184469521294 8.4089742077311 6.55024811203593 -178.555567269453 46.5030114719182 311.007869127566 26.514384232502 74.0763104335242 0.840058388994418 0.865941750371262 0.867438598325627
42.468 4.56670447085653 -0.370041076141819 8.10892694946409 5.61125383518348 -172.977873137928 42.6160691033523 311.887082214809 26.8029458092518 70.0886793901718 0.840056229563127 0.865850077985329 0.867197241144257
42.482 4.81734107638318 -0.409352145014606 7.80919629713548 4.37531929135979 -163.837337732532 38.8514087579026 312.558373993328 26.5826512283266 66.0198114511546 0.839927815792507 0.8655202401075 0.867103479946565
42.498 5.09612513814794 -0.366441714169147 7.60557855111944 3.07061178970473 -151.593298615767 35.0128327676085 313.222536593996 26.444386105494 61.8178303060391 0.839685622707142 0.865470718747943 0.866895634603101
42.526 5.4450733772018 -0.365590859116521 7.3783889973991 2.98416129775715 -137.470609975564 30.3573510175652 313.220282934596 26.1999474949446 58.0360472754352 0.839467648930313 0.865178816793853 0.866955357703971
42.541 5.83627990285442 -0.508836324806278 7.12250290794667 3.65368409927915 -122.707518443657 25.2048220226789 313.878254641136 25.9199527454501 54.5724425478917 0.839144700751931 0.864916105035172 0.866885784850307
42.557 6.17711308658021 -0.606991746242582 6.92344975307729 3.06312484965658 -108.524552858833 20.5751795150675 314.590429177023 26.0279574709051 51.6951982931025 0.839107439862431 0.864679664452359 0.86682316928201
42.587 6.47775771969465 -0.517681862308746 6.80301968903971 2.39574366240084 -95.918662458446 16.5970508765379 314.691386259321 25.9451617238146 49.2856784637923 0.838820512590837 0.864590603188626 0.866396022274513
42.601 6.7555802829913 -0.418867613727598 6.66428614245324 4.01418456333633 -85.554277128632 12.5655900636932 314.962247633388 26.0506455514331 46.937110617413 0.838689049825639 0.864510448051266 0.866382382963795
42.632 7.01753179143533 -0.522129332293345 6.37967284250082 7.02421648868209 -76.8805288050818 8.90139746953766 315.68602287005 25.7855809962898 45.0633995556717 0.838570733336961 0.864561905897332 0.866370107584149
42.663 7.15231273094414 -0.616860528531021 6.10819797272523 8.20729102301999 -68.8069797413675 6.78148673021748 316.217420583045 26.0270228966608 42.7770596001046 0.838590869188957 0.864608217958792 0.866359059742467
42.664 7.25416262316345 -0.500706386335802 5.95700504083967 8.16137108102333 -61.1071977977651 5.93005561444764 316.63567852474 25.7043206069948 41.2593536400941 0.838482370763947 0.864649898814106 0.866349116684954
42.678 7.36492132575189 -0.303931038172345 5.87114979356112 9.62385992711947 -53.8048749645535 4.98285157972043 316.352110672266 25.5938885462953 39.8334182760847 0.838764133702122 0.864687411583889 0.866463491577638
42.709 7.51709696737714 -0.285568798117012 5.73085268911346 12.7576571405144 -47.0854561703882 3.46624581106137 316.51689960504 25.5544996916658 38.7300764484762 0.838764929517602 0.864844633342233 0.866566428981055
42.739 7.62753927488137 -0.3154304425706 5.61356356659494 13.9918150905851 -40.9318723854104 2.03183497041325 316.785209644536 25.2790497224992 37.9770688036286 0.838765645751535 0.864986132924743 0.86690531238268
42.74 7.62674003641911 -0.260723497044104 5.55026099907424 13.2849999937403 -34.8814332384725 0.601933916120012 316.606688680082 24.9711447502493 37.1193619232658 0.838766290362074 0.865236806193449 0.867087255308137
42.768 7.59268145979441 -0.214001158390395 5.56014678919672 13.2473396890228 -27.7650456398161 -1.38574039152252 316.806019812074 24.5740302752243 36.5874257309392 0.839019661340436 0.865215628225297 0.867374056077055
42.782 7.53132309813199 -0.300340121549921 5.47255767027461 13.6699339643953 -19.1816708468268 -4.36396024550004 317.045417830867 23.6766272477019 36.1686831578453 0.839247695220961 0.865566539566492 0.86738593703053
42.798 7.40457380681244 -0.19267411729326 5.56886331415108 12.6113375145207 -8.24060299878535 -8.30924361026302 316.60087604778 23.4089645229317 36.6918148420607 0.839579097192392 0.865635848526576 0.867765786868245
42.83 7.3000762421102 -0.135279044812591 5.63255407967506 12.0639442210839 5.436892415597 -13.5088536003818 316.860788443002 23.3480680706385 36.7426333578547 0.839498396658846 0.865944737837643 0.867615171098154
42.842 7.17783672435975 -0.0794934797039669 5.77558815382425 10.9369391119526 21.655035235106 -19.2648384693512 316.974709598702 23.1732612635747 37.3883700220692 0.839804728486488 0.865852766705072 0.86784918028807
42.859 7.06069840333369 0.0392475514634513 6.03354588659856 9.45011542976496 39.0063256047252 -25.1215607292863 316.597238638832 22.7759351372172 38.4495330198623 0.839827935105991 0.86613996419829 0.867690225175996
42.887 6.98777518279707 0.157127808543211 6.32610156100023 9.00815732190297 56.5324106015046 -31.2025344273501 315.597514774948 22.1183416234955 39.7045797178761 0.840101313088919 0.866028470429654 0.867916728958128
42.902 6.91813403612992 0.234429762672334 6.64740118349518 8.94627288742259 73.193673358148 -37.1219756411036 315.117763297454 21.346507461146 42.0941217460884 0.83996839096572 0.866298097550414 0.867751018979048
42.918 6.81571324688155 0.358170335809245 6.95327044396036 8.3211112475353 87.6567487704248 -42.2036712067642 314.145986967708 20.3518567150314 44.3047095714796 0.840227723362675 0.866047192976875 0.867971443380875
42.949 6.67612934132181 0.574642311322559 7.28721071066051 7.45312226018635 99.8620662597945 -46.9207086662405 313.451388270937 19.8766710435282 47.0742386143316 0.839955539520293 0.866068436595921 0.867800261959521
42.962 6.49166631716278 0.775931427587153 7.60523465378514 7.29483293493107 109.591890168166 -51.1958133721355 312.586249443844 19.0890039391754 50.1668147528985 0.839837194753956 0.865840498117831 0.867646198680302
42.993 6.19169399754214 0.988216247894539 7.87942531499354 8.32412826739216 117.286136265853 -54.9418808898838 311.507624499459 18.6801035452579 53.1301332776086 0.839604063772446 0.865758950957241 0.867630865373452
43.009 5.88466863884933 1.16442855006889 8.13397803419609 10.1459139139354 124.215537906444 -58.4774637932618 310.416862049513 18.5520931907321 57.1171199498478 0.839520866580894 0.86556196104302 0.867246684017609
43.022 5.536938760171 1.24730298346075 8.34475988012951 12.3588034385724 131.16039632954 -62.5778090169891 309.075175844562 17.7168838716589 60.945407954863 0.839319368416691 0.86513706121662 0.867024518267041
43.038 5.06614412083298 1.38162531935387 8.59060758825303 13.0954421786846 138.493211658418 -67.0864403290306 307.687658260106 18.705195484493 64.6908671593767 0.838884324740104 0.865002260276461 0.86670097162184
43.068 4.55982898395049 1.51610251501095 8.84107975789452 13.0752109379154 147.049997362805 -71.4274146167382 305.718892434095 18.8746759360437 69.261780443439 0.838873101451786 0.864757204169519 0.866656837376389
43.082 4.10151173893322 1.67903050394259 9.09044670428525 12.8921173250399 156.877822054005 -75.906047200866 304.367003190686 19.4472083424393 73.9156023990951 0.838355608464021 0.86466038893407 0.866370058820253
43.099 3.67909028134086 1.83099279950323 9.33235465913138 12.5395468139099 166.203016947842 -80.9627707250542 302.670302871617 20.0824875081954 78.3440421591856 0.838270636111504 0.864449519961367 0.866235555589421
43.128 3.20475898386244 1.95626670852538 9.55162802424241 11.5291035829006 173.24225723779 -86.0161119731595 300.483272584455 20.3542387573759 83.1096379432671 0.838320781686047 0.864383473146733 0.866237962947212
43.143 2.67042102397565 2.05039829077038 9.72066260951349 9.76168940781667 177.623375025462 -89.9473252033244 298.51494532601 21.7988148816383 88.3586741489404 0.838239292011328 0.864324031013562 0.866116669303683
43.158 2.09362907988802 2.1190157120977 9.82658564070691 8.09086397848538 180.304548973297 -92.4571728356638 296.083450793409 23.1589333934744 93.6228067340463 0.83816595130408 0.864394130563399 0.866007505024508
43.188 1.56464024588146 2.14605547656603 9.88624275046435 6.33902948903379 181.858826900395 -93.9007685291966 293.775105714068 24.863040054127 98.1205260606417 0.838226565359365 0.864333622688562 0.866156041083237
43.203 1.00888322774778 2.16039547029126 9.8728366761015 4.84405783784034 181.934012912646 -95.2320657220785 291.937595142661 26.7567360487143 102.888473454578 0.838281118009121 0.864402763070899 0.866412911138639
43.219 0.391745152928324 2.1286495986848 9.81127112525161 3.20774365710974 180.416947499244 -96.6050423559775 290.403835628395 28.5810624438429 107.05962610912 0.838330215393902 0.864341391945312 0.8666440941885
43.247 -0.227903548308112 2.11043323844096 9.75388687924256 0.951854787581971 178.749298550846 -97.6346144562576 288.363452065556 30.4029561994586 110.393663498208 0.838247782348397 0.86465653931196 0.86672897133083
43.278 -0.754223367656378 2.0629737416156 9.66201850839594 -0.721193286596073 177.884292359883 -98.2230614075784 286.467106859 32.5826605795127 114.414297148387 0.838553004128127 0.864816848297498 0.866928548361472
43.29 -1.19977933861474 1.94262820833157 9.5180453753603 -1.86892128618074 176.294336406338 -99.1793812210191 284.9403961731 34.9643945215615 118.812867433548 0.838574912901007 0.865084450028928 0.866984980086505
43.308 -1.72360223559433 1.81917390543131 9.35303535724871 -4.09271618046343 172.693147040513 -100.309534701971 283.32635655579 37.2279550694053 122.891580690193 0.838973593104433 0.865078507677228 0.867404925618623
43.323 -2.22910036469603 1.72362734065569 9.18758736847514 -6.49947509676823 168.408565160889 -100.19155833101 281.813720900211 40.1651595624648 126.502422621174 0.839206233808559 0.86544313107323 0.86741371961794
43.338 -2.65082915268932 1.60016617643342 9.00384855388409 -8.01059628938149 163.692899484495 -98.738051352871 280.63234881019 42.5086436062183 129.692180359057 0.839667804996629 0.865524780882641 0.867790791196915
43.367 -3.06216807045872 1.42979463607823 8.78587102996236 -9.26831528639754 157.663304192534 -96.9611927824694 279.569113929171 45.4577792455965 132.442962323151 0.839704703965117 0.865967829094108 0.867760998638404
43.384 -3.53029594610633 1.26820025447686 8.58011446094744 -11.0285066585211 150.729798200762 -95.1154551836118 278.792202536254 47.9320013210368 134.978666090836 0.839864233583175 0.86587354883589 0.867980425074295
43.397 -3.95867394617648 1.07039214614343 8.36949514475077 -12.5218391987759 144.256818380686 -92.4016195889147 278.032982282628 50.5788011889331 137.920799481752 0.839881489693009 0.866035480513481 0.867808345483598
43.427 -4.33302125225768 0.879855145007175 8.15551692658612 -13.5635484086693 138.508999138037 -89.2668011414736 277.649684054366 53.1409210700398 140.268719533577 0.840149512217235 0.865934435113326 0.868145954476007
43.442 -4.71488493284857 0.666114189317645 7.89667700303151 -14.4865828807795 133.489396934157 -86.8676019433568 277.244715648929 55.6268289630359 142.081847580219 0.839885149489397 0.866213465765718 0.86795732194514
43.457 -5.08741241933056 0.486197177848954 7.6530070177247 -15.910443676671 129.674808385779 -85.4060325887158 277.000244084036 58.3441460667323 144.073662822197 0.840026634555027 0.865971024370649 0.868034063914351
43.487 -5.44381600237919 0.299551735176211 7.41089924617379 -17.6888649578589 127.362289379262 -84.2051239863328 276.480219675633 61.089731460059 145.566296539978 0.839647787814174 0.865999884850318 0.867856620439649
43.501 -5.73949988141984 0.0820108621003318 7.16086008945497 -18.9367723552027 126.067281815382 -83.1785047174705 276.432197708069 63.9807583140531 147.56966688598 0.839560218218449 0.865778801546789 0.867573461046877
43.519 -5.98544430245754 -0.175606193958334 6.89338762878828 -20.3003470280794 124.814752107126 -82.1347000472501 276.208977937262 66.4026824826478 148.712700197382 0.839228013111253 0.865456091312814 0.867318617593382
43.548 -6.2113432125133 -0.343296929733704 6.64434255945193 -22.4863428596226 122.870681476566 -80.5700850043572 276.428080143536 69.3624142343831 149.561430177644 0.838929028514777 0.865289387363035 0.867212718750777
43.562 -6.33833706699744 -0.5031369965107 6.36758940625942 -23.5361818561031 119.853078977765 -77.9955192520131 276.925272129183 71.7261728109447 150.385287159879 0.838913334848992 0.864891744904634 0.867117409792433
43.578 -6.43174211075546 -0.616885963752636 6.07613421567163 -22.7634797010271 114.669297797545 -74.4570360291018 277.312744916264 74.6335555298503 150.826758443891 0.838518894529175 0.864781475595674 0.866908171464382
43.607 -6.55812418363072 -0.811616358466239 5.77449975986374 -20.6672844026802 106.844352750615 -69.8884316628329 278.201470424638 76.9501999768653 151.644082599502 0.838417593570143 0.864682233217609 0.866843317234677
43.637 -6.7492007842801 -1.07970890162047 5.49393079202556 -18.69063229829 97.7347266358591 -64.4064587255572 278.761323382174 78.5551799791787 152.379674339552 0.838199650927778 0.864716512547041 0.866537890692712
43.639 -6.93032747785526 -1.2705942460089 5.26129059959516 -17.3811110531938 89.1421700028076 -58.5673395705588 279.205191043957 80.4196619812608 152.861706905597 0.838256895020693 0.864500031213041 0.866510064540174
43.668 -7.12386766326676 -1.43868004693291 4.99834415586947 -15.4262060547447 81.7142125445116 -53.6571704989991 279.544671939561 82.1576957831348 152.995536215037 0.838181794012509 0.86442893327324 0.86636156073735
43.682 -7.31271828936562 -1.69051373672815 4.75935802405022 -13.7255701820946 75.8801958702131 -50.2181710063511 280.390204745605 84.0219262048213 152.935982593533 0.838114203105144 0.864488542597109 0.866351367580348
43.698 -7.47029381150328 -1.90764710312186 4.55229107330688 -13.249196369992 71.5020999473139 -47.2871936003724 280.371184271044 85.5197335843392 152.82238433418 0.838179991980322 0.8644185935189 0.866342193739047
43.727 -7.56506578762224 -2.02322048847465 4.3918480615954 -13.4975591757409 67.7404395709031 -43.8279398891902 280.65406584394 86.8077602259053 152.900145900762 0.838365672250442 0.864355639348513 0.866580448528867
43.757 -7.57877390955887 -2.12663798544933 4.20327632497016 -13.2035284490065 63.4564719496907 -39.9817871216452 280.668659259546 88.4469842033147 153.090131310686 0.838532784493549 0.864669361974842 0.86667169023716
43.758 -7.58949512280525 -2.18751172734019 4.03098798576233 -12.2839389628845 58.222275136401 -36.3378068827631 280.981793333591 89.7422857829833 153.201118179617 0.838683185512345 0.864828388694091 0.866876995377169
43.787 -7.636733144857 -2.28563315134689 3.86677065595898 -11.2967664406419 51.6992842639823 -32.5437208509754 281.263614000232 91.1480572046849 153.181006361656 0.838818546429262 0.865094836385862 0.867061770003177
43.801 -7.70217188328878 -2.36358750875096 3.76506344471794 -10.4556394148983 44.0423329368207 -28.0893487658778 281.457252600209 92.1132514842164 152.98290572549 0.839192863279863 0.865211315664009 0.867228067166585
43.817 -7.81577427503803 -2.474627420443 3.6717313050725 -9.49633501539319 36.1808477347417 -23.5811772480687 281.871527340188 93.2219263357948 152.804615152941 0.839277256420028 0.865439470658788 0.867254547011106
43.861 -7.97637509689336 -2.55457175237331 3.57342702622694 -8.62761754438822 29.7543660147026 -20.0535938744068 281.704374606169 93.9197337022153 152.824153637647 0.839731725346951 0.865521486509643 0.867647535850764
43.862 -8.13402409004216 -2.61484991725439 3.47531651087536 -7.62592449223947 25.7247309399499 -17.8375474640654 281.673937145552 94.3077603319938 152.961738273882 0.839762232280408 0.865841812022403 0.867632068826868
43.876 -8.25430049878696 -2.67191346182961 3.41245545114219 -6.94424807354988 23.8858456322145 -16.6995942443764 282.306543430997 94.8369842987944 153.025564446494 0.840168203621292 0.865883593736896 0.867864388243912
43.908 -8.32298503859943 -2.71776399339323 3.37796699850387 -6.94066296085138 23.5018412216648 -16.2998638275724 282.815889087897 95.373285868915 152.663008001845 0.840028592444856 0.866167708526932 0.867703912336254
43.937 -8.32973453888988 -2.72616904966609 3.34171999557578 -7.08094780980441 23.3944051911014 -16.2485033990136 282.554300179108 96.2159572820235 152.93670720166 0.840281904693897 0.865929842855741 0.868051964643398
43.938 -8.30761733194913 -2.78203660839119 3.28479654547957 -6.80491409752626 22.4854990231363 -16.034340082013 282.918870161197 96.9743615538211 153.183036481494 0.8401309234102 0.866086145131347 0.867872731095791
43.967 -8.30860122329646 -2.80322786504017 3.22955516836691 -6.57098757326982 20.3140483574639 -14.9927381348804 282.946983145077 97.836925398439 153.464732833345 0.840374002562707 0.865856435799715 0.868080984285943
43.982 -8.30559621113527 -2.81386043131936 3.1959389316587 -6.22228576250772 17.1353152774427 -13.0224719549801 283.03228483057 98.0732328585951 153.89825955001 0.839960419021086 0.866020078780923 0.867898848774082
43.997 -8.33383671514381 -2.81445149332811 3.15449142463938 -5.5809732167913 13.5324707725992 -10.9644995686424 282.989056347513 98.4059095727356 153.928433595009 0.839968056587129 0.865796976084334 0.867981438060399
44.028 -8.40444378917386 -2.8412598229992 3.1088089705223 -4.69234154396713 10.4631931609881 -9.54591220719804 283.190150712761 98.585318615462 154.075590235508 0.839721839422302 0.865719781127093 0.867685796905552
44.044 -8.48032021103773 -2.91500713743695 3.07044809109397 -4.01929059567729 8.70084331053814 -8.69361106281412 282.951135641485 98.5667867539158 154.268031211957 0.839500243973957 0.865650305665577 0.86754318013173
44.058 -8.51652671913928 -2.96216625855501 3.05603457432772 -4.04407909336147 8.37885058253776 -8.14867743744874 282.616022077337 98.5501080785243 154.441228090762 0.839427428762254 0.865340445019724 0.867414825035291
44.087 -8.51475579161012 -2.99545164304497 3.02929576285289 -4.15417500081921 8.77989682199391 -7.99335167843669 283.274419869603 98.8950972706719 154.477105281686 0.839108502600678 0.865061570438456 0.867299305448495
44.102 -8.49795876698402 -3.03139398751428 2.98775315327292 -4.25936818776019 9.03473156727544 -8.10012338082203 283.386977882643 98.9655875436047 153.909394753517 0.838948240834496 0.864810583315314 0.867195337820379
44.118 -8.50600533565915 -3.03501168123874 2.94773118534248 -4.63190465142692 8.64576222734179 -7.98553089006807 283.188280094378 98.9690287892442 153.578455278165 0.838677233465696 0.864708430165285 0.866854709219843
44.148 -8.50833916259739 -3.01713878421777 2.92685473714973 -4.59237830842164 7.6369111954473 -7.46407703770248 283.069452084941 99.2721259103198 153.820609750349 0.838560098613012 0.864492757069461 0.866795201214592
44.163 -8.49338094824195 -3.06934777357096 2.90261911828552 -3.83085040124359 6.14726587742929 -6.52301284538262 283.562506876447 99.1849133192878 153.678548775314 0.838454677245596 0.864422386544018 0.866618183744326
44.179 -8.50912778765237 -3.09311210624499 2.89457373153479 -3.48287986493603 4.15238661793063 -5.34628407992832 283.886256188802 99.466421987359 153.790693897783 0.838359798014922 0.864359053071119 0.866458868021087
44.222 -8.56855035892375 -3.08690682213416 2.88835043011288 -3.38192012271724 2.25470520804597 -4.42310605361488 283.817630569922 99.5997797886231 153.891624508004 0.838274406707315 0.864302052945509 0.866438944135711
44.224 -8.6383112287931 -3.09095873082498 2.87442960409683 -3.01624719441498 1.28572323685969 -4.0281236925282 283.27586751293 99.2398018097608 154.222462057204 0.838324175222276 0.864250752832461 0.866421012638873
44.237 -8.68529429582468 -3.10765385906237 2.86220012368288 -2.55431713146203 1.49073869943326 -4.06729605609981 283.508280761637 99.1558216287848 154.520215851483 0.838242346193934 0.864328180200408 0.866404874291719
44.267 -8.68514178884963 -3.11920788538758 2.86657633419209 -2.23476328091125 2.41265719590215 -4.35293286270357 283.357452685473 99.0802394659063 154.188194266335 0.838295320760234 0.86439786483156 0.866636861026272
44.286 -8.66567136072761 -3.13206055151496 2.86620536478198 -1.92273733449951 3.19200216333484 -4.76267774437214 283.461707416926 98.6522155193156 154.129374839702 0.838469468152362 0.864707364909584 0.866722461484825
44.297 -8.65155974528473 -3.13877970922357 2.86455468265864 -1.75565444074422 3.31860347371891 -5.04671531344638 282.895536675233 99.1669939673841 154.016437355731 0.838752521351695 0.864862591335359 0.866799501897523
44.326 -8.64131338150455 -3.1411757851991 2.87402254279243 -1.61367678292934 2.75010190497297 -4.98326515614754 283.46598300771 99.1502945706457 154.394793620158 0.838754478402218 0.865002295118557 0.86686883826895
44.343 -8.62197612599569 -3.16912976372417 2.87919173779297 -1.28513353211732 1.75982453890316 -4.6292134496931 283.499384706939 98.8952651135811 154.855314258143 0.839135202055523 0.865251352167881 0.867177480741787
44.371 -8.62857448049818 -3.17268068314949 2.88168923385926 -1.03371941554681 0.692239031577727 -4.20751347876959 283.769446236245 99.025738602223 154.669782832328 0.839098891035664 0.865598691114818 0.867209019228788
44.387 -8.643311694161 -3.17605608750605 2.8771135121106 -0.837217702999761 -0.0357634975342438 -3.8066094591369 283.77250161262 99.0231647420007 154.742804549095 0.839445173425624 0.865541324654529 0.867606560846678
44.402 -8.65328310271732 -3.18268525048396 2.87335449244251 -0.700060818195968 -0.309286384422041 -3.55342942925375 283.475251451358 98.3608482678006 154.988524094186 0.839504335551213 0.865982718488808 0.867471867678743
44.419 -8.6614194721636 -3.18170829514534 2.87577729629579 -0.613260843246601 -0.268434081857699 -3.51564373823677 283.627726306223 99.1447634410206 154.789671684767 0.839810073489619 0.86601040955666 0.867843124451638
44.446 -8.65623247718723 -3.19752861171845 2.88274624234828 -0.539721018463925 -0.0331937271070439 -3.64346867739019 283.3449536756 99.1902870969185 154.670704516291 0.83970627532635 0.866281842764719 0.867808098567654
44.476 -8.65521532382886 -3.20841499367252 2.89003581660741 -0.549107695243487 0.20600350819908 -3.82874013026186 283.57045830804 99.3512583872267 154.563634064662 0.840117842362641 0.86603256366975 0.868145732251657
44.48 -8.65058885293889 -3.23335608421769 2.89551904372352 -0.514807612742039 0.4273878902036 -3.908461537083 283.773412477236 99.256132548504 154.347270658195 0.839856646620262 0.8663017814665 0.867957121943225
44.507 -8.63547160277684 -3.23760712664431 2.90775625621061 -0.616761965971652 0.497626200419881 -3.75807339864188 283.836071229513 99.0505192936536 154.392543592376 0.840000981972805 0.866050508501352 0.868033883912627
44.521 -8.61408485814857 -3.22856423128639 2.91565728826624 -0.7054674487638 0.218855946790107 -3.37921262366319 283.832464106561 98.9254673642883 154.373289233138 0.83975147226941 0.866071420567951 0.867856458438098
44.537 -8.60590999583835 -3.19738142075236 2.91786010840507 -0.646371085566809 -0.480892243308751 -2.97182571244191 283.889217695905 98.9929206278594 154.895960309824 0.839780004510621 0.865843183692658 0.867696775511021
44.567 -8.62165671521814 -3.20277586324896 2.91343815129076 -0.395474435025395 -1.30379538539009 -2.67311642364046 284.180295926315 99.4136285650735 155.006364278842 0.839552592553444 0.865637770504895 0.867306003141422
