43.704 4.43741668952736 -8.25894232570389 3.8145650529422 -0.816832411174421 0.414863196993561 -1.4170637628908 332.09429646212 -45.3338717375758 -21.7198516562642 0.841071003190403 0.866892408185267 0.868541334699199
43.73 4.42499374917665 -8.25708351476192 3.81315786181705 -1.24598539808945 0.568710945289976 -0.962630808246889 332.104380134317 -44.6404361074364 -21.409079841574 0.841504622247082 0.867338736377938 0.869067583459158
43.775 4.40914317024678 -8.25810974015784 3.80153740660788 -1.4595535159639 1.00370930079938 -0.704005763840285 332.070547908797 -44.3847532470235 -21.8113546716749 0.84184381393328 0.867700262214002 0.869481942726323
43.82 4.40637783927593 -8.27754389753872 3.79693719054577 -1.44491010365595 1.23147781609025 -0.561237035122845 332.031143806126 -44.381650130089 -21.7771972840567 0.841992683867995 0.867869774496766 0.869595957968031
43.851 4.38708520398068 -8.29427316152906 3.80429617054569 -1.59343061907583 0.838565733323178 -0.305899708373169 331.993226482962 -44.4811366053721 -21.9955298000859 0.841885756769125 0.867662246740926 0.869454536119934
43.896 4.36869885103978 -8.31652076477531 3.79986012046257 -1.76854139687127 0.58381839666353 -0.286328382102877 332.106513451199 -44.2737206503514 -21.7523791380696 0.841660774518897 0.867383280416405 0.869205006325933
43.945 4.36110225277576 -8.33335024140403 3.79328015737158 -1.93412158490084 1.04121351198448 -0.495055760495697 332.204275895471 -44.0157137267847 -21.2854271018364 0.841238395095581 0.867169786679082 0.868645384665799
43.975 4.37997437591871 -8.36593226510209 3.7992210915373 -2.06030260590709 1.55781042562346 -0.519544784322125 332.397463475332 -43.6927281186956 -21.6331959524875 0.840870688534419 0.866774504790142 0.868179622135552
44.02 4.38547451884718 -8.38316587501284 3.79237346389451 -1.94388327872367 1.32533789513668 -0.342281656980311 332.361945415019 -43.8631097761434 -21.4468887215148 0.840471955165695 0.86620726872487 0.867814823471591
44.063 4.37973632960368 -8.44687059197574 3.78011115626725 -1.08385843286541 1.29802751185461 -0.718622187955579 332.117175786165 -43.7251189186762 -21.835979864427 0.840389274673701 0.866106102969952 0.867630327833784
44.095 4.42343330407707 -8.52605861669517 3.81586005639382 0.134670089226346 1.62056258994574 -1.42506107148066 332.206912386794 -44.4893463241277 -22.2951436901859 0.840322303475185 0.866024158708468 0.86748088636716
44.139 4.48647489090661 -8.61202411312905 3.85918189748716 1.58740338296036 1.13922058335224 -2.03597885721231 332.657599033303 -44.6343705225434 -21.9890663890506 0.840394377350806 0.866068898095652 0.867594031265932
44.185 4.55678195487776 -8.65816300880738 3.94122882275104 3.45030055699179 0.24452439770615 -2.42089859953281 332.632655216976 -44.3618401232602 -21.795143775131 0.840806171491854 0.866351648246263 0.868030238675822
44.23 4.60462676815558 -8.71156474823932 4.02261474397321 5.71146100841526 -0.382164245491606 -3.85474465951471 332.75645072575 -44.4410904998408 -21.3260664578561 0.840899998936084 0.866802535990551 0.868506618813839
44.259 4.61655401765524 -8.75964443314966 4.10515308380024 6.17811547788506 -0.676499603733697 -5.69715233451226 332.388725087858 -44.373283304871 -21.1141138308634 0.84120297426483 0.86717993835714 0.868892486725633
44.305 4.67485328097311 -8.77838189708596 4.1870507097236 6.36999872792659 -0.319567732459409 -7.49034224591676 332.690867321165 -44.5703594769455 -20.8224322029994 0.841800998975407 0.867608551515114 0.869315544356676
44.332 4.79423691053316 -8.82156543412804 4.28293224034242 7.46786690855184 0.161455480219329 -10.3856505016353 332.641602530144 -44.9879911763259 -20.5081700844295 0.842046072094677 0.867955728173073 0.86930147667678
44.376 4.91543634203565 -8.85646029023319 4.35599339489739 8.54049891348424 1.28070260309979 -12.776041028462 331.665698049416 -45.110272852824 -20.8296177683879 0.842004972976873 0.867768866369988 0.869400586478554
44.421 5.05649998474785 -8.82302056435219 4.43254290613062 9.00780411992224 2.73698742912152 -13.1474481948863 331.505215420027 -45.6353210107874 -20.2559903923942 0.841845212408993 0.867494320706944 0.869259735278567
44.451 5.16259731548847 -8.79130163683108 4.49517051160283 9.70922210049579 2.56863920690141 -12.2345475416747 330.865224490222 -45.9706100187378 -19.2333522178393 0.841501613040772 0.867136269048877 0.869047217644426
44.498 5.16895888383424 -8.68701966587529 4.50050479473429 10.4761492907146 1.25937638354434 -10.1897545011229 330.17283183708 -46.4041941151776 -18.5070152964498 0.8411094742983 0.866722649736153 0.868640899478225
44.544 5.14389094997983 -8.53138359056809 4.48433718268497 11.0564442842574 0.836812427922824 -7.32881564972636 329.563993788035 -46.8393972332939 -16.6706823901244 0.840677883294272 0.866165266131139 0.868311781763602
44.574 5.09504703367281 -8.37677948922106 4.44997487067563 11.9380099465844 1.33293257043428 -4.5790887678814 329.178834968308 -47.227911758968 -16.5152527360007 0.840442253203635 0.865948620603489 0.867934082175772
44.619 5.1052110014803 -8.23187578968855 4.49518251752357 13.7660475987181 1.44753797747162 -2.53692449740378 329.06485632433 -47.2966085247641 -15.6033547161606 0.840365216084432 0.865773137726093 0.867961119870908
44.665 5.07172488420624 -8.21254634792257 4.59491189749792 16.9737046618319 0.749452326637505 -0.380176018469584 329.710533622707 -47.5382529050589 -14.6667173200901 0.840555308043253 0.865865571099929 0.867995339164222
44.694 4.95708110205361 -8.22187301583156 4.72660539020818 18.3937389440228 -0.49378331008011 3.40961467694803 330.215532234393 -47.1879848530977 -13.578041029273 0.840696799542717 0.866051433412738 0.868256977770104
44.738 4.85979033629441 -8.15428560042702 4.88196318497732 18.3225926667958 -1.5915675346 7.95155888069432 331.002581109858 -45.8542677310092 -12.5102132337111 0.84093757913624 0.86643617437285 0.868702569204311
44.785 4.75119496770182 -8.15440887830756 5.01080176563943 17.6422924265169 -3.29229947401837 11.3762588765685 332.870090698985 -44.7799568621174 -11.855272719306 0.84149806334456 0.866858561472947 0.868952751343613
44.813 4.52711038752255 -8.13175786936186 5.07824242829111 14.885600376929 -4.16943432968007 13.4076704533793 334.016773466178 -43.8437650583151 -11.2587709026379 0.841838501222237 0.867187996896512 0.869167312948036
44.858 4.30067467153792 -8.14852748212378 5.12554908019552 10.1438248549308 -2.03342501314773 15.1376176473899 335.527586507604 -42.9354496972353 -10.3496044311367 0.841874692080274 0.8674548395896 0.86921832493374
44.904 4.10418940110194 -8.07571010685663 5.13063595712207 4.78695614776115 2.16697154087706 15.1829206760652 336.655345071159 -42.5117142547606 -9.7451795892207 0.841904006675284 0.867202551996431 0.869148653362158
44.935 3.88765330258788 -8.0172428310546 5.11201138572115 1.31224363999188 6.83883473436996 13.0010665109716 337.526829507639 -41.6104885463561 -9.57359546726877 0.841435413142255 0.867134387938904 0.868957241292135
44.982 3.75869460489813 -7.93551556037988 5.11391831411656 -0.235250590537876 10.875410333313 10.5749096754137 338.118731901188 -40.6104957225484 -9.4166123284877 0.841169675634714 0.866844723506765 0.868321234722882
45.025 3.72532190586165 -7.87329083255303 5.10598791429129 0.822958472046 11.4811434386858 8.35315775311563 339.174172839962 -39.7525015352642 -8.32945598607504 0.840827957971147 0.866511203620566 0.867929529667328
45.054 3.52946287931083 -7.83512917948575 5.00506514111031 0.373771934876344 9.22766511663319 9.05384403956565 339.183080000369 -38.739526243564 -7.71885934872078 0.840791325437893 0.866117592247204 0.867599779586791
45.099 3.37494708794627 -7.68381978106675 4.96063131826206 -2.66029816786467 6.72959958416755 13.4601022216665 339.910294800299 -38.3870162572869 -6.85227607246383 0.840647964594181 0.866033465023042 0.86746847465154
45.159 3.22066383536261 -7.69959019060993 4.92197039660849 -3.09407815719175 3.92135734256502 15.7297057003132 340.601338788242 -37.4954831684024 -6.61234361869571 0.840531842310775 0.865965321971471 0.867349785289543
45.176 2.99722087095417 -7.75146750622204 4.8007647369206 -5.76360788747799 3.98210097419523 16.4164051287041 341.653084418476 -36.7373413664059 -6.96999833114352 0.840677792299409 0.866132231618687 0.867734079131614
45.219 2.82862805729401 -7.70832037578723 4.7685664126137 -8.9750109384755 7.90382239978516 14.9288148718076 342.726998378966 -36.6212465067888 -6.32969864822625 0.840796011790203 0.866291834160935 0.86803305193009
45.262 2.67367441056457 -7.64637656646041 4.683995398221 -11.3510565700888 14.560416754513 11.7488285957825 343.446868686962 -35.5252096704989 -5.87705590506327 0.841358203953619 0.866889187116188 0.868287525110457
45.308 2.77445592467598 -7.41525433844353 4.64174527028545 -10.920997043146 19.2710368077968 6.02220001754562 344.53396363644 -34.6974198331041 -5.54641528310125 0.841574120329034 0.867373043009943 0.868702473312378
45.339 2.74372308063046 -7.53506577861985 4.53070472976038 -7.80600760494825 19.1022879059184 -4.24850653540637 344.694510545516 -34.5669100648143 -4.55859637931201 0.841988471870072 0.867875835126175 0.869038581355934
45.385 2.73953334343537 -7.75070984692048 4.49848009261866 -8.46065241955007 19.9385783946336 -10.2593055608547 344.740553541868 -35.1811971524996 -4.17846306724273 0.842084637341361 0.867938319376993 0.868953813001731
45.414 2.91595016360486 -7.75364539722446 4.46717676343359 -9.9048841850264 19.1307828507983 -11.7263733821549 344.339848368913 -36.0807696935247 -3.13255508446661 0.842036210826687 0.86787781738117 0.869118978901765
45.458 3.03007550295756 -7.69964575347179 4.45288225835253 -8.23402489216146 12.3750944144901 -9.70439297389664 343.25927717882 -37.481423451755 -2.48936961841795 0.841996985349801 0.867705758628546 0.869031633141368
45.504 3.09755744455077 -7.79227973359096 4.39166589090037 -6.26742275807063 1.08130739176752 -2.83941327068834 343.032014514844 -37.8719529959215 -2.13638939091854 0.841738237614603 0.867307533765375 0.868973323755585
45.534 3.17620174401435 -7.83421945217437 4.31253021441037 -5.26508571647996 -8.90597307373701 1.93045693013176 343.213931757024 -37.7862819266965 -3.27247540664402 0.841301140203103 0.866737638895718 0.868469931189278
45.579 3.31198704256495 -7.66808925341548 4.33646513224173 -2.67494843798235 -12.626051930185 -0.406100878959686 342.797284723189 -37.2848883606241 -4.75670507938166 0.840719038075849 0.866177407350387 0.868173297449555
45.624 3.55860427509987 -7.67448836723462 4.44380341780611 2.47550550569231 -13.0208425214651 -6.05069743714819 343.275800625783 -37.0947595721056 -5.62293111429914 0.840475588576713 0.86595845499108 0.867821909881393
45.653 3.80737351842629 -7.65495151946138 4.58957890627848 4.45951060464894 -13.2610045797913 -10.5870191225633 343.015398506884 -37.2287552534055 -6.40857420258231 0.840392217736625 0.865904563845582 0.867525076545722
45.698 4.0385886864762 -7.52118827345018 4.68296689118976 5.40869213938396 -13.4725587477989 -14.4364015198106 342.468472790576 -37.0852917552585 -6.90094510409167 0.840451007902572 0.865737451752188 0.867765196206828
45.745 4.3388971835265 -7.53042532173848 4.78442660296051 6.03073528938956 -12.7773527383889 -17.498294391352 340.741462960367 -37.8810863217594 -7.32376553431425 0.840738487907723 0.866070980385514 0.867947509838608
45.775 4.58640875532333 -7.44574252830074 4.79010230712604 3.77443756913837 -10.9128618249652 -18.078656624934 339.846584997897 -37.9616799206251 -8.20625008279454 0.841097369787294 0.866452007420799 0.868439608455696
45.819 4.87115707310462 -7.35669102006715 4.87895157967144 3.03882114855933 -10.0347615896722 -17.1927958356622 338.281733848297 -38.5309607357063 -8.87306256706358 0.841513939440851 0.866871386241786 0.868751667208823
45.862 5.02784035040005 -7.32819960677808 4.84072031078387 2.23732299292848 -10.9387675746574 -15.7971569932986 336.43820441712 -38.8120781959221 -9.6891806793215 0.841964915191295 0.867321708603718 0.869103267649674
45.892 5.21574610313556 -7.30547469807654 4.85230399502412 1.46765147160031 -11.1919284530297 -13.5153918210604 335.784945577868 -39.5077833386969 -11.0222363502504 0.842216651218092 0.867452520555503 0.869400099998235
45.937 5.25123837044868 -7.35098673723064 4.75098486065673 0.0348282263473969 -9.89011853550371 -10.4184597414712 335.111805918073 -39.9513045043445 -11.8500114437028 0.842180993576916 0.867324271048503 0.869406882444401
45.982 5.32816446369228 -7.36541184222457 4.68918330479705 -2.60621661757464 -7.14061433436869 -7.47582261959927 334.884562793639 -40.616556648519 -12.5985092693993 0.841912264557953 0.867331135870239 0.869166406848752
46.013 5.26169646105888 -7.41165646665258 4.52338828719979 -4.22202782664767 -3.51221822152566 -6.67770639821129 334.112495862848 -40.7954108853004 -13.3127925082134 0.841555925281429 0.867004089331147 0.868848434013731
46.059 5.28732092758612 -7.44925228009522 4.46637316348785 -6.2564074250808 1.25708797338864 -4.86733912911603 333.391121648907 -41.5042828170933 -13.6993619316529 0.841140820184987 0.866528928203596 0.868356561092915
46.105 5.18459576269272 -7.54458771578887 4.3269966431472 -7.39669764790323 3.98831759432266 -4.42750652664505 333.208808535614 -40.8964690818456 -14.0424831646388 0.840437369331612 0.866243186882179 0.867945675041516
46.134 5.1373732910477 -7.49556914617876 4.31751917265761 -8.95399685052681 7.38404870178304 -3.72078410337638 332.695134913848 -41.4421399562949 -14.2064113633575 0.840234789865635 0.865900498689111 0.867847186447714
46.179 5.01836064070439 -7.55906022982508 4.25122638896063 -7.9844168382397 10.1203924255435 -4.9333771084677 332.981059280217 -41.3141333645989 -13.8771932043195 0.840070700498193 0.865734158975446 0.867668874208888
46.225 4.90750541879813 -7.50143808654284 4.23297539400572 -8.50180511989018 13.7686629028582 -4.9267224807596 333.110658016976 -41.7684480253251 -13.2925264954988 0.8401779468848 0.865722884072919 0.867869489020277
46.254 4.8572050386787 -7.48175876031699 4.2601624674448 -6.68806520054616 15.6775787833762 -6.810797881171 332.24963299375 -42.1904429005134 -13.0649464613541 0.840277448512594 0.866071376887849 0.868031987017502
46.299 4.66993059713022 -7.43838094789991 4.23105581451927 -5.55924120938896 16.3549456847637 -7.80292948985538 331.492202724938 -42.6162587494158 -11.8366066336968 0.840824879900761 0.8663414597454 0.86827435731766
46.345 4.64508315383081 -7.31210367686112 4.29735772727007 -4.70092431090277 16.2939182183991 -7.8145713600653 331.3346842072 -43.0811695870268 -11.4296513732944 0.841015807299801 0.866917335440858 0.868458115175176
46.375 4.58324370634093 -7.30928017550025 4.35456979059815 -2.63591663076254 13.8099821538498 -9.75751272531702 331.129094207832 -44.0037473654917 -10.2900176123685 0.841536238316394 0.867161934631886 0.8688406512648
46.419 4.516992874739 -7.27508444608434 4.40602320854613 -2.01890926481079 11.3395206591222 -10.3850356891862 330.872566308344 -43.7970353660483 -9.54091426601845 0.841705295414458 0.867471051256621 0.869027317894851
46.465 4.47701860399635 -7.22014587687611 4.41672547860986 -3.09310276403872 9.40714913846911 -9.64790944259194 330.148778709758 -44.3735986464991 -9.19814055547495 0.841715761381432 0.867610444442655 0.869178517865192
46.495 4.46270367656737 -7.14941111871996 4.44809733554997 -4.10785598696297 7.92963813040425 -8.93236390040787 329.352510754904 -44.6906149036643 -9.79049384993471 0.841610951016685 0.867600300787335 0.869203047304288
46.539 4.42707677935776 -7.16266116114669 4.42337995576337 -3.67476792959268 5.83552596959691 -8.24391704940672 328.497533711472 -45.3853980719681 -9.48430001844712 0.841539104135841 0.867110998675008 0.868643797858267
46.585 4.42513580646839 -7.17938517824702 4.4171075906759 -3.4203788168632 2.60402794377044 -7.81345067261486 328.363002306293 -45.3781724382941 -9.00228301494216 0.841139842085306 0.866702180733319 0.868437317053981
46.615 4.28304193950343 -7.2341837111083 4.30329427460714 -2.77707172715537 0.0885756115532966 -6.79683397611575 327.924031868097 -45.4863196750183 -8.62984924210315 0.840828801748164 0.866383521431255 0.867912442116532
46.657 4.34913310303971 -7.25069005912577 4.29604577904251 -3.04591664861417 -1.92695604471817 -4.53138971912704 327.346465813159 -46.0359189367648 -8.64617788610355 0.840450538528662 0.865878074666095 0.867721731300631
46.7 4.30285865311518 -7.16505401548831 4.17550421384074 -2.75375737087366 -6.51770462522935 -2.79912796256924 326.674637308659 -46.4570943387795 -9.54740408774388 0.840258103943491 0.865839455782344 0.867567255539751
46.73 4.33337764758073 -7.2690349676792 4.15085877923121 -2.69069614216339 -10.430867463993 0.868736884670063 326.910456220013 -46.1022464144114 -10.0853973110725 0.840216055183715 0.865684714220965 0.867787177898276
46.775 4.42329812827452 -7.33253173286251 4.11942175406058 -2.95511273011418 -14.9306056992695 2.02138680024687 327.485469538211 -45.8988195956732 -11.6011718219688 0.840548176205449 0.865904939340777 0.86785444616639
46.82 4.4253611413044 -7.54586599673997 4.10658717727711 -2.25272528085814 -18.0368440515228 1.86182712499386 327.903230325951 -45.6500438724953 -13.4649491757947 0.841044169331974 0.866440701777107 0.868376518605303
46.852 4.46845787250954 -7.65733931212622 4.10836567150156 -2.61524182864013 -18.291217727535 1.07021737582518 327.62961656402 -44.9325355367212 -15.1306088323937 0.841596575313531 0.866751481747989 0.868811433272295
46.898 4.45326754810419 -7.79203916884153 4.08889890700525 -2.90094130104583 -16.3926802524331 0.443440959914579 327.407989416856 -44.2553537847442 -16.9717931542389 0.841918295917103 0.867101262319296 0.869052845310268
46.946 4.46570145868485 -7.92436373085099 4.07287344060199 -4.58640367522117 -13.557994668593 -0.538370074377588 327.672471427654 -44.2948365656428 -18.1031524549335 0.842178889605997 0.867273959065122 0.869248389061026
46.971 4.42912789527985 -8.03991444109636 4.02400972708765 -6.10437628990625 -9.26212835331602 -2.64653777551302 327.550701856399 -44.6868176181707 -19.7995534884962 0.842389970494001 0.867166785694009 0.869394865427553
47.017 4.47148501554106 -8.17086004566147 4.03732998762936 -7.13912494749582 -4.10827816465926 -5.11209254473043 327.116068503684 -44.3683222707182 -20.4896383256819 0.842081535860791 0.867216286076233 0.869168733921109
47.062 4.5494824228681 -8.25315159037019 4.04522241742881 -7.68177517693726 -0.238010656885449 -7.80445908336906 326.764015487984 -44.6143410392818 -20.9406070438023 0.84156656475427 0.867034521263542 0.86885031894234
47.095 4.64550278725003 -8.4146839355845 4.07698783843808 -7.13101651927338 2.33079915418233 -9.16031414760527 325.782852545267 -45.2696162418182 -21.7378917054799 0.840896045686944 0.866306520333606 0.868481411529535
47.155 4.81659328157542 -8.44242479722591 4.12436143468782 -7.36871880045877 2.99909235305563 -9.82565598627783 325.372110561666 -45.7403891558728 -21.8916922814387 0.840479697021647 0.865951798784766 0.868034075267779
47.2 4.93903367960472 -8.47912244756939 4.16326073813321 -6.86057062531817 2.89521900444834 -9.80015539468657 324.37340955495 -45.7797152162569 -21.6502707479654 0.840142454602756 0.865553112595487 0.867795330365446
47.215 5.08756689118996 -8.42252468362984 4.18425864822054 -5.89034464925581 3.18787548520621 -10.1558357933602 323.606461739509 -45.8415693251681 -21.6647193058519 0.839995908935261 0.865452776239612 0.867392432898819
47.259 5.25275810508927 -8.35597068458185 4.19900442506444 -3.50049214299644 3.64637761629947 -10.473326229263 323.249234009002 -46.5996711533862 -22.1804226377401 0.840003677227049 0.865383726334171 0.867633130878981
47.305 5.31606574255914 -8.28392580643696 4.21523415932966 -3.03112382666681 3.41066510584379 -8.62400493272595 321.369879547292 -47.3757336342428 -22.7001423365695 0.840136290089816 0.865784462796921 0.867963589059059
47.334 5.40425749890943 -8.23558914374586 4.28299793512453 -2.27727136830241 2.82599751435943 -6.95842109474466 320.975602433307 -47.7523442437367 -22.7971152926213 0.840470949331494 0.866121255654291 0.868218954971321
47.38 5.40073639970105 -8.23519258386029 4.26673092144501 -1.737337899928 2.17424882632579 -6.45448902567447 320.530237970978 -48.1473988374267 -23.3856633870232 0.840968731883107 0.866751018525806 0.868659479013193
47.424 5.36496402507102 -8.21000760272908 4.2621857410192 -1.71663301191878 3.26045452642313 -5.63340328636884 319.713492756493 -48.3353930583156 -22.9263873434888 0.841371935749914 0.867261126451734 0.869003755973594
47.454 5.34394309446128 -8.13127903456859 4.19787695142337 -2.46978571675345 4.48967045647907 -5.31862918104273 319.603929132759 -48.9316683772357 -22.5543737482259 0.841698530882027 0.867440405350695 0.869172115689028
47.5 5.31475959216732 -8.02918371811957 4.15188607978318 -2.64327452217335 6.46067887127477 -5.07091406412553 319.377182597535 -48.5686513855609 -22.091042736063 0.841710282110163 0.867474507019868 0.869185299455984
47.545 5.32709982093269 -8.02242457446372 4.08760892331669 -2.15349511105202 7.94116515290813 -4.98774573545313 319.607517904003 -48.7366076223043 -21.565744616211 0.841619562321558 0.867379077235892 0.869195978307219
47.575 5.39197654503421 -7.98310168760321 4.08774404062685 -1.91738447506664 8.52669491889376 -4.79282213732009 319.308089502243 -49.5266521740665 -21.2062531391309 0.841306054679267 0.866808210128649 0.868749063250643
47.62 5.46258488190221 -8.02660765313719 4.11964246660892 -0.388501272132219 7.43792059422761 -4.6117279159621 318.903552496817 -50.1005882609939 -20.8970650426961 0.841077392571899 0.866469405241472 0.868510385699262
47.665 5.51177502455869 -8.07548842302489 4.14412149662418 -0.137739465541602 5.69387598666787 -3.51214083330334 318.947877522422 -50.025476491405 -20.5506226845838 0.840651897095887 0.866071375813169 0.868218138966201
47.696 5.61389824066433 -8.03659990064241 4.19337426412564 0.0349195825296234 4.48784107591853 -2.63338369329632 319.115780793161 -50.1086359580381 -19.8260043745129 0.840307245760317 0.865748971976243 0.867722561838876
47.739 5.67712923898535 -8.02724053354928 4.21934068300976 0.663628373299377 2.83064745470012 -1.92586521905094 319.245782442461 -49.7979951260109 -19.4730635433554 0.840015566518673 0.865598939107319 0.867456814036743
47.785 5.68743544560206 -8.00662304254784 4.22700788458098 0.397233638861045 1.3758778734216 -0.705676018270953 318.361083778393 -50.5003760520688 -19.2171814701179 0.8399057766154 0.865613355979736 0.867463663836004
47.813 5.69991348833482 -7.95555415478205 4.20647510133909 -0.189538462446218 1.03682748968524 0.320539829780681 318.712477860499 -50.6613046021757 -19.5259169907955 0.840170679086155 0.865847139165381 0.867703268618241
47.858 5.6787404094837 -7.93142660070214 4.18704232411194 -0.658564322520368 1.35899057198855 1.08024794914525 318.601107067004 -50.2756567277623 -19.4519927625444 0.840750998972886 0.866283014792746 0.868020400627859
47.915 5.60670314972684 -7.92129250926862 4.14936490970505 -1.32313175773005 1.76360679079164 2.23561152583056 318.702896724273 -50.3952819494875 -19.7401141376609 0.841233379081181 0.86650043164621 0.868412108868275
47.932 5.53865646186987 -7.9140175995837 4.1151351616313 -1.73402680009722 2.28569707306032 2.82901327485405 318.737346346661 -50.5401783790849 -19.4814924515054 0.841624106968899 0.866787286219922 0.868828225393829
47.975 5.45574796477408 -7.93428157232844 4.08935434195193 -1.8791418607505 2.36133829330099 2.81600456942567 319.659250540796 -50.1115444870588 -19.0260088857193 0.842054150889014 0.867019638424628 0.869299964921808
48.02 5.36031057940279 -7.92191708996635 4.05776383205217 -2.29004383850562 2.3677985213906 2.82439881573861 320.015992938045 -50.5263510345176 -19.1790671974327 0.842061420387255 0.86720784371044 0.869448555946374
48.05 5.31317318548905 -7.88241131207288 4.04341629700272 -1.83379047102161 2.45310764202104 2.27501494914522 320.592954279816 -50.5863443379593 -19.4710444299205 0.84192923352854 0.867126082804002 0.869323214521356
48.095 5.26703719404161 -7.85926417104167 4.02893371344299 -1.13308020519163 2.32663551064773 1.76688424621221 320.910292966651 -50.556938913747 -19.6415459882356 0.841683358639382 0.866837996347495 0.868876530312097
48.141 5.2312831470025 -7.82273206024694 4.0382299089249 -0.623062141777737 1.89610148118191 1.75934417836319 321.551337302987 -50.7971205201351 -18.8316522504708 0.841244041204928 0.866616992344278 0.868490310374594
48.172 5.18814865140204 -7.78221149461026 4.03367508567283 0.0418845506562166 1.40469716158941 1.76720618905434 321.18258321542 -50.6556676213094 -18.8356383228814 0.840888194083021 0.866437979101672 0.868054011959676
48.215 5.15310199245163 -7.78343537534684 4.04215419595139 0.499880684504818 1.11727034974239 1.87853624977523 321.52589240449 -50.6670907732606 -18.8568670415339 0.840486134660063 0.8660582803869 0.867824070509133
48.279 5.12482790052217 -7.78461230376543 4.05995780593956 0.447269766662643 0.779569135963088 2.09016398063855 321.347972847637 -50.5443435263411 -18.8620623036425 0.840400760064139 0.865738364680965 0.86776114157864
48.294 5.11064679422429 -7.82481257547078 4.05790659067146 0.265723625500558 0.667023519214071 1.83394885485158 321.413858006586 -50.6189182563363 -18.8122704659504 0.840457927187858 0.865726290694389 0.86771016914494
48.339 5.12080967812484 -7.85576464998326 4.05730461939633 0.0118773580294974 1.30891500476187 1.29901002281146 321.575224985335 -50.4993237876324 -18.0519390774198 0.840744092528804 0.865950948648695 0.867902937918479
48.384 5.13552987053875 -7.88654599345482 4.05800810466422 -0.311295370530458 1.89823642103269 1.25464086656888 322.359932238121 -50.9364522679823 -17.8980706527101 0.841089440786033 0.866354781713975 0.868169827547451
48.414 5.12391222888883 -7.87080743295921 4.05783573546283 -0.844668334099137 2.0746707376777 1.52679345306583 322.617545112878 -51.4405263370656 -17.8634372286951 0.841482593642247 0.866817257393113 0.868607138286343
48.459 5.10740318331591 -7.87758387337335 4.0775081042866 -0.792578297185187 2.25567413721359 1.47525231530394 322.424211541431 -50.7868263330232 -17.7453841552431 0.841788163774817 0.86720378865425 0.868961359984845
48.506 5.05820760181657 -7.89736620327104 4.08325538325114 -1.52343880239939 2.03999681450179 2.05663376470917 322.615611348559 -50.9173293297488 -18.0337611657469 0.841909355035781 0.867393961734734 0.869137774938142
