30.423 -0.5480926275253296 9.806769752502442 -0.22726959735155106 0.22748091603053439 2.132824427480916 -1.3900763358778625 166.68 -55.31999999999999 150.35999999999999 3.3896523902803666 1.5355350213628598 6.187373001610486
30.438 -0.5579088509082795 9.800484943389893 -0.22092496156692504 0.1580152671755726 1.890839694656488 -1.3427480916030534 167.52 -55.080000000000005 150.6 3.389477608051223 1.5408123968692338 6.179741867795704
30.453 -0.5611410200595855 9.788513946533204 -0.21667525395751 0.03587786259541992 1.6274809160305346 -1.3091603053435117 167.28 -55.32000000000001 151.8 3.388865921083384 1.5483767004186597 6.17281256886489
30.484 -0.56808420419693 9.791207408905029 -0.21224598065018654 -0.1641221374045801 1.3412213740458017 -1.3076335877862597 167.28 -55.2 152.28000000000003 3.3883416616945334 1.5561876185584753 6.164363201552888
30.499 -0.5737105816602707 9.798150634765625 -0.19782091453671455 -0.15725190839694655 1.1450381679389312 -1.26793893129771 167.94 -55.260000000000005 151.86000000000004 3.387467458405763 1.5646679123406404 6.159402650890064
30.513 -0.5674258023500443 9.772293281555175 -0.1932719312608242 0.0694656488549619 1.0717557251908398 -1.1473282442748094 168.23999999999998 -55.31999999999999 151.56 3.386419113632337 1.5732239472820193 6.157026640084808
30.543 -0.5550956636667251 9.749728012084962 -0.18830396234989166 0.0938931297709924 1.0259541984732823 -1.0969465648854961 168.18 -55.379999999999995 151.62 3.3854583709405652 1.5819352229084964 6.157026640084808
30.558 -0.5570110231637955 9.7539776802063 -0.17705121412873268 -0.12442748091603048 0.8687022900763358 -1.168702290076336 168.18 -55.14000000000001 151.61999999999998 3.3844105492484324 1.5906324482753114 6.165088646211179
30.573 -0.558686962723732 9.756970500946045 -0.17423802688717843 -0.32900763358778623 0.8396946564885497 -1.283969465648855 168.48000000000002 -54.720000000000006 151.56 3.3834501259566303 1.599982154801597 6.174071632097627
30.603 -0.5801150679588318 9.76768455505371 -0.1734599120914936 -0.35114503816793896 0.8816793893129772 -1.4129770992366413 167.94 -54.42 151.26 3.3827518104841814 1.6087969421078483 6.182721712514459
30.618 -0.5823297083377839 9.779057025909424 -0.17351976707577704 -0.2809160305343511 0.9801526717557252 -1.5122137404580154 168.06 -54.54 150.9 3.381616952973334 1.6174232519044165 6.190691625161955
30.633 -0.578738409280777 9.770856857299805 -0.1839345447719097 -0.06793893129770989 1.119847328244275 -1.6221374045801524 167.4 -54.71999999999999 150.35999999999999 3.380482283814144 1.6260295246312417 6.196308115394065
30.679 -0.5646126210689545 9.750745582580567 -0.18704700767993926 0.049618320610687015 1.2633587786259544 -1.7358778625954199 166.92 -54.36 149.88000000000002 3.379871308527141 1.6333631022269866 6.200485881689047
30.68 -0.5558139324188233 9.734824180603027 -0.18638860285282136 -0.06259541984732823 1.333587786259542 -1.8206106870229006 166.74 -54.419999999999995 149.58 3.379173108915892 1.6405226850149834 6.203401898237628
30.694 -0.5523423373699188 9.743323612213135 -0.17717092633247375 -0.2908396946564885 1.3007633587786258 -1.919083969465649 166.92000000000002 -54.720000000000006 149.76000000000002 3.3784747934434436 1.6468444805050222 6.206701171552832
30.723 -0.5547365367412567 9.748650741577148 -0.18231845945119857 -0.27480916030534347 1.2435114503816793 -1.999236641221374 166.8 -54.71999999999999 150.00000000000003 3.3781258094516424 1.6519209195601838 6.2109158338474675
30.738 -0.5594052314758301 9.738475322723389 -0.1966238133609295 -0.08473282442748084 1.2213740458015265 -1.9664122137404583 167.22 -54.660000000000004 150.54000000000002 3.378038556233064 1.6553342063648553 6.224675132325473
30.754 -0.545997703075409 9.729078102111817 -0.2054225042462349 0.0717557251908397 1.214503816793893 -1.9480916030534352 166.92 -54.6 150.24 3.3783003159006197 1.6574989098730921 6.23311132373904
30.783 -0.5398326337337493 9.733267879486084 -0.20572177916765214 0.11679389312977102 1.048854961832061 -2.012213740458015 167.04 -54.720000000000006 150.0 3.3784748078847016 1.6579979483076237 6.239538390933721
30.799 -0.5283404648303985 9.726863384246826 -0.2114080086350441 0.08854961832061069 0.8969465648854961 -2.069465648854962 167.39999999999998 -55.080000000000005 150.12 3.3787365675522567 1.6570836826536979 6.246354022204961
30.813 -0.5248090147972106 9.735662078857422 -0.20111294239759445 0.12290076335877861 0.8022900763358779 -2.0938931297709926 167.28 -55.08 151.32 3.379085493755383 1.6551735387883777 6.249482187750296
30.843 -0.5203198850154876 9.755533981323243 -0.2041655510663986 0.2969465648854962 0.7297709923664122 -2.078625954198473 167.16 -55.08 152.04000000000002 3.3796961652793343 1.6514362031840875 6.256863961545266
30.859 -0.5176264077425003 9.756910610198975 -0.21218612641096116 0.5656488549618321 0.7381679389312976 -2.0725190839694654 167.64000000000001 -55.31999999999999 151.92000000000002 3.379870657263416 1.647535824300038 6.259431389614246
30.888 -0.5061342358589173 9.768103504180909 -0.2181117758154869 0.6893129770992367 0.8007633587786259 -2.182442748091603 167.7 -55.02 151.98000000000002 3.3803069234154117 1.6426375708365764 6.2625562960407155
30.903 -0.5161898851394653 9.774388313293457 -0.2227206140756607 0.6725190839694657 0.9290076335877864 -2.3954198473282444 167.45999999999998 -55.260000000000005 151.98000000000002 3.380743261891909 1.6372368505027641 6.264773074692419
30.919 -0.5213374197483063 9.796295261383056 -0.20733786821365358 0.5603053435114504 1.1732824427480917 -2.5969465648854966 167.33999999999997 -55.5 151.98000000000002 3.381179528043905 1.633080509592478 6.261470369783032
30.933 -0.5230732142925263 9.802819442749023 -0.1975216418504715 0.4954198473282444 1.3992366412213741 -2.747328244274809 167.63999999999996 -55.2 152.04000000000002 3.3815286277548977 1.6289978488317132 6.248792278964849
30.963 -0.5404311776161194 9.794679164886475 -0.17872715909034015 0.3954198473282443 1.749618320610687 -2.8572519083969463 167.51999999999998 -55.68000000000001 151.8 3.3817905177129775 1.6247406640024953 6.242355161638512
30.993 -0.5633556604385376 9.787017726898194 -0.14383166898041963 0.20229007633587798 2.169465648854962 -2.9221374045801527 167.7 -55.98 152.33999999999997 3.3820523642053937 1.6201428329426435 6.233209084055993
30.995 -0.5796362340450287 9.782827854156494 -0.12330138850957155 -0.08625954198473271 2.553435114503817 -3.0290076335877862 167.51999999999998 -55.44 152.51999999999998 3.3824015798248412 1.6154559528247554 6.226028764284771
31.023 -0.6037578165531159 9.763135528564453 -0.09522937256842852 -0.5038167938931297 2.90381679389313 -3.2656488549618317 167.33999999999997 -55.379999999999995 151.97999999999996 3.3828380631277617 1.6095858519838526 6.224369222912893
31.039 -0.622193169593811 9.743203830718993 -0.05488707292824983 -1.2458015267175573 3.1557251908396946 -3.6419847328244273 167.46 -55.379999999999995 151.38 3.3830999965870148 1.6041250136901237 6.2162576946830645
31.053 -0.6615777879953384 9.745059299468995 -0.015562309511005878 -2.2793893129770995 3.2702290076335876 -4.144274809160305 167.21999999999997 -55.379999999999995 151.26000000000002 3.3835364798899357 1.598160004173712 6.212595634484339
31.083 -0.7104793608188629 9.749249076843261 0.03208230417221784 -3.29618320610687 3.238167938931297 -4.629007633587785 167.04 -55.79999999999999 151.32 3.38371108768782 1.592438873739777 6.2063732584877505
31.099 -0.7569268763065338 9.74152774810791 0.09014169406145811 -4.190076335877863 3.0809160305343513 -5.138167938931298 167.09999999999997 -55.260000000000005 151.62 3.384060419405148 1.5868785885938017 6.184112055634155
31.113 -0.8039130866527557 9.719979953765868 0.1562216592952609 -5.280916030534351 2.7946564885496183 -5.730534351145038 167.39999999999998 -55.2 151.92000000000002 3.3847591992695305 1.5809852180278705 6.161649547140394
31.143 -0.8517372727394104 9.699270153045655 0.24851813744753598 -6.726717557251908 2.5053435114503815 -6.4931297709923665 166.61999999999995 -55.02 151.98000000000002 3.385283284084836 1.5753323667919237 6.129420389714922
31.158 -0.8958504378795624 9.697294902801513 0.32423476576805116 -8.77709923664122 1.894656488549618 -7.412977099236642 166.61999999999995 -54.54 152.82 3.386244667141476 1.5706878615302164 6.099390068121466
31.173 -0.9555857658386231 9.728898429870606 0.4122216746211052 -11.2 1.0427480916030532 -8.560305343511452 166.32 -54.0 152.88 3.3872058899111392 1.5660336830200425 6.067474824255371
31.203 -1.0204087734222411 9.73578176498413 0.5410297259688377 -13.641221374045802 0.13511450381679396 -9.889312977099237 166.37999999999997 -54.18000000000001 152.93999999999997 3.3879050190651183 1.5634989697755868 6.027218224796975
31.233 -1.0950480103492737 9.731232833862304 0.6776787847280502 -16.28854961832061 -0.848854961832061 -11.23587786259542 166.67999999999998 -54.120000000000005 152.87999999999997 3.389041578673344 1.5616349953662148 5.999628720202157
31.249 -1.1748347759246827 9.738834381103516 0.8077437952160835 -19.387786259541986 -1.9717557251908395 -12.606870229007635 166.68 -53.64000000000001 153.83999999999997 3.3900906228812424 1.559598188641002 5.974485552642676
31.263 -1.2559982120990754 9.776662826538086 0.9533711105585099 -22.840458015267178 -3.236641221374046 -14.070992366412217 167.33999999999997 -52.739999999999995 154.61999999999998 3.3911396670891407 1.5570484954165074 5.950034049032838
31.353 -1.3556568503379822 9.80192165374756 1.1140220433473587 -26.406106870229006 -4.5022900763358775 -15.585496183206109 167.4 -52.08 155.28 3.3922760369584077 1.5550077686227817 5.929937742872697
31.354 -1.43837651014328 9.822212505340577 1.2713210940361024 -30.23893129770993 -5.678625954198474 -17.02900763358779 167.82 -52.019999999999996 155.34 3.393500535979842 1.5533059300689416 5.923046676168161
31.369 -1.531570816040039 9.84896764755249 1.4221557915210723 -34.28854961832061 -6.866412213740458 -18.458015267175576 168.3 -51.3 155.22 3.3944628835029684 1.5514339042928535 5.923732740569312
31.369 -1.6133926510810852 9.894397640228272 1.5847819447517395 -38.45648854961833 -8.083969465648854 -19.89847328244275 168.96 -51.35999999999999 155.16 3.395775396175515 1.5499853964081614 5.939220533965512
31.398 -1.6976685523986816 9.901999282836915 1.7547702550888062 -42.199236641221376 -9.191603053435113 -21.42824427480916 169.68 -51.839999999999996 155.64 3.39656329945759 1.5481106181760782 5.953915782262982
31.399 -1.7612944722175599 9.878955078125 1.9094356894493103 -45.92900763358779 -10.158015267175571 -22.919847328244277 170.34 -51.779999999999994 155.7 3.397613925739401 1.546317279312047 5.9744599436845585
31.413 -1.8444929838180542 9.911815452575684 2.067931830883026 -49.7793893129771 -11.047328244274809 -24.422900763358776 171.11999999999998 -52.08 155.76 3.3988396567633297 1.5431661190017902 6.004655462929355
31.414 -1.9300856947898866 9.933004093170165 2.195123791694641 -53.329007633587786 -11.767175572519083 -25.94351145038168 171.95999999999998 -51.6 156.48000000000002 3.3994526762332056 1.5400087264814748 6.021554937610567
31.443 -2.011309003829956 9.94796781539917 2.3605631232261657 -56.551145038167945 -12.07557251908397 -27.49770992366412 172.44 -51.6 156.6 3.400065592702654 1.5376172906474561 6.043613384603066
31.459 -2.104263889789581 9.948446655273438 2.5127146363258364 -59.26793893129771 -12.149618320610688 -29.027480916030537 172.79999999999998 -52.2 156.6 3.402257908762222 1.5354780454088792 6.071726948411631
31.474 -2.1820754528045656 9.9558687210083 2.6561273097991944 -61.630534351145045 -11.857251908396947 -30.515267175572525 173.64 -52.08 157.07999999999998 3.4044502248217894 1.5335109414514212 6.082337488610651
31.503 -2.2549190402030943 9.944376564025879 2.8191125869750975 -63.70839694656489 -11.399236641221375 -32.00229007633588 174.42 -51.660000000000004 157.85999999999999 3.4063802771135885 1.5312858412255932 6.0890546250587985
31.519 -2.303222048282623 9.905949687957763 2.9855096101760865 -65.79389312977099 -10.870992366412214 -33.68854961832061 175.14 -51.779999999999994 158.82 3.407783237940781 1.5291460521709523 6.083265248053475
31.533 -2.394500994682312 9.88093023300171 3.147716760635376 -67.98396946564885 -10.354961832061067 -35.5206106870229 176.21999999999997 -51.54 159.89999999999998 3.40901124326128 1.5269186800445314 6.0722525875828115
31.563 -2.4795550107955933 9.859681701660156 3.338414931297302 -70.30076335877864 -9.641984732824428 -37.19465648854962 176.7 -50.699999999999996 160.73999999999998 3.409361805484808 1.5245174982235998 6.0529022127484735
31.608 -2.565207576751709 9.840647792816162 3.5424607515335085 -72.42671755725192 -8.913740458015267 -38.76564885496183 176.87999999999997 -49.56 161.64000000000001 3.411469461196057 1.5228866638879308 6.028258795125764
31.61 -2.6651056528091432 9.804914379119873 3.7327399253845215 -74.1679389312977 -8.367175572519084 -40.069465648854965 177.72 -48.36 162.48 3.4134014779172928 1.5204823681067965 5.99370105667018
31.653 -2.738308382034302 9.727940845489503 3.935768222808838 -75.6702290076336 -7.916030534351144 -41.05496183206107 178.26000000000002 -47.7 163.26 3.4134891110801604 1.5191077845064247 5.954076100705484
31.654 -2.785055160522461 9.607332992553712 4.1337687253952025 -77.24045801526718 -7.800763358778627 -41.748854961832066 180.00000000000003 -46.440000000000005 164.16 3.4141027503084826 1.5171305135558177 5.919842673102453
31.668 -2.8383261442184446 9.494985008239746 4.368460369110108 -79.18473282442748 -7.9870229007633595 -42.2381679389313 181.2 -45.480000000000004 165.6 3.413136989946687 1.5158403195075918 5.883001135838907
31.683 -2.8761545181274415 9.357617664337159 4.608538937568665 -81.05419847328244 -8.42442748091603 -42.51984732824427 182.70000000000002 -44.46 166.86 3.4134006927510043 1.5139477739795832 5.867287283035713
31.699 -2.947022891044617 9.178232097625733 4.78648796081543 -82.6412213740458 -9.04503816793893 -42.61679389312977 183.9 -43.260000000000005 167.82 3.4148089132329758 1.5127434349186086 5.862623344568334
31.714 -3.0158561944961546 9.08150634765625 5.030397272109985 -84.1732824427481 -9.581679389312978 -42.3793893129771 185.04 -41.88 169.56 3.416920524812503 1.511280440435979 5.869788873349136
31.743 -3.067570948600769 8.987713527679443 5.253656578063965 -84.77404580152673 -10.189312977099238 -41.94045801526718 186.71999999999997 -40.32 170.76000000000002 3.419032497754025 1.5102473315358291 5.882872847267877
31.759 -3.1228171586990356 8.805035924911499 5.423046350479126 -84.4824427480916 -10.848091603053437 -41.38015267175573 188.51999999999998 -38.88 171.72 3.4220219137925185 1.5092991796935549 5.888701435785906
31.789 -3.1462803363800047 8.59847617149353 5.609434986114502 -84.2145038167939 -11.314503816793893 -40.74580152671756 190.79999999999998 -38.400000000000006 173.64000000000001 3.422285977376096 1.5086100755523975 5.9179201927551635
31.804 -3.1632193088531495 8.430343294143677 5.820902872085571 -84.22748091603053 -11.735114503816792 -40.35267175572518 193.44 -37.32000000000001 175.92000000000002 3.422638032012749 1.5079198635216566 5.950182834075277
31.819 -3.2161910057067873 8.269931745529174 6.029976558685303 -84.14045801526719 -12.154961832061069 -40.16641221374046 196.02 -35.58 177.78000000000003 3.4250978026838785 1.5069714577868663 5.973078463914435
31.848 -3.2573712825775147 8.08216643333435 6.241564130783081 -83.69160305343512 -12.535114503816793 -39.99465648854962 198.18 -34.739999999999995 180.06 3.4283534971408356 1.5062808733065804 5.991070954069359
31.864 -3.282450556755066 7.8502281665802 6.427653455734253 -83.25954198473282 -13.022137404580153 -39.89847328244275 200.52000000000004 -33.36 181.92 3.434885806899511 1.5052449946001103 5.996921680286347
31.893 -3.3315316915512083 7.664617729187012 6.620865535736084 -83.30458015267176 -13.583969465648854 -39.80229007633588 202.98000000000002 -32.94 182.93999999999997 3.441434037942959 1.5044675604696534 5.994565213224769
31.895 -3.330813431739807 7.462726640701294 6.835386037826538 -83.18473282442748 -14.326717557251907 -39.55648854961832 204.9 -32.7 184.73999999999998 3.446749865356162 1.5047260086066752 5.9897929097911415
31.923 -3.3405099391937254 7.135259675979614 6.976224946975708 -82.83969465648855 -15.510687022900763 -39.22824427480916 207.78000000000003 -32.22 185.94 3.4557341498283995 1.5037758104204895 5.989792909791141
31.953 -3.3612796306610107 6.83263258934021 7.16033902168274 -83.66106870229007 -16.861832061068704 -38.713740458015266 210.42 -32.1 187.02 3.4647200327105123 1.5033443702008717 5.99767066366814
31.954 -3.355294108390808 6.660010623931885 7.4137053966522215 -84.65190839694655 -18.34198473282443 -38.16335877862595 213.3 -31.859999999999996 188.22 3.473346930205891 1.5023068010987342 6.014347362042568
31.984 -3.4050336360931395 6.418375825881958 7.610808038711548 -84.50687022900763 -20.059541984732824 -37.58091603053435 216.48000000000002 -31.68 189.48 3.4822288492290774 1.501270361325344 6.018982893137076
32.014 -3.3993474006652833 6.04410228729248 7.776965665817261 -84.44961832061068 -21.406106870229006 -36.72748091603053 218.28000000000003 -31.320000000000004 190.32 3.4920077395147606 1.500232223938712 6.031703758986129
32.016 -3.3696593046188354 5.701611757278442 7.926483583450318 -85.13129770992367 -22.6587786259542 -35.94274809160306 221.1 -31.74 191.1 3.5024173404000494 1.4985873675266521 6.0615227425567975
32.044 -3.404674506187439 5.494333791732788 8.117780256271363 -86.00992366412214 -23.693129770992364 -35.31526717557252 223.44 -32.28 191.28 3.5133039515028726 1.497288442774627 6.094409896285469
32.058 -3.429454493522644 5.233665084838867 8.266280603408813 -86.05114503816795 -24.035114503816793 -34.519847328244275 225.96000000000004 -32.160000000000004 191.64000000000001 3.5219074810478403 1.4958151025430122 6.137381305903493
32.073 -3.414849877357483 4.879143643379211 8.382459259033203 -85.22671755725192 -23.894656488549618 -33.635114503816794 227.82000000000002 -32.1 193.01999999999998 3.530623754800942 1.4947755337945088 6.188180414137626
32.104 -3.408445382118225 4.546948170661926 8.551789140701294 -85.00305343511451 -23.29541984732824 -32.99389312977099 231.12000000000003 -32.04 193.2 3.540611096425747 1.4920947273078846 6.229250895508946
32.118 -3.417244076728821 4.2902298927307125 8.74990930557251 -85.18167938931296 -22.35801526717557 -32.63740458015267 233.52000000000007 -32.279999999999994 193.56 3.546390173950514 1.490620567245307 6.2596534849200705
32.134 -3.401442360877991 4.013579869270325 8.902360153198241 -84.84274809160306 -20.836641221374045 -32.4473282442748 235.74 -31.859999999999992 194.21999999999997 3.5531708357176077 1.4884544733799734 6.2783763431397865
32.164 -3.385161805152893 3.6398450136184692 8.97610158920288 -84.34809160305342 -19.00916030534351 -32.175572519083964 238.25999999999993 -32.7 195.18 3.560857101003448 1.487065671489806 6.301100729530036
32.179 -3.3637935638427736 3.315131390094757 9.058521938323974 -84.7465648854962 -17.04351145038168 -31.832824427480908 240.59999999999997 -32.88 195.6 3.568352667676882 1.485939002887947 6.31519771300973
32.193 -3.3618183374404906 3.037344145774841 9.131485176086425 -85.01832061068704 -15.35801526717557 -31.4618320610687 243.17999999999992 -33.42 195.78 3.576044709948693 1.4848974043859176 6.318128873192519
32.223 -3.3785777568817137 2.733759367465973 9.201395797729493 -84.72824427480916 -13.82671755725191 -30.9 245.51999999999998 -33.96 195.6 3.5853958388518756 1.4841152160209774 6.322414741490295
32.239 -3.343083715438843 2.3901315450668337 9.250716400146484 -84.23740458015266 -12.285496183206106 -30.00229007633588 248.16 -33.72 195.59999999999997 3.59376971878496 1.4832462402566704 6.3180854754055105
32.253 -3.2707788228988646 2.0914548993110658 9.309314441680907 -83.61374045801526 -11.276335877862596 -29.01984732824427 250.56 -34.800000000000004 195.23999999999995 3.600874652823427 1.4826375271615193 6.317514715471247
32.283 -3.228221893310547 1.7907431691884994 9.347801208496094 -83.25572519083968 -10.809160305343513 -28.207633587786262 253.43999999999997 -34.8 194.75999999999993 3.60689687035363 1.4817685513972125 6.316161098430875
32.313 -3.1951220512390135 1.5096638910472393 9.344389533996582 -83.17633587786258 -10.761068702290078 -27.33129770992366 256.02 -35.099999999999994 194.82 3.6117398601143678 1.4810729777135792 6.320563032036728
32.315 -3.1622017860412597 1.29526312276721 9.330323600769043 -82.46793893129771 -10.925954198473283 -26.26641221374046 258.24 -35.04 194.39999999999998 3.6166708910680314 1.480899084556771 6.332019265143822
32.344 -3.1238347053527833 0.9801861859858036 9.273999977111817 -80.2671755725191 -11.26564885496183 -24.942748091603054 260.76000000000005 -35.88 194.64 3.621797468320031 1.4802027183881536 6.35021466337852
32.359 -3.094924712181091 0.7395090527832509 9.32894687652588 -78.10763358778627 -11.82595419847328 -23.680916030534352 263.52 -36.239999999999995 193.67999999999998 3.626930046430998 1.4800286768016968 6.365761407411592
32.373 -3.0357280731201173 0.5956175334751606 9.452367973327636 -76.04809160305344 -12.609923664122137 -22.51068702290076 266.15999999999997 -36.599999999999994 192.71999999999997 3.633436863200221 1.479159208904846 6.378115791897623
32.403 -3.003226804733276 0.29149406030774117 9.450572395324707 -73.6885496183206 -13.403816793893128 -21.422900763358776 268.79999999999995 -36.72 192.23999999999998 3.639034842351247 1.4785499757438991 6.402287074434364
32.418 -2.906860184669495 0.007182598859071731 9.51174430847168 -72.39923664122136 -13.887022900763359 -20.564885496183205 270.41999999999996 -37.49999999999999 191.7 3.641701365591252 1.4777657770611499 6.424532109208988
32.433 -2.88938250541687 -0.3326743237674236 9.480799198150635 -71.78091603053436 -14.783969465648855 -20.03435114503817 272.82 -38.099999999999994 191.09999999999997 3.6439105371467613 1.4773303618041989 6.450533545596855
32.463 -2.8637645483016967 -0.596874474734068 9.490076732635497 -71.76946564885496 -15.233587786259543 -19.50152671755725 275.34000000000003 -38.339999999999996 190.73999999999998 3.6469490590833837 1.4769819797494157 6.471683780720468
32.479 -2.8312033891677855 -0.8351573906838894 9.503963088989257 -70.8206106870229 -15.593129770992368 -18.867938931297708 278.15999999999997 -39.12 189.6 3.6495274491518885 1.47645940639927 6.488886138101542
32.494 -2.821207618713379 -1.1423334702849388 9.472658824920654 -69.00610687022899 -15.395419847328242 -18.39083969465649 279.84000000000003 -39.96 188.28 3.6526608411948276 1.4760238662512921 6.494124489764543
32.524 -2.767816925048828 -1.5429432734847068 9.43387279510498 -68.28473282442746 -14.785496183206106 -18.238167938931298 281.88 -41.28 187.07999999999998 3.655792370599137 1.4753273008973053 6.475232053811373
32.539 -2.7548882246017454 -1.872086164355278 9.466314220428467 -69.86412213740456 -14.239694656488549 -18.69847328244275 283.62 -41.94 185.33999999999997 3.6575445924652947 1.4744545821759967 6.446734147646431
32.554 -2.742917227745056 -2.1261708080768584 9.470504093170167 -72.45038167938932 -13.204580152671756 -19.435877862595422 285.06 -42.059999999999995 183.9 3.658836601323698 1.4729711684784386 6.426338654675272
32.584 -2.726935935020447 -2.473210334777832 9.36881046295166 -74.1824427480916 -11.825190839694656 -19.980916030534353 286.91999999999996 -43.08 182.39999999999998 3.6597603848657707 1.472273802095345 6.424025116489785
32.598 -2.7222073793411257 -2.7647642493247986 9.29554786682129 -74.95496183206106 -10.315267175572519 -20.22977099236641 288.6 -43.559999999999995 180.35999999999999 3.660407097716027 1.4720123277618393 6.429984222850055
32.613 -2.696170425415039 -3.1005510330200194 9.160155773162842 -74.78854961832062 -8.655725190839695 -20.268702290076334 290.88 -43.44 178.56 3.6618848577805307 1.4731444116052377 6.441137702190893
32.643 -2.6288933515548707 -3.3694199085235597 9.046850204467773 -74.86793893129772 -7.079389312977099 -20.29007633587786 292.38 -43.86 176.94 3.663085896831568 1.4734057355867058 6.4409364217161
32.658 -2.6004621982574463 -3.6994606018066407 8.915169143676758 -74.85648854961832 -5.829770992366413 -20.428244274809156 293.88 -44.16 175.32 3.664566320274626 1.4727077639003947 6.450135252339334
32.673 -2.546592664718628 -3.9275681734085084 8.807071018218995 -75.95114503816794 -4.6030534351145045 -20.542748091603052 295.08000000000004 -44.39999999999999 174.12000000000003 3.666416851248254 1.4713973452561884 6.461038607612588
32.703 -2.458905017375946 -4.088338828086853 8.802043247222901 -76.77786259541985 -3.844274809160305 -20.40992366412214 296.69999999999993 -44.459999999999994 172.86 3.6682699872034186 1.4701744675333315 6.484468299199833
32.719 -2.429576051235199 -4.242764830589294 8.749909496307373 -76.94809160305343 -3.4770992366412217 -20.01832061068702 298.67999999999995 -44.64 171.0 3.670586177266639 1.4686888890972523 6.520659575730957
32.733 -2.375766360759735 -4.451718759536743 8.628822803497314 -75.87862595419847 -3.3343511450381684 -19.230534351145035 300.84 -45.6 168.96 3.6728090480587845 1.46816403108116 6.541381882081188
32.764 -2.3284210085868837 -4.783435416221619 8.382220029830933 -74.58015267175571 -3.3709923664122146 -18.244274809160306 302.64 -45.959999999999994 167.28 3.6762411748071733 1.4680765419208213 6.542123523193231
32.778 -2.270900309085846 -5.0727746963500975 8.178533267974853 -74.3793893129771 -3.236641221374046 -17.301526717557252 303.78 -46.260000000000005 165.77999999999997 3.679302873851475 1.4669398477931725 6.509474865189209
32.793 -2.170104420185089 -5.235580396652222 8.065586757659911 -75.1114503816794 -3.4160305343511452 -16.73206106870229 305.58 -47.1 164.82 3.683855517867457 1.4655414525897335 6.470802591439812
32.823 -2.1443068981170654 -5.347509336471558 7.923251438140869 -75.34580152671757 -3.979389312977099 -16.245801526717557 307.38 -47.1 163.01999999999998 3.6881307219729313 1.4633605754347325 6.423976871622901
32.839 -2.084272289276123 -5.5361724376678465 7.793006849288941 -74.0114503816794 -3.7511450381679388 -15.618320610687022 309.12 -47.64 161.4 3.6939960971000234 1.4618767306501508 6.381728817741778
32.853 -2.037944483757019 -5.693351793289184 7.637084484100342 -72.77175572519084 -3.4 -15.048091603053432 310.8 -47.76 159.36 3.6997784047398623 1.4611771255990607 6.326960743495157
32.883 -1.994429874420166 -5.942408609390259 7.466557407379151 -71.29847328244276 -2.6732824427480915 -14.663358778625954 311.82 -48.66 157.73999999999998 3.7056569924603324 1.4607390304029948 6.270138709443923
32.898 -1.9954474091529846 -6.126402997970581 7.2654444694519045 -70.37557251908397 -1.7709923664122136 -14.35496183206107 313.74 -49.019999999999996 155.45999999999998 3.7109800615933124 1.4606514894816456 6.221260638015876
32.914 -1.9448698878288269 -6.310636806488037 7.04416036605835 -68.53511450381679 -0.6946564885496181 -13.925190839694656 315.30000000000007 -49.26 153.54 3.717622937957929 1.4603008565257842 6.19231773795436
32.944 -1.8662203669548034 -6.460992670059204 6.867947101593018 -66.2885496183206 0.7152671755725192 -13.638931297709922 316.02000000000004 -48.89999999999999 152.45999999999998 3.7252062071370085 1.459511813077112 6.176709087891003
32.973 -1.8320431351661681 -6.603208255767822 6.697659492492676 -63.460305343511436 1.5664122137404581 -13.522900763358777 317.28000000000003 -48.71999999999999 150.95999999999998 3.73271687736775 1.4582842247241452 6.145468361753837
32.975 -1.797746193408966 -6.712503576278687 6.572323036193848 -60.287786259541974 2.2282442748091604 -13.344274809160305 318.47999999999996 -49.19999999999999 149.15999999999997 3.7418380187595615 1.4579335917682836 6.1255460626668405
33.003 -1.769494605064392 -6.831555271148682 6.411492538452149 -56.59160305343512 2.854961832061069 -13.019847328244271 319.32 -49.43999999999999 147.47999999999996 3.7496556851102048 1.4573197081114846 6.113195924560941
33.019 -1.7214310050010682 -6.990290832519531 6.260358572006226 -52.60763358778627 3.6709923664122135 -12.535114503816793 320.52 -50.519999999999996 146.16 3.760141930190543 1.4570569293367686 6.103582422063917
33.034 -1.7274165153503418 -7.088453102111816 6.132807493209839 -49.51679389312978 4.06030534351145 -11.93206106870229 321.42 -50.22 144.78 3.7670350571849314 1.4574067314185735 6.066339875853178
33.063 -1.702935802936554 -7.226478815078735 6.022913646697998 -46.06793893129772 4.306106870229007 -11.308396946564885 321.78000000000003 -51.06 143.70000000000002 3.775180876108525 1.4578441774986346 6.034800684512623
33.079 -1.6679206013679504 -7.270891284942627 5.915892839431763 -42.75267175572519 4.157251908396946 -10.420610687022902 323.46 -50.940000000000005 141.78 3.7840020320357333 1.4587197187747618 6.00742437143486
33.093 -1.6101006269454956 -7.390182399749756 5.7271100044250485 -38.51374045801526 4.225954198473283 -9.50381679389313 323.58 -51.18 140.45999999999998 3.79292091182779 1.4589822638693877 5.980978947248812
33.124 -1.5467739939689635 -7.525694274902344 5.584954261779785 -34.5236641221374 4.484732824427481 -8.69083969465649 323.58000000000004 -51.54 139.5 3.7999510384121877 1.4596831125514094 5.920556617706276
33.139 -1.5215750217437745 -7.5910560131073 5.502234601974488 -31.164122137404576 4.614503816793894 -7.746564885496184 324.18 -51.54 138.06 3.8064180658225775 1.460121732109471 5.884562843979481
33.154 -1.486978816986084 -7.57226152420044 5.495351314544678 -27.82290076335878 4.687786259541985 -6.603053435114502 324.66 -51.9 137.34 3.811656030241835 1.4614368096227772 5.88388405362751
33.184 -1.5140332937240601 -7.681975793838501 5.363251256942749 -23.653435114503818 4.505343511450382 -5.648854961832061 325.14 -51.17999999999999 136.62 3.8151850539642025 1.4622251474651375 5.902756810409746
33.198 -1.4687230348587037 -7.766550970077515 5.340805625915527 -20.061832061068703 4.816030534351146 -4.633587786259541 325.62 -51.06 135.78 3.818427584645297 1.4629266240280987 5.89487058552246
33.213 -1.425268280506134 -7.805516576766967 5.347988224029541 -17.38473282442748 4.494656488549618 -3.6580152671755726 325.62 -51.06 135.42000000000002 3.819097268406054 1.4639763430629873 5.884317381396493
33.243 -1.3685256958007812 -7.8100056648254395 5.352537202835083 -14.890839694656487 3.7648854961832057 -2.8152671755725196 325.86 -51.18 134.57999999999998 3.822057220367838 1.463276325255022 5.90533350620579
33.259 -1.3554772973060607 -7.815213060379028 5.300403451919555 -12.283206106870232 3.036641221374045 -1.8320610687022902 326.46 -50.94 134.1 3.8232058776008566 1.463451123496354 5.928113022865529
33.273 -1.3554772973060607 -7.9143928527832035 5.244019985198975 -9.483206106870231 2.603053435114504 -0.9931297709923665 326.03999999999996 -50.64 134.04000000000002 3.8231100829218043 1.4630136774162925 5.930756841334688
33.303 -1.3560159921646118 -7.924268913269043 5.266824769973755 -7.547328244274809 1.831297709923664 -0.13664122137404594 326.21999999999997 -50.33999999999999 134.1 3.8227268622000827 1.4631885784017278 5.913472298715478
33.318 -1.4346056580543518 -7.888176298141479 5.263113784790039 -5.576335877862595 0.7580152671755725 0.8122137404580151 326.64 -50.39999999999999 134.04000000000002 3.8223439767835368 1.4631885784017278 5.933654957483734
33.349 -1.4763844847679137 -7.8866798877716064 5.177940034866333 -2.918320610687023 0.05801526717557266 1.9389312977099238 326.46 -50.22 133.97999999999996 3.8215782057046006 1.4636265432136875 5.940870483364959
33.363 -1.4842254877090455 -7.919959306716919 5.084147167205811 0.0816793893129768 0.06106870229007657 3.2458015267175577 326.28 -50.76 133.79999999999998 3.819857097662122 1.4634515390404106 5.913952794556378
33.379 -1.448013186454773 -7.8360425472259525 5.095340061187744 2.9725190839694653 0.3984732824427482 4.765648854961832 326.34 -51.17999999999999 133.73999999999998 3.8186139409283752 1.463626440025846 5.8806460610475515
33.393 -1.505055034160614 -7.789475345611573 5.015673017501831 6.2282442748091595 0.7641221374045802 6.340458015267176 326.21999999999997 -51.3 133.85999999999999 3.8180399889769765 1.4640640153695954 5.870124201770044
33.423 -1.589390790462494 -7.678264713287353 4.943846940994263 9.953435114503817 1.8053435114503817 7.924427480916032 325.86 -51.42 134.1 3.817370305216219 1.4633646160307727 5.855763510235222
33.453 -1.6643293023109436 -7.610269403457641 4.871661758422851 14.887786259541986 3.5175572519083973 9.66412213740458 325.44 -51.6 135.24 3.8161266058062417 1.4640646338387382 5.842543783910044
33.454 -1.721012032032013 -7.511149454116821 4.883273601531982 20.0793893129771 5.597709923664122 11.375572519083969 325.14 -51.42 135.78000000000003 3.8149779485732234 1.4639772475334374 5.828300980590712
33.484 -1.8137873530387878 -7.3585789680480955 4.946660137176513 25.54580152671756 7.695419847328244 13.095419847328245 325.67999999999995 -51.48 137.16000000000003 3.8145949794226746 1.464938781869213 5.8344919293664335
33.499 -1.9336770176887512 -7.241861629486084 5.016391277313232 31.795419847328247 9.849618320610688 14.780916030534348 325.68 -51.6 138.35999999999999 3.814786547808828 1.4653755857926456 5.860315260535506
33.514 -1.9824588894844055 -7.186675262451172 5.106293535232544 38.119847328244276 12.372519083969467 16.310687022900762 325.62 -51.3 139.85999999999999 3.815456817277931 1.4659874701185303 5.872935037506472
33.543 -2.0258538007736204 -7.0540365219116214 5.260360431671143 43.49312977099236 14.28320610687023 17.521374045801526 325.68 -51.12 141.59999999999997 3.81679779770525 1.466512173518574 5.8906665006792105
33.558 -2.1704635977745057 -6.890811824798584 5.438548898696899 48.72290076335877 15.27709923664122 18.45419847328244 325.44000000000005 -49.92 143.28 3.819094115096113 1.468692419395122 5.9441617872202
33.573 -2.2940044045448302 -6.815933179855347 5.631581401824951 53.93358778625954 16.30229007633588 19.258778625954196 324.96 -49.08 145.32 3.8211999914788644 1.4718234875147276 5.988287405786354
33.604 -2.3821708798408507 -6.700233364105225 5.849693155288696 58.73435114503817 16.89236641221374 19.830534351145037 324.3 -48.06 147.18 3.8228281476391666 1.4740018476724088 6.029062274958395
33.619 -2.485600399971008 -6.539582443237305 6.0931236267089846 63.09160305343512 16.93053435114504 20.236641221374047 323.4 -46.8 149.52000000000004 3.824936330113011 1.4753990164961313 6.079651362299314
33.633 -2.5845407962799074 -6.38976526260376 6.342838859558105 67.10381679389313 16.76641221374046 20.41374045801527 322.79999999999995 -46.2 151.8 3.8274272758188297 1.4753990164961313 6.126482050112143
33.663 -2.6559478521347044 -6.272569084167481 6.597761487960815 70.38091603053435 16.505343511450384 20.50687022900764 322.02 -45.3 154.62 3.829439410746155 1.476620117272223 6.166752590814516
33.678 -2.735016345977783 -6.075586128234863 6.81796817779541 72.67709923664123 15.645038167938932 20.55343511450382 320.28 -44.64 157.2 3.831165420871598 1.4761834409525396 6.211318661066924
33.693 -2.830844259262085 -5.885187244415283 6.989752149581909 74.53282442748093 14.806106870229007 20.496946564885498 319.38 -43.739999999999995 159.66 3.8320285192651555 1.4757466370291072 6.2399348889599064
33.723 -2.8968643665313722 -5.595488834381103 7.259099817276001 76.00916030534351 14.07175572519084 20.624427480916033 317.82 -42.78 162.42000000000002 3.832411992112629 1.4754845547850273 6.269815316808924
33.739 -3.0113670587539674 -5.358702278137207 7.490738773345948 77.90610687022902 13.32519083969466 20.912977099236638 316.44000000000005 -42.36 164.76000000000002 3.832220171508115 1.475571915514724 6.2966630741288245
33.769 -3.0543429613113404 -5.202001762390137 7.650013065338134 79.5091603053435 13.077099236641223 21.228244274809164 314.82000000000005 -41.46 167.22 3.8321242506736075 1.4740037337679168 6.317756160195158
33.783 -3.1127016305923463 -4.958750867843628 7.757393026351929 80.23435114503818 12.793893129770993 21.40992366412214 313.32 -40.440000000000005 169.8 3.832700345706597 1.4706102755025372 6.340251352334141
33.799 -3.1598674058914185 -4.616020894050598 7.923909759521484 80.56717557251908 12.822900763358778 21.66793893129771 311.82 -39.78 172.38000000000002 3.833853298558212 1.4686941512082103 6.354962522035478
33.813 -3.2546777725219727 -4.284064817428589 8.11730136871338 81.51145038167938 12.991603053435114 22.202290076335878 310.32 -38.88 174.36 3.8355857900546804 1.4675594499211777 6.360866861006932
33.843 -3.3445201873779298 -4.063558840751648 8.254548978805541 83.17480916030533 13.167175572519085 23.04351145038168 308.09999999999997 -37.62 175.98 3.8369329839999877 1.467472037985147 6.3612422144123535
33.859 -3.439091157913208 -3.824198532104492 8.312009811401367 84.32442748091601 13.046564885496185 23.9 305.76 -36.96 177.6 3.838665091999309 1.4665130194531346 6.369917239088962
33.874 -3.48086998462677 -3.535457801818848 8.445905542373657 84.97404580152671 13.258778625954198 24.597709923664123 303.84000000000003 -36.24 178.92000000000002 3.8406874536484827 1.4672113968486082 6.369534363400429
33.904 -3.531028485298157 -3.1386188745498655 8.647138214111328 85.28396946564885 13.138931297709926 25.348854961832064 301.44 -35.64 181.2 3.843770185236278 1.4699961345983783 6.368224453248962
33.919 -3.6395456790924072 -2.8855517625808718 8.708669185638428 86.54122137404579 12.754961832061067 26.32290076335878 299.16 -34.32000000000001 183.0 3.8474301274098885 1.47347216909297 6.353239446608862
33.933 -3.6976649284362795 -2.704190969467163 8.697057342529297 87.59312977099236 12.32824427480916 27.340458015267178 296.70000000000005 -32.7 185.82 3.851089258178798 1.4782391803530794 6.330877288163395
33.994 -3.7008970975875854 -2.3289597034454346 8.813834476470948 87.81908396946565 11.855725190839696 28.326717557251907 294.24 -32.64 187.92 3.8547492003524075 1.483350105893998 6.311984852210225
34.008 -3.75746009349823 -1.9205088870599867 8.978615379333496 88.1793893129771 11.174809160305344 29.348091603053433 291.24 -32.04 189.83999999999997 3.8581250658215454 1.4876940205973297 6.302701893571668
34.009 -3.891056537628174 -1.666304518468678 8.998966121673584 89.33816793893129 9.938167938931297 30.459541984732823 288.36 -31.32 191.64 3.8608272538431487 1.49108266878662 6.293952164667443
34.023 -3.9147591590881348 -1.4838064836338163 8.953596019744873 90.24580152671756 9.20763358778626 31.446564885496183 285.9 -30.540000000000003 193.85999999999999 3.862663537902647 1.4936081300612307 6.278911854950597
34.039 -3.911526989936829 -1.0942100213840604 9.027935981750488 90.06412213740457 8.519847328244277 32.005343511450384 283.79999999999995 -30.24 195.24 3.864982798807655 1.4956990525968892 6.27573399489003
34.068 -3.9363069772720336 -0.640688376314938 9.179069995880127 90.56183206106869 7.683969465648853 32.303816793893134 281.28 -30.0 197.04000000000002 3.866431524299775 1.4967451043310693 6.2706163507173756
34.084 -4.033332014083863 -0.31322144735604524 9.192537403106689 92.35954198473281 6.739694656488548 32.66564885496182 277.91999999999996 -29.04 198.24 3.8674946343848733 1.4970065786645748 6.265299177644349
34.129 -4.073853921890259 -0.0944512652233243 9.135196208953857 94.37709923664121 6.414503816793892 32.993893129770996 274.62 -28.380000000000003 199.38000000000002 3.866914950819593 1.495617386829095 6.263622115718521
34.13 -4.071699142456055 0.2846107197925448 9.192597198486329 95.06030534351144 6.045038167938932 32.916793893129764 271.62 -28.380000000000003 200.10000000000002 3.8658523156701015 1.4926652876300137 6.27993247649084
34.144 -4.111203455924988 0.762074394337833 9.299079322814942 95.80458015267176 5.421374045801528 32.85496183206107 268.68 -28.32 200.4 3.8643078696227158 1.4879856115789862 6.298848727690835
34.159 -4.179258632659912 1.0958261204883457 9.323799514770508 96.9648854961832 4.850381679389313 32.96870229007634 266.1 -27.54 200.57999999999998 3.8606479274491057 1.4832238742985808 6.301433619474953
34.173 -4.2105628490448 1.413895818591118 9.312905883789062 97.87786259541986 4.190076335877862 33.12519083969466 263.2199999999999 -27.18 200.45999999999998 3.8562164680196944 1.4793171479823548 6.294765663024451
34.219 -4.1952399730682375 1.7852963656187057 9.349596977233887 98.74351145038169 3.633587786259542 33.15419847328245 260.21999999999997 -27.18 200.09999999999997 3.8502554507637248 1.4756662639297098 6.295706295776172
34.22 -4.188835477828979 2.1487361788749695 9.359413242340088 99.25038167938933 2.6916030534351143 33.23053435114504 256.74 -27.060000000000002 199.5 3.8444829070830067 1.473228240277122 6.305977371820713
34.234 -4.214453411102295 2.4906880497932433 9.316138076782227 98.57251908396948 1.7145038167938935 33.3587786259542 252.60000000000005 -27.119999999999997 199.68 3.8384210505560796 1.4713121159827953 6.316555457845529
34.264 -4.189194583892823 2.830185866355896 9.260712337493896 97.50381679389315 0.8206106870229011 33.62671755725191 249.95999999999998 -26.639999999999997 199.2 3.8323685594617274 1.4708767007258443 6.323012081136355
34.278 -4.176026487350464 3.1173104882240295 9.179848098754883 96.30381679389313 -0.26106870229007617 33.8236641221374 247.85999999999999 -27.059999999999995 198.9 3.8264101736313543 1.4702662409842668 6.330440217928333
34.293 -4.133469533920288 3.407906699180603 9.075101804733276 94.23587786259543 -1.2587786259541984 34.059541984732824 245.09999999999997 -27.299999999999994 198.06 3.8213229191728018 1.4693947833256904 6.34196601245874
34.324 -4.117069244384766 3.797144055366516 8.981009721755981 91.98473282442748 -2.311450381679389 34.25190839694656 241.79999999999995 -27.6 197.76000000000002 3.8162390190747457 1.4695692254256538 6.35002418376438
34.355 -4.043267989158631 4.094563770294189 8.88452343940735 90.59847328244275 -2.7465648854961833 34.23664122137404 238.98000000000002 -28.380000000000003 196.26 3.8121152778090943 1.4700055205770477 6.361643478796905
34.356 -3.978325295448303 4.360499715805053 8.757690572738648 89.56564885496184 -3.004580152671756 34.07480916030534 235.56 -28.68 195.6 3.8096286847351593 1.4700927542508717 6.385403264656398
34.384 -3.927029514312744 4.619971299171448 8.621640062332153 88.18015267175572 -2.952671755725191 33.806106870229016 232.67999999999998 -29.159999999999997 194.28 3.8070484217362455 1.4703547599329725 6.416452259776565
34.399 -3.8744169235229493 4.985087060928345 8.558552885055542 85.97862595419846 -2.6267175572519084 33.57862595419847 230.16 -29.279999999999994 193.32 3.8052378013952364 1.4713151701191396 6.434816700149663
34.428 -3.826054048538208 5.337334012985229 8.498997068405151 84.53969465648854 -2.2496183206106872 33.13587786259542 227.16 -29.880000000000003 192.24 3.802569799835074 1.4715773290901688 6.44325405149273
34.443 -3.7687727928161623 5.554547929763794 8.332600021362305 84.31908396946565 -1.7427480916030536 32.78854961832061 225.66 -30.3 190.86 3.798479990796585 1.4734934533844952 6.443829767341282
34.459 -3.7435139656066894 5.823835754394532 8.18362078666687 83.6679389312977 -0.8511450381679388 32.34732824427481 222.53999999999996 -31.139999999999997 189.18 3.7934519979533823 1.476096769157778 6.451188272245392
34.474 -3.6429574728012084 6.1024610042572025 8.069537115097045 82.62900763358779 0.5061068702290076 31.812213740458013 219.06 -31.98 186.90000000000003 3.787573298285063 1.478531321423093 6.460352410102115
34.503 -3.575919818878174 6.4468669414520265 8.020156717300415 81.74274809160305 1.6221374045801529 31.1175572519084 216.66 -33.059999999999995 185.10000000000002 3.781131162027497 1.4792286878061864 6.470285629515803
34.518 -3.5279759407043456 6.594170188903808 7.827842473983765 81.8763358778626 2.879389312977099 30.374809160305347 214.74 -33.660000000000004 183.3 3.7732853876313834 1.4794030291320213 6.475367553996756
34.537 -3.50229811668396 6.767689943313599 7.626190805435181 81.04351145038167 4.291603053435114 29.663358778625955 212.04000000000002 -34.08 182.28000000000003 3.763748018819129 1.478354849654743 6.462796992051244
34.563 -3.4643500089645385 7.000645780563355 7.437228441238403 79.506106870229 5.666412213740458 28.807633587786263 210.06 -34.86 180.66000000000003 3.749020402717968 1.4778310669907095 6.437742393822684
34.578 -3.4288559675216677 7.211455249786377 7.21965537071228 78.61145038167939 6.580916030534351 27.884732824427477 208.08 -35.519999999999996 179.64000000000001 3.730996474759054 1.4771318729215028 6.3983526161250825
34.593 -3.388513684272766 7.348523283004761 6.975207376480102 78.1496183206107 7.630534351145039 26.97099236641221 205.43999999999997 -36.12 178.07999999999998 3.7128229790930725 1.4761714627353353 6.358254411257816
34.624 -3.342185878753662 7.464821624755859 6.712563467025757 77.02213740458015 8.870229007633588 26.319083969465645 203.88 -37.440000000000005 177.11999999999998 3.694850656328049 1.475121433793635 6.329029061635618
34.638 -3.2935835838317873 7.692929220199585 6.557239627838134 75.25496183206107 9.916030534351146 25.669465648854963 201.42000000000002 -38.339999999999996 175.85999999999996 3.6773921256274837 1.4722426412873046 6.299210135489293
34.653 -3.249410557746887 7.8513655185699465 6.333082485198974 74.34961832061069 10.580152671755725 25.202290076335878 199.8 -39.12 174.48 3.6610846795439533 1.468504293871247 6.254256025461369
34.684 -3.228401446342468 8.037395000457764 6.135441160202026 73.49618320610685 11.16412213740458 24.904580152671755 198.18 -39.54 174.18 3.643166231728356 1.4648450677118279 6.205787558756607
34.713 -3.189675235748291 8.138969039916992 5.866213178634643 73.1442748091603 11.554961832061068 24.70381679389313 195.9 -39.66 172.85999999999999 3.6237367112969645 1.4635361754509975 6.155772809147615
34.728 -3.1197046756744387 8.29698634147644 5.665878343582153 71.81145038167938 11.982442748091604 24.4 194.1 -40.38 171.78 3.6060872456302406 1.4620510318278856 6.112993079612993
34.774 -3.0715213775634767 8.450753974914551 5.471169900894165 70.0236641221374 11.938167938931297 24.032824427480914 192.66000000000003 -40.980000000000004 170.7 3.5893869579377387 1.46231342197366 6.092150744303431
34.775 -3.0191482067108155 8.611225366592407 5.306269264221191 68.25343511450382 11.687786259541985 23.753435114503823 191.04000000000002 -42.12 169.2 3.5778079567357812 1.4618762335865538 6.087200504377631
34.79 -2.9132646322250366 8.754578161239625 5.154895877838134 66.41145038167939 11.634351145038169 23.68473282442748 189.3 -43.260000000000005 167.82 3.5699065734948627 1.460999910835237 6.094259243065059
34.803 -2.7993006229400637 8.838135766983033 4.977844667434693 64.27786259541985 11.38320610687023 23.632061068702292 187.92000000000002 -44.64 167.04 3.56247132655814 1.459597369958518 6.096747719527546
34.818 -2.7439945459365847 8.98831205368042 4.814859390258789 62.32748091603054 10.57328244274809 23.339694656488554 186.42000000000002 -45.42 165.54 3.554860472037759 1.4593342772467175 6.09817981381438
34.833 -2.68689284324646 9.089945888519287 4.612010669708252 61.067175572519076 9.924427480916028 23.00763358778626 185.4 -46.440000000000005 164.64 3.5477141263713086 1.4583684399267567 6.0958927391494155
34.879 -2.6082433223724366 9.145311832427979 4.444057440757751 59.55648854961832 9.683206106870228 22.60763358778626 184.14000000000001 -46.980000000000004 164.09999999999997 3.5414724369300763 1.456437619470138 6.109056003855419
34.879 -2.5097219228744505 9.189424991607666 4.27149531841278 57.95496183206107 9.293129770992365 22.03587786259542 183.35999999999999 -48.0 162.83999999999997 3.53741172626925 1.4563499481646822 6.113736010885324
34.924 -2.4481310844421387 9.24012212753296 4.122216820716858 55.86259541984733 8.9 21.10458015267175 182.64000000000001 -48.839999999999996 162.0 3.5361504029370723 1.4558247799147708 6.118742981472353
34.925 -2.393244004249573 9.29752311706543 3.9687484979629515 53.699236641221376 8.593893129770994 20.35954198473282 181.38 -50.1 160.74 3.5348888455712397 1.4557371870086082 6.1293657660928265
34.938 -2.3504476308822633 9.377130317687989 3.8200685501098635 52.214503816793886 8.668702290076336 19.850381679389308 180.42000000000002 -50.82 160.02 3.5340780705953363 1.455299740928547 6.116182796215921
34.953 -2.281614339351654 9.390418148040771 3.6440348625183105 51.59160305343512 9.1 19.370992366412214 179.34 -51.54 159.42000000000002 3.5328186130397823 1.4554746934522984 6.090725803794878
34.983 -2.273474061489105 9.408614158630371 3.4724903106689453 50.86335877862596 9.630534351145037 18.71450381679389 178.98 -52.499999999999986 158.58 3.532728543671621 1.4567882045907217 6.063978712743922
35.013 -2.2353464007377624 9.45841360092163 3.299209952354431 49.904580152671755 10.354961832061068 18.016030534351145 178.38 -52.379999999999995 157.5 3.5335390182118744 1.4589767639948283 6.054302060482582
35.014 -2.180040347576141 9.493907642364501 3.153522777557373 48.31984732824428 11.503053435114504 17.370992366412214 177.83999999999997 -52.79999999999999 157.56 3.534078685617073 1.460900699241445 6.035613375269955
35.043 -2.127128481864929 9.521141719818115 2.9951463460922243 46.587786259541986 12.512213740458014 16.731297709923663 176.51999999999998 -52.92 156.72 3.5347975797840747 1.4628292047734093 6.025075701759691
35.058 -2.095345449447632 9.551188945770264 2.835632658004761 44.86412213740458 13.34885496183206 16.020610687022902 175.55999999999997 -53.52 156.0 3.5352471782066415 1.465459014471178 6.0083131985540446
35.089 -2.0731990694999696 9.572617053985596 2.6657042026519777 43.001526717557255 14.259541984732824 15.378625954198474 174.65999999999994 -53.58 155.94 3.5359666021629175 1.466421967683336 6.006052097574519
35.103 -2.0757129788398743 9.621758079528808 2.522231674194336 41.163358778625955 15.136641221374045 15.094656488549617 173.99999999999997 -52.8 155.76 3.5364166989951933 1.4677331544606358 6.005530821566679
35.118 -2.02052663564682 9.656952857971191 2.374150288105011 39.83053435114504 15.71374045801527 15.022137404580153 173.7 -52.379999999999995 156.06 3.535697275038918 1.4683457603325702 5.9975338587188
35.133 -1.9604920387268066 9.659227275848389 2.2052992224693297 38.50992366412214 15.954198473282442 14.867175572519082 173.57999999999998 -52.5 155.46 3.532467564905436 1.4691327005927424 5.994784231075674
35.163 -1.9085378646850586 9.675208568572998 2.0451271176338195 36.761068702290075 15.86259541984733 14.66259541984733 172.91999999999996 -51.48 155.40000000000003 3.5304949448013034 1.4693949364560968 6.003877298274691
35.194 -1.8310255765914918 9.69256649017334 1.8991406679153442 34.90229007633588 15.49083969465649 14.40763358778626 172.26 -50.7 155.7 3.527711006201197 1.4690452372293294 6.009169904754993
35.195 -1.7884686470031739 9.6947811126709 1.7685968160629273 33.07862595419847 14.919083969465651 14.029770992366412 171.35999999999996 -51.71999999999999 156.24 3.5248354131430246 1.4687834602473966 6.011433241119809
35.224 -1.6864158034324646 9.695499324798584 1.6554707884788513 31.525190839694652 14.193129770992366 13.569465648854962 170.7 -51.059999999999995 155.70000000000002 3.5231285073275687 1.4681726466542802 6.018651228380921
35.238 -1.6490064024925233 9.706273174285888 1.5164873719215393 29.858778625954198 13.096183206106868 12.980916030534354 170.46 -51.18 155.94 3.5221403001050064 1.4690451120779586 6.021728046079542
35.253 -1.6110583066940307 9.716568183898925 1.3767856895923614 28.03587786259542 12.127480916030533 12.609923664122139 170.45999999999998 -50.940000000000005 155.94 3.519627851135553 1.468783182793273 6.024466980259125
35.283 -1.5556923985481261 9.759544086456298 1.2900557339191436 26.59007633587786 11.251908396946563 12.354198473282445 170.45999999999998 -50.82000000000001 155.57999999999998 3.515684017158654 1.4691325747806745 5.994725206659966
35.298 -1.454178249835968 9.78127145767212 1.177109271287918 25.841221374045794 10.426717557251907 11.945038167938932 170.39999999999998 -51.96 155.87999999999997 3.5108447119313864 1.468608792116641 5.950253770533543
35.328 -1.4285602927207948 9.751703071594239 1.0444106459617615 25.120610687022896 9.86412213740458 11.264885496183208 170.22 -52.14000000000001 155.46 3.506372022857761 1.4686962040526723 5.91010969383067
35.344 -1.3816339373588562 9.752301692962646 0.9612121343612671 23.858778625954198 9.681679389312977 10.507633587786259 168.66 -51.779999999999994 155.22 3.5004165820933197 1.4684341218085923 5.8816746858755256
35.359 -1.3345280170440674 9.764152908325196 0.8778939127922059 22.524427480916035 9.577862595419846 9.80763358778626 168.54000000000002 -52.739999999999995 155.33999999999997 3.4936617052074546 1.4686961274906931 5.836702808845298
35.373 -1.2974178910255432 9.773370552062989 0.7830835193395614 21.328244274809162 9.726717557251908 9.210687022900762 168.42000000000002 -52.86 155.21999999999997 3.4869020289540593 1.4685211233174162 5.782740065933732
35.404 -1.2520477652549744 9.795636653900146 0.6826467603445053 20.515267175572525 10.095419847328245 8.758015267175573 168.90000000000003 -52.260000000000005 155.21999999999997 3.4785501250964237 1.4681717313300147 5.719878866036438
35.433 -1.243907481431961 9.778697681427001 0.5749076813459396 19.864122137404586 10.628244274809159 8.398473282442747 168.60000000000002 -52.56 155.04000000000002 3.4697500224614366 1.4679095723589861 5.666640633774944
35.435 -1.1782464981079102 9.756910514831542 0.51283800303936 19.029770992366412 11.46412213740458 8.180152671755724 168.42000000000002 -52.14000000000001 154.98 3.4606791929169516 1.4667748710719535 5.625834266318277
35.464 -1.1192892849445344 9.748411178588867 0.450169774889946 18.237404580152674 12.038167938931299 7.809923664122136 167.64 -52.08 155.04000000000002 3.453040858243077 1.466512712100925 5.595396070677028
35.479 -1.0813411831855775 9.734464931488038 0.365534745156765 17.172519083969465 12.486259541984733 7.377099236641222 166.97999999999996 -51.660000000000004 155.58 3.446389571876245 1.4663380671485209 5.592539677836852
35.494 -1.0155604898929596 9.727162647247315 0.30903158336877823 15.754961832061067 12.858778625954198 7.035114503816795 166.85999999999996 -51.17999999999999 155.7 3.440273646002391 1.4659008787614147 5.610432688657019
35.524 -0.967616605758667 9.748291492462158 0.2766500048339367 14.29770992366412 12.705343511450382 6.651908396946564 166.38 -50.699999999999996 155.46 3.4346063938447755 1.465813466825384 5.618199959932085
35.54 -0.934875899553299 9.754576206207275 0.21787235112860798 13.172519083969465 12.129007633587786 6.2824427480916025 167.04 -50.99999999999999 155.76 3.4328421768473754 1.4652010419235808 5.631064397457217
35.568 -0.899800843000412 9.787017631530762 0.2017713484354317 12.25801526717557 11.279389312977099 5.946564885496183 166.67999999999998 -50.400000000000006 156.0 3.431343498426209 1.4648516499361794 5.641150607294007
35.583 -0.8616731882095336 9.782588386535645 0.15400702627375723 11.78091603053435 9.953435114503815 5.594656488549618 166.32 -50.16000000000001 156.0 3.429315522374923 1.4647641090148298 5.66448894353692
35.598 -0.8248623371124267 9.764571952819825 0.12479776488617063 11.189312977099238 8.33206106870229 5.190076335877862 165.9 -50.46000000000001 155.82 3.4280833298765585 1.4645892594567766 5.703545624729825
35.613 -0.8174403131008148 9.772772121429444 0.09187749298289419 10.325190839694656 6.297709923664121 4.751145038167939 166.20000000000002 -50.160000000000004 155.76000000000002 3.425885048952625 1.4635382967743045 5.7385140549667115
35.643 -0.7933187305927276 9.786000061035157 0.06159084113314748 9.414503816793893 4.101526717557251 4.351908396946564 165.9 -50.1 155.33999999999997 3.423160105151473 1.4629255095415494 5.750489007690977
35.658 -0.761834979057312 9.780553245544434 0.027533322293311357 8.683206106870228 1.808396946564886 3.9312977099236646 165.66 -50.22 155.22 3.4202593564027994 1.4624004965757773 5.750804395289704
35.674 -0.7457339763641357 9.759065341949462 0.002154784370213747 7.857251908396947 -0.4549618320610687 3.5404580152671756 165.66 -50.58 154.38 3.4175353408878832 1.4613504676340772 5.755417826928634
35.703 -0.7579444050788879 9.767983722686768 -0.017298103775829077 6.774809160305343 -2.6793893129770994 3.119083969465649 165.0 -50.88 154.32 3.414898973309905 1.4608249878091795 5.761589880638576
35.719 -0.7474099159240722 9.764691638946534 -0.03573345681652427 5.878625954198473 -4.540458015267175 2.761832061068702 165.12 -51.36 154.68 3.412439202638775 1.4601247629544016 5.764163664445693
35.733 -0.724605143070221 9.742246055603028 -0.058957213535904884 5.0503816793893135 -6.158015267175572 2.4557251908396944 165.6 -51.839999999999996 154.44 3.409716576753424 1.4607371878562048 5.753834815207663
35.779 -0.7454945564270019 9.714832496643066 -0.12024877704679966 4.027480916030535 -7.458778625954198 2.1412213740458013 166.07999999999998 -52.44 153.96 3.407082449609342 1.4605623382981514 5.7546227558474685
35.78 -0.7480084657669067 9.736679553985596 -0.11587935946881771 2.8969465648854964 -8.155725190839693 1.8847328244274806 165.78 -52.86 153.78 3.404361671344236 1.4607373942324389 5.741163441791795
35.793 -0.7735665678977967 9.75200252532959 -0.1307832647114992 2.2511450381679388 -8.52442748091603 1.5770992366412213 165.78 -52.379999999999995 153.9 3.4019935684013247 1.4605624417086873 5.708894300510918
35.823 -0.7742249727249145 9.741288471221925 -0.17100585214793682 2.0549618320610685 -8.355725190839694 1.1366412213740458 165.48000000000002 -53.04 153.84 3.4002416388300625 1.4615259667691365 5.6591593651875005
35.839 -0.7896675765514374 9.717346477508546 -0.20410569123923777 1.8717557251908397 -7.758778625954197 0.5206106870229008 166.2 -53.64 153.35999999999999 3.399891076606535 1.4614383216532425 5.63353650909403
35.853 -0.79744873046875 9.731472206115722 -0.22242133431136607 1.2984732824427478 -6.812977099236642 -0.06717557251908395 166.44 -54.24000000000001 153.24 3.4001541091814076 1.4623128287991254 5.608420422488368
35.883 -0.79918452501297 9.749249172210693 -0.2524685669690371 0.9511450381679388 -5.709160305343511 -0.6488549618320612 166.44 -55.08 153.48 3.4003294198413117 1.4628383086240229 5.57484129015357
35.899 -0.8070255398750306 9.731711673736573 -0.2877830430865288 0.7916030534351144 -4.362595419847328 -1.1290076335877863 166.32 -55.56 153.36 3.400680159569074 1.4631011656289226 5.537706200502098
35.913 -0.7978078603744507 9.747094440460206 -0.307415496557951 0.43816793893129774 -2.7900763358778624 -1.4083969465648853 166.32 -55.55999999999999 153.11999999999998 3.401206269220597 1.4631887846117657 5.512776554462784
35.943 -0.7978677153587341 9.770617485046387 -0.3344699747860432 0.38015267175572504 -1.2137404580152673 -1.7076335877862594 165.6 -55.31999999999999 152.88 3.3991081756723474 1.4628389825299606 5.49133425298851
35.958 -0.7967903256416321 9.754875564575196 -0.36182373240590093 0.5083969465648854 0.3801526717557251 -2.083969465648855 165.54000000000002 -54.89999999999999 153.18 3.3970976710364815 1.4624889740719218 5.478324903621918
35.989 -0.7876923620700836 9.733806610107422 -0.39677907675504687 0.3572519083969463 1.9015267175572519 -2.5114503816793894 165.6 -54.959999999999994 153.48000000000002 3.3954370980464477 1.4626639265956736 5.484294999917737
36.003 -0.7706336736679077 9.726743698120117 -0.4161122560501099 -0.2732824427480916 3.2435114503816793 -2.9251908396946567 165.42000000000002 -55.5 152.94 3.394038838219101 1.462313710869513 5.494880400407917
36.018 -0.7509413659572601 9.740510368347168 -0.40809168219566344 -0.9961832061068703 4.283206106870229 -3.1946564885496183 165.35999999999999 -55.31999999999999 152.76000000000002 3.3922927563333296 1.4622262475061 5.52976646569203
36.033 -0.738611227273941 9.77175464630127 -0.4102464646100998 -1.3442748091603054 5.00763358778626 -3.3274809160305345 164.7 -55.61999999999999 153.3 3.3894966906291737 1.4636254647083131 5.554915073615681
36.064 -0.7335235476493835 9.774986839294433 -0.40072951316833494 -0.9725190839694658 5.500763358778627 -3.3977099236641215 164.7 -55.019999999999996 153.3 3.3859133221402296 1.464410342169149 5.584316744082374
36.08 -0.7167641341686248 9.742964363098144 -0.3986944407224655 -0.41984732824427484 5.686259541984734 -3.4251908396946567 164.82 -54.17999999999999 153.54000000000002 3.382505323503191 1.4651968205706374 5.610919670901582
36.093 -0.680491977930069 9.723092460632325 -0.40360255241394044 -0.06870229007633581 5.524427480916032 -3.4908396946564886 165.3 -53.81999999999999 153.54000000000002 3.378660072417128 1.4658092454724405 5.636926486374345
36.123 -0.6698976397514343 9.718723011016845 -0.4092887818813324 0.09847328244274806 4.949618320610687 -3.706106870229007 165.24 -53.64000000000001 153.48 3.374814179904667 1.4660719461856628 5.654032559066126
36.139 -0.6533177971839905 9.7255464553833 -0.38839937150478365 0.1503816793893129 4.2206106870229 -3.8832061068702286 165.42000000000002 -53.58 153.3 3.3736811989969637 1.4658968902513754 5.664205593378142
36.154 -0.6279991149902344 9.73015537261963 -0.38486792147159576 0.32748091603053436 3.2923664122137404 -3.9473282442748086 164.7 -53.339999999999996 152.70000000000002 3.37211310110822 1.4657217304595025 5.664814334264378
36.198 -0.6201581001281739 9.737457752227783 -0.38732197880744934 0.5236641221374045 2.221374045801526 -3.9305343511450372 164.88 -53.279999999999994 152.16000000000003 3.3701099128274796 1.4653717220014637 5.656423860068982
36.199 -0.608665931224823 9.740031528472901 -0.38049850463867185 0.9106870229007633 1.0358778625954197 -3.838167938931298 164.94 -52.86 152.46 3.367845623489155 1.465721937727624 5.639343341557556
36.228 -0.6115988254547119 9.730394840240479 -0.3790619820356369 1.3076335877862595 -0.16946564885496151 -3.7450381679389317 164.4 -52.919999999999995 152.04 3.366105294572603 1.4655469335543472 5.613595632063108
36.243 -0.6130952000617981 9.708966732025146 -0.37804444432258605 1.565648854961832 -1.278625954198473 -3.6030534351145036 164.33999999999997 -52.14 152.1 3.36453899921676 1.4641477163521341 5.592144294388501
36.258 -0.6087856411933898 9.700646877288818 -0.3886986404657364 1.548854961832061 -2.3412213740458014 -3.4587786259541984 164.76 -52.67999999999999 152.04000000000002 3.3631471933045787 1.4624883317454156 5.565249426560355
36.273 -0.6226121544837951 9.724588871002197 -0.40647558569908143 1.4396946564885496 -3.261068702290076 -3.322137404580153 164.21999999999997 -52.5 151.85999999999999 3.361494828433569 1.4618768058676785 5.546449129489579
36.303 -0.6370372176170349 9.740091323852539 -0.40761283338069915 1.505343511450382 -3.937404580152672 -3.1358778625954202 163.73999999999998 -52.620000000000005 151.38 3.360103477865041 1.4624007411631887 5.522958546973598
36.318 -0.6474519908428192 9.724768447875977 -0.4161721050739288 1.6511450381679391 -4.426717557251909 -2.9221374045801527 162.6 -53.160000000000004 151.07999999999998 3.358711899718469 1.4628380582579323 5.503005678149882
36.334 -0.6646303832530975 9.715730381011962 -0.42532992660999297 1.6572519083969468 -4.786259541984732 -2.790076335877863 162.0 -53.160000000000004 151.07999999999998 3.3577551121898983 1.4642356349953334 5.500396593523973
36.363 -0.6864774703979493 9.718244266510009 -0.4157531201839447 1.6076335877862598 -4.948091603053436 -2.698473282442748 162.23999999999998 -53.879999999999995 150.72 3.3574942129891183 1.465372329122982 5.502535486944811
36.379 -0.7038354337215423 9.728599166870117 -0.4079121083021164 1.7022900763358777 -4.853435114503817 -2.5664122137404584 161.16 -54.11999999999999 150.84 3.3574072892107703 1.4657223375810207 5.5070873823727275
36.393 -0.7255628168582916 9.712318611145019 -0.43436803817749026 1.8824427480916028 -4.529007633587787 -2.4526717557251905 160.61999999999998 -54.179999999999986 150.9 3.356886128815572 1.466246886697823 5.518533284415387
36.425 -0.7299920916557312 9.707410526275634 -0.44053310751914976 1.9534351145038173 -3.980152671755726 -2.3977099236641224 160.44 -54.720000000000006 151.44 3.356191587018955 1.4668589508275638 5.518239529388411
36.438 -0.7327454209327697 9.703520011901855 -0.45034933388233184 1.9610687022900763 -3.4595419847328253 -2.464885496183206 160.62 -55.379999999999995 150.54000000000002 3.355410163956647 1.468606951455575 5.517052196983218
36.454 -0.7566275835037232 9.703400325775146 -0.4624400526285172 1.887022900763359 -2.824427480916031 -2.5442748091603056 160.07999999999998 -55.56 150.0 3.354628867801538 1.4702663360622938 5.515280849297551
36.483 -0.7558494687080384 9.705435371398925 -0.4487332493066788 1.8083969465648857 -1.9427480916030535 -2.530534351145038 160.07999999999998 -55.44 149.28000000000003 3.3540213902892675 1.4708778619400307 5.507623859913503
36.499 -0.7614159882068634 9.705495262145996 -0.44274774491786956 1.8732824427480914 -1.1320610687022903 -2.499236641221374 160.14 -55.14 149.10000000000002 3.353674119484309 1.4707906029642035 5.503782706646145
36.514 -0.7772177219390869 9.696277618408203 -0.4456207871437073 2.012977099236641 -0.37251908396946565 -2.436641221374046 160.73999999999995 -54.9 148.98000000000002 3.354369453214815 1.4725335317460084 5.502144972141282
36.543 -0.77997105717659 9.698252773284912 -0.4481346994638443 1.9900763358778626 0.48244274809160304 -2.264885496183206 161.04 -54.839999999999996 149.04 3.3560231721180678 1.4729689470029594 5.496381662950563
36.558 -0.766324108839035 9.703041172027588 -0.4520851314067841 1.9816793893129774 1.3206106870229006 -2.0580152671755725 160.85999999999999 -55.14 149.22 3.357590496223043 1.472794352927356 5.485665651379132
36.574 -0.7431602060794831 9.679996967315674 -0.4574720859527588 2.0091603053435114 1.916030534351145 -1.9793893129770992 161.34 -55.14 148.74 3.3596806082821318 1.4728817905493785 5.4812645449394015
36.603 -0.7359177470207214 9.681433486938477 -0.4435258597135544 1.7900763358778626 2.3717557251908397 -1.9480916030534352 161.52 -54.71999999999999 147.72 3.362466058015655 1.4732309788098914 5.495602059265293
36.619 -0.7347805023193359 9.703340435028077 -0.42784383893013 1.5129770992366414 2.758778625954198 -1.8213740458015266 161.57999999999998 -54.42 147.06 3.3659478814606167 1.4736674007442279 5.524978240865969
36.648 -0.7340622425079346 9.7120792388916 -0.42275616228580476 1.4435114503816793 3.1030534351145036 -1.5534351145038168 161.76000000000002 -54.239999999999995 147.11999999999998 3.3691677714463255 1.4735802426510332 5.549200225740995
36.663 -0.7081450045108795 9.711480712890625 -0.414017328619957 1.4816793893129772 3.3221374045801526 -1.2587786259541986 161.76 -53.279999999999994 147.11999999999998 3.3728236894352244 1.4720084249300254 5.583662854299906