18.438 -0.6192602753639221 -2.7251402616500853 9.966941833496094 -0.12595419847328249 0.8725190839694656 -1.7618320610687022 387.18 -40.38 224.58 4.631775904907123 1.4502109471857398 6.9852143343104105
18.453 -0.6189610004425049 -2.702574896812439 9.950780963897705 -0.12595419847328243 0.850381679389313 -1.7702290076335878 387.3 -40.38000000000001 223.98000000000002 4.631424105539854 1.4489807670198127 6.990889424764103
18.468 -0.6225523054599762 -2.7394455909729003 9.933003997802734 0.025190839694656474 0.8244274809160306 -1.816030534351145 387.53999999999996 -39.540000000000006 224.21999999999997 4.630954818725113 1.4509966332814739 6.997917735065772
18.498 -0.6241085350513458 -2.75440936088562 9.928395175933838 -0.09694656488549616 0.83587786259542 -1.7923664122137406 387.59999999999997 -39.84 224.51999999999998 4.630602908899322 1.4531851926855803 7.0038217022102005
18.514 -0.6284779489040375 -2.72867169380188 9.919955635070801 0.006870229007633599 0.7717557251908398 -1.8114503816793897 387.35999999999996 -39.480000000000004 224.27999999999997 4.630016392429674 1.454938899976213 7.010899089000882
18.528 -0.6191405653953552 -2.699103283882141 9.916783332824707 0.00610687022900766 0.8312977099236643 -1.8877862595419845 386.93999999999994 -39.78 224.57999999999998 4.629547547281344 1.4557279434248849 7.017515646807011
18.558 -0.6196792602539063 -2.6869527101516724 9.91037883758545 -0.05954198473282446 0.9427480916030534 -1.8564885496183205 386.64 -39.96 223.67999999999998 4.629078407800647 1.4565181730988812 7.021856072078497
18.573 -0.6224325895309448 -2.6551098108291624 9.922589302062988 -0.12900763358778627 0.9648854961832061 -1.883969465648855 386.15999999999997 -39.6 223.2 4.628726497974855 1.4572207052212083 7.023448083808843
18.588 -0.6161478102207184 -2.6473286390304565 9.931507682800293 -0.1480916030534351 0.9633587786259543 -1.968702290076336 385.97999999999996 -39.9 223.73999999999995 4.628843764421288 1.4571328489945863 7.023448083808843
18.619 -0.6157886803150177 -2.629850959777832 9.95832281112671 -0.28167938931297715 1.0114503816793894 -1.93969465648855 386.03999999999996 -39.72 223.2 4.6287264979748555 1.4577480299176175 7.021608295038378
18.633 -0.6074089705944061 -2.613929510116577 9.982504272460938 -0.3068702290076336 1.0442748091603054 -1.9251908396946562 386.04 -39.0 223.2 4.628491928262493 1.4575720767164886 7.02275999994176
18.648 -0.5998672366142273 -2.5866954803466795 10.018417358398438 -0.3778625954198474 1.0572519083969467 -1.946564885496183 386.15999999999997 -38.879999999999995 223.56 4.628491928262493 1.457484005688968 7.0252856817507645
18.678 -0.5904101371765137 -2.5774179697036743 10.026976680755615 -0.4091603053435115 1.0358778625954197 -1.897709923664122 386.1 -38.94 223.38000000000002 4.6286091947089245 1.454675498414522 7.030126001472648
18.693 -0.5790975332260132 -2.539350152015686 10.04577112197876 -0.5450381679389313 1.0625954198473282 -1.8923664122137402 386.4 -39.24 222.95999999999998 4.628609194708924 1.4509892585826487 7.035663132979993
18.708 -0.5660491347312927 -2.528755807876587 10.065702819824219 -0.586259541984733 1.114503816793893 -1.849618320610687 386.93999999999994 -39.66 222.78000000000003 4.628726424363829 1.4491475881308842 7.037976159403558
18.738 -0.5652710199356079 -2.5736470937728884 10.070610904693604 -0.43282442748091593 1.0740458015267176 -1.8549618320610688 387.23999999999995 -39.480000000000004 222.95999999999998 4.628843580519496 1.4475673567419336 7.042144987240863
18.768 -0.5631760954856873 -2.6098593950271605 10.068994808197022 -0.25954198473282447 1.0282442748091605 -1.8770992366412211 387.41999999999996 -39.89999999999999 223.5 4.628609231472504 1.4467771270679375 7.046538364455657
18.769 -0.5740098595619202 -2.632544469833374 10.041162204742431 -0.08549618320610686 1.0251908396946567 -1.83206106870229 388.32 -39.12 223.56000000000003 4.628374808926273 1.4449293137469141 7.054139874573596
18.798 -0.5892728924751282 -2.6367343425750733 10.02967004776001 -0.05954198473282439 0.9854961832061069 -1.7717557251908396 388.26 -39.3 223.38000000000002 4.628140312824936 1.4434316333191477 7.062912860336056
18.813 -0.598011726140976 -2.6305094242095945 10.018896102905273 -0.05114503816793894 0.967175572519084 -1.768702290076336 388.38 -39.54 223.02000000000004 4.628374882537299 1.4413169180861218 7.068926840165434
18.828 -0.6051943302154541 -2.6544514417648317 9.991243076324462 -0.03358778625954199 1.0335877862595422 -1.7366412213740456 387.65999999999997 -40.14 223.61999999999998 4.628609452249663 1.4404355264290636 7.072637224090585
18.858 -0.611000269651413 -2.691202425956726 9.968498134613037 -0.06564885496183206 1.0809160305343513 -1.7259541984732825 387.66 -40.62 223.74 4.628726681904569 1.4401711504305195 7.076575711123388
18.873 -0.6204573690891266 -2.698684287071228 9.967061614990234 -0.15038167938931296 1.0877862595419847 -1.7572519083969464 387.71999999999997 -41.279999999999994 223.67999999999998 4.6288439851705006 1.4399064465851177 7.078203704357035
18.888 -0.6344035923480987 -2.7032332897186278 9.958562278747559 -0.07633587786259546 1.067175572519084 -1.7725190839694656 387.47999999999996 -41.04 223.32000000000002 4.629430685877759 1.4403477572082077 7.0810044890537736
18.933 -0.6417059123516082 -2.7080216884613035 9.934739971160889 -0.15496183206106873 1.0793893129770993 -1.7770992366412213 387.36 -41.04 223.08 4.630017386585019 1.4394666375758736 7.084267854845234
18.934 -0.6406883716583252 -2.6759992361068727 9.943119716644286 -0.38854961832061063 1.1480916030534352 -1.712213740458015 387.3 -40.98 222.9 4.63095596066267 1.4385849733019473 7.083337273973743
18.948 -0.6370970666408539 -2.656785774230957 9.95437250137329 -0.3526717557251908 1.131297709923664 -1.7305343511450382 387.35999999999996 -40.32 223.2 4.63236426523947 1.437351402509132 7.088256189311272
18.978 -0.6272209882736206 -2.6865935802459715 9.968797588348389 -0.13358778625954199 1.0885496183206107 -1.8091603053435115 386.7 -40.980000000000004 223.37999999999997 4.633537851872804 1.4369980783549696 7.09341436568449
18.993 -0.6328473627567291 -2.688628649711609 9.968378639221191 -0.19007633587786263 1.0786259541984733 -1.8328244274809162 386.40000000000003 -41.040000000000006 223.56 4.634476720843037 1.438056076789716 7.095994260792374
19.008 -0.6308122932910919 -2.6803686380386353 9.986215400695801 -0.21221374045801528 1.0618320610687024 -1.8526717557251906 386.22 -41.1 224.45999999999998 4.63565178474701 1.4389391130833562 7.098099610386342
19.038 -0.6314108431339264 -2.6869527101516724 9.99220085144043 -0.21374045801526717 1.0702290076335879 -1.8618320610687022 386.82000000000005 -41.459999999999994 223.97999999999996 4.636826848650982 1.4391156097432953 7.100203596386086
19.053 -0.6372167825698852 -2.6607362031936646 10.003333854675294 -0.3 1.0938931297709922 -1.8183206106870227 387.12 -40.67999999999999 223.67999999999998 4.638118809262285 1.4389392227225346 7.103479658489879
19.068 -0.6347028732299804 -2.666721725463867 10.004471111297608 -0.1854961832061069 1.0290076335877862 -1.7671755725190839 387.4800000000001 -40.32 223.32 4.6388234036370255 1.4389392227225346 7.106052866910798
19.098 -0.631291139125824 -2.6806679487228395 10.000819873809814 -0.18931297709923664 0.8931297709923666 -1.6854961832061073 387.5400000000001 -40.26 223.97999999999996 4.639058342245094 1.4387627809418526 7.106521784657913
19.113 -0.6352415680885315 -2.671569991111755 10.015244960784912 -0.20916030534351146 0.7099236641221374 -1.6213740458015269 386.82000000000005 -40.14 223.86000000000004 4.639528367412739 1.4390274025578327 7.106053778722183
19.143 -0.6320093989372253 -2.660556674003601 10.038109588623048 -0.17633587786259544 0.6183206106870228 -1.6931297709923665 386.52000000000004 -40.44 223.68 4.63988094175622 1.4391156921519515 7.110495567521369
19.158 -0.6385934531688691 -2.66869695186615 10.02368450164795 -0.4022900763358779 0.6534351145038167 -1.7206106870229008 386.15999999999997 -40.32 223.43999999999997 4.639645855196646 1.4392039817460704 7.108613784526986
19.173 -0.6508038818836213 -2.684498691558838 10.016681385040282 -0.7335877862595421 0.6923664122137404 -1.7206106870229008 386.52 -40.199999999999996 223.07999999999998 4.639881015816442 1.4394690163061141 7.108377716879653
19.188 -0.6490082323551178 -2.6824037551879885 10.018417167663575 -0.9106870229007633 0.7038167938931299 -1.7755725190839695 386.46 -39.66 223.14000000000001 4.639998540588218 1.438675886713776 7.107672279222106
19.218 -0.6429628729820251 -2.66522536277771 10.024103450775147 -1.036641221374046 0.7541984732824428 -1.7916030534351144 386.46000000000004 -39.419999999999995 222.66000000000003 4.639528071058986 1.43788127856513 7.109789975759108
19.233 -0.6412270784378051 -2.5978884220123293 10.040743160247803 -1.0946564885496184 0.6610687022900763 -1.8038167938931295 386.34000000000003 -39.3 222.66 4.638822588974071 1.4371746292922507 7.110964176882598
19.248 -0.6259041845798492 -2.587413787841797 10.0476863861084 -0.8709923664122137 0.5595419847328245 -1.9167938931297708 386.28000000000003 -39.72 223.08 4.63858735423767 1.4366448084781491 7.1135592361590465
19.278 -0.6131550550460816 -2.60309579372406 10.083120536804199 -0.9404580152671755 0.5801526717557252 -2.0320610687022898 385.9800000000001 -39.42 223.14000000000001 4.638352341681987 1.4367330705428691 7.114970572102862
19.293 -0.6048950552940369 -2.5744850873947143 10.129687786102295 -1.1931297709923663 0.6740458015267177 -2.138931297709924 386.1 -39.660000000000004 222.06 4.637765272079024 1.4367330705428691 7.113565642117258
19.308 -0.6124367892742157 -2.579812169075012 10.139444160461426 -1.397709923664122 0.7244274809160307 -2.2969465648854963 386.4 -39.239999999999995 222.23999999999995 4.636825812650554 1.4362035800844808 7.1119323843019675
19.338 -0.6102820098400116 -2.5696966648101807 10.151953887939452 -1.5877862595419847 0.7068702290076337 -2.277099236641222 386.46 -38.94 222.54000000000002 4.6357690867756505 1.4363800767444197 7.109587788188797
19.353 -0.5927444815635681 -2.5917831659317017 10.181043434143067 -1.56412213740458 0.6099236641221375 -2.2709923664122136 386.64 -39.48 222.6 4.637299804135753 1.4365565734043586 7.10562127395948
19.368 -0.5990292608737946 -2.5534160852432253 10.201094913482667 -2.0931297709923666 0.5938931297709924 -2.3549618320610692 387.12 -38.88 223.07999999999998 4.63930467947191 1.4367331250631974 7.098610070639024
19.398 -0.5925050616264343 -2.5667039155960083 10.224857330322266 -2.5603053435114504 0.6106870229007633 -2.391603053435114 387.72 -39.480000000000004 222.95999999999998 4.642254902623266 1.4366448629984776 7.0951034108311415
19.413 -0.5892130315303803 -2.589568543434143 10.255383396148682 -3.169465648854962 0.39541984732824426 -2.4206106870229007 387.84000000000003 -39.839999999999996 222.95999999999998 4.647105615457349 1.4369982978723046 7.09298571429414
19.428 -0.5857414424419403 -2.6429592609405517 10.265379238128663 -4.13206106870229 0.22519083969465647 -2.5114503816793894 388.2 -39.48 223.32 4.653503591966826 1.4373518437075563 7.09298571429414
19.458 -0.589512312412262 -2.6746824264526365 10.28776502609253 -5.534351145038168 0.18625954198473288 -2.5229007633587788 387.96 -39.48 222.47999999999996 4.660266729297442 1.437440216250803 7.09227612083814
19.473 -0.5925050675868988 -2.628893327713013 10.288243865966797 -6.944274809160305 0.09541984732824431 -2.5053435114503815 388.14 -39.9 222.66 4.667143041457019 1.4369986300319204 7.094640665925837
19.488 -0.5949591279029847 -2.62937216758728 10.284233570098877 -7.896183206106871 -0.025954198473282435 -2.6572519083969466 388.55999999999995 -40.32000000000001 223.44 4.674488935435655 1.4372632516479005 7.101006329045047
19.518 -0.5907692790031434 -2.6859950542449953 10.272920989990235 -8.806870229007634 -0.11450381679389313 -2.7908396946564884 388.97999999999996 -40.620000000000005 223.01999999999998 4.6820718131053125 1.436998133957643 7.106637103778302
19.533 -0.6043563723564148 -2.746209239959717 10.261309051513672 -9.86793893129771 -0.25190839694656486 -2.9900763358778626 389.28 -40.8 222.48000000000002 4.690251065862308 1.4366450305200154 7.115389152026452
19.548 -0.6296151995658874 -2.693895936012268 10.28154010772705 -11.0793893129771 -0.4786259541984733 -3.2427480916030538 389.28000000000003 -40.44 221.76000000000005 4.696437700545388 1.4379652933742748 7.126942290531948
19.577 -0.6118981063365936 -2.7592576265335085 10.292792892456054 -11.604580152671755 -0.8755725190839694 -3.3511450381679397 389.28000000000003 -40.56 220.92000000000002 4.701317917998555 1.445114528203733 7.141585131883287
19.593 -0.5931036233901977 -2.7787105083465575 10.33110008239746 -12.52442748091603 -1.3137404580152672 -3.568702290076336 389.64 -40.2 220.68 4.704291722191707 1.4550128966814255 7.15582060909482
19.608 -0.6047155022621155 -2.811570930480957 10.312185859680175 -13.635114503816794 -1.5870229007633587 -3.817557251908397 389.82000000000005 -40.5 220.38000000000002 4.700500401411347 1.4644862078120984 7.170667006122224
19.638 -0.589452463388443 -2.875675678253174 10.319069194793702 -14.58854961832061 -1.8244274809160306 -4.001526717557252 389.70000000000005 -40.739999999999995 219.18 4.700978737061446 1.4726750393011807 7.180683780642555
19.668 -0.6003460824489594 -2.9281685590744018 10.304644107818604 -15.831297709923664 -2.2748091603053435 -4.356488549618321 389.7 -40.980000000000004 219.53999999999996 4.702538617231875 1.4795736337522065 7.194655241212862
19.669 -0.5980715930461884 -3.0126240253448486 10.317572784423827 -16.9618320610687 -2.7183206106870226 -4.766412213740458 389.58000000000004 -40.62 219.17999999999998 4.709179246037054 1.4850025317337856 7.212151314703876
19.698 -0.5850231915712356 -3.141491913795471 10.290099334716796 -18.580152671755723 -3.146564885496183 -4.986259541984732 389.82000000000005 -40.26 217.5 4.715941726657721 1.4890302381200364 7.2321992640580675
19.713 -0.5735310226678848 -3.153522777557373 10.301830959320068 -20.91374045801527 -3.521374045801527 -5.266412213740457 390.06000000000006 -40.379999999999995 216.66 4.723560796259799 1.4927198186602342 7.25237629886396
19.728 -0.5426458209753037 -3.2805351495742796 10.245986270904542 -22.967175572519086 -3.9595419847328244 -5.584732824427482 390.18 -40.49999999999999 216.3 4.730700757220972 1.495445087440968 7.2660382678626645
19.758 -0.5300762623548507 -3.3924042224884032 10.181103324890136 -25.747328244274808 -4.416793893129771 -5.858015267175572 390.36 -41.160000000000004 215.4 4.737847749502197 1.495796141247793 7.278963855181635
19.773 -0.5167285859584808 -3.4765005588531492 10.1386061668396 -28.80992366412214 -4.61297709923664 -6.210687022900763 390.47999999999996 -42.36 214.32 4.745474315645704 1.4901432069737008 7.290472300233415
19.788 -0.5001487374305725 -3.673902487754822 10.022667026519775 -31.745801526717553 -4.818320610687023 -6.335114503816794 390.78 -42.9 212.7 4.752588633975175 1.4808620981752525 7.304031373193949
19.818 -0.48686091899871825 -3.795887064933777 9.936236381530762 -35.181679389312976 -5.02442748091603 -6.409160305343512 391.19999999999993 -42.96 211.2 4.764324165846807 1.4719181128639716 7.310940650627195
19.833 -0.4814141094684601 -3.869508743286133 9.82514533996582 -38.13816793893129 -5.145801526717557 -6.573282442748092 391.26 -42.9 209.7 4.771086646467474 1.4642587718332778 7.323237665488611
19.848 -0.4206013850867748 -4.0584711074829105 9.714952182769775 -39.576335877862604 -5.308396946564885 -6.669465648854962 391.86 -43.019999999999996 207.3 4.776293672086342 1.4578898328385699 7.326692232030676
19.878 -0.40773254856467245 -4.250126957893372 9.542689418792724 -41.45648854961833 -5.849618320610687 -6.855725190839695 392.52 -43.559999999999995 205.32 4.7761718605798915 1.4532552952364264 7.32273071160084
19.893 -0.37720647677779195 -4.343081831932068 9.452847003936768 -43.3381679389313 -6.179389312977099 -7.092366412213741 392.28 -44.279999999999994 204.48 4.775319743269288 1.4488747051694755 7.3123240787246955
19.908 -0.3080739013850689 -4.461175847053528 9.380961036682129 -44.286259541984734 -6.483206106870229 -7.172519083969466 392.4599999999999 -45.059999999999995 202.73999999999998 4.7736129669812835 1.4453618974863076 7.299552376166487
19.937 -0.2771886982023716 -4.561612629890442 9.286150646209716 -45.36717557251908 -6.867175572519083 -7.213740458015266 392.52 -45.48 200.4 4.768757278930412 1.4422830828703221 7.268821820220703
19.954 -0.21009119749069213 -4.772541809082031 9.146748256683349 -46.05496183206106 -7.122900763358777 -7.397709923664121 393.06 -45.89999999999999 198.3 4.761850306698028 1.4399051169363584 7.236311674588384
19.968 -0.18046295195817946 -4.882016706466675 9.043797588348388 -46.54503816793893 -7.477862595419848 -7.473282442748091 393.06 -46.019999999999996 196.14000000000004 4.755303656608914 1.4380556027053566 7.204875979220658
19.998 -0.16514006108045579 -4.988079833984375 8.943001651763916 -46.44656488549619 -7.807633587786261 -7.730534351145037 393.00000000000006 -45.959999999999994 194.64000000000004 4.749745186506142 1.4367312503860707 7.16608405941584
20.013 -0.09804255664348602 -5.138316011428833 8.88081226348877 -46.20610687022901 -8.095419847328245 -8.086259541984733 392.52000000000004 -46.08 193.32 4.744910178309503 1.4357600615478574 7.123809086660508
20.028 -0.03226186633110047 -5.237316274642945 8.859803199768066 -46.75190839694656 -8.374045801526716 -8.353435114503817 392.76000000000005 -46.68 191.76000000000002 4.739586421184749 1.4348770252542173 7.078267863972004
20.058 -0.01957259699702263 -5.246713542938233 8.809943962097169 -47.94961832061069 -8.758015267175573 -8.570992366412215 392.46000000000004 -47.339999999999996 190.26 4.73461996172216 1.4341705969408696 7.041295872960825
20.073 0.04531026855111122 -5.140710258483887 8.886558437347412 -48.39770992366412 -8.709160305343513 -8.790839694656487 392.70000000000005 -47.82 188.34 4.728101144423432 1.4336412711214774 6.999703201187731
20.088 0.09343372359871864 -5.363969564437866 8.834125423431397 -47.757251908396945 -8.835114503816794 -9.011450381679388 392.94 -48.06 186.42000000000002 4.721712445463267 1.4330226624715015 6.948971725184881
20.118 0.1197100855410099 -5.639123153686524 8.673773765563965 -48.993893129770996 -9.173282442748091 -9.33969465648855 393.36 -48.0 184.32 4.714485787496707 1.432934289928255 6.892158378352758
20.133 0.1543661557137966 -5.58321852684021 8.637262153625489 -51.283206106870225 -9.219847328244274 -9.658778625954197 393.24 -48.24 182.64000000000001 4.710527336702348 1.4328458338912191 6.86596262362593
20.148 0.2210446700453758 -5.68042311668396 8.623615264892578 -51.58625954198474 -8.982442748091604 -9.72213740458015 392.76 -48.84 180.72 4.707776448449653 1.4331110348932437 6.8489012935536495
20.178 0.2932298511266708 -5.689161920547486 8.592610359191895 -52.98015267175573 -9.177099236641222 -9.90916030534351 392.64 -49.32 178.68 4.704784418532855 1.4324032735634824 6.832190330891659
20.193 0.3606864809989929 -5.678627443313599 8.593987083435058 -53.939694656488555 -9.27557251908397 -10.134351145038169 391.86 -50.339999999999996 176.45999999999998 4.7023935020292 1.432668641735578 6.818683454753987
20.208 0.3904344365000725 -5.864896297454834 8.475055122375489 -54.1412213740458 -9.341984732824429 -10.355725190839696 392.09999999999997 -50.699999999999996 173.33999999999997 4.6990462056724445 1.4321374849926005 6.810359935726427
20.238 0.3838503822684288 -6.136698055267334 8.177395963668824 -54.62900763358779 -9.803053435114503 -10.580152671755727 391.79999999999995 -51.11999999999999 171.0 4.695578801944594 1.4317834928815334 6.807067404591697
20.253 0.4408323854207993 -6.376058340072632 8.041285610198974 -55.65877862595421 -9.377099236641222 -10.862595419847327 391.44 -51.59999999999999 168.71999999999997 4.691272334946865 1.4315181247094375 6.790448757833451
20.268 0.4804564267396927 -6.755539274215698 7.7257297992706295 -57.73206106870229 -9.54885496183206 -10.961068702290074 390.48 -52.31999999999999 166.44 4.68960085218274 1.4310762616906163 6.78891600977469
20.298 0.519960755109787 -6.7037646770477295 7.606139421463013 -60.587786259541986 -9.440458015267176 -11.094656488549617 389.28000000000003 -52.2 163.44 4.688169535250169 1.4306335609846745 6.797286822373479
20.313 0.5231929272413254 -6.825509834289551 7.398861408233643 -61.023664122137404 -9.49236641221374 -11.16412213740458 388.08000000000004 -52.8 161.76 4.687811878941221 1.4297482981094238 6.82136026099594
20.328 0.5181052476167679 -7.2635290145874025 7.116944169998169 -60.56946564885495 -9.607633587786259 -11.235114503816792 387.12 -53.760000000000005 159.35999999999996 4.687096680989468 1.4290396383476778 6.827785719441801
20.358 0.5460575550794602 -7.284119129180908 6.980474662780762 -62.83893129770992 -9.960305343511449 -11.529770992366412 386.15999999999997 -53.64 156.83999999999997 4.68626348703567 1.4277111064699621 6.818811389634249
20.373 0.6397306948900223 -7.481880187988281 6.874471426010132 -63.48473282442749 -9.593129770992366 -11.841221374045803 384.96000000000004 -53.999999999999986 154.92 4.685192237315989 1.4274452323812263 6.803888581060017
20.388 0.6833650201559067 -7.611466360092163 6.662105703353882 -65.95496183206107 -9.792366412213738 -12.043511450381683 384.6 -53.75999999999999 152.76 4.684715897620394 1.4266483698197594 6.78443653323396
20.418 0.7273584753274918 -7.636725187301636 6.47302360534668 -68.32748091603054 -9.683969465648854 -12.181679389312979 383.34000000000003 -54.3 150.54 4.684715897620395 1.426471092146264 6.769801286288219
20.433 0.8033743798732758 -7.648396921157837 6.377076005935669 -69.37251908396946 -9.400763358778624 -12.345038167938933 381.72 -54.96 147.96 4.685549893624937 1.4258505202914553 6.757981584305448
20.448 0.886872160434723 -7.726268339157104 6.199545955657959 -69.2503816793893 -9.61526717557252 -12.554961832061071 380.82000000000005 -55.260000000000005 145.50000000000003 4.68674112596338 1.4249641294428654 6.755426782447198
20.478 0.9497199475765228 -7.70938925743103 6.0618195056915285 -69.43664122137405 -9.790839694656489 -12.85801526717557 379.74 -55.379999999999995 142.62 4.687337219909445 1.4239007985671739 6.740240852505039
20.493 1.0297461330890656 -7.84729528427124 5.895422506332397 -69.5030534351145 -9.772519083969467 -12.933587786259542 378.78000000000003 -56.339999999999996 140.1 4.688052188264721 1.42354612968238 6.72723323804136
20.508 1.0899603128433228 -7.851784420013428 5.741535186767578 -70.68473282442747 -9.961832061068701 -12.874809160305343 377.34000000000003 -56.7 137.09999999999997 4.689006705602972 1.4232800001329768 6.713612025067779
20.538 1.188242292404175 -7.837838268280029 5.574898719787598 -71.09465648854962 -9.73740458015267 -12.963358778625954 376.08000000000004 -56.160000000000004 134.28 4.690080020113396 1.4232800001329768 6.701500949489113
20.553 1.2577938556671142 -7.952281141281128 5.333802604675293 -70.64427480916031 -9.51145038167939 -12.860305343511447 374.15999999999997 -56.52 131.76 4.692704954118056 1.423280000132977 6.690694011982657
20.568 1.2345700979232788 -8.182842779159547 4.875432682037354 -70.07862595419847 -9.841221374045801 -12.536641221374046 372.84000000000003 -56.879999999999995 128.76 4.696287882135472 1.4229251036737585 6.680607827116866
20.597 1.3166912198066711 -8.221329545974731 4.6720452308654785 -69.40610687022901 -9.324427480916032 -12.283206106870228 370.91999999999996 -57.48 126.11999999999998 4.699515110083761 1.4229251036737585 6.671065979968674
20.613 1.3994707465171814 -8.325178098678588 4.456387519836426 -68.01068702290075 -9.705343511450382 -12.155725190839693 369.0 -57.839999999999996 123.0 4.70322284556165 1.4229251036737585 6.657208414940081
20.628 1.4415488362312316 -8.583512449264527 4.121199262142182 -67.36564885496182 -9.760305343511451 -12.0793893129771 367.38 -58.14000000000001 120.42 4.705376057456557 1.4231912332231613 6.637672738379767
20.658 1.4208988428115845 -8.724710512161256 3.7413591623306273 -68.83664122137404 -9.606106870229008 -11.631297709923663 364.98 -58.14 117.66 4.701577475996583 1.4258420615699798 6.618069057122364
20.673 1.4590265154838562 -9.009919786453247 3.3594839692115785 -67.96412213740457 -8.875572519083969 -11.093129770992366 363.06 -58.260000000000005 115.38 4.702772545239734 1.4268169364086354 6.604308835387458
20.688 1.4556746363639832 -9.127654695510865 2.9710845828056334 -67.49007633587786 -8.819083969465648 -10.720610687022901 361.62 -58.739999999999995 113.1 4.705045747707687 1.4276143059993711 6.587939354211512
20.718 1.5625757455825806 -9.160934114456177 2.8169578671455384 -66.02824427480915 -8.007633587786259 -10.63435114503817 359.76000000000005 -59.160000000000004 110.64000000000001 4.709371777399104 1.4277030443374752 6.564740125050202
20.734 1.6312893390655518 -9.115144968032837 2.683959972858429 -65.67709923664121 -7.718320610687025 -10.355725190839694 357.78000000000003 -59.580000000000005 108.3 4.715270591872549 1.4274368292605657 6.5520180245725665
20.747 1.6380529522895813 -9.150040435791016 2.4480712532997133 -65.27404580152671 -7.693893129770994 -10.058778625954199 355.91999999999996 -59.999999999999986 106.31999999999998 4.722525632113953 1.427348033716277 6.546130711345095
20.778 1.7088614702224731 -9.12544002532959 2.31950261592865 -64.38167938931299 -7.337404580152672 -10.129770992366414 353.76 -59.519999999999996 104.52000000000001 4.730777849630961 1.4276142487931867 6.5414933101073505
20.792 1.7753005743026733 -9.185833740234376 2.094208240509033 -62.94045801526719 -7.335114503816794 -10.24885496183206 351.78000000000003 -59.82000000000001 102.3 4.7396471333009735 1.4275255674108775 6.541693681545833
20.808 1.7781736135482789 -9.236052131652832 1.8510770440101623 -61.74503816793894 -7.12824427480916 -10.080152671755725 349.56 -59.64 101.03999999999999 4.748528130014401 1.4274368860285687 6.545713633661056
20.838 1.8238430142402648 -9.107184219360352 1.7863138914108276 -60.72442748091603 -6.844274809160305 -9.70381679389313 348.0 -60.0 99.96 4.758622536068823 1.4269931940250613 6.547720185392336
20.853 1.9079992055892945 -8.97466516494751 1.7403452157974244 -58.608396946564895 -6.891603053435114 -9.565648854961832 346.26 -60.419999999999995 98.22 4.775042985086811 1.4241647458922657 6.548524167915206
20.868 1.9397822260856628 -8.870876502990722 1.7052701592445374 -56.836641221374045 -7.08854961832061 -9.615267175572521 343.79999999999995 -60.96 96.47999999999999 4.7874588715079325 1.4232786379634257 6.5481214927804645
20.898 1.94582759141922 -9.039128971099853 1.4690223038196564 -55.351908396946556 -7.162595419847328 -9.653435114503818 340.97999999999996 -60.65999999999999 94.85999999999999 4.7991636099251105 1.421503564799032 6.552143722471932
20.913 1.9418172955513 -9.163507747650147 1.1680112957954407 -54.86717557251909 -7.144274809160305 -9.518320610687024 338.82 -60.779999999999994 93.41999999999999 4.808714542886887 1.4205258612253742 6.552342521895956
20.928 1.9293075919151306 -9.287108421325684 0.8910021588206292 -53.85114503816794 -7.170229007633589 -9.453435114503817 337.0199999999999 -61.260000000000005 92.1 4.817557226205436 1.4196366067933952 6.549731786060749
20.958 1.940201210975647 -9.39101676940918 0.6722319684922695 -52.8175572519084 -6.848854961832062 -9.52442748091603 335.58 -61.14 90.77999999999999 4.824709078311182 1.4186579478148151 6.54892734803442
20.973 1.9348741173744202 -9.477327728271485 0.4684255562722683 -52.38625954198473 -6.609923664122138 -9.33206106870229 333.84 -61.31999999999999 90.47999999999999 4.830273757547175 1.4176805613115826 6.549729513473643
20.988 1.87017080783844 -9.676166248321532 0.10438718423247337 -52.27251908396946 -6.191603053435114 -9.02442748091603 332.04 -61.31999999999999 89.75999999999998 4.835724892815735 1.4166141479089351 6.549328883673352
21.018 1.9410391688346862 -9.65671329498291 -0.07386112585663795 -52.86335877862596 -5.182442748091602 -8.949618320610686 330.6 -61.08 89.03999999999998 4.841558571590337 1.41536959302254 6.5429186404791295
21.033 1.9792266845703126 -9.759544277191162 -0.35224693194031714 -51.53282442748092 -5.102290076335877 -9.082442748091603 328.68 -61.32000000000001 87.35999999999999 4.847274909924858 1.4143909340439598 6.5328018963889125
21.048 1.975156545639038 -9.885000419616699 -0.7137115396559238 -50.23053435114504 -5.074809160305343 -9.185496183206107 326.52000000000004 -60.96 86.28 4.851122602364664 1.4134119551930238 6.522880769633915
21.078 2.0629040479660032 -9.74015121459961 -0.8638878382742405 -50.28549618320611 -4.100763358778626 -9.203053435114503 325.08000000000004 -61.08 85.32000000000001 4.853856453827924 1.412166589646295 6.507908389672281
21.094 2.103964602947235 -9.739433002471923 -1.06099049821496 -48.38931297709923 -3.6374045801526718 -9.085496183206107 323.58000000000004 -60.9 85.14000000000001 4.856592163825112 1.4117210157554596 6.474356207428011
21.108 2.094866633415222 -9.69442195892334 -1.305797628313303 -47.0412213740458 -3.6717557251908395 -9.04732824427481 321.84000000000003 -60.59999999999999 84.47999999999999 4.858707195549771 1.4117210157554596 6.443160241060909
21.138 2.1424513816833497 -9.641629791259765 -1.4743494234979153 -45.303053435114506 -2.8954198473282444 -9.012213740458014 320.1 -60.42 84.3 4.861076700751147 1.4116319303779528 6.398130350107744
21.153 2.1601086139678953 -9.710822200775146 -1.696232056617737 -42.28931297709924 -2.5885496183206103 -8.79618320610687 318.6 -60.36 83.88000000000001 4.8619493755444 1.411988213474499 6.344548030774948
21.168 2.2051196098327637 -9.59721736907959 -1.9203293323516846 -40.342748091603056 -2.545038167938931 -8.605343511450382 316.68 -60.11999999999999 82.56 4.861078186083449 1.412166179909758 6.301678381650466
21.198 2.302922761440277 -9.470145130157471 -1.914882516860962 -37.012213740458016 -2.1885496183206103 -8.488549618320612 315.12 -59.75999999999999 81.48 4.861827855513954 1.4126999054473388 6.257153643251346
21.213 2.258869457244873 -9.523595714569092 -2.120005738735199 -33.44351145038168 -2.6618320610687016 -8.218320610687025 313.32000000000005 -60.36 80.88 4.860953091434894 1.4133228906427373 6.201266160477977
21.228 2.2376209259033204 -9.462663269042968 -2.251387560367584 -31.409160305343512 -2.499236641221374 -7.897709923664122 312.06000000000006 -59.82000000000001 80.58000000000001 4.858456744494367 1.414123872377449 6.153591168147737
21.258 2.276047873497009 -9.398259258270263 -2.2114642381668093 -28.990076335877866 -1.7587786259541982 -7.635877862595422 311.22 -60.05999999999999 80.94000000000001 4.858956182359227 1.414480272688624 6.108809371478584
21.273 2.229121518135071 -9.510906505584718 -2.3523630023002626 -25.759541984732827 -2.0793893129770993 -7.206106870229009 310.2 -59.15999999999999 81.24000000000001 4.858956182359227 1.415725638235353 6.0670166118394375
21.288 2.2191257238388062 -9.396583366394044 -2.4255058646202086 -24.15419847328244 -2.129007633587786 -6.839694656488551 309.12 -59.39999999999999 81.11999999999999 4.859330824748924 1.4166160558378393 6.050661399470261
21.318 2.300648295879364 -9.352230834960938 -2.376424729824066 -21.821374045801527 -1.1076335877862595 -6.472519083969466 308.4599999999999 -59.220000000000006 81.05999999999999 4.859830262613783 1.4172386343776 6.044167340216605
21.332 2.3330897450447083 -9.394847679138184 -2.4802133679389953 -19.37251908396947 -1.3511450381679388 -5.980916030534351 307.67999999999995 -59.04 80.87999999999998 4.859830262613782 1.4177727088598937 6.042936456182955
21.348 2.3484724879264833 -9.324996852874756 -2.599743902683258 -17.970992366412215 -1.4557251908396944 -5.609923664122138 306.53999999999996 -59.1 80.7 4.860454880235654 1.417950675295153 6.055409960990367
21.378 2.4126370787620544 -9.230006885528564 -2.467823398113251 -15.96030534351145 -0.48320610687022897 -5.3816793893129775 305.93999999999994 -59.58 80.58 4.862699290788475 1.418395084741928 6.057550495839824
21.393 2.357510578632355 -9.26807460784912 -2.600941026210785 -14.093129770992366 -0.7251908396946566 -4.977099236641221 305.46 -60.06 81.05999999999999 4.862199340256871 1.4181283525390214 6.042858620476871
21.408 2.401623749732971 -9.225098705291748 -2.653852903842926 -12.487786259541984 -0.17938931297709942 -4.677099236641221 305.34 -60.06 81.05999999999999 4.860207706568469 1.418572474062924 6.050567761810356
21.438 2.4932618141174316 -9.186611938476563 -2.6284743666648867 -10.269465648854961 0.46183206106870234 -4.338931297709924 304.97999999999996 -60.06 81.29999999999998 4.860581073314212 1.4192824963081985 6.05245214818724
21.453 2.495596146583557 -9.143935298919677 -2.7150247573852537 -8.359541984732823 0.30381679389312977 -3.7763358778625955 304.43999999999994 -60.11999999999999 81.0 4.859333756131262 1.420969085482526 6.05574222368281
21.483 2.489790201187134 -9.158001232147218 -2.803729939460754 -6.302290076335877 0.6129770992366413 -3.3702290076335872 304.08 -60.71999999999999 81.12 4.859458509001549 1.4216781974170587 6.067591064242449
21.498 2.6289531707763674 -9.071031856536866 -2.6955718755722047 -3.8893129770992365 1.3847328244274808 -3.0809160305343513 304.14 -60.3 80.58000000000001 4.8590838666118525 1.4227428907957698 6.067942481962736
21.513 2.544976544380188 -9.071391010284424 -2.793375015258789 -1.2114503816793893 0.7267175572519083 -2.6099236641221375 303.96 -60.6 80.4 4.858709224222155 1.4234526847144608 6.060164433484223
21.528 2.5538949251174925 -9.027337646484375 -2.7289111375808717 1.3648854961832062 1.217557251908397 -2.2717557251908396 303.53999999999996 -60.89999999999999 80.46 4.8575849117976455 1.424606288806277 6.061219213422577
21.558 2.6047717094421388 -8.926721382141114 -2.5913642406463624 4.044274809160305 1.549618320610687 -1.7786259541984735 304.02 -61.019999999999996 80.58 4.8564613677706205 1.4258488325619652 6.055718638719754
21.573 2.4987684369087217 -9.118137741088868 -2.7752987861633303 8.037404580152671 0.6312977099236642 -1.031297709923664 304.26 -60.539999999999985 80.81999999999998 4.854963563893823 1.4265583986542087 6.058593057094699
21.588 2.5094824910163878 -9.141241836547852 -2.7661409616470336 10.472519083969466 1.0229007633587786 -0.5099236641221374 304.38 -60.89999999999999 80.57999999999998 4.8539657105486285 1.4272691088931926 6.0798767434477075
21.618 2.5415647864341735 -9.039009380340577 -2.5904065489768984 12.719847328244274 1.550381679389313 -0.025954198473282442 304.67999999999995 -60.959999999999994 80.52 4.855084669443778 1.4278011125313315 6.095820420508337
21.633 2.486976993083954 -9.047927761077881 -2.5261820912361146 15.510687022900765 1.4404580152671755 0.5610687022900763 304.62 -60.660000000000004 80.46 4.855209209790738 1.4287744397851572 6.120727844354278
21.648 2.4607006430625917 -9.156205558776856 -2.4924238562583922 18.45267175572519 1.6450381679389312 0.9664122137404579 305.82 -60.419999999999995 80.82 4.854462857044704 1.4287744397851572 6.140588163989317
21.678 2.473090636730194 -9.111852931976319 -2.353440451622009 20.399236641221375 2.0580152671755725 1.3900763358778625 306.12 -60.0 80.63999999999999 4.852223791641853 1.4282427760177188 6.1593303446765955
21.723 2.396895182132721 -9.119873428344727 -2.2841881632804872 22.75190839694657 2.0404580152671756 1.9091603053435116 306.96 -60.239999999999995 81.47999999999999 4.849611989398004 1.4280656113858083 6.181270520271515
21.738 2.414312994480133 -9.156983566284179 -2.1443069219589233 25.929007633587787 2.3580152671755723 2.3587786259541983 307.56 -60.0 81.84 4.846133711830466 1.427799652330004 6.202901312266436
21.739 2.3730130314826967 -9.201156616210938 -2.0871453642845155 28.27022900763359 2.403053435114504 2.8175572519083967 309.23999999999995 -60.120000000000005 81.6 4.841793944702925 1.4270015180210907 6.2231930017341295
21.753 2.334885370731354 -9.293991756439208 -2.025255250930786 30.003053435114502 2.8984732824427484 3.1221374045801524 310.2 -59.64 81.96000000000001 4.836964729108935 1.426380946166282 6.2474228026939915
21.767 2.359306216239929 -9.255983829498291 -1.841021430492401 31.147328244274803 3.6725190839694655 3.3587786259541987 311.52 -60.120000000000005 82.08 4.832138776212935 1.4261150720775464 6.265748742746448
21.798 2.344282603263855 -9.257659721374512 -1.6989255547523499 33.30916030534352 3.9755725190839697 3.6450381679389308 312.71999999999997 -59.760000000000005 82.44 4.8265759741896765 1.4258487712853376 6.288016851429264
21.813 2.3251888513565064 -9.298899841308593 -1.5755044549703598 35.511450381679396 4.132824427480915 3.9473282442748086 314.1 -59.94 83.22 4.820769841500073 1.4254055059853032 6.313370505935182
21.828 2.305735945701599 -9.27777099609375 -1.4056358337402344 37.261068702290075 4.477862595419847 4.210687022900762 315.9 -60.05999999999999 84.05999999999999 4.814839168463509 1.42398862927436 6.329977223762186
21.858 2.2792800068855286 -9.259634876251221 -1.255878508090973 39.106106870229006 4.6 4.551145038167939 316.91999999999996 -60.35999999999999 83.64 4.807945534651688 1.4233684535026796 6.3481039410233295
21.873 2.273833191394806 -9.25580415725708 -1.0851719211786985 41.36412213740458 4.748091603053435 4.859541984732825 318.9 -60.54 84.3 4.800579221877855 1.4232797436736897 6.365532910652941
21.888 2.2089503169059754 -9.381619548797607 -1.0017938446253538 43.35801526717557 5.035114503816795 5.150381679389314 320.34000000000003 -60.54 84.05999999999999 4.792610979135512 1.4230137846178854 6.383374077408206
21.918 2.198056709766388 -9.377309989929199 -0.8578424673527479 44.05343511450381 5.767938931297709 5.351908396946565 322.14 -60.54 84.53999999999999 4.783694624657477 1.4231024660001945 6.402666941791058
21.933 2.190933954715729 -9.346185302734375 -0.6563105385750532 45.54274809160306 6.1694656488549615 5.653435114503817 323.7 -60.05999999999999 85.62 4.7756480354518445 1.423457476621393 6.426781792847924
21.948 2.152387320995331 -9.350315284729003 -0.4860229458659887 47.461832061068705 6.421374045801526 6.041984732824427 325.38 -60.42 86.22 4.767858199519302 1.4239894802595319 6.446958532412621
21.977 2.1407155871391295 -9.293033981323243 -0.27228058837354185 48.62519083969466 6.954198473282443 6.319847328244275 327.47999999999996 -60.36 86.52000000000001 4.76091699880701 1.425051460511256 6.46012018924335
21.993 2.1005528450012205 -9.320088481903076 -0.07278372906148434 50.516030534351145 7.26030534351145 6.758015267175573 329.2799999999999 -59.879999999999995 87.72 4.754712647221979 1.4257610266034995 6.46688846561659
22.008 2.034951722621918 -9.338643550872803 0.06057330407202244 52.225190839694655 7.329770992366413 7.177862595419848 331.08 -59.4 88.56 4.74839393616054 1.4260270708126968 6.46167013750014
22.038 1.9907787084579467 -9.363842487335205 0.20596120692789555 53.3679389312977 7.882442748091604 7.557251908396947 333.12 -59.519999999999996 89.03999999999999 4.742075225099102 1.4265592449454108 6.4608981191805865
22.053 1.9790471196174622 -9.302969932556152 0.4617816600948572 54.397709923664124 8.693893129770993 7.883969465648855 335.46 -59.580000000000005 90.53999999999999 4.737590367905914 1.4266479263277196 6.462256932771612
22.068 1.9422961354255677 -9.266218948364259 0.6521805509924888 55.90610687022901 8.996946564885496 8.222137404580153 337.68 -59.879999999999995 91.44 4.734443521664592 1.4268253175390186 6.461080954740865
22.097 1.9207483172416686 -9.221207904815675 0.8787318810820579 57.653435114503814 9.265648854961832 8.509160305343512 339.66 -59.81999999999999 92.94 4.732267084702739 1.42647030691782 6.457362138775484
22.114 1.8927361488342285 -9.14668836593628 1.146224059164524 59.264885496183204 9.378625954198473 8.799236641221375 341.82000000000005 -60.17999999999999 94.38 4.731182595934614 1.4258489376704442 6.4484445727925985
22.128 1.8526931285858155 -9.088329696655274 1.3698424890637397 60.88625954198473 9.542748091603054 9.052671755725191 343.74000000000007 -60.539999999999985 95.82000000000001 4.73021907716499 1.4254939270492462 6.428456461866172
22.158 1.8149844527244567 -9.041642761230468 1.6304513335227966 62.62824427480916 9.780916030534353 9.345038167938931 346.14 -60.65999999999999 96.78 4.7293769583013745 1.425493927049246 6.411690538399277
22.173 1.7353772521018982 -9.091621780395508 1.8100164592266084 64.53053435114504 9.91145038167939 9.753435114503816 348.36 -60.6 98.76 4.728172559385984 1.4244319467975213 6.390266351723502
22.189 1.6874932169914245 -9.022309684753418 2.0181922912597656 65.82290076335877 10.170229007633587 10.013740458015267 351.12 -60.96 99.72 4.726968160470593 1.4242547257066842 6.374048443088364
22.218 1.6639701843261718 -8.999684524536132 2.2931663513183596 67.69160305343512 10.798473282442748 10.261068702290078 353.58 -61.019999999999996 100.61999999999999 4.726486558201191 1.4238111762495669 6.367396548055259
22.233 1.5969325423240661 -8.986995315551757 2.5122358083724974 69.04732824427481 10.982442748091604 10.427480916030536 355.43999999999994 -60.96 102.72 4.726245678659905 1.423279002116853 6.359767657563827
22.248 1.5230714201927185 -8.947191715240479 2.7718869924545286 70.4908396946565 11.254961832061067 10.627480916030535 358.2 -60.839999999999996 104.75999999999999 4.726366177311029 1.4234562797903485 6.350932382793628
22.278 1.4562133312225343 -8.937255764007569 3.02992205619812 71.40305343511451 11.505343511450382 10.86564885496183 361.38 -60.17999999999999 106.85999999999999 4.7258844181680075 1.4260159404698391 6.340900970833973
22.293 1.3897143840789794 -8.797494268417358 3.305434799194336 71.48778625954199 11.990839694656488 11.061832061068703 363.54 -59.7 108.9 4.7280608551298595 1.4283154791820039 6.337992405044398
22.308 1.3270461559295654 -8.78330855369568 3.559818744659424 72.84961832061069 12.648091603053436 11.252671755725192 366.0 -58.79999999999999 111.12 4.731931372598698 1.4317599980788787 6.3406827397899
22.338 1.2552799582481384 -8.704419660568238 3.801513433456421 73.6916030534351 13.063358778625954 11.49083969465649 368.1 -58.14 113.82000000000001 4.740325688545014 1.4342356517916064 6.353555730216513
22.354 1.1916540443897248 -8.644923734664918 4.062960290908814 74.34885496183206 13.314503816793893 11.614503816793894 370.14 -57.78000000000001 117.17999999999999 4.749573228748423 1.4361777464293382 6.3671417338202145
22.368 1.1371261060237885 -8.430522966384888 4.385818386077881 74.41908396946565 13.567175572519085 11.433587786259542 372.53999999999996 -57.42 119.7 4.759320427803431 1.4382097081385585 6.3957370020357525
22.398 1.0831368565559387 -8.299380540847778 4.716218209266662 75.73969465648854 13.948854961832064 11.425954198473281 374.7 -56.7 122.58000000000001 4.7693146487360405 1.4399769018493171 6.425080788656106
22.413 0.9491214126348495 -8.143458127975464 4.972876644134521 76.9557251908397 13.8 11.593893129770994 376.38 -56.339999999999996 126.05999999999999 4.7796865876173396 1.44148209574383 6.453083556600871
22.428 0.9083002716302871 -8.076300764083863 5.216606378555298 79.05877862595419 14.047328244274809 11.506870229007633 378.6 -55.67999999999999 128.76 4.790313183459071 1.4429872896383427 6.482171028253755
22.458 0.8373121917247772 -8.066544389724731 5.450280475616455 79.71603053435113 14.265648854961833 11.34732824427481 380.52 -55.080000000000005 132.23999999999998 4.800206803543533 1.4436952748400982 6.506510682538703
22.473 0.7171232670545578 -7.720043563842774 5.797739028930664 78.97709923664122 14.22290076335878 11.216793893129772 381.42 -54.779999999999994 135.66 4.811077730031321 1.4415785965457366 6.537914282111098
22.488 0.7133523970842361 -7.699872398376465 6.112516736984253 80.53740458015268 14.722900763358783 11.169465648854962 383.64 -54.6 139.2 4.820163033895197 1.4402542442264508 6.5687637144343345
22.518 0.604715496301651 -7.588003349304199 6.2363568305969235 79.28091603053436 13.993129770992368 11.256488549618322 385.08000000000004 -54.48 142.56 4.828774464504528 1.4375197475748505 6.602323716290639
22.533 0.5240308970212937 -7.371747064590454 6.549817657470703 78.73587786259543 14.116030534351145 11.185496183206107 386.94 -54.06 145.26 4.832857943700093 1.4355764388635286 6.638547728742192
22.548 0.4554370179772377 -7.331344938278198 6.72986159324646 79.3297709923664 14.252671755725192 11.141221374045802 388.38 -52.86 147.9 4.83669782549873 1.433634344225797 6.6712700902615625
22.578 0.3782838679850101 -7.282503223419189 6.82497124671936 79.48702290076335 13.889312977099237 11.205343511450382 389.1 -52.14 151.38 4.839797638620447 1.4318682566053125 6.699310336977236
22.593 0.2966415920527652 -7.184939527511597 7.051462697982788 78.70839694656487 13.925954198473283 11.020610687022899 390.06000000000006 -52.14 154.73999999999998 4.842650429864559 1.4313392589907885 6.723407002514541
22.608 0.2385822006734088 -7.105332326889038 7.216064071655273 76.71603053435116 13.865648854961833 10.625954198473282 391.14 -51.54 158.45999999999998 4.845134060135591 1.4308089399349313 6.7467748773941905
22.638 0.18489222761709243 -6.711665678024292 7.5495165348052975 74.03358778625953 14.184732824427481 10.39236641221374 391.73999999999995 -51.06 161.57999999999998 4.8467486896439125 1.4300130848050427 6.76961192048923
22.653 0.14484920327086 -6.498102855682373 7.753023624420166 73.2854961832061 13.961832061068701 10.208396946564886 391.8 -49.8 164.27999999999997 4.849233163047469 1.4289504307184937 6.79465044700814
22.668 0.06518214468378573 -6.490860366821289 7.830116939544678 72.92824427480916 13.565648854961832 10.058778625954197 392.34 -48.9 167.1 4.852846097626685 1.4338656002237193 6.808636746310624
22.698 -0.03076548862736672 -6.227677726745606 8.017702579498291 71.41526717557252 13.205343511450383 9.942748091603052 392.64 -48.120000000000005 170.16 4.858104681518397 1.444642003966671 6.81845999270363
22.713 -0.03232171970885247 -5.9621607780456545 8.341518306732178 71.17633587786261 13.508396946564886 9.60534351145038 393.05999999999995 -47.34000000000001 173.09999999999997 4.8622356862245795 1.456714680909283 6.830753945679525
22.728 -0.11779471773188561 -5.994123363494873 8.355883502960205 70.89618320610688 12.896946564885496 9.251145038167937 393.41999999999996 -46.74000000000001 175.73999999999998 4.866491146501604 1.4686168411326408 6.835332634853534
22.76 -0.16585831630509346 -5.7394999980926515 8.583153104782104 69.16106870229007 12.64503816793893 8.934351145038168 393.53999999999996 -46.38000000000001 178.73999999999998 4.870749526885998 1.4796588651762277 6.844115766076891
22.773 -0.23241712066810577 -5.356846714019776 8.97801685333252 67.41755725190839 12.574045801526717 8.648854961832061 393.78 -46.02000000000001 181.98 4.874630162086023 1.4909571422032033 6.849821147369118
22.788 -0.24684218540787697 -5.241865158081055 9.128073501586915 65.85496183206106 12.208396946564886 8.32290076335878 393.96 -45.120000000000005 184.68 4.8787625838999364 1.5000826117816974 6.85993430348163
22.818 -0.29580361023545265 -5.026925706863404 9.292974090576172 63.68625954198474 11.609160305343512 8.099236641221374 394.44 -44.28 186.96 4.883276111327222 1.509572108697232 6.87368388661212
22.833 -0.38115690276026726 -5.012440824508667 9.364500808715821 62.05267175572519 10.983969465648856 7.974045801526718 394.92 -43.68 189.95999999999998 4.888037126832145 1.5177799226608097 6.88930469842347
22.848 -0.4249707948416471 -4.830301952362061 9.481098461151124 59.53893129770993 10.466412213740458 7.7824427480916025 395.22 -43.019999999999996 192.3 4.892299896006695 1.5262609839612489 6.906722204314974
22.878 -0.43400890938937664 -4.818271112442017 9.549512767791748 57.738931297709925 10.306106870229009 7.322900763358779 395.21999999999997 -42.42 194.57999999999998 4.895569759000784 1.5271302055283567 6.931551987263392
22.893 -0.5082890182733536 -4.720048999786377 9.633070468902588 54.038167938931295 9.640458015267175 6.71145038167939 395.34000000000003 -42.17999999999999 196.98 4.897086246297024 1.521093401213074 6.957125102141783
22.908 -0.5832275316119194 -4.640022802352905 9.69226713180542 50.46335877862595 9.182442748091603 6.2145038167938935 394.73999999999995 -41.82 198.9 4.899232744392006 1.5132438694218238 6.980469503959084
22.938 -0.5937021657824516 -4.291247487068176 9.89493637084961 46.82137404580153 8.98854961832061 5.8396946564885495 394.19999999999993 -41.16 201.23999999999998 4.901505902084146 1.5056521895589103 7.003813905776387
22.953 -0.6417657658457756 -4.231392455101013 9.946710968017578 44.33358778625954 8.525190839694655 5.196183206106871 394.19999999999993 -41.28 203.16000000000003 4.9035271861558005 1.4981315404590458 7.0255772284621
22.968 -0.6443395361304283 -4.316326761245728 9.910797882080079 40.72366412213741 8.01297709923664 4.569465648854962 394.08 -40.68 204.72 4.906306459000898 1.489653789693771 7.050534142382199
22.997 -0.7266402214765548 -3.85382684469223 10.07498025894165 36.18702290076335 7.12824427480916 4.087786259541985 393.65999999999997 -39.9 205.85999999999999 4.908580405349807 1.4822878713715804 7.071420502673914
23.013 -0.6855198085308075 -3.8336556792259215 10.131842613220215 34.79236641221374 7.094656488549619 3.6091603053435115 393.41999999999996 -39.78 207.42000000000002 4.910224122953458 1.4747380567560995 7.091885200675415
23.028 -0.6671443104743957 -3.8364688754081726 10.177212810516357 31.918320610687022 6.306870229007634 3.0832061068702297 393.17999999999995 -39.18 208.62000000000003 4.911867269846857 1.4683837692135835 7.109649740699661
23.058 -0.7239467412233352 -3.6333208441734315 10.203309631347656 27.972519083969466 5.788549618320611 2.470992366412214 392.88 -39.36 210.24 4.913510416740254 1.4619359458331005 7.127953066776594
23.073 -0.7292738407850266 -3.435619628429413 10.32948408126831 25.343511450381676 5.895419847328245 2.1358778625954202 392.4 -39.12 211.56000000000003 4.9146491650849224 1.4574763209434596 7.142364383361557
23.088 -0.781347730755806 -3.2503682732582093 10.368868637084962 23.94198473282443 5.568702290076336 1.6526717557251906 392.28 -38.76 212.16000000000003 4.9150292762402135 1.4546770049325102 7.157801664232357
23.118 -0.743998184800148 -3.3424852013587953 10.398616600036622 23.241984732824427 5.7687022900763365 0.9748091603053435 392.58 -38.22 213.42000000000002 4.9154093873955045 1.451692055877382 7.162041233243485
23.134 -0.7579444080591202 -3.3594241738319397 10.394127464294433 19.236641221374047 5.2221374045801525 0.3511450381679389 392.4 -38.16 213.84 4.913892373498628 1.4484432199543333 7.167467339555694
23.148 -0.7821258455514908 -3.091333436965942 10.443208599090577 15.040458015267177 4.784732824427481 -0.006870229007633744 391.86 -37.26 214.38000000000002 4.9150342990090765 1.4456296063403722 7.170550328350599
23.178 -0.755011510848999 -3.0374040365219117 10.47044267654419 13.484732824427482 4.702290076335878 -0.3312977099236643 392.28000000000003 -36.72 214.68 4.916686631742662 1.4432516404064084 7.1729288704923775
23.193 -0.7404068768024444 -3.2415695786476135 10.323977375030518 11.164885496183206 4.402290076335878 -0.668702290076336 392.04 -37.199999999999996 215.87999999999997 4.918719918598406 1.4413155374912658 7.178885119691529
23.208 -0.789248588681221 -3.164955127239227 10.295007514953614 7.480152671755727 3.9870229007633595 -1.0465648854961833 391.8 -36.599999999999994 216.11999999999998 4.920625791214292 1.4396411396870257 7.176738082267198
23.237 -0.8272565394639969 -3.0933086276054382 10.22407922744751 5.225190839694656 3.781679389312976 -1.3229007633587788 391.68 -36.83999999999999 216.11999999999998 4.92291324072548 1.4384951512122823 7.171977820535389
23.254 -0.8279747992753983 -3.175489604473114 10.159675216674804 3.880916030534351 3.5221374045801532 -1.551145038167939 391.32 -36.959999999999994 216.48000000000002 4.924563842226334 1.4369937468090308 7.168862164044444
23.268 -0.8122329205274582 -3.189316117763519 10.120230674743652 1.6473282442748078 2.9755725190839692 -1.8564885496183208 391.43999999999994 -37.2 216.47999999999996 4.925071098849446 1.4356689806263383 7.161466593660899
23.297 -0.7392696171998978 -3.277243173122406 10.0020170211792 -0.69618320610687 2.4603053435114504 -1.986259541984733 391.68 -36.84 216.48000000000002 4.926595529118618 1.433197202820248 7.147426987820753
23.313 -0.7861361175775528 -3.104920470714569 9.937672805786132 -3.2351145038167943 1.6389312977099237 -1.9076335877862598 391.74 -37.14 216.06 4.92761110534193 1.4321362278148508 7.142953339995354
23.328 -0.7885901778936386 -3.1618426203727723 9.86692409515381 -2.5862595419847323 1.5282442748091605 -1.886259541984733 391.8 -37.08 216.6 4.9302700447492525 1.4317827929410236 7.1358918611253355
23.358 -0.7355586111545562 -3.328000211715698 9.73985185623169 -2.157251908396946 1.3519083969465648 -1.9633587786259543 391.86 -37.260000000000005 216.54000000000002 4.929762079568692 1.4311635998279324 7.1281165871504255
23.373 -0.7650072902441025 -3.2581493854522705 9.663955688476562 -2.8206106870229006 1.0587786259541985 -2.042748091603053 391.32000000000005 -37.800000000000004 216.12000000000003 4.928363463575918 1.4304551654114595 7.119393086406244
23.388 -0.7495048373937607 -3.2934040069580077 9.629598903656007 -2.0534351145038165 1.1458015267175574 -2.1290076335877863 391.20000000000005 -37.2 215.51999999999998 4.926456924571533 1.4293935209740638 7.1089748236697785
23.418 -0.7402871638536453 -3.3418267250061033 9.60493860244751 -1.2106870229007631 1.1282442748091603 -2.10381679389313 391.14 -37.50000000000001 214.97999999999996 4.9246777998070055 1.4287741321875491 7.101209678347293
23.433 -0.7432799130678177 -3.285802388191223 9.554301261901855 -0.9374045801526718 1.0648854961832062 -2.0526717557251906 390.84000000000003 -37.08 215.16 4.921631053135718 1.4284205863522976 7.096744761531694
23.448 -0.706169793009758 -3.2781409502029417 9.611343097686767 -0.11221374045801533 1.2580152671755724 -1.9832061068702291 391.32 -37.08 214.44 4.918211215403145 1.429392993141025 7.089187872602038
23.478 -0.7057508081197739 -3.2674867630004885 9.581595134735107 0.46641221374045794 1.0992366412213739 -1.9396946564885496 391.38 -37.13999999999999 214.26 4.91593410817986 1.4297468733173626 7.083564405973847
23.494 -0.7176619619131088 -3.2727540016174315 9.599731159210204 1.3114503816793894 1.2740458015267175 -1.780916030534351 390.96 -36.83999999999999 215.04000000000002 4.912513079459156 1.4306321361926129 7.0814699191577315
23.508 -0.7272986203432084 -3.2702400922775268 9.626187133789063 2.035114503816794 1.2694656488549618 -1.6709923664122137 390.84 -36.839999999999996 215.63999999999996 4.9096009047843125 1.4309862404833142 7.080535118996655
23.538 -0.7224503606557846 -3.261022424697876 9.651386165618897 2.5320610687022906 1.3213740458015268 -1.5839694656488548 391.08 -36.599999999999994 215.39999999999995 4.905305631923996 1.4306323603069764 7.082873639992324
23.553 -0.7722497522830963 -3.2313343286514282 9.705076122283936 2.793893129770993 1.287022900763359 -1.4763358778625952 391.44000000000005 -36.839999999999996 215.39999999999995 4.901769590258049 1.4304551956750657 7.0866225784619505
23.568 -0.7814674317836762 -3.2522835731506348 9.72201509475708 3.2206106870229014 1.3206106870229006 -1.368702290076336 391.80000000000007 -36.71999999999999 216.0 4.898233548592102 1.4308096379804716 7.09273054083535
23.598 -0.7739855527877808 -3.1710602760314943 9.779296398162842 3.2717557251908396 1.415267175572519 -1.2748091603053435 391.8 -36.72 216.6 4.89570693934183 1.4308096379804716 7.097902147828663
23.613 -0.7694964230060577 -3.079063081741333 9.860040855407714 3.1458015267175568 1.412213740458015 -1.2389312977099238 392.34000000000003 -36.779999999999994 217.26 4.893306245141563 1.430543763891736 7.106381557966645
23.628 -0.757345849275589 -3.053085994720459 9.980888175964356 3.142748091603053 1.3328244274809158 -1.2839694656488552 392.28000000000003 -36.96 217.32 4.891918299659527 1.4301012035639988 7.112980845371479
23.658 -0.7729680120944977 -3.0579941034317017 9.97993049621582 2.939694656488549 1.2328244274809161 -1.270229007633588 391.67999999999995 -36.720000000000006 217.92000000000002 4.891288506635224 1.4288630074677646 7.119108733231434
23.673 -0.7956530749797821 -3.07116219997406 9.957544708251953 2.7022900763358777 1.285496183206107 -1.249618320610687 391.74 -36.42 218.45999999999998 4.890784410886488 1.4285976392956692 7.12781518865453
23.688 -0.8190563976764679 -3.072119879722595 9.961315631866455 2.2465648854961833 1.1091603053435115 -1.3755725190839694 391.86 -37.019999999999996 217.85999999999999 4.890028528523866 1.4278896540939137 7.136504660758199
23.718 -0.8135497331619262 -3.0849887132644653 9.958083438873292 1.9847328244274807 1.0595419847328245 -1.5068702290076335 392.52 -36.60000000000001 217.8 4.8890210333546325 1.4274469533879717 7.144051686120501
23.733 -0.796969884634018 -3.074214792251587 9.95814323425293 1.5977099236641221 1.1137404580152672 -1.5854961832061067 392.64 -36.480000000000004 217.79999999999995 4.8890210333546325 1.4270926240007409 7.152357780242049
23.748 -0.7784746766090394 -2.998318600654602 9.980050182342529 0.8450381679389313 1.047328244274809 -1.683206106870229 392.82000000000005 -36.06 217.85999999999999 4.888644199220935 1.4269153463272457 7.158055133326028
23.778 -0.7493851244449615 -2.941396474838257 10.042658519744872 0.3793893129770992 1.0870229007633587 -1.7740458015267175 392.21999999999997 -36.059999999999995 218.57999999999998 4.888267365087237 1.427180882401277 7.162105337028938
23.793 -0.7502230942249298 -3.0311790466308595 10.02320556640625 0.3137404580152671 0.967175572519084 -1.835114503816794 392.40000000000003 -36.11999999999999 218.51999999999998 4.887136082402297 1.4273581034921146 7.166871869459143
23.808 -0.7732074320316314 -3.050811505317688 9.946471405029296 -0.35190839694656484 0.7977099236641221 -1.919083969465649 391.98 -36.65999999999999 219.06 4.885878884667351 1.427801085877244 7.170464486945038
23.838 -0.7815871417522431 -3.063919758796692 9.895474910736084 -0.7099236641221374 0.9274809160305344 -1.97175572519084 392.46 -36.89999999999999 218.7 4.884747211839726 1.4278896540939137 7.170226711685784
23.854 -0.7772177278995513 -3.042252230644226 9.908642959594726 -1.0419847328244274 0.8931297709923663 -2.054961832061069 392.64 -36.839999999999996 218.4 4.883867325625991 1.4285094355124879 7.167857517995768
23.868 -0.7598597645759583 -3.0251336812973024 9.899185943603516 -1.2366412213740456 0.8076335877862595 -2.136641221374046 392.4 -37.199999999999996 218.16 4.883489710900031 1.4282438152118524 7.162420765016526
23.898 -0.7298125326633453 -2.992033839225769 9.935996818542481 -1.2374045801526716 0.9473282442748092 -2.1366412213740458 392.46 -37.019999999999996 218.21999999999997 4.883112356782171 1.4285980319277285 7.1574632721462494
23.913 -0.7189787685871124 -2.97850661277771 9.924504661560059 -1.3045801526717553 0.8755725190839696 -2.1366412213740458 391.74 -37.379999999999995 217.85999999999996 4.882860917508742 1.4285094072521318 7.152022961622398
23.928 -0.7290344178676605 -2.9166763544082643 9.976698303222657 -1.462595419847328 0.7633587786259542 -2.1755725190839694 391.67999999999995 -37.67999999999999 217.92 4.882860917508742 1.428509407252132 7.144891832623131
23.958 -0.7180210947990417 -2.8983607053756715 10.021769142150879 -1.1106870229007633 0.7748091603053435 -2.1427480916030537 391.56 -37.56 218.04000000000002 4.883237751642438 1.4285980602500306 7.143936021009246
23.973 -0.7153276205062866 -3.012623977661133 9.968857288360596 -0.8763358778625955 0.7809160305343511 -2.150381679389313 391.74 -37.739999999999995 217.01999999999998 4.883363319762327 1.4282439559593294 7.145135932544728
23.988 -0.7394492030143738 -2.93624894618988 9.949284744262695 -1.7099236641221374 0.6961832061068701 -2.148854961832061 391.74 -37.62 216.66 4.883614412789538 1.4277119523211907 7.147301515326466
24.018 -0.7377732634544373 -2.9706655979156493 9.945932865142822 -1.3916030534351145 0.7564885496183205 -2.169465648854962 392.04 -37.08 216.24 4.884242469792737 1.4270028403866584 7.14466344918946
24.033 -0.7283161640167236 -2.9928119659423826 9.969874858856201 -1.450381679389313 0.7213740458015266 -2.202290076335878 391.92 -36.839999999999996 217.2 4.884619303926433 1.426471006869954 7.1444258301174655
24.048 -0.7249044239521026 -2.960849380493164 9.961555004119873 -1.5931297709923662 0.6374045801526717 -2.169465648854962 391.44 -36.6 217.32 4.884996138060131 1.4255851812421825 7.140200038519929
24.078 -0.7087435603141785 -2.992991542816162 9.97574062347412 -1.33206106870229 0.7671755725190839 -2.1251908396946564 391.43999999999994 -36.12 217.2 4.884618914092163 1.424875615149939 7.141139704647495
24.093 -0.7176021099090576 -3.005561113357544 9.93617639541626 -1.6381679389312978 0.6938931297709923 -2.1526717557251906 391.43999999999994 -35.88 216.96000000000004 4.8841163819962885 1.424166729549269 7.140671091205563
24.108 -0.7191583454608917 -2.9802424192428587 9.941742897033691 -1.8595419847328245 0.7251908396946564 -2.1099236641221375 391.32 -36.0 217.32000000000002 4.883990727349007 1.4235455603061744 7.140905931245044
24.138 -0.7170634210109711 -3.0342915296554565 9.909421157836913 -1.8122137404580154 0.7320610687022902 -2.067175572519084 390.84000000000003 -35.64 216.95999999999998 4.884367691324994 1.42274665623497 7.143267386696034
24.153 -0.7144297957420349 -3.0625431060791017 9.880690765380859 -1.9473282442748094 0.7931297709923665 -2.1381679389312973 391.08 -36.36 216.95999999999998 4.883739850555171 1.4217699017867889 7.1394691919363185
24.168 -0.73460094332695 -3.037044858932495 9.849386596679688 -1.8923664122137407 0.7816793893129772 -2.1259541984732824 390.96 -36.36 216.95999999999998 4.883488757527961 1.4207048659116424 7.128344135128988
24.198 -0.7376535475254059 -3.0842106342315674 9.851301956176759 -1.2259541984732825 0.9587786259541986 -2.0893129770992362 391.02 -36.3 217.13999999999996 4.88323766450075 1.4202607443877397 7.117643522589816
24.213 -0.72233065366745 -3.04650194644928 9.85465383529663 -1.1213740458015269 0.948854961832061 -2.0679389312977094 390.9 -36.18 217.01999999999998 4.882484125768749 1.4197277121507321 7.108908623697856
24.228 -0.7085639953613281 -3.027647614479065 9.841425895690918 -0.6549618320610688 1.0145038167938931 -2.033587786259542 390.59999999999997 -36.24 216.0 4.882232859754939 1.4191948522887254 7.100224798976512
24.258 -0.7056310951709748 -3.061944532394409 9.835859394073486 -0.08091603053435104 1.1183206106870227 -2.001526717557252 391.38 -36.06 215.82 4.881856025621241 1.4187508742526487 7.093289992438514
24.273 -0.7271789133548736 -3.060268592834473 9.82921543121338 0.22137404580152684 1.0244274809160305 -2.0114503816793894 391.74 -36.54 215.7 4.881981723583418 1.4183954044697455 7.086763136217625
24.288 -0.7419631063938141 -3.0902559757232666 9.827958488464356 0.6633587786259543 1.0809160305343513 -1.9694656488549618 391.56000000000006 -36.480000000000004 215.64000000000001 4.882609996990545 1.4176846942307617 7.082572777872029
24.318 -0.7425018012523651 -3.0978575706481934 9.837894439697266 0.8435114503816795 1.2259541984732825 -1.9564885496183209 392.16 -36.36 215.28000000000003 4.883490490331752 1.4173291090256748 7.076747139763805
24.333 -0.7419032514095306 -3.115035963058472 9.82520513534546 1.1969465648854962 1.220610687022901 -1.947328244274809 392.34000000000003 -36.53999999999999 215.58 4.884371591759313 1.416527865002849 7.065550456571446
24.363 -0.7612364292144775 -3.1439459562301635 9.7852219581604 1.3 1.2091603053435116 -1.8793893129770993 391.56000000000006 -35.64 215.76 4.8858802297935435 1.41634989856759 7.055766182829167
24.378 -0.7689577281475067 -3.119225811958313 9.804674816131591 1.2755725190839695 1.2809160305343512 -1.848854961832061 391.62 -35.22 216.18 4.887137427528491 1.415904909462803 7.054138189595518
24.393 -0.7523778796195983 -3.1093497276306152 9.821972942352295 1.284732824427481 1.1656488549618322 -1.9068702290076338 391.43999999999994 -34.92 216.71999999999997 4.888394625263438 1.4154600657511518 7.050176798887432
24.423 -0.7574057042598724 -3.122158718109131 9.86255464553833 1.432824427480916 1.1282442748091603 -1.8900763358778625 391.25999999999993 -34.14 216.53999999999996 4.890029265423 1.4148368765554746 7.046002607828521
24.438 -0.7668628036975861 -3.137721037864685 9.842263793945312 1.3625954198473282 1.1022900763358776 -1.8412213740458014 391.67999999999995 -33.96 217.32 4.890909455080729 1.414570057500097 7.048796163761904
24.453 -0.782185697555542 -3.142808723449707 9.840288639068604 1.0091603053435114 1.1175572519083967 -1.8610687022900763 391.26 -34.61999999999999 217.85999999999999 4.891915212858346 1.4141253588619311 7.0564318433395155
24.468 -0.799663370847702 -3.134907865524292 9.862494850158692 0.5526717557251909 1.0381679389312977 -1.8893129770992367 391.62 -34.13999999999999 218.33999999999997 4.892418438540089 1.413680369757144 7.060614103447233
24.498 -0.7863755524158478 -3.10007221698761 9.885359477996825 0.35419847328244286 1.0557251908396945 -1.933587786259542 391.92 -34.199999999999996 218.27999999999997 4.892921837960587 1.4134133764224701 7.0655076102306875
24.513 -0.7817068576812745 -3.107075262069702 9.885120105743407 0.42748091603053434 0.9664122137404579 -1.9488549618320612 391.62 -33.78 218.21999999999997 4.892544223234628 1.4131463830877964 7.065970214090724
24.528 -0.7945756912231445 -3.0691271781921388 9.901819705963135 -0.04732824427480915 0.9740458015267175 -2.0045801526717555 391.8 -33.6 218.27999999999997 4.891914647812856 1.4141253619387322 7.069431990790823
24.558 -0.7913435220718383 -3.0830135583877563 9.926120853424072 -0.3030534351145039 1.0442748091603054 -2.034351145038168 392.04 -34.08 218.04000000000002 4.891285289821879 1.414570060576898 7.071044378888784