40.177 0.3957016885280609 -9.710463047027588 -0.6841431379318237 -0.48473282442748084 0.9396946564885497 -1.8916030534351145 243.11999999999998 -25.319999999999997 -1.2 3.1911231270032236 1.5304354685976556 5.8940514972097615
40.192 0.4030040055513382 -9.702801609039307 -0.6816890776157379 -0.47633587786259535 0.9320610687022901 -1.8832061068702288 243.54000000000002 -25.139999999999997 -1.14 3.1915448770657333 1.5301788278208486 5.902399968690849
40.222 0.3944447338581085 -9.701424980163575 -0.6876745820045471 -0.4648854961832061 0.9 -1.887022900763359 243.66 -25.259999999999998 -1.2599999999999998 3.192051084958055 1.5305210589618843 5.910286760062293
40.238 0.39037459194660185 -9.704657077789307 -0.6930615365505218 -0.4221374045801527 0.9015267175572521 -1.887786259541985 242.88000000000002 -25.559999999999995 -1.1999999999999997 3.1924729548115236 1.5309491199939829 5.916340585437884
40.252 0.40731356739997865 -9.705495071411132 -0.6882132768630982 -0.3893129770992366 0.950381679389313 -1.8717557251908397 243.11999999999998 -25.679999999999996 -1.44 3.192894764742292 1.5316335830107288 5.924397115251158
40.297 0.40174704790115356 -9.70603380203247 -0.695755010843277 -0.3778625954198473 0.9022900763358779 -1.847328244274809 243.23999999999995 -26.159999999999997 -1.3199999999999998 3.1935698046202905 1.5324895974780872 5.931657625287517
40.299 0.40785226225852966 -9.697713947296142 -0.7013813853263855 -0.383206106870229 0.9381679389312978 -1.8015267175572522 243.06 -26.459999999999997 -1.1400000000000001 3.193907324472142 1.5356493543683043 5.937226892795187
40.312 0.39252937138080596 -9.70806884765625 -0.7046135544776917 -0.32137404580152673 0.9580152671755725 -1.7862595419847327 243.83999999999997 -25.919999999999995 -1.08 3.194244892327504 1.5377858977166023 5.94705577636168
40.342 0.39989154040813446 -9.715969657897949 -0.6958148598670959 -0.3290076335877862 1.0068702290076335 -1.7740458015267173 243.66000000000003 -25.499999999999996 -1.3800000000000001 3.194413652242537 1.5387257300510835 5.950431854619707
40.357 0.40689457952976227 -9.706931591033936 -0.6976703703403473 -0.36183206106870225 0.9717557251908395 -1.7717557251908396 243.06 -25.38 -1.1400000000000001 3.1949200040800645 1.539494876383123 5.955488747095513
40.372 0.3951031357049942 -9.70220308303833 -0.7094019591808319 -0.3236641221374046 0.913740458015267 -1.7961832061068705 242.93999999999997 -25.859999999999996 -1.4999999999999998 3.1950043900352947 1.5409484475754678 5.960051950795764
40.402 0.39097313582897186 -9.713395977020264 -0.7153874635696411 -0.2564885496183206 0.9404580152671755 -1.8053435114503817 242.63999999999996 -26.159999999999997 -1.2 3.1953420059377553 1.541632391339766 5.961915484545339
40.418 0.39432501792907715 -9.719441318511963 -0.7067683339118958 -0.27328244274809166 0.9526717557251907 -1.8099236641221375 242.87999999999997 -26.04 -1.2 3.1952576079762016 1.541461319177246 5.96072960107576
40.432 0.39647979736328126 -9.717945003509522 -0.7033565938472748 -0.316793893129771 0.9549618320610687 -1.8068702290076335 243.06 -25.979999999999997 -1.4999999999999998 3.195173210014648 1.5422304655092853 5.95937528273036
40.462 0.38893806338310244 -9.720698356628418 -0.7158663034439087 -0.32748091603053436 0.9114503816793894 -1.8267175572519083 243.29999999999995 -25.74 -1.9799999999999998 3.195173210014648 1.5424867827837427 5.958866312685212
40.477 0.3882796585559845 -9.733567142486573 -0.7180809438228607 -0.3290076335877863 0.9473282442748092 -1.8458015267175572 243.29999999999995 -25.380000000000003 -2.34 3.195088788007747 1.5429993533134019 5.95972035739274
40.492 0.3895964711904526 -9.734584712982178 -0.7098209440708161 -0.365648854961832 0.9587786259541984 -1.8671755725190837 243.17999999999998 -25.02 -2.34 3.195088788007747 1.5419777574753817 5.961083853564729
40.522 0.39600096046924593 -9.72422981262207 -0.7067683398723602 -0.42977099236641214 0.9145038167938931 -1.8824427480916028 243.23999999999995 -25.32 -2.3999999999999995 3.195088788007747 1.540782950429505 5.958174441313465
40.537 0.39061400592327117 -9.717406368255615 -0.708145010471344 -0.3900763358778626 0.8763358778625955 -1.9068702290076334 243.23999999999995 -25.68 -1.6799999999999997 3.195257595948077 1.541124068330809 5.959363758172094
40.552 0.3903745859861374 -9.721117401123047 -0.7061697900295257 -0.3763358778625955 0.9106870229007633 -1.918320610687023 243.95999999999998 -25.560000000000002 -1.44 3.1950887639624006 1.5423171015803157 5.96021367993337
40.582 0.3966593652963638 -9.721596240997314 -0.7006032705307007 -0.4122137404580153 0.9396946564885497 -1.9106870229007638 244.56000000000003 -25.080000000000002 -1.2 3.1951731619239547 1.5425729716575538 5.960554059304659
40.597 0.4051587820053101 -9.715251636505126 -0.6941987812519074 -0.4625954198473282 0.9297709923664123 -1.8946564885496184 244.92000000000002 -25.32 -1.2 3.1951731619239547 1.5430850300240737 5.964310978457734
40.612 0.3964798003435135 -9.715012264251708 -0.6907870471477509 -0.4679389312977099 0.8969465648854962 -1.8984732824427482 244.74 -25.499999999999996 -1.3800000000000001 3.1953419698642844 1.544365980259859 5.970624949160902
40.642 0.39791632294654844 -9.71082239151001 -0.6847416877746582 -0.4793893129770993 0.8900763358778626 -1.9076335877862598 245.39999999999995 -25.68 -1.0799999999999998 3.195595199811515 1.5442806053388056 5.976588936160196
40.657 0.38654386401176455 -9.71267786026001 -0.6836044371128083 -0.464885496183206 0.8564885496183205 -1.9068702290076338 245.22000000000003 -25.619999999999994 -1.02 3.1957640077518445 1.5464092122483022 5.9815400725683014
40.672 0.3860051691532135 -9.71088228225708 -0.6767211079597473 -0.43969465648854955 0.8557251908396946 -1.8824427480916033 245.7 -25.859999999999996 -0.7799999999999999 3.1957640077518445 1.5474320630853033 5.9823961937218915
40.717 0.3859453141689301 -9.720638656616211 -0.6783970534801483 -0.4 0.8412213740458014 -1.827480916030534 246.35999999999999 -26.28 -0.9599999999999997 3.1956796097902904 1.5477729283988562 5.983422291953899
40.719 0.3881000965833664 -9.723870849609375 -0.6737882137298584 -0.4229007633587787 0.815267175572519 -1.7664122137404579 246.3 -25.859999999999996 -0.8999999999999998 3.1956796097902904 1.5484561849309575 5.986331704205162
40.732 0.3926490813493729 -9.726863574981689 -0.6778583526611328 -0.5022900763358779 0.7305343511450382 -1.734351145038168 246.17999999999998 -25.859999999999996 -1.5 3.195764031797191 1.5483709371068917 5.989236880451065
40.762 0.3811569154262543 -9.718783092498779 -0.6511031508445739 -0.7068702290076336 0.6534351145038167 -1.6984732824427482 246.29999999999995 -25.499999999999996 -1.7400000000000002 3.1959328637828675 1.5470925289363318 5.993001101806397
40.778 0.3854664772748947 -9.721296977996825 -0.6376357674598694 -0.8297709923664123 0.5419847328244274 -1.666412213740458 245.51999999999998 -25.44 -2.16 3.1963550340670634 1.5463243449522095 5.996939298021259
40.793 0.3793612629175186 -9.717226791381837 -0.6192602694034577 -0.9435114503816793 0.3366412213740458 -1.6381679389312978 245.27999999999997 -25.08 -2.4 3.1964394681129935 1.5454704872380585 5.997454724924322
40.822 0.3760093808174133 -9.730394840240479 -0.6157288193702698 -0.9603053435114504 0.09007633587786261 -1.5778625954198475 245.27999999999997 -24.84 -2.52 3.1966083241658247 1.544360609164793 5.996594840748519
40.838 0.3707421362400055 -9.732968616485596 -0.6090849101543426 -1.084732824427481 -0.19160305343511452 -1.4748091603053435 245.7 -24.540000000000003 -2.46 3.1963550942185948 1.5435056787752917 5.996251306651873
40.867 0.3797203928232193 -9.737278175354003 -0.5996876716613769 -1.222137404580153 -0.43053435114503813 -1.380152671755725 245.63999999999996 -24.6 -1.9200000000000004 3.1961862862782646 1.5408642436260975 5.9928292928658085
40.882 0.38414966464042666 -9.730275058746338 -0.5886743426322937 -1.4213740458015267 -0.7206106870229008 -1.3259541984732823 245.34 -24.42 -2.1 3.195933092382704 1.5388154753182985 5.9880616050668705
40.897 0.37349546551704405 -9.730813694000243 -0.5826289832592011 -1.6068702290076335 -1.0732824427480914 -1.2755725190839693 244.92000000000002 -24.6 -2.16 3.196017490344258 1.5366794689280476 5.9824547127766925
40.912 0.3598485141992569 -9.776782321929932 -0.5917269468307496 -1.8236641221374046 -1.2770992366412215 -1.118320610687023 245.04000000000002 -24.72 -1.9199999999999995 3.19559556051363 1.5367647800992343 5.967647585142101
40.942 0.33608606159687043 -9.754516315460204 -0.5680243521928787 -2.429770992366412 -1.5847328244274808 -0.7587786259541985 245.40000000000003 -24.6 -1.8 3.1948361945486594 1.5362528490985004 5.94747317377856
40.957 0.31681273728609083 -9.70980463027954 -0.5520430564880371 -2.72824427480916 -1.9106870229007633 -0.4183206106870229 245.27999999999997 -24.6 -2.04 3.1938239219253015 1.5359111355630684 5.912149406186378
40.972 0.33279403299093246 -9.726982975006104 -0.5881356477737427 -2.6526717557251906 -1.8641221374045798 -0.3083969465648855 245.33999999999997 -24.9 -2.1 3.192305511520563 1.5352268459967122 5.866206802210959
41.002 0.3293822959065437 -9.72572603225708 -0.6991068959236145 -2.7572519083969467 -2.2885496183206104 -0.22595419847328238 245.27999999999997 -25.440000000000005 -2.1599999999999997 3.190534910268455 1.5342851096942915 5.8138952412577
41.018 0.33081881552934644 -9.720817947387696 -0.6353014223277569 -2.7763358778625955 -2.7931297709923664 -0.030534351145038198 245.51999999999998 -25.56 -1.7999999999999996 3.1886801255044293 1.5336002986739081 5.751700306150509
41.032 0.3233369365334511 -9.709265899658202 -0.5500678442418575 -2.8274809160305345 -3.2778625954198475 0.011450381679389282 245.04000000000002 -25.560000000000002 -1.6799999999999997 3.187247188245481 1.5330862971523833 5.685667395836985
41.062 0.2996941938996315 -9.67628583908081 -0.6068702779710293 -2.9763358778625952 -3.6381679389312978 -0.12977099236641224 245.27999999999997 -25.2 -2.1599999999999997 3.185561735872137 1.5324870113842064 5.614237167701382
41.077 0.2709637738764286 -9.6644944190979 -0.775003083795309 -2.9083969465648853 -3.781679389312977 -0.2419847328244275 245.09999999999997 -24.660000000000004 -2.4599999999999995 3.183960669454023 1.532058622022924 5.545182714054084
41.107 0.25181016102433207 -9.69460153579712 -0.9313444457948208 -2.76412213740458 -3.619847328244274 -0.35725190839694654 245.09999999999997 -24.060000000000002 -2.8199999999999994 3.182443334233521 1.5320586220229242 5.48150828847011
41.123 0.2825157977640629 -9.634028244018555 -1.0138246916234492 -2.609923664122138 -3.308396946564885 -0.5152671755725191 244.43999999999997 -24.000000000000004 -3.4799999999999995 3.1808427193042514 1.5309479099029688 5.418173982499233
41.138 0.3505111254751682 -9.617687797546386 -1.0914566807448864 -1.8900763358778625 -3.1458015267175576 -0.7839694656488551 244.73999999999995 -24.060000000000002 -3.54 3.179579254836418 1.5298360774598847 5.355253187100767
41.152 0.39725791439414027 -9.696696472167968 -1.0468646742403507 -1.0450381679389313 -3.114503816793893 -1.129007633587786 244.14000000000001 -24.18 -3.78 3.1780640553177886 1.5291516144431385 5.304053927670722
41.182 0.35661634281277654 -9.669642066955566 -0.8687959231436253 -1.116793893129771 -3.6419847328244273 -1.217557251908397 244.50000000000006 -23.820000000000004 -3.54 3.1768016552820195 1.528894646724034 5.273239644090532
41.198 0.2910152174532413 -9.654618453979491 -0.7306504867970943 -1.031297709923664 -3.625190839694656 -1.2946564885496181 244.5 -23.34 -3.54 3.1759603503462097 1.5288089028143208 5.253492211318017
41.213 0.22044612243771552 -9.642108726501466 -0.7617152541875839 -0.9923664122137404 -3.3076335877862597 -1.619083969465649 244.32000000000002 -23.16 -4.08 3.175455496920929 1.5285517372624304 5.248771228970766
41.242 0.214281053096056 -9.678380870819092 -0.9337985038757324 -0.6122137404580152 -2.903053435114504 -1.898473282442748 244.32 -23.04 -4.079999999999999 3.1749505727937266 1.5283802273215439 5.251917889831908
41.257 0.2989759363234043 -9.71237850189209 -0.9652224063873291 -0.3351145038167939 -2.952671755725191 -2.0053435114503815 243.83999999999997 -23.16 -4.199999999999999 3.1746981637809197 1.5284659051473086 5.262507507948404
41.272 0.3973177745938301 -9.707530212402343 -0.7547122299671173 -0.14732824427480917 -3.7274809160305344 -2.1770992366412214 243.47999999999996 -23.279999999999998 -4.32 3.174277540893896 1.5283801612375956 5.258908675403273
41.302 0.4591480329632759 -9.663836002349854 -0.5059546798467636 0.019847328244274785 -5.012213740458015 -2.2916030534351144 244.07999999999998 -23.16 -4.68 3.173268115877045 1.5288940312882868 5.24891493828568
41.317 0.39917328096926213 -9.678979301452637 -0.3397372305393219 0.14732824427480914 -6.608396946564886 -2.3534351145038164 244.5 -23.34 -4.9799999999999995 3.1727635446100693 1.5281229294616467 5.250710513973695
41.332 0.2588730607181787 -9.757688617706298 -0.2841318964958191 0.07786259541984733 -8.033587786259542 -2.593893129770992 244.2 -23.64 -5.16 3.1723429805060066 1.527951551828767 5.264120314086837
41.362 0.14006079770624638 -9.724528884887695 -0.40623618811368944 -0.33816793893129776 -9.57709923664122 -2.8198473282442746 244.62000000000003 -23.22 -5.819999999999999 3.1725952485046194 1.5278658959378608 5.286495491246989
41.377 0.15897498913109304 -9.73380641937256 -0.5978920325636864 -0.06335877862595418 -10.794656488549617 -3.117557251908397 244.44 -22.799999999999997 -6.6 3.1727634154390083 1.5281228636569657 5.299334520018356
41.392 0.2889801401644945 -9.779056835174561 -0.6585850477218628 0.16412213740458015 -12.22442748091603 -3.5175572519083973 244.38000000000002 -22.499999999999996 -7.139999999999999 3.1730156834376215 1.5284657070346208 5.298354391688814
41.422 0.3714603889733553 -9.725067615509033 -0.6378752026706934 0.11526717557251909 -14.48091603053435 -3.6152671755725194 244.38000000000002 -21.9 -7.859999999999999 3.1729315823733986 1.5286371727793964 5.28771424759737
41.437 0.4253897834569216 -9.710163784027099 -0.5039794702082873 0.14885496183206107 -16.89541984732824 -3.435114503816794 244.37999999999997 -21.299999999999994 -8.82 3.1728474695634037 1.5295793901306374 5.283998447380468
41.452 0.3165134634822607 -9.731053161621094 -0.4504690546542406 0.20916030534351143 -19.205343511450383 -3.3648854961832066 244.14000000000001 -20.46 -9.540000000000001 3.1727633567534097 1.5300074511627357 5.281285794077874
41.482 0.1725022282451391 -9.803657341003419 -0.5434239346534013 0.1732824427480916 -21.309923664122135 -2.9786259541984736 244.61999999999995 -20.1 -10.5 3.1732681395417264 1.531291313076455 5.295760995436247
41.497 0.0952892243862152 -9.80551290512085 -0.6378153372555971 -0.04427480916030535 -23.621374045801524 -2.557251908396947 244.73999999999995 -19.619999999999997 -10.74 3.1742775645585772 1.5306917211907014 5.314591017795943
41.512 0.17202338986098767 -9.844598293304443 -0.7125742871314287 -0.06793893129770992 -25.839694656488554 -2.7816793893129774 244.98000000000002 -18.9 -11.220000000000002 3.1753713378855477 1.53112033059953 5.332334409287263
41.542 0.2710236292332411 -9.78414478302002 -0.7008426982909441 -0.38625954198473283 -28.529770992366412 -2.9625954198473288 244.85999999999999 -17.94 -12.420000000000002 3.17629696771561 1.5314629981257497 5.347590095625604
41.557 0.37798459343612195 -9.789711284637452 -0.6590638715773821 -0.3816793893129771 -30.831297709923668 -2.9557251908396944 245.16 -17.4 -13.080000000000002 3.1771386261613257 1.5326602054898875 5.3626802246881935
41.572 0.3421314242295921 -9.816466426849365 -0.6368576485663653 -0.5511450381679388 -33.30839694656488 -3.0099236641221365 245.51999999999998 -16.56 -13.919999999999998 3.1783171138667083 1.5324889155965473 5.381715071696322
41.602 0.24031799724325537 -9.82526512145996 -0.6154893953353167 -0.6732824427480916 -35.71984732824427 -2.83206106870229 245.27999999999997 -15.359999999999996 -15.0 3.1794957669985333 1.5324032377707826 5.41373835172897
41.618 0.1664568751119077 -9.875782775878907 -0.6564302429556846 -0.8374045801526719 -37.82824427480916 -3.046564885496183 245.16 -14.64 -15.959999999999999 3.1807585211945817 1.5322317720260075 5.452002348626222
41.632 0.08200140809640288 -9.866026401519775 -0.7012018144130707 -1.1717557251908397 -39.9648854961832 -3.838167938931298 244.91999999999993 -13.319999999999999 -17.04 3.1821900452270184 1.5323172972782135 5.484279384571964
41.662 0.13599065681919456 -9.856748867034913 -0.680432116985321 -1.2709923664122138 -41.99923664122137 -4.691603053435115 245.57999999999998 -12.540000000000001 -17.939999999999998 3.183874547531249 1.5320605261394549 5.521591583719575
41.677 0.1832162848673761 -9.782588481903076 -0.6412869215011596 -1.4458015267175572 -44.04427480916031 -5.70763358778626 245.7 -11.34 -18.779999999999998 3.185222718113003 1.5309481299705112 5.55527275597906
41.692 0.1889025137759745 -9.79180612564087 -0.6145317167043686 -1.3022900763358778 -45.46641221374045 -6.738167938931298 245.22000000000003 -10.14 -19.86 3.1864868954569188 1.532231665620563 5.589170330540741
41.722 0.08170213261619211 -9.772532749176026 -0.6088454872369766 -1.2549618320610687 -46.94427480916029 -7.252671755725191 244.8 -8.28 -21.72 3.1876670442612616 1.5333434980636471 5.621456815332451
41.738 -0.016699553932994604 -9.800245571136475 -0.63099185526371 -1.0 -47.797709923664115 -7.612977099236642 244.8 -6.36 -22.919999999999998 3.1889315790208346 1.532829364792652 5.653934127598106
41.752 -0.08385691186413169 -9.827778911590576 -0.6877344399690628 -0.8938931297709922 -48.7557251908397 -8.121374045801527 244.14000000000001 -4.979999999999999 -23.82 3.1903651247184945 1.531375057960572 5.682120473876742
41.782 -0.08301894124597312 -9.784982585906983 -0.7166444212198257 -0.9038167938931299 -49.860305343511456 -8.661068702290077 243.77999999999997 -3.66 -24.9 3.1915459422207113 1.5324868904036564 5.7072500090606955
41.797 -0.0552462013438344 -9.760082912445068 -0.7301716595888138 -0.7435114503816795 -50.802290076335886 -9.206106870229007 243.9 -2.339999999999999 -26.22 3.1926424932322615 1.5343668062946996 5.730660266930195
41.812 -0.01490390244871378 -9.726384544372559 -0.7367557138204575 -0.4778625954198473 -51.25877862595421 -9.390076335877865 243.42 -0.29999999999999966 -27.419999999999998 3.193992382542331 1.5348809395656948 5.756141847950197
41.842 -0.01143230963498354 -9.741527843475343 -0.7687781602144241 -0.04885496183206102 -51.4732824427481 -9.310687022900762 243.48000000000002 1.0800000000000005 -28.8 3.195089400951789 1.5339389629934213 5.780146901740901
41.857 -0.12904746998101474 -9.721117305755616 -0.7769782990217209 0.12290076335877864 -51.746564885496184 -9.002290076335878 242.82000000000002 2.7 -29.339999999999993 3.196186888033899 1.5330816323992713 5.800813354331629
41.872 -0.13539210464805365 -9.75032663345337 -0.7793724983930588 0.4450381679389313 -51.41068702290075 -8.86030534351145 242.27999999999997 4.4399999999999995 -30.24 3.197200025114391 1.533852143226769 5.821776394515544
41.917 -0.1315613817423582 -9.737098693847656 -0.78930843770504 0.5458015267175572 -51.50152671755725 -8.863358778625955 242.94 6.0600000000000005 -31.619999999999997 3.1982133067289378 1.5327400292188949 5.843898863064902
41.919 -0.09451111145317555 -9.711480808258056 -0.7880514830350875 0.6961832061068702 -51.606106870229006 -8.681679389312977 242.82000000000002 7.140000000000001 -32.22 3.1991422143836825 1.5318850988293933 5.866624344348386
41.932 -0.024420857802033423 -9.72680368423462 -0.7823053985834122 0.8770992366412212 -51.57786259541986 -8.611450381679388 243.0 8.28 -32.88 3.2002403283476886 1.53179933279822 5.886523554412491
41.962 -0.003292028419673443 -9.683648204803466 -0.7632116347551345 0.9030534351145036 -51.75496183206106 -8.649618320610687 243.48000000000002 9.6 -33.480000000000004 3.201000669475943 1.5318850546332823 5.904482685843142
41.978 -0.0019153624773025513 -9.734165859222411 -0.7969100266695023 1.2236641221374047 -51.52442748091603 -8.503053435114504 243.48000000000002 11.16 -34.56 3.2020992550917233 1.5303446127813696 5.924580704878921
41.992 -0.018734629452228545 -9.775106716156007 -0.8106168359518051 1.3045801526717558 -50.990839694656486 -8.370992366412214 243.42 13.38 -35.1 3.2031132613413162 1.5280359771077126 5.944255573982544
42.022 -0.05728127583861351 -9.769181060791016 -0.786734676361084 1.3374045801526717 -50.980916030534345 -8.353435114503819 244.08 14.639999999999997 -35.52 3.2039585086585767 1.5290618945785102 5.961691766100417
42.038 -0.077213004976511 -9.74069004058838 -0.7466317981481552 1.2328244274809161 -51.117557251908394 -8.27022900763359 243.78000000000003 15.9 -35.94 3.2050575672049377 1.528546964923736 5.976677953304305
42.052 0.0017357975244522094 -9.776064395904541 -0.7189787715673447 1.381679389312977 -50.73358778625954 -8.244274809160308 244.02000000000004 17.7 -37.26 3.205818562864441 1.530515566614866 5.992444692230223
42.082 0.010115503147244454 -9.767744541168213 -0.7090428322553635 1.251908396946565 -50.675572519083964 -8.222900763358778 244.2 19.44 -38.279999999999994 3.206664174466357 1.531369637958014 6.009072674473719
42.098 -0.008200139924883842 -9.75044641494751 -0.7368754267692565 1.0770992366412213 -50.57099236641221 -8.135114503816794 243.66 20.339999999999996 -38.81999999999999 3.2073406636165402 1.5335051085242617 6.021290207136921
42.112 0.03256114386022091 -9.764991188049317 -0.7666832387447358 1.0335877862595422 -50.13664122137404 -8.23206106870229 243.77999999999997 22.139999999999997 -39.3 3.2079325490273427 1.5347867010193084 6.0381896818181335
42.142 0.004429274052381515 -9.735961532592773 -0.7796119272708892 1.0946564885496184 -50.16259541984733 -8.38320610687023 243.84 23.88 -39.959999999999994 3.2082708421736528 1.5363271428712213 6.05765457862595
42.158 -0.029927521757781506 -9.736200904846191 -0.7232284784317017 1.0984732824427481 -49.92900763358779 -8.269465648854963 243.89999999999995 25.74 -41.22 3.208524507294991 1.5376957278682388 6.077841387150209
42.172 -0.04560954235494137 -9.718064785003662 -0.592265647649765 1.0526717557251908 -49.63435114503817 -8.17175572519084 244.14000000000001 27.059999999999995 -41.7 3.208524507294991 1.5400037811574232 6.098241679467342
42.202 -0.06787561886012554 -9.666349983215332 -0.520499449968338 1.0740458015267176 -49.68625954198473 -8.142748091603053 243.95999999999998 28.080000000000002 -42.6 3.208778281947866 1.541630011208886 6.1218439234369395
42.218 -0.031304188445210455 -9.737697219848632 -0.5509656637907028 1.0450381679389313 -49.289312977099236 -8.174045801526717 243.72000000000003 29.76 -43.92 3.2091167213333742 1.5418006972113283 6.147577879775536
42.232 -0.00915782293304801 -9.754755878448487 -0.5942408621311188 0.6916030534351144 -49.159541984732826 -8.267175572519085 243.72000000000003 31.8 -44.28 3.2091167213333733 1.5440263636103375 6.1700244441655645
42.262 -0.017178398463875054 -9.690830612182618 -0.6093243300914765 0.4564885496183206 -49.432824427480924 -8.406106870229008 244.14000000000001 32.82 -44.34 3.209201337275787 1.5435993820797134 6.196212591113104
42.277 0.01047463184222579 -9.68209171295166 -0.5948992669582367 0.5885496183206106 -49.344274809160304 -8.45267175572519 244.26000000000005 33.66 -44.46 3.2094552584308573 1.5425742385740453 6.228352031035456
42.309 0.040282443072646855 -9.741946792602539 -0.5511452287435532 0.8145038167938932 -49.23358778625954 -8.357251908396945 243.95999999999998 35.400000000000006 -44.52 3.2100478269055452 1.541123579028181 6.266988280006684
42.322 -0.06254852125421166 -9.701125621795654 -0.4683058472233824 0.7587786259541984 -49.46106870229008 -8.041984732824428 243.84 36.6 -44.76 3.210809700790386 1.5404406639392472 6.30422123127571
42.337 -0.047345340717583895 -9.739013862609863 -0.41551369744120165 1.0267175572519083 -48.98625954198474 -7.906870229007633 244.02000000000004 37.86 -45.059999999999995 3.211656288636827 1.5388144338877843 6.341253842777109
42.352 -0.04716577278450131 -9.75170316696167 -0.4392761500435881 1.067175572519084 -49.18015267175573 -8.06030534351145 244.08 39.480000000000004 -44.76 3.2128415122364116 1.5364157195918262 6.379370948885965
42.382 -0.04207809465005994 -9.743503093719482 -0.4839878650265746 0.9549618320610687 -49.710687022900764 -8.138931297709922 243.83999999999997 40.8 -44.64 3.2137726916301594 1.5338502350106604 6.417314200691214
42.397 0.0035913030616939066 -9.742724990844726 -0.4876988770323806 0.8893129770992365 -49.99770992366412 -8.203816793893129 244.08 41.519999999999996 -44.760000000000005 3.2149584302924397 1.5317947297862062 6.459697952620466
42.427 0.011611879151314498 -9.676884365081786 -0.436343252833467 0.9824427480916029 -50.429770992366414 -8.103053435114504 244.19999999999996 42.48 -44.040000000000006 3.215974924855898 1.5292253294878058 6.503352241862186
42.457 0.022804771922528742 -9.729437160491944 -0.38546646552858876 1.4839694656488547 -50.786259541984734 -7.88320610687023 244.37999999999997 43.379999999999995 -43.86 3.217415273576865 1.5261396495092119 6.553459426031968
42.458 -0.045908814668655394 -9.71854362487793 -0.30998925905441865 1.4412213740458013 -51.54045801526719 -7.62824427480916 243.83999999999997 45.36 -44.160000000000004 3.2186011842342297 1.5237384676882804 6.596565680299564
42.472 -0.04441244006156921 -9.77001895904541 -0.3008314375183545 1.6832061068702289 -52.172519083969476 -7.537404580152672 243.95999999999995 46.44 -43.559999999999995 3.2195331737365236 1.5239095398508007 6.632981343613376
42.502 -0.07332242578268051 -9.754217147827148 -0.33033997755264866 1.6610687022900763 -53.12290076335878 -7.7702290076335885 244.2 48.12 -42.96 3.220295932166953 1.5224526336237527 6.667847390460487
42.517 -0.015263033099472523 -9.773131370544434 -0.3700837256852537 1.6519083969465647 -54.0824427480916 -8.080152671755727 244.61999999999998 50.10000000000001 -42.660000000000004 3.2209739889266102 1.5204815144807202 6.702171403530484
42.532 -0.002873038686811924 -9.748291492462158 -0.35093011283315717 1.3511450381679388 -55.47251908396946 -8.205343511450382 244.43999999999997 51.36 -42.0 3.2215673317246667 1.5191919990481997 6.734201689013287
42.562 0.016041152738034727 -9.735721969604493 -0.27383681857027115 1.4229007633587787 -56.46335877862596 -8.142748091603053 244.68 52.44 -41.4 3.2221608474413364 1.5183310758540416 6.766402290040224
42.577 0.03262099977582693 -9.736799335479736 -0.20536265172995627 1.5580152671755725 -57.09083969465648 -8.098473282442749 245.46000000000004 53.94 -40.98 3.2227541902393932 1.5167822263841608 6.792110496153801
42.592 -0.005147531814873219 -9.739851951599121 -0.21416134336031972 1.5229007633587786 -58.02977099236641 -8.071755725190839 246.0 55.92 -39.6 3.2227541902393932 1.5154047442286935 6.811819464627996
42.622 -0.04920084346085787 -9.795158100128173 -0.2806602964643389 1.7465648854961835 -59.08091603053434 -8.30381679389313 246.11999999999998 58.08 -38.88 3.2229237784822296 1.514457602577027 6.831345611560131
42.637 -0.0693121375516057 -9.736979007720947 -0.2658162454608828 1.753435114503817 -60.000000000000014 -8.524427480916028 247.01999999999998 59.58 -38.34 3.2227541407239664 1.5139404990183505 6.857703326496685
42.652 0.03184288125485182 -9.812216758728027 -0.2589329153299332 2.0763358778625953 -60.49160305343512 -8.67557251908397 248.04000000000002 60.71999999999999 -37.32000000000001 3.2227541407239664 1.51350986663055 6.893306550269628
42.682 -0.014604630880057812 -9.755593872070312 -0.2067991741001606 1.7801526717557248 -61.678625954198466 -8.739694656488549 248.28000000000003 62.88000000000001 -36.84 3.2226693527864674 1.511020671032288 6.928182586302536
42.697 0.02166752386838198 -9.750925254821777 -0.14862007012125106 1.8503816793893129 -62.18778625954197 -8.596946564885496 248.94 64.5 -36.42 3.2222454748280613 1.5099022093156815 6.961107083701995
42.712 0.016819265112280844 -9.761280155181884 -0.14167688598390668 2.0267175572519083 -62.837404580152665 -8.549618320610687 249.23999999999992 65.39999999999999 -35.760000000000005 3.221821596869655 1.5091276865953747 6.9904422318346775
42.742 -0.05817910619080067 -9.75439682006836 -0.16418238391634077 2.150381679389313 -63.6709923664122 -8.457251908396946 249.35999999999996 67.19999999999999 -35.28 3.2213977189112484 1.5091276865953744 7.023213589811819
42.758 -0.055006788298487666 -9.81592779159546 -0.2119467090582475 2.29618320610687 -64.03664122137404 -8.48091603053435 248.93999999999997 68.82 -34.739999999999995 3.2209737173294757 1.5091276865953744 7.0540082259209225
42.772 -0.04908113889396191 -9.781152057647706 -0.22373815288301557 2.2931297709923664 -64.86106870229007 -8.63587786259542 248.64000000000001 70.32 -33.96 3.2207193535059666 1.5090414218292285 7.0949241098230615
42.802 -0.023762455955147744 -9.79426031112671 -0.16956933995243162 2.5305343511450387 -65.56106870229007 -8.823664122137405 248.28000000000003 71.99999999999999 -33.36 3.220804141443465 1.5109339673572368 7.141908041258925
42.817 -0.04572925604879856 -9.762716674804688 -0.10378864740487188 2.3099236641221377 -66.04732824427482 -8.778625954198475 248.88000000000002 73.56 -32.4 3.220804141443465 1.5118811090089033 7.1859679321891985
42.832 -0.061530986055731776 -9.788992977142334 -0.1492186221992597 2.2435114503816793 -66.31603053435114 -8.790076335877862 248.82 74.82 -31.139999999999997 3.220634553200628 1.5128285024038022 7.216401839097406
42.862 -0.11917139254510403 -9.76187868118286 -0.21685482074972243 2.1389312977099233 -66.70229007633587 -8.859541984732825 249.12000000000003 75.84 -30.0 3.2207193535059657 1.5126560885693514 7.240486994357563
42.877 -0.13341689258813857 -9.763794040679931 -0.21350293790455907 2.1519083969465647 -66.58625954198473 -8.786259541984732 249.84 77.28 -28.8 3.2208041414434647 1.5128283643609808 7.273908529178428
42.892 -0.11737573891878128 -9.766607189178467 -0.21793221086263656 2.163358778625954 -66.23053435114504 -8.798473282442746 250.13999999999996 78.42 -27.060000000000002 3.2213976571601344 1.5123971561787324 7.307275769405197
42.922 -0.0722450353205204 -9.76205816268921 -0.21805192083120345 2.069465648854962 -65.96412213740459 -8.727480916030533 250.13999999999996 79.5 -25.619999999999997 3.221821535118541 1.51231098383334 7.344149089404842
42.937 -0.030585923045873643 -9.775705146789551 -0.21817163079977037 1.868702290076336 -65.41603053435115 -8.610687022900764 250.67999999999998 80.64 -23.879999999999995 3.222415050835211 1.5116211426707296 7.376230654465462
42.952 -0.04297591745853424 -9.738475322723389 -0.25462334901094436 1.8 -64.80076335877862 -8.367938931297711 251.51999999999998 81.72 -22.199999999999996 3.2226694146587205 1.5116211426707296 7.401563483760429
42.982 -0.09528922587633133 -9.762776470184326 -0.31585505679249765 1.7709923664122136 -63.955725190839686 -8.235114503816792 252.05999999999995 82.97999999999999 -20.46 3.223008591166424 1.5118798674815883 7.4196268394774965
42.997 -0.10432733744382858 -9.806171321868897 -0.39121255204081534 1.6229007633587789 -63.15648854961832 -8.167175572519083 252.17999999999998 83.69999999999999 -19.14 3.2229238032289254 1.51015982830693 7.423408866360832
43.012 -0.07439981698989868 -9.770617389678955 -0.3782240077853203 1.2778625954198475 -62.26183206106871 -8.143511450381679 251.99999999999994 84.11999999999999 -17.16 3.222669439405415 1.51015982830693 7.422402767427082
43.042 -0.03645172119140625 -9.77558536529541 -0.35446155816316605 1.0648854961832064 -60.85114503816793 -8.081679389312978 252.06 85.49999999999999 -16.02 3.222245684850196 1.5092986764992353 7.416452321441594
43.058 -0.035075053572654724 -9.714593029022216 -0.4102464631199837 0.7328244274809161 -59.117557251908394 -7.878625954198474 251.87999999999997 86.51999999999998 -15.0 3.2217370683155586 1.5097295384707077 7.417207676750254
43.072 -0.04860229343175888 -9.739013957977296 -0.5200804635882378 0.6580152671755727 -57.28778625954199 -7.814503816793892 251.76 86.99999999999999 -13.680000000000001 3.2212285258228404 1.5100738158194653 7.414898635139475
43.102 -0.08577227592468262 -9.697773838043213 -0.5167285813950002 0.5534351145038168 -55.95954198473282 -7.693129770992366 251.57999999999998 87.05999999999997 -12.54 3.22038083130492 1.5105911963471066 7.410524811363706
43.117 -0.07338228523731231 -9.725546646118165 -0.4768651223741472 0.548854961832061 -54.189312977099235 -7.744274809160305 252.3 87.77999999999999 -11.219999999999999 3.2197027745452638 1.5100736768926328 7.403771293036901
43.132 -0.01209072321653366 -9.740570259094238 -0.508109453972429 0.5183206106870228 -52.26641221374045 -7.863358778625954 252.48000000000002 88.07999999999998 -10.2 3.2189397939889437 1.509900984316366 7.401681495196098
43.162 0.006584050506353379 -9.721656036376952 -0.5366603053174913 0.18702290076335876 -50.5969465648855 -7.870992366412215 252.9 88.73999999999998 -9.3 3.2186006669305796 1.5094696602388347 7.40843023096175
43.178 0.03543418198823929 -9.727701377868652 -0.5533598638139665 0.03587786259541984 -48.66564885496183 -7.695419847328243 253.68 89.87999999999998 -8.639999999999999 3.2180919762879796 1.5093834417813263 7.414132579911282
43.192 0.022445637732744217 -9.680894756317139 -0.5619191384874285 -0.0633587786259542 -46.53282442748092 -7.419083969465648 254.64000000000001 90.23999999999998 -7.4399999999999995 3.2179224374724527 1.5100725459224835 7.427029575142373
43.222 0.05871779397130013 -9.746555805206299 -0.6120178080163896 0.30229007633587784 -44.437404580152666 -7.18473282442748 255.23999999999995 90.72 -7.079999999999998 3.217837674237598 1.5089528979174667 7.444258218923524
43.237 0.04722562576644122 -9.702622222900391 -0.5827486923895776 0.05496183206106866 -42.80229007633587 -6.8938931297709924 255.47999999999996 91.08000000000001 -5.4 3.2180071390772484 1.5092114840973099 7.472098932822862
43.252 0.1035492196213454 -9.764991188049317 -0.5505466750822962 0.2366412213740457 -41.07251908396947 -6.792366412213741 255.77999999999997 91.62 -4.38 3.2182613917883764 1.5092975876410102 7.492839456092298
43.282 0.16741455043666065 -9.75643186569214 -0.5646126142702996 0.299236641221374 -39.58625954198473 -6.667175572519083 256.38 92.10000000000001 -3.1799999999999997 3.2185156075280688 1.5101566992958884 7.512270988037865
43.297 0.1891419320832938 -9.783366584777832 -0.6153696931898593 0.26717557251908397 -37.81908396946565 -6.422900763358778 256.62 93.30000000000001 -2.5799999999999996 3.2190240760448887 1.5109312220161952 7.53359491284674
43.312 0.14323311629705132 -9.754935359954834 -0.6427833020687104 0.2961832061068702 -35.90229007633589 -6.0488549618320615 256.73999999999995 93.78 -1.3799999999999997 3.219786945488738 1.5120514669564482 7.555330152961891
43.342 0.0946906782221049 -9.731472206115722 -0.6197391092777252 0.4221374045801526 -33.85419847328244 -5.641221374045801 256.91999999999996 94.68 -0.7200000000000001 3.220295487981457 1.5142893043273964 7.574031461638481
43.357 0.10953472848050297 -9.758766078948975 -0.6006453573703766 0.49694656488549616 -31.580916030534347 -5.413740458015267 256.79999999999995 94.8 0.24000000000000027 3.2207194277240148 1.5159252854984768 7.591740806649819
43.372 0.1653794832061976 -9.766666889190674 -0.6181828796863555 0.5236641221374045 -29.45419847328244 -5.1061068702290076 256.31999999999994 94.2 1.2 3.2211433056824212 1.5181595899728695 7.611322057047889
43.402 0.2103306188713759 -9.735123252868652 -0.6071096956729889 0.45038167938931284 -27.280152671755722 -4.824427480916031 256.14 94.74 1.7399999999999998 3.2214824327407854 1.5195334565894338 7.627969885554681
43.417 0.25103204543702307 -9.748710346221923 -0.6481104016304016 0.4145038167938931 -24.796183206106868 -4.621374045801527 256.32 95.03999999999999 3.0 3.22156719597564 1.5225392483607494 7.644666364597496
43.432 0.2649782709777355 -9.733746528625488 -0.6838438645005226 0.6038167938931298 -22.489312977099235 -4.420610687022902 256.8 95.16 3.1199999999999997 3.221906273628708 1.524172211296451 7.6601118201073035
43.462 0.2374449521303177 -9.72536678314209 -0.6555922821164131 0.7381679389312976 -20.00687022900763 -4.141984732824428 257.21999999999997 95.7 3.8999999999999995 3.22199104920938 1.525718216539 7.676193783460706
43.477 0.22164322137832643 -9.738774299621582 -0.6224924400448799 0.8290076335877862 -17.298473282442746 -3.8045801526717553 257.76 95.64000000000001 4.079999999999999 3.2224998140260075 1.524687011786143 7.690488448978158
43.492 0.2276287257671356 -9.734045791625977 -0.6555324211716652 0.7366412213740458 -14.524427480916032 -3.5938931297709926 258.3 96.30000000000001 4.739999999999999 3.2224998140260075 1.5264871883039584 7.704294723180752
43.522 0.25737668089568616 -9.74517889022827 -0.7095815241336823 0.5450381679389312 -11.681679389312979 -3.374045801526717 258.48 96.84 4.68 3.222330201036475 1.5307609906195885 7.717072475777966
43.537 0.290715941041708 -9.724229621887208 -0.7274781823158264 0.34122137404580144 -8.819847328244276 -3.088549618320611 259.02000000000004 97.26000000000002 5.579999999999999 3.2219063848071756 1.5382286224801716 7.727072105760341
43.552 0.30352492108941076 -9.706811809539795 -0.7244255721569062 0.3786259541984732 -5.806106870229008 -2.733587786259542 259.38 97.50000000000001 5.34 3.2211435153633245 1.5475507353487237 7.735692463324869
43.582 0.2770689927041531 -9.70190372467041 -0.7217919528484344 0.23206106870229 -2.525954198473282 -2.418320610687023 260.21999999999997 98.34 5.1 3.2203807569328964 1.556013099807918 7.744050392133305
43.598 0.24013843275606633 -9.71411418914795 -0.7530961394309997 0.1061068702290076 0.8557251908396951 -2.0770992366412213 260.34000000000003 98.82 5.700000000000001 3.219872140398258 1.562885726521378 7.754637349133489
43.612 0.20584149546921254 -9.687777900695801 -0.7350797712802887 -0.025190839694656474 4.214503816793893 -1.7022900763358777 260.58000000000004 98.69999999999999 5.460000000000001 3.2197873771634042 1.5669653571486448 7.7635592222568235
43.643 0.2212840963155031 -9.721655941009521 -0.7674613475799561 -0.06870229007633585 7.935114503816794 -1.3534351145038168 260.52 98.99999999999999 4.92 3.219533050410378 1.5703774997081932 7.769135243457688
43.658 0.24618379287421704 -9.717406272888184 -0.8125920474529267 -0.3633587786259542 11.6 -0.9961832061068703 260.4599999999999 98.7 4.9799999999999995 3.2192787606948094 1.5728534181476026 7.769971947013765
43.673 0.24696190766990184 -9.694840908050537 -0.8280945062637329 -0.6564885496183207 15.223664122137404 -0.6755725190839694 259.67999999999995 98.76 4.5600000000000005 3.218769995878182 1.575596227872976 7.7677365312293505
43.702 0.22619220651686192 -9.692027759552001 -0.8252813160419464 -0.669465648854962 18.854961832061072 -0.4251908396946565 259.49999999999994 97.74000000000001 4.26 3.218600457062655 1.5758526095745613 7.7638186316114455
43.717 0.19135657282313331 -9.688077354431153 -0.8243236362934112 -0.6549618320610688 22.36793893129771 -0.2564885496183206 259.37999999999994 97.38 4.14 3.2182613794095873 1.5739787527042979 7.75737470251453
43.733 0.15903484834125264 -9.685683155059815 -0.8355165302753449 -0.6511450381679389 25.792366412213745 -0.02213740458015272 259.14 96.53999999999999 3.4200000000000004 3.2181766531461684 1.5701796493952114 7.749574007794986
43.762 0.1404797845869325 -9.701604652404786 -0.8359355151653289 -0.6992366412213741 29.070992366412213 0.1732824427480916 259.08 96.24 3.6 3.218430831947418 1.5642756498868653 7.739855816054906
43.778 0.1566406467347406 -9.705614948272705 -0.8168417572975158 -0.7137404580152672 32.44198473282442 0.35801526717557247 258.0 95.76 3.6 3.2188544633194835 1.556754065718874 7.727933870059372
43.794 0.15993267422309146 -9.691728591918945 -0.7988253891468048 -0.8038167938931299 35.689312977099235 0.6274809160305344 258.00000000000006 94.92 2.4 3.218939201895715 1.5505662500257977 7.711894085838685
43.822 0.13856442387914286 -9.697714138031007 -0.799124664068222 -0.9572519083969466 38.846564885496186 1.0083969465648857 257.34000000000003 94.74 1.3800000000000003 3.2188544509956727 1.545973272457392 7.696960777506675
43.837 0.12276269163703546 -9.705555152893066 -0.7691372871398926 -1.0511450381679388 41.85190839694657 1.387786259541985 256.97999999999996 93.78 1.1400000000000001 3.2186849615193993 1.5430751314193685 7.681285442722187
43.852 0.07787141170119867 -9.688676071166991 -0.6888716787099838 -1.0511450381679388 44.667175572519085 1.664885496183206 256.73999999999995 93.54 -0.18000000000000016 3.218600222943168 1.540941792859307 7.668389489433072
43.882 0.07188590731238946 -9.690651321411133 -0.6544550269842148 -1.0351145038167937 47.506106870229004 1.946564885496183 256.5 93.18 -1.1400000000000001 3.2184307334668945 1.5397445854951692 7.654179328584952
43.897 0.06566098298644647 -9.722194862365722 -0.6323086649179459 -1.200763358778626 50.23511450381679 2.3786259541984736 255.95999999999998 92.88000000000001 -2.52 3.2182612439906206 1.5387178891333402 7.638109222176328
43.912 0.05931634875014424 -9.709505558013916 -0.5746682599186897 -1.4610687022900763 52.990839694656486 2.8763358778625956 255.35999999999999 92.4 -3.9599999999999995 3.2180917791509707 1.5377771088421368 7.620747233129494
43.942 0.07092822631821036 -9.741168880462647 -0.5582679763436318 -1.4129770992366413 55.706870229007635 3.236641221374046 255.06 91.50000000000001 -5.34 3.218345994890663 1.5339369816761397 7.604829822811837
43.957 0.03812766289338469 -9.733327865600586 -0.5178059682250022 -1.5099236641221374 58.123664122137406 3.650381679389313 254.51999999999992 91.08 -6.959999999999999 3.218176530051013 1.5309480319395345 7.583015981085803
43.972 -0.030466217640787364 -9.699988555908202 -0.45142672657966615 -1.5083969465648854 60.25190839694657 4.049618320610687 254.45999999999995 90.41999999999999 -8.459999999999999 3.2180917791509707 1.5293213877340959 7.563618462031118
44.002 -0.02603694433346391 -9.7423659324646 -0.4304774641990662 -1.1259541984732824 62.38778625954198 4.204580152671756 254.33999999999997 89.58 -9.899999999999999 3.2182612932858676 1.529064746957289 7.534492428643593
44.017 -0.0396838940680027 -9.716209220886231 -0.3885190784931183 -0.9587786259541984 64.16412213740459 4.231297709923664 254.33999999999997 88.85999999999999 -11.579999999999998 3.2185155830014365 1.5285506136862936 7.493261733755469
44.032 -0.05075707659125328 -9.72812032699585 -0.37002387046813967 -0.6938931297709924 65.87480916030533 4.227480916030535 254.45999999999998 88.13999999999999 -13.379999999999999 3.2186850724777094 1.5276935036093822 7.454220271433558
44.062 -0.04584896340966225 -9.736380290985107 -0.357633876055479 -0.6381679389312978 67.37786259541986 4.433587786259542 253.98000000000002 87.05999999999999 -14.819999999999999 3.2191088887070096 1.5266647058677383 7.414156256547339
44.078 -0.06572083756327629 -9.71644859313965 -0.304901585355401 -0.632824427480916 68.80381679389313 4.693129770992367 253.56 86.4 -16.08 3.219278378183283 1.5260644978444093 7.376484895729417
44.092 -0.076674310490489 -9.7022629737854 -0.2866457972675562 -0.3206106870229009 70.17557251908397 4.812977099236641 253.37999999999997 85.25999999999999 -17.82 3.2193631167595145 1.5290504687225472 7.342163100536086
44.122 -0.0864905383437872 -9.723810768127441 -0.28844144828617574 0.0488549618320611 71.15419847328245 4.912977099236642 252.9 84.17999999999998 -19.500000000000004 3.2197020957340614 1.529221714885224 7.309240214277449
44.137 -0.0958877794444561 -9.72387056350708 -0.2509721923619509 0.1687022900763359 71.96412213740457 5.036641221374046 252.06000000000003 83.34 -20.94 3.2197868589689156 1.5293075253001742 7.276189935870041
44.152 -0.08690952286124229 -9.69807300567627 -0.20733786784112454 0.28396946564885495 72.69770992366412 5.072519083969466 251.57999999999998 81.89999999999999 -22.38 3.2202106135241353 1.5288783616765733 7.250031125501012
44.182 -0.06524199694395065 -9.70603380203247 -0.17417817376554012 0.3916030534351146 73.33816793893129 5.038167938931297 250.97999999999996 80.58 -23.939999999999998 3.220634491482541 1.528620796667473 7.224300555534394
44.198 -0.08517372608184814 -9.715490913391113 -0.16424223445355893 0.36870229007633587 73.77709923664122 5.095419847328244 250.5 79.38 -25.619999999999997 3.2208888553060504 1.527420531217232 7.212011855878812
44.228 -0.11761516034603119 -9.708068943023681 -0.1428141299635172 0.4221374045801527 73.98015267175573 5.232824427480916 250.19999999999996 77.52 -26.639999999999997 3.2210584435488885 1.5262177722336516 7.213224613347262
44.242 -0.13664906322956086 -9.717526054382324 -0.10289081670343876 0.6809160305343511 74.18015267175574 5.281679389312977 249.6 76.07999999999998 -28.32 3.221652045840485 1.5254444709937238 7.214922475212302
44.257 -0.1203086368739605 -9.749787902832031 -0.09367314050905406 1.0282442748091605 74.49541984732824 5.2854961832061065 249.35999999999999 74.4 -29.52 3.222161033575806 1.5246707643205497 7.213957112085504
44.272 -0.11252748109400272 -9.77588472366333 -0.06033388036303222 1.3068702290076335 74.41603053435115 5.457251908396946 249.3 72.66 -31.02 3.222839485754298 1.523725369982643 7.2115469067608675
44.303 -0.11001356914639474 -9.7619384765625 -0.015203177509829403 1.365648854961832 74.12519083969465 5.564885496183206 249.48000000000002 70.56 -31.799999999999994 3.2236875511426875 1.5191072903182554 7.207925563657184
44.318 -0.11827356442809105 -9.742784881591797 0.0031124659813940524 1.415267175572519 73.72366412213741 5.480916030534351 249.66 68.82 -33.17999999999999 3.2243661023961794 1.5171326016526583 7.206716847893152
44.332 -0.13766659758985042 -9.724289703369141 0.05961562478914857 1.5496183206106873 73.28320610687022 5.361068702290076 250.13999999999996 67.02000000000001 -34.14 3.2250446536496717 1.5154983506775503 7.2071995292578155
44.362 -0.09929951541125774 -9.763315200805664 0.06410475308075547 1.8488549618320609 72.90152671755725 5.159541984732824 250.44 65.52000000000001 -35.519999999999996 3.225553567012638 1.5146383370979655 7.207439989229437
44.377 -0.09660603888332844 -9.773550415039063 0.0430956325493753 1.8908396946564885 72.14809160305343 5.041221374045802 250.56 63.48 -36.239999999999995 3.2260626291864676 1.5139505077691593 7.205275843578656
44.392 -0.12162544764578342 -9.757748699188232 0.09953893637284636 1.8450381679389314 71.33282442748092 5.033587786259543 250.73999999999995 61.85999999999999 -37.26 3.2269113148964435 1.5124871258647516 7.205275843578654
44.422 -0.07475894801318646 -9.800604915618896 0.12168530216440558 1.9251908396946564 70.77862595419847 4.925190839694657 251.03999999999996 61.08 -38.4 3.2275052642591517 1.511797838055296 7.202854370346171
44.437 -0.08385691456496716 -9.773131465911865 0.12695254599675537 1.6251908396946568 69.69847328244275 4.79618320610687 251.16 59.4 -38.760000000000005 3.2280994747358953 1.5118838505427605 7.201883190747315
44.452 -0.10187328197062015 -9.760202789306641 0.17627310031093657 1.4732824427480917 68.57557251908396 4.580916030534351 251.40000000000003 57.96 -39.36 3.2286089100953554 1.512227945972176 7.207224765130512
44.482 -0.06961141303181648 -9.788394451141357 0.14233528994955122 1.470229007633588 67.60916030534351 4.10763358778626 251.64000000000001 56.52 -39.6 3.2292881573444157 1.512055761721397 7.215239976501667
44.497 -0.0768538735806942 -9.776962184906006 0.1522712277714163 1.1595419847328243 66.48702290076336 3.8030534351145038 251.1 56.220000000000006 -40.14 3.229542818922094 1.5136021707005316 7.225719382797818
44.512 -0.0754772074520588 -9.761100578308106 0.18339584898203612 1.0274809160305343 65.60992366412214 3.7778625954198466 250.68 54.6 -40.08 3.2299673172020875 1.5144621842801165 7.236496775267016
44.542 -0.056443304568529126 -9.80000638961792 0.12521674763411283 1.1236641221374046 64.59465648854963 3.6351145038167934 250.38000000000002 53.58 -40.739999999999995 3.2301370791348134 1.5151512884212741 7.2487771701322
44.557 -0.07003039941191673 -9.781990051269531 0.12102689445018769 0.9847328244274809 63.35648854961833 3.570229007633588 250.08 52.08 -41.160000000000004 3.230221941444667 1.5166976974004087 7.263754835413321
44.572 -0.05590460896492004 -9.782169628143311 0.15831658709794283 0.9725190839694656 62.32977099236641 3.4480916030534345 250.32000000000002 50.76 -41.519999999999996 3.229712879270837 1.5208886590434825 7.27993320768402
44.602 -0.0208894083276391 -9.78204984664917 0.16579846907407045 0.8992366412213741 61.41832061068702 3.273282442748092 249.9 49.379999999999995 -41.46 3.228779393255523 1.5250040520455979 7.293223171053742
44.617 -0.06494272071868182 -9.76217794418335 0.1386841343715787 0.7610687022900763 60.47862595419847 3.1778625954198474 249.59999999999997 47.279999999999994 -41.76 3.2280158556499776 1.5281799607523534 7.306495161630903
44.647 -0.06877344269305467 -9.762896156311035 0.12731167618185282 0.86412213740458 59.77251908396946 3.2511450381679388 249.41999999999993 46.019999999999996 -42.17999999999999 3.2269128061164913 1.5303230369878411 7.31732364517067
44.662 -0.05021838005632162 -9.768283081054687 0.10091560278087855 0.9000000000000001 58.76870229007634 3.261832061068703 249.23999999999995 44.4 -42.12 3.2260639960112427 1.5312674444517191 7.323988410680239
44.692 -0.07164648603647947 -9.718363952636718 0.11162965539842844 0.7343511450381679 57.448091603053435 3.151145038167939 249.24 42.48 -42.239999999999995 3.2250454236420536 1.532556621654905 7.329930759250004
44.693 -0.03495534341782332 -9.723272037506103 0.12575544510036707 0.9137404580152673 56.409160305343505 2.9114503816793893 249.42 40.14 -42.42 3.2246210498676255 1.5320419585869745 7.334659204778667
44.722 -0.0035314461216330527 -9.765888881683349 0.10121487844735384 0.9625954198473282 55.31297709923664 2.6412213740458013 249.89999999999995 38.82000000000001 -42.779999999999994 3.2241116892777777 1.5319560588380337 7.338407535346339
44.737 0.0028131889179348946 -9.745119190216064 0.13670891989022493 0.6198473282442747 54.24961832061068 2.53206106870229 249.72000000000003 36.60000000000001 -42.599999999999994 3.2240268020888996 1.5321281065045704 7.339658685736407
44.752 0.003651159442961216 -9.752720737457276 0.13198037166148424 0.4625954198473282 53.12519083969467 2.366412213740458 249.96000000000004 35.4 -41.879999999999995 3.224196564021624 1.5308399396951213 7.339658685736407
44.782 -0.013826513104140759 -9.76942024230957 0.10911574382334947 0.3366412213740458 51.87404580152672 2.184732824427481 250.26000000000005 33.66 -41.459999999999994 3.224705626195454 1.5263045180096397 7.339909432009078
44.798 -0.03992331214249134 -9.768282985687256 0.07547720866277814 0.1984732824427481 50.57099236641223 1.9427480916030528 250.43999999999997 31.920000000000005 -41.16 3.225384375863501 1.5226202175407175 7.3416682877073445
44.812 -0.023403318598866463 -9.77923650741577 0.05608417587354779 0.13587786259541984 49.29847328244274 1.6480916030534352 250.37999999999997 30.660000000000004 -40.5 3.226063026280168 1.5196167688786753 7.3451896571829725
44.842 1.7956718802452086E-4 -9.754157257080077 0.04590881811454892 -0.06946564885496177 48.04656488549618 1.3061068702290077 250.44 29.4 -40.08 3.226656715223806 1.5166125408354927 7.3492085446034565
44.872 0.03423708640038967 -9.74194688796997 0.05776011543348432 -0.1450381679389313 47.10763358778625 1.0595419847328247 250.32 28.2 -40.32 3.226911227659741 1.5142895515003303 7.3537204788837425
44.873 0.056742582097649576 -9.76768455505371 0.07248445646837354 -0.2213740458015267 46.322900763358774 0.9893129770992367 250.01999999999998 27.3 -39.9 3.2273354150897235 1.5121380721060547 7.356980200382232
44.902 0.0086789820343256 -9.755952930450439 0.03471592413261533 -0.49618320610687017 45.50305343511451 1.1557251908396944 250.2 26.04 -39.599999999999994 3.2274202649766197 1.5098119993513586 7.358234795721954
44.917 -0.03357867784798145 -9.747094345092773 -0.0038905772380530834 -0.5435114503816795 44.90610687022901 1.182442748091603 250.13999999999996 24.78 -39.42 3.227335415089724 1.508261917929219 7.358737498275469
44.932 -0.049859249591827394 -9.781510925292968 -0.056622869055718186 -0.3541984732824428 44.28854961832062 1.0717557251908396 250.74 24.3 -38.81999999999999 3.226911165600088 1.5070556605015015 7.358737498275469
44.962 -0.07876923456788062 -9.761998176574707 -0.03968389155343175 -0.44732824427480916 43.781679389312984 1.032824427480916 250.2 23.04 -38.879999999999995 3.226402028921574 1.5062803147731394 7.359992957593502
44.978 -0.06596025545150042 -9.733985996246338 -0.006404487509280443 -0.5259541984732825 43.61145038167939 1.114503816793893 249.35999999999999 21.6 -38.75999999999999 3.2261474419809764 1.5061079470508048 7.362509948351246
44.992 -0.026874911971390247 -9.756551361083984 0.007841011881828308 -0.41908396946564885 43.43206106870229 1.2442748091603053 248.99999999999994 20.64 -38.16 3.22546869231293 1.5061940964135492 7.362761907279672
45.022 -0.008080429770052433 -9.74146785736084 0.005746084451675415 -0.39618320610687024 43.11221374045802 1.3954198473282442 248.93999999999997 19.020000000000003 -37.86 3.225044442823294 1.5062802917904916 7.363014739043064
45.037 0.005446809716522694 -9.764093112945556 -0.008140285313129426 -0.33893129770992364 42.78931297709924 1.3870229007633588 248.27999999999997 17.639999999999997 -37.559999999999995 3.2244507538796556 1.509796833740558 7.366058220399192
45.052 -0.014963759295642375 -9.760142612457276 -0.059436056017875674 -0.42671755725190846 42.25190839694656 1.2083969465648854 248.57999999999998 16.62 -37.38 3.224026628454189 1.5148522233298682 7.371649654575369
45.082 -0.008259995095431804 -9.755833053588868 -0.10516530871391297 -0.40381679389312974 41.761068702290075 1.0145038167938931 248.82 15.300000000000002 -37.5 3.2235176407188684 1.5176892141865557 7.377745180729808
45.098 0.02029085997492075 -9.764272689819336 -0.08044517636299134 -0.29389312977099236 41.080916030534354 0.7282442748091602 248.34 13.5 -37.019999999999996 3.2233479533570035 1.5204442281741195 7.3858783393409935
45.112 0.07170634064823389 -9.775824737548827 -0.018435353040695192 -0.27938931297709924 40.264122137404584 0.5541984732824428 248.09999999999997 12.179999999999998 -35.82 3.223008677818432 1.5223377743543003 7.393760060057542
45.142 0.048542439751327035 -9.742605209350586 0.020889408700168133 -0.5007633587786261 39.26641221374045 0.4908396946564886 247.73999999999995 11.22 -35.22 3.2230086778184317 1.5235440317820177 7.40264032038655
45.157 0.057939681224524975 -9.753917789459228 -0.015143327601253986 -0.4687022900763358 38.36335877862595 0.4190839694656489 248.28000000000003 9.72 -34.31999999999999 3.222923865134238 1.524147238884395 7.4112938841598055
45.172 0.05416881367564201 -9.759843444824218 -0.0634463468566537 -0.40687022900763364 37.23893129770992 0.16412213740458015 248.64000000000001 9.0 -33.839999999999996 3.2225845895956673 1.5248361597471167 7.4145921372971655
45.202 0.0713472120463848 -9.743802356719971 -0.06793547440320254 -0.3541984732824427 36.08473282442748 -0.08167938931297708 249.12000000000003 7.8 -33.480000000000004 3.2224998016581687 1.5261256751796373 7.418392541057015
45.218 0.1020528495311737 -9.747333812713624 -0.042257660813629624 -0.19160305343511452 34.912213740458014 -0.23129770992366408 249.06 6.899999999999999 -32.58 3.2220758619156102 1.5293844709189934 7.41991321948891
45.232 0.10360908061265946 -9.760322284698486 -0.022565351612865926 -0.08931297709923665 33.80152671755725 -0.17022900763358778 249.54000000000002 5.819999999999999 -31.5 3.221821609204482 1.5299812063097846 7.419149968228882
45.277 0.0926556073129177 -9.774926948547364 -0.0030526069924235342 -0.019847328244274775 32.868702290076335 0.04732824427480914 249.24 4.319999999999999 -29.999999999999993 3.221313066711764 1.5285323417056882 7.411546332648847
45.278 0.04560954421758652 -9.769779491424561 0.013886369206011296 -0.04045801526717558 31.92671755725191 0.23053435114503823 249.3 3.0599999999999996 -28.860000000000003 3.2208045242190457 1.5277610420437269 7.401941540634577
45.292 0.042437226697802546 -9.792883491516113 -1.7956545343622565E-4 0.12671755725190842 31.117557251908398 0.27938931297709924 249.06000000000003 2.94 -28.02 3.220041543662726 1.5268166345798488 7.393306025720953
45.322 0.03603273741900921 -9.785940265655517 -0.04112041493644938 0.13206106870229012 30.15648854961832 0.19694656488549622 249.35999999999999 2.1599999999999997 -27.72 3.219533001170008 1.5258712402419419 7.3864317933629025
45.338 0.08002619259059429 -9.775226211547851 -0.032860418723430485 0.1083969465648855 29.44351145038168 0.20381679389312982 249.48000000000002 1.32 -27.24 3.2189395719511764 1.5261291420352863 7.381837840250552
45.352 0.11031284444034099 -9.780553340911865 0.005386953486595303 0.20381679389312976 28.635877862595418 0.22977099236641227 249.42 0.66 -26.459999999999997 3.21834622915312 1.5261291420352863 7.374696554189678
45.382 0.1423951458185911 -9.803717231750488 0.01454477502265945 0.32671755725190843 27.869465648854963 0.3030534351145039 249.35999999999999 -0.11999999999999993 -26.04 3.2179224129238206 1.5263011443667227 7.37342446799763
45.398 0.11982979364693165 -9.797791576385498 -0.006943184451665729 0.20992366412213745 27.017557251908396 0.3580152671755726 249.11999999999998 -1.2 -25.56 3.2173292427362283 1.5262153339517728 7.372915456704803
45.413 0.0905008226633072 -9.791267395019531 -0.006883329467382282 -0.013740458015267177 26.218320610687027 0.3427480916030535 249.95999999999998 -1.44 -25.32 3.2169903130349353 1.5239891001800825 7.37418754289685
45.442 0.10360907688736916 -9.77809934616089 -0.009876081661786884 -0.10305343511450382 25.42595419847328 0.2519083969465649 249.95999999999998 -1.92 -24.96 3.2168208728099166 1.520822964490891 7.3759709485632685
45.457 0.11791443228721618 -9.784683418273925 -0.016639701591338964 -0.08396946564885496 24.423664122137403 0.030534351145038174 250.5 -1.98 -24.9 3.216736158848316 1.5183369838664524 7.384857382325178
45.472 0.14323311522603036 -9.78785572052002 -0.008439560432452708 0.025954198473282442 23.464885496183207 -0.18702290076335876 250.32 -2.2800000000000002 -24.84 3.216736158848316 1.5176498745430107 7.390134025031311
45.502 0.14401123076677322 -9.790728759765624 -0.015322890388779343 0.007633587786259555 22.550381679389314 -0.33893129770992364 250.92 -2.76 -24.24 3.2163973767029375 1.5183369838664524 7.390887819228387
45.517 0.14383166581392287 -9.780014705657958 -0.011432312685064972 -0.05267175572519084 21.700763358778623 -0.41908396946564885 250.98000000000002 -3.4200000000000004 -23.819999999999997 3.2163126627413368 1.5181647996156737 7.390887819228387
45.532 0.13054384663701057 -9.789052867889405 -0.02537853780668229 0.04122137404580153 20.761832061068702 -0.5770992366412214 250.55999999999995 -4.44 -23.04 3.215973831454614 1.5175627115298076 7.38810858268098
45.562 0.12060790881514549 -9.78588056564331 -0.05686228934209794 0.10152671755725189 19.901526717557253 -0.7091603053435114 250.37999999999997 -5.339999999999999 -23.1 3.2156350493092347 1.5177348501557923 7.3855915919232356
45.577 0.11887211427092552 -9.785282039642334 -0.08948328632395715 0.15725190839694658 19.01450381679389 -0.7923664122137404 250.32 -6.4799999999999995 -22.080000000000002 3.2149575830375765 1.518507747678784 7.3815504447120235
45.592 0.1285087764263153 -9.781630897521973 -0.09349357474129646 0.20839694656488553 18.093129770992366 -0.8946564885496183 249.96000000000004 -6.24 -21.480000000000004 3.21453425866171 1.5218383133938918 7.378763492688483
45.637 0.1580173123627901 -9.795098209381104 -0.09247603926341981 0.32900763358778623 17.30381679389313 -1.016030534351145 248.76 -7.2 -20.76 3.2136877932295618 1.5297370025691717 7.3747083171474
45.639 0.1508945617824793 -9.796774101257324 -0.0852335787145421 0.22977099236641224 16.51374045801527 -1.115267175572519 248.4 -7.8 -20.400000000000002 3.212925919344721 1.5356182588374725 7.369635800052737
45.652 0.13904326297342778 -9.777321243286133 -0.10205284531693906 0.04351145038167938 15.80381679389313 -1.0793893129770993 247.73999999999992 -9.3 -19.740000000000002 3.2122486491992617 1.5395531040660075 7.363519013798594
45.682 0.11204863898456097 -9.783486270904541 -0.16801310367882252 -0.05267175572519087 15.144274809160304 -1.0320610687022902 247.19999999999996 -10.319999999999999 -18.84 3.2116559091910224 1.540583233364948 7.359742207337698
45.698 0.09421183615922928 -9.757509231567383 -0.2545634936541319 -0.16870229007633591 14.564122137404578 -1.002290076335878 247.26 -10.86 -18.66 3.211486591709529 1.5398101341975345 7.3579857723244775
45.712 0.07936778590083123 -9.765888977050782 -0.32722751535475253 -0.14656488549618324 14.128244274809159 -0.983969465648855 246.9 -11.7 -17.939999999999998 3.2111478586615525 1.540154411546292 7.358743218428385
45.742 0.1165377676486969 -9.772353267669677 -0.36996401473879814 -0.20839694656488555 13.783969465648855 -0.9343511450381682 247.07999999999998 -11.879999999999999 -18.0 3.2109785166752816 1.5398960322109625 7.357737812880093
45.757 0.1083974821609445 -9.73626070022583 -0.3848080672323704 -0.3893129770992367 13.475572519083972 -0.8473282442748091 247.13999999999996 -11.940000000000001 -17.22 3.2108091991937884 1.5396377900412772 7.3527553874605065
45.802 0.08379705921979622 -9.767505073547364 -0.4150947190821171 -0.3656488549618321 13.344274809160305 -0.8106870229007633 247.02000000000004 -11.7 -17.46 3.2108091991937884 1.5383486128380917 7.340651137656124
45.803 0.063147069059778 -9.763494777679444 -0.4802170030772686 -0.4213740458015267 13.341221374045805 -0.8167938931297709 247.26000000000005 -12.78 -17.22 3.2106399550949676 1.5344167482144924 7.317194115155024
45.818 0.03639186500804499 -9.803717422485352 -0.5570708766579628 -0.41984732824427473 13.40916030534351 -0.8816793893129772 247.61999999999998 -12.9 -17.220000000000002 3.21055537572878 1.526088222557326 7.28884011846826
45.834 0.04112041323678568 -9.806530666351318 -0.5923853531479836 -0.4320610687022901 13.487786259541986 -0.9229007633587786 248.09999999999997 -13.38 -17.1 3.2104707841814735 1.5198628708596096 7.265430365889922
45.862 0.03681085064308718 -9.822452068328857 -0.5704185528680682 -0.33129770992366414 13.687022900763358 -0.9977099236641221 248.51999999999998 -12.48 -16.56 3.21013244233258 1.5161000732976115 7.238170776049154
45.877 0.08457517503993586 -9.824487209320068 -0.5011662671342492 -0.3335877862595419 13.999999999999996 -0.9610687022900762 248.93999999999997 -12.3 -16.259999999999998 3.209624856384866 1.514983954154699 7.204010766594254
45.907 0.11270704596536234 -9.832747173309325 -0.41730935368686917 -0.32977099236641216 14.051908396946564 -0.932824427480916 248.21999999999997 -12.9 -15.779999999999998 3.2089480750189865 1.5152418559480434 7.171242639345925
45.922 0.11456255215452985 -9.804435729980469 -0.34482489693909885 -0.3534351145038167 13.944274809160305 -1.0267175572519085 248.34 -13.14 -15.539999999999997 3.2081020981472896 1.5152418559480434 7.133128508351841
45.937 0.08152256879257039 -9.78031415939331 -0.2926911560818553 -0.3236641221374045 13.943511450381678 -1.1961832061068705 248.52000000000004 -14.16 -14.759999999999996 3.2072561212755937 1.515672373909358 7.092562591097563
45.952 0.1061229913495481 -9.80389699935913 -0.2649184150621295 -0.27938931297709924 14.089312977099235 -1.3343511450381682 248.70000000000005 -14.7 -14.459999999999999 3.2065793399097147 1.5160166512581157 7.055886276091712
45.982 0.11073182942345738 -9.763075828552246 -0.24498668741434812 -0.3801526717557251 14.001526717557251 -1.423664122137405 248.93999999999997 -15.420000000000002 -13.979999999999999 3.20590265603668 1.5170483971693198 7.030328607772455
45.997 0.12198457736521959 -9.782289218902587 -0.21260511111468078 -0.29923664122137394 13.896946564885496 -1.4427480916030535 248.76 -15.24 -13.439999999999998 3.205310685511283 1.5180785264682601 7.016404211802731
46.012 0.12330138823017478 -9.747274017333984 -0.15688006710261107 -0.33816793893129765 13.735114503816794 -1.422137404580153 249.53999999999996 -15.179999999999998 -12.899999999999997 3.2051415632784654 1.5189376381231383 7.009249704962658
46.042 0.11665747901424765 -9.732370090484618 -0.11360487025231122 -0.3564885496183206 13.603816793893131 -1.4045801526717558 249.17999999999998 -15.66 -12.059999999999999 3.204887861679462 1.519883032461045 6.995352148552813
46.058 0.1339555866084993 -9.717526054382324 -0.11779472306370735 -0.3717557251908397 13.407633587786261 -1.3954198473282444 248.94 -16.499999999999996 -11.700000000000001 3.2047187637541428 1.5209134297688949 6.979976126496796
46.072 0.11875240569934249 -9.70621337890625 -0.138145437464118 -0.3641221374045801 13.128244274809159 -1.4900763358778628 248.82 -16.979999999999997 -11.34 3.204296109943533 1.5221152487189222 6.9754460973149675
46.117 0.11540052285417915 -9.713216400146484 -0.1638232495635748 -0.367175572519084 13.06641221374046 -1.5206106870229008 249.11999999999998 -16.559999999999995 -11.4 3.204127036303828 1.5221152487189222 6.96909998214214
46.118 0.13395558642223476 -9.732848834991454 -0.1708861444145441 -0.4251908396946565 13.054198473282444 -1.3893129770992367 249.23999999999995 -16.319999999999997 -10.8 3.2039579869278576 1.523745660035762 6.964129467222463
46.132 0.1344942812807858 -9.730694103240968 -0.1960252620279789 -0.4419847328244274 12.829007633587787 -1.246564885496183 249.06 -16.02 -10.86 3.2037889375518867 1.5252052044780908 6.963233080516687
46.162 0.12605471955612302 -9.75182294845581 -0.19506758134812116 -0.39541984732824426 12.538167938931299 -1.1916030534351145 249.06000000000003 -16.14 -10.26 3.2032818620621177 1.5272633505758264 6.962563091420407
46.177 0.16705542476847768 -9.757987976074219 -0.1811213565990329 -0.5244274809160305 12.30916030534351 -1.0755725190839693 249.06 -16.14 -9.3 3.2031128126861477 1.5279493912766364 6.959408000646209
46.192 0.20075381295755507 -9.746256446838379 -0.15759832691401243 -0.714503816793893 11.685496183206107 -0.9847328244274808 248.94 -16.5 -8.46 3.202774810836084 1.5282064248004223 6.951973128814851
46.222 0.2467823415994644 -9.75164337158203 -0.11623849254101515 -0.6961832061068701 10.746564885496182 -0.9290076335877862 248.1 -17.22 -7.860000000000001 3.2020143608652383 1.5291488834408995 6.924700877591522
46.237 0.24127567782998086 -9.737158393859863 -0.07098808120936155 -0.6167938931297711 9.621374045801527 -0.9473282442748092 248.45999999999998 -17.22 -7.74 3.2007474869861996 1.5295777138313487 6.879308992960024
46.267 0.22343887463212014 -9.75744924545288 -0.006703766249120236 -0.5290076335877864 8.525954198473283 -0.9160305343511451 248.27999999999997 -17.759999999999998 -7.6800000000000015 3.199059163531168 1.5296634356664112 6.829287476209332
46.282 0.18309657648205757 -9.762536907196045 0.061171850003302095 -0.5633587786259542 7.301526717557254 -0.8618320610687024 248.87999999999997 -18.0 -7.32 3.197455827276653 1.5288054407108056 6.775674800416715
46.298 0.14862007200717925 -9.778817462921143 0.11061211321502924 -0.5809160305343511 6.001526717557253 -0.9564885496183205 248.34 -18.18 -6.779999999999999 3.195514944793364 1.5288054407108056 6.724873183921568
46.312 0.12389993891119958 -9.786838054656982 0.1075595060363412 -0.648091603053435 4.594656488549619 -1.1786259541984734 247.98000000000002 -18.54 -6.419999999999999 3.193658580934861 1.5272610418814305 6.675886905774543
46.357 0.15981296449899673 -9.799527263641357 0.09714472834020853 -0.7175572519083969 3.207633587786259 -1.3870229007633588 247.98000000000002 -19.139999999999993 -6.540000000000001 3.19188647168036 1.5258014974391014 6.6272108097466
46.358 0.19907787293195725 -9.775645065307618 0.05363011360168457 -0.8244274809160306 1.7748091603053435 -1.553435114503817 247.68 -19.079999999999995 -7.2 3.1902835910471343 1.5239153536728025 6.584566992401451
46.372 0.1903988912701607 -9.75732946395874 0.008798687160015107 -0.8190839694656488 0.49618320610687033 -1.7083969465648856 247.92000000000002 -18.479999999999997 -7.8 3.1885114817926334 1.5227998139894658 6.541297927917867
46.402 0.15089456401765347 -9.752241802215575 -0.1004367634654045 -0.7213740458015266 -0.21068702290076335 -1.8045801526717558 248.45999999999998 -18.42 -8.219999999999999 3.1870771222540766 1.5209963714865453 6.5008623794295985
46.418 0.09062053523957729 -9.746794986724854 -0.20117280185222625 -0.7618320610687022 -0.45954198473282437 -1.8610687022900758 248.51999999999998 -18.360000000000003 -8.28 3.186064705881369 1.5197105374220177 6.481292756839332
46.432 0.06440402604639531 -9.7754056930542 -0.2883815973997116 -0.848854961832061 -0.34885496183206105 -1.929770992366412 248.45999999999995 -18.540000000000003 -8.1 3.185474423120273 1.5185084057916407 6.4818935320470015
46.462 0.05692214574664831 -9.760382080078125 -0.3829525649547577 -0.9786259541984732 -0.08244274809160324 -2.0320610687022898 249.11999999999998 -17.999999999999996 -8.16 3.185474423120273 1.5176501884420728 6.492596480723914
46.477 0.10025719609111547 -9.768941402435303 -0.4617816537618637 -0.9587786259541984 0.48778625954198473 -2.1732824427480915 248.58 -17.7 -8.459999999999999 3.185558701508464 1.5182510178457878 6.507829430823824
46.492 0.1399410894140601 -9.746675395965577 -0.5366603121161461 -0.9854961832061067 1.2030534351145037 -2.1778625954198474 248.99999999999994 -18.0 -8.4 3.1858115009913246 1.518508717140174 6.521532865186648
46.522 0.19033903609961272 -9.748710441589356 -0.569101744890213 -0.8954198473282442 2.097709923664122 -2.0763358778625953 248.93999999999997 -17.939999999999998 -8.580000000000002 3.186148590770766 1.5191101732151562 6.533869995218325
46.537 0.1784877372905612 -9.730394840240479 -0.535463210940361 -0.8618320610687021 2.8404580152671755 -1.9320610687022899 248.75999999999993 -17.88 -8.64 3.1864014259462055 1.5195401226750376 6.5461863918396075
46.552 0.1489792002364993 -9.758466911315917 -0.45561658442020414 -0.6801526717557251 3.5328244274809166 -1.8641221374045802 248.33999999999997 -18.059999999999995 -7.980000000000001 3.1867385157256463 1.5203130201980288 6.5533857718049005
46.582 0.1073799453675747 -9.763434886932373 -0.3614646017551422 -0.6687022900763357 4.023664122137405 -1.880152671755725 248.28000000000003 -18.839999999999996 -7.68 3.1869070606045042 1.5210857165037104 6.560410890467166
46.597 0.09792284853756428 -9.765110778808594 -0.2355894476175308 -0.6969465648854961 4.417557251908397 -1.9641221374045803 248.34 -19.499999999999996 -7.62 3.187075629289277 1.5222891055073462 6.566434073938774
46.612 0.11988964937627315 -9.764572143554688 -0.17441759258508682 -0.7312977099236642 4.566412213740458 -2.1496183206106876 248.76 -19.559999999999995 -7.44 3.187159931505116 1.5225466705164465 6.568645657969002
46.642 0.1634641196578741 -9.764871501922608 -0.16148890405893326 -0.7229007633587787 4.3396946564885495 -2.3580152671755727 248.81999999999994 -19.38 -7.9799999999999995 3.1874128381635045 1.5230624067472738 6.570655618596538
46.658 0.20326772425323725 -9.760861206054688 -0.14514847695827485 -0.815267175572519 3.907633587786259 -2.5259541984732827 248.39999999999995 -19.559999999999995 -7.68 3.187750118651137 1.522718492466465 6.569249842072926
46.672 0.20745757613331078 -9.740271091461182 -0.15729905068874359 -0.9557251908396948 3.389312977099236 -2.603053435114504 248.57999999999998 -20.22 -7.260000000000001 3.1886779692675953 1.5214296527758062 6.5652298899577035
46.703 0.20907366219908 -9.744041919708252 -0.1584362953901291 -0.998473282442748 2.92442748091603 -2.6465648854961836 248.51999999999998 -20.88 -7.44 3.1893526259884935 1.5209140516880753 6.558808773013493
46.718 0.16346411909908057 -9.739253520965576 -0.1617881804704666 -1.0793893129770993 2.4679389312977102 -2.6717557251908395 248.82 -20.819999999999997 -7.859999999999999 3.189942992412809 1.5203985854570652 6.553982075625394
46.732 0.13317746808752418 -9.752062511444091 -0.20919337272644042 -1.1305343511450383 2.353435114503817 -2.6770992366412214 249.18 -20.82 -7.38 3.1904489848773245 1.519968635997184 6.549762316234387
46.762 0.10881646694615484 -9.742725086212157 -0.2970605790615082 -1.3114503816793894 2.4122137404580153 -2.6381679389312978 249.66 -21.059999999999995 -7.62 3.190786265364957 1.5195394723735833 6.545145891717397
46.777 0.12689268914982677 -9.75002737045288 -0.3672705441713333 -1.4022900763358779 2.70381679389313 -2.6244274809160304 249.83999999999997 -20.759999999999998 -7.8 3.1911234981103176 1.5192821077279097 6.538717505951761
46.807 0.16280571473762392 -9.739073944091796 -0.3889380693435669 -1.4740458015267175 2.966412213740458 -2.613740458015267 249.42 -20.699999999999996 -7.500000000000002 3.191376440559096 1.5196251277034087 6.531303504506615
46.822 0.1909974384121597 -9.735841751098633 -0.405098931491375 -1.4526717557251907 3.3862595419847326 -2.500763358778626 249.77999999999992 -20.459999999999997 -8.22 3.1915450807920362 1.519710938118359 6.52391869783699
46.837 0.19003975866362452 -9.730035781860352 -0.4213795021176338 -1.4938931297709923 4.001526717557252 -2.2946564885496183 249.71999999999994 -20.759999999999998 -8.16 3.191460766646068 1.5199685031274592 6.514962226752028
46.852 0.16819266704842448 -9.728778839111328 -0.43005848228931426 -1.5435114503816794 4.642748091603053 -2.0229007633587788 249.35999999999999 -20.879999999999995 -8.16 3.191207788374275 1.521084912922774 6.507622854551388
46.882 0.15304934261366726 -9.75391788482666 -0.40910921692848207 -1.5374045801526717 5.129007633587785 -1.830534351145038 249.11999999999998 -20.759999999999998 -8.040000000000001 3.1903642280543982 1.5219447003030266 6.50030395739701
46.897 0.1357512350194156 -9.75798807144165 -0.3628412693738937 -1.630534351145038 5.422137404580153 -1.7396946564885496 249.35999999999999 -20.4 -7.68 3.189521026454642 1.5228035876699901 6.493411475035441
46.912 0.1537676020525396 -9.746436023712159 -0.32812534272670746 -1.6877862595419848 5.6618320610687025 -1.7328244274809161 249.6 -21.240000000000002 -6.960000000000001 3.1886778248548864 1.525202301965948 6.484924573117756
46.957 0.1807023709639907 -9.758646392822266 -0.3080739051103592 -1.6832061068702289 5.791603053435115 -1.784732824427481 249.17999999999998 -20.94 -6.42 3.1878347426109297 1.5289670061747906 6.47546388712302
46.959 0.21422119364142417 -9.758407020568848 -0.28945898413658144 -1.6969465648854964 5.745801526717557 -1.8083969465648857 249.0 -20.64 -6.0 3.1873288934385244 1.5305948981148723 6.462156727502086
46.972 0.22726959213614464 -9.744700241088868 -0.28341362476348875 -1.666412213740458 5.4450381679389315 -1.7740458015267173 248.82 -21.06 -5.220000000000001 3.186907382304973 1.5312807620291073 6.45040891992343
47.017 0.2258330725133419 -9.751703262329102 -0.27838580310344696 -1.585496183206107 5.149618320610688 -1.719083969465649 249.24 -20.759999999999998 -5.4 3.186570149559613 1.5317090417155699 6.4385146010018675
47.018 0.204105693846941 -9.751403999328613 -0.27252000868320464 -1.6419847328244277 4.7671755725190845 -1.6687022900763355 248.27999999999997 -21.240000000000002 -4.92 3.1860643719353954 1.5333352717670328 6.425712128707367
47.032 0.18722657188773156 -9.746376132965088 -0.2741959512233734 -1.6503816793893133 4.368702290076336 -1.6473282442748094 248.63999999999996 -21.240000000000002 -3.9599999999999995 3.185474506348674 1.5365808390721998 6.414111876973751
47.062 0.1693897689692676 -9.758347129821777 -0.30490158796310424 -1.53587786259542 3.9854961832061067 -1.7412213740458014 248.82 -21.06 -3.8999999999999995 3.1848846407619527 1.54007785768281 6.402144496156124
47.078 0.17794903917238117 -9.750865268707276 -0.3303399831056595 -1.5335877862595422 3.7541984732824423 -1.8114503816793892 248.64000000000001 -21.119999999999997 -4.4399999999999995 3.1843790773910703 1.5434951126527097 6.392297967759277
47.093 0.20649989573284983 -9.751882743835449 -0.3551199704408646 -1.5221374045801528 3.558778625954198 -1.8442748091603054 249.0 -21.479999999999997 -4.799999999999999 3.1842105800588714 1.545632733329422 6.383438642408943
47.123 0.22427684543654322 -9.746735286712646 -0.37481227815151213 -1.5106870229007634 3.287022900763359 -1.82824427480916 249.06 -21.18 -5.819999999999999 3.1838736328542843 1.546144537233168 6.373250403524265
47.138 0.22499510524794458 -9.72219476699829 -0.3925892263650894 -1.4671755725190838 3.0404580152671756 -1.796946564885496 249.24 -21.6 -6.0 3.1838736328542843 1.5446949569263506 6.367080838606509
47.152 0.20763714341446757 -9.721835613250732 -0.4099471867084503 -1.3366412213740457 2.9091603053435113 -1.7992366412213738 249.3 -22.380000000000003 -5.819999999999999 3.1836208690314196 1.5446094748531771 6.363640518468551
47.182 0.1845929536037147 -9.74212646484375 -0.42580877542495726 -1.233587786259542 2.929007633587786 -1.834351145038168 249.6 -22.560000000000002 -6.24 3.183452347936751 1.5443524413293912 6.356208377757473
47.197 0.16986861107870938 -9.737577438354492 -0.43825862407684324 -1.2412213740458014 2.9641221374045803 -1.8618320610687025 248.93999999999997 -22.979999999999997 -6.0600000000000005 3.1830310748624497 1.54443803169362 6.348432798387805