19.735 2.6716896533966064 -7.464043521881104 -5.536771011352539 -0.5984732824427481 1.0900763358778627 -1.4709923664122138 208.56 15.959999999999999 -93.72 4.169575644024933 1.5268374508845377 4.9947791663067065
19.75 2.6710312366485596 -7.4561426639556885 -5.537968111038208 -0.6083969465648855 1.1267175572519084 -1.413740458015267 207.95999999999998 15.84 -93.72 4.168638445898987 1.5277803936389307 5.009430718160962
19.78 2.671270656585693 -7.457818603515625 -5.536830854415894 -0.5396946564885496 1.164885496183206 -1.3541984732824426 207.96000000000004 15.960000000000003 -94.32000000000001 4.167701977476622 1.5282943951604555 5.018544166794491
19.795 2.673186016082764 -7.452970361709594 -5.535813331604004 -0.517557251908397 1.199236641221374 -1.3206106870229006 207.84 16.32 -94.08 4.166661861578176 1.5283800729862205 5.033088592180566
19.81 2.6707319736480715 -7.448181915283203 -5.532042455673218 -0.4854961832061068 1.2282442748091602 -1.297709923664122 207.3 16.979999999999997 -93.66 4.165413722067604 1.5288943382859552 5.0461705187250505
19.841 2.6679187774658204 -7.450396585464477 -5.535274600982666 -0.4091603053435115 1.2458015267175573 -1.2801526717557252 207.06 16.86 -93.41999999999999 4.165413722067605 1.5292371816636106 5.061307109476906
19.855 2.6679187774658204 -7.459614276885986 -5.538387060165405 -0.3091603053435115 1.2580152671755727 -1.2587786259541986 207.3 16.86 -93.53999999999999 4.166874055053855 1.5301793990148513 5.076364886646888
19.87 2.6715699434280396 -7.456741237640381 -5.542157936096191 -0.283969465648855 1.2450381679389315 -1.267175572519084 207.11999999999998 17.04 -93.95999999999998 4.170008261433027 1.5308647348103182 5.092118319258259
19.9 2.673664855957031 -7.459614276885986 -5.542876195907593 -0.27251908396946567 1.2091603053435114 -1.3076335877862595 207.17999999999998 17.1 -94.49999999999997 4.172824262868637 1.5314640205784953 5.099822352279622
19.915 2.6679187774658204 -7.463085889816284 -5.541679096221924 -0.33435114503816793 1.1618320610687023 -1.3595419847328245 207.77999999999997 16.74 -94.61999999999999 4.179213170605053 1.5321488315988783 5.1052914266838085
19.93 2.66546471118927 -7.455783557891846 -5.535035228729248 -0.3893129770992366 1.1129770992366412 -1.4099236641221373 207.9 16.86 -94.25999999999999 4.1849706069183235 1.5334317167887808 5.1086498841640715
19.96 2.6616339921951293 -7.462008476257324 -5.536471748352051 -0.3786259541984733 1.067175572519084 -1.4503816793893132 208.26 16.499999999999996 -94.26 4.190943684149179 1.534115833271262 5.112003321341582
19.975 2.6569653034210203 -7.462726736068726 -5.536771059036255 -0.4534351145038168 1.0198473282442748 -1.4877862595419846 208.5 16.5 -94.26 4.193759685584789 1.535056138581817 5.116647894783911
19.99 2.6556484937667846 -7.466557455062866 -5.536052799224853 -0.5419847328244275 0.9557251908396946 -1.5290076335877862 208.26000000000005 16.380000000000003 -94.61999999999999 4.195008148817998 1.5359971571178812 5.120006352264174
20.02 2.656785726547241 -7.468053865432739 -5.534855699539184 -0.6549618320610687 0.8908396946564885 -1.584732824427481 209.1 16.86 -94.74 4.196568931293044 1.5372793945935552 5.1311240378869245
20.035 2.6563068866729735 -7.468412971496582 -5.531384134292603 -0.7824427480916031 0.8427480916030534 -1.6465648854961832 209.58 17.1 -94.74 4.1993893446689405 1.5385619555838752 5.141946903896726
20.05 2.655947756767273 -7.458117866516114 -5.526775312423706 -0.9282442748091604 0.804580152671756 -1.6908396946564885 209.04000000000002 16.68 -94.32 4.201800114851077 1.5393309086317828 5.152944529863105
20.08 2.6564265966415403 -7.46565957069397 -5.523243856430054 -0.9419847328244275 0.7885496183206108 -1.7152671755725195 208.92 16.56 -93.96 4.202534984485221 1.540270977204291 5.156343750244522
20.094 2.656247043609619 -7.468293190002441 -5.520310926437378 -0.9259541984732824 0.7923664122137405 -1.7381679389312978 208.97999999999996 16.740000000000002 -93.17999999999999 4.205476419362883 1.5408692017049632 5.1654541216719965
20.109 2.6589405298233033 -7.46458215713501 -5.525039482116699 -0.904580152671756 0.8137404580152671 -1.7458015267175575 208.67999999999998 16.68 -92.75999999999999 4.205265313497632 1.5418085630589742 5.173336106292489
20.139 2.656486487388611 -7.459913492202759 -5.527074527740479 -0.9328244274809162 0.8458015267175572 -1.7259541984732825 208.5 16.14 -93.17999999999999 4.2062154169213795 1.5424055937601149 5.18028653428251
20.155 2.656247067451477 -7.458836078643799 -5.525398588180542 -0.9305343511450384 0.8587786259541984 -1.7274809160305344 208.56 16.080000000000002 -93.35999999999999 4.205266323702956 1.5440249155518273 5.1886030804327214
20.17 2.658102583885193 -7.459015655517578 -5.523183917999267 -0.8847328244274811 0.8755725190839694 -1.7511450381679392 208.37999999999997 15.899999999999997 -93.42 4.208313213314412 1.5449626440614401 5.200001618252868
20.2 2.6595391035079956 -7.457698822021484 -5.522286081314087 -0.7999999999999999 0.916793893129771 -1.7748091603053435 208.74 15.780000000000001 -92.46000000000001 4.213663143264957 1.5459010694057318 5.2084690320282
20.215 2.6587011337280275 -7.456681251525879 -5.518814516067505 -0.6763358778625954 0.9656488549618321 -1.7625954198473284 208.74 15.3 -92.7 4.218382405689427 1.5459863805769185 5.215891979118694
20.23 2.657444190979004 -7.461589384078979 -5.525278854370117 -0.5725190839694656 1.0076335877862594 -1.7267175572519087 208.38000000000002 15.179999999999998 -92.1 4.221434131896044 1.5461570241243652 5.219203704409422
20.26 2.6601975202560424 -7.4645223140716555 -5.5264161109924315 -0.4763358778625955 1.0389312977099237 -1.718320610687023 208.68 15.479999999999999 -92.03999999999999 4.223331062296525 1.5462423565006251 5.224202253223415
20.274 2.6583420038223267 -7.460571908950806 -5.528870153427124 -0.4687022900763358 1.052671755725191 -1.7251908396946565 208.98000000000002 15.299999999999997 -92.46000000000001 4.225226986538026 1.5464982900589346 5.230959942279673
20.29 2.6587011337280275 -7.453269577026367 -5.530007410049438 -0.48549618320610693 1.0618320610687024 -1.7221374045801525 208.8 15.24 -92.88000000000001 4.225437924036063 1.54692495216448 5.236511748105825
20.32 2.65612735748291 -7.45285062789917 -5.5279124736785885 -0.47328244274809156 1.048854961832061 -1.7251908396946565 208.61999999999998 14.7 -92.94000000000001 4.225649029901314 1.5470954688837344 5.244009736469333
20.335 2.6586412668228148 -7.458117866516114 -5.528032207489014 -0.42748091603053434 1.0389312977099237 -1.7541984732824427 208.74 15.059999999999999 -92.7 4.225226480656041 1.5467544353562224 5.250677154108962
20.35 2.6646866321563722 -7.46278657913208 -5.534795808792114 -0.4213740458015268 1.0328244274809162 -1.7641221374045801 208.8 15.84 -92.64 4.2263867921898 1.5457325895770753 5.25609753856332
20.38 2.6655246019363403 -7.460931062698364 -5.538327264785766 -0.44045801526717565 1.0206106870229008 -1.7648854961832061 208.92 15.959999999999997 -92.64 4.227231440879754 1.5447094861464086 5.262777961662469
20.395 2.663549375534058 -7.455603981018067 -5.542098140716552 -0.4496183206106871 1.016793893129771 -1.7526717557251907 208.8 16.439999999999998 -93.47999999999999 4.227231440879754 1.5442832468038197 5.271026472105105
20.41 2.6600179433822633 -7.4548258781433105 -5.552153778076172 -0.4320610687022902 1.0198473282442748 -1.7374045801526719 208.73999999999995 16.259999999999998 -92.94 4.227970606805465 1.5439418747091371 5.276485153370701
20.44 2.6607362031936646 -7.452611207962036 -5.550896835327149 -0.40305343511450387 1.0190839694656488 -1.7282442748091604 208.92 16.2 -93.36 4.227864983581261 1.5437712311616907 5.281370522477826
20.455 2.6610953330993654 -7.452192211151123 -5.554188823699951 -0.3801526717557252 1.0274809160305343 -1.7244274809160305 208.97999999999996 16.14 -93.42 4.227759360357058 1.5434297739772203 5.282350650807369
20.47 2.6605566501617433 -7.45177321434021 -5.553111457824707 -0.32366412213740464 1.0412213740458014 -1.7198473282442748 208.73999999999995 16.259999999999998 -93.42 4.2280762300502435 1.5430884867927286 5.284025281866418
20.5 2.6600778102874756 -7.456980609893799 -5.557840013504029 -0.25114503816793887 1.0534351145038168 -1.7083969465648856 209.45999999999998 16.259999999999998 -93.3 4.228921103722884 1.5424055717037952 5.282768571835176
20.515 2.661035490036011 -7.463385105133057 -5.5571815967559814 -0.22519083969465647 1.0625954198473282 -1.6961832061068702 209.51999999999998 16.68 -93.84 4.229237973416071 1.5415521398956071 5.279694791105246
20.53 2.6613946199417113 -7.465300464630127 -5.548861742019653 -0.21450381679389313 1.0618320610687024 -1.6885496183206108 209.52000000000004 17.04 -93.84 4.229449191731405 1.540783572192319 5.274129996523469
20.559 2.661753749847412 -7.458536815643311 -5.541978406906128 -0.20687022900763358 1.0824427480916032 -1.6809160305343511 209.63999999999996 16.559999999999995 -94.2 4.229237973416071 1.5400151965513422 5.273850015031514
20.575 2.6561872243881224 -7.4524914741516115 -5.5385666847229 -0.20992366412213742 1.1099236641221375 -1.6396946564885497 209.45999999999998 16.74 -94.38 4.229026642486131 1.5409531568487407 5.2678596628863605
20.59 2.6541521549224854 -7.451054954528809 -5.5388061046600345 -0.1900763358778626 1.119847328244275 -1.6083969465648853 209.45999999999998 16.740000000000002 -93.78 4.228709941529749 1.5418901929246185 5.258782907154507
20.62 2.6567259073257445 -7.450635957717895 -5.5372498512268065 -0.16564885496183207 1.1213740458015269 -1.6007633587786259 209.1 17.1 -93.29999999999998 4.227970775604038 1.5435087181733134 5.249593482235544
20.635 2.655049967765808 -7.450157117843628 -5.5376688003540036 -0.14122137404580154 1.117557251908397 -1.612977099236641 208.92 17.279999999999998 -93.6 4.227443081068227 1.5451264502353665 5.25043773977481
20.65 2.651698088645935 -7.455723619461059 -5.533239555358887 -0.12442748091603058 1.1091603053435115 -1.6106870229007633 208.73999999999995 17.46 -93.66 4.225336497285419 1.5470003071056302 5.248340754828694
20.68 2.651279091835022 -7.457040452957154 -5.53150372505188 -0.14045801526717558 1.0992366412213739 -1.6083969465648855 209.04000000000002 17.639999999999997 -93.24 4.220714199720079 1.5485334574332714 5.246248691838781
20.695 2.652356481552124 -7.454287147521972 -5.528032112121582 -0.15877862595419848 1.1022900763358776 -1.599236641221374 208.74 17.699999999999996 -93.3 4.216716953671737 1.5503232372554137 5.249469134828805
20.71 2.6545711278915407 -7.45662145614624 -5.525278806686401 -0.12748091603053435 1.0984732824427481 -1.601526717557252 208.56000000000003 17.88 -92.52000000000001 4.2134547604348285 1.5521980154874968 5.250583809437917
20.74 2.6531346082687377 -7.453449153900147 -5.53042631149292 -0.1435114503816794 1.0969465648854961 -1.6053435114503816 208.68 17.759999999999998 -92.64 4.21029821857577 1.5544136717053916 5.255728218906935
20.755 2.6469096899032594 -7.459853649139404 -5.532880353927612 -0.1198473282442748 1.0900763358778627 -1.6015267175572518 208.2 17.519999999999996 -92.76 4.206933907655713 1.5566287828870677 5.258679056692968
20.77 2.6532543182373045 -7.461290168762207 -5.527912378311157 -0.09770992366412214 1.0954198473282442 -1.6167938931297712 208.26000000000005 17.58 -92.34 4.203149049591275 1.5576491369013528 5.25937046367311
20.8 2.656785774230957 -7.46949028968811 -5.5192334175109865 -0.061832061068702295 1.0893129770992367 -1.6229007633587784 208.02000000000004 17.58 -93.18 4.200310043803791 1.558329043042476 5.261028879739673
20.815 2.6585814237594603 -7.476732778549194 -5.520490407943726 -0.038931297709923665 1.0877862595419847 -1.6320610687022898 207.95999999999998 17.52 -94.32000000000002 4.197367055163396 1.5588386044933649 5.264204454757716
20.829 2.6584617137908935 -7.474937152862549 -5.517018842697143 -0.009160305343511449 1.0832061068702292 -1.6290076335877868 208.02000000000004 17.22 -93.9 4.194529549287247 1.55917823058366 5.258752196642761
20.86 2.658880686759949 -7.4775707721710205 -5.520370721817017 0.06335877862595418 1.0916030534351147 -1.6160305343511454 208.01999999999998 16.979999999999997 -93.9 4.193270932658094 1.5597723635393137 5.260428796476118
20.875 2.65768358707428 -7.480084657669067 -5.525697851181031 0.083206106870229 1.1061068702290076 -1.5946564885496186 207.6 16.68 -94.32000000000001 4.194107371474112 1.5599422988999083 5.261961774718259
20.89 2.656486487388611 -7.484035062789917 -5.522166395187378 0.026717557251908407 1.0977099236641221 -1.5778625954198475 207.35999999999999 16.68 -94.2 4.194526248877512 1.5604519827096766 5.253620860844878
20.92 2.6606164932250977 -7.478049564361572 -5.524141597747803 -0.09618320610687023 1.0931297709923664 -1.5778625954198475 207.77999999999997 16.979999999999997 -94.50000000000001 4.194316700182824 1.560621918070271 5.2490451017455495
20.935 2.6636690855026246 -7.481281709671021 -5.520370721817017 -0.16259541984732823 1.065648854961832 -1.5900763358778627 207.3 16.86 -94.26 4.195681459388128 1.5609615441605658 5.245699747464477
20.965 2.665045738220215 -7.474937105178833 -5.51276912689209 -0.25190839694656486 1.012977099236641 -1.634351145038168 207.54000000000002 17.22 -94.02 4.197780816127804 1.5609615441605658 5.241073622913516
20.995 2.6655245780944825 -7.486429262161255 -5.5254583835601805 -0.2465648854961832 0.9091603053435116 -1.6847328244274808 207.6 17.040000000000003 -93.96 4.200300047770124 1.5612161723564806 5.2438527235253645
20.996 2.6686370372772217 -7.4954673767089846 -5.534676027297974 -0.33511450381679386 0.7656488549618321 -1.806106870229008 207.66 16.740000000000002 -93.53999999999999 4.20219046433555 1.5612161723564804 5.24178090386131
21.01 2.664686608314514 -7.4981608390808105 -5.530486154556274 -0.5511450381679388 0.5877862595419848 -1.9908396946564888 207.9 16.139999999999997 -93.17999999999999 4.204290374569071 1.5610463999685797 5.2379187055728496
21.025 2.6669012308120728 -7.493851280212402 -5.524380922317505 -0.8534351145038167 0.40534351145038167 -2.199236641221374 208.14000000000001 15.779999999999998 -93.05999999999999 4.207549979889903 1.5607067738782852 5.226047756058624
21.041 2.675759792327881 -7.489122772216797 -5.518634843826294 -1.0068702290076337 0.15343511450381678 -2.4717557251908397 208.14000000000001 16.139999999999997 -92.94 4.2099658348089015 1.5602824946250256 5.20471014850528
21.042 2.690783405303955 -7.478947401046753 -5.516360330581665 -0.8038167938931299 -0.14656488549618318 -2.899236641221374 208.2 15.839999999999998 -93.00000000000001 4.21269644422844 1.560537244664259 5.191682761394874
21.055 2.6743232727050783 -7.475296258926392 -5.5231239795684814 -0.2893129770992366 -0.4587786259541985 -3.3213740458015266 208.37999999999997 15.66 -92.82000000000001 4.214902805479344 1.5603674316619813 5.181122537253692
21.069 2.6713304996490477 -7.498639726638794 -5.525877332687378 0.2839694656488551 -0.734351145038168 -3.6404580152671757 208.68 15.719999999999999 -93.24000000000001 4.217213927315925 1.5605372853643753 5.16959918996915
21.085 2.671988916397095 -7.494030904769898 -5.531563568115234 0.5351145038167939 -1.0206106870229008 -3.938167938931298 208.98000000000002 15.9 -93.30000000000001 4.217950741252512 1.5604524093133139 5.145847539568385
21.1 2.675280952453613 -7.491457128524781 -5.533538818359375 0.8786259541984733 -1.2862595419847327 -4.196946564885496 208.85999999999999 16.139999999999997 -93.17999999999999 4.2178455100265335 1.5608767897822726 5.115548443133925
21.101 2.6853366136550902 -7.490379762649536 -5.525757646560669 1.283206106870229 -1.488549618320611 -4.449618320610687 208.74 16.019999999999996 -94.02 4.217950824914894 1.5608767897822724 5.094949421520552
21.115 2.6816256046295166 -7.486369466781616 -5.5134275436401365 1.6145038167938932 -1.6587786259541986 -4.596946564885497 208.98000000000002 16.38 -94.26 4.217845565821824 1.5612162535857923 5.075125020746979
21.13 2.7151444435119627 -7.531141042709351 -5.507322311401367 2.063358778625955 -1.8564885496183208 -4.6816793893129764 209.1 16.979999999999997 -94.26 4.217845565821824 1.5617253281733798 5.056154262676975
21.146 2.7184364795684814 -7.521205091476441 -5.5094770908355715 2.180916030534351 -2.3534351145038173 -4.849618320610687 209.16 17.639999999999997 -94.56 4.216791157715039 1.562319461129034 5.033778730719864
21.161 2.6916812658309937 -7.546284341812134 -5.520789670944214 2.1198473282442754 -2.7511450381679396 -5.066412213740458 209.21999999999997 17.699999999999996 -94.98 4.216159519331276 1.5631675167456671 5.010279905975726
21.162 2.666661858558655 -7.558255386352539 -5.516899108886719 1.4427480916030535 -3.021374045801527 -5.208396946564886 209.45999999999998 18.18 -94.38000000000002 4.213847787315137 1.5642693385804118 4.950898417390773
21.175 2.6801292419433596 -7.5379046440124515 -5.504987955093384 0.5763358778625955 -3.236641221374046 -5.465648854961833 209.76 18.479999999999997 -94.8 4.210595055449685 1.5655409734174348 4.912213461742929
21.19 2.70137779712677 -7.472183799743652 -5.491101551055908 0.27557251908396935 -3.405343511450382 -5.861068702290077 209.45999999999998 18.419999999999998 -94.74 4.206507195330696 1.5668969042750518 4.874850546996916
21.205 2.696110558509827 -7.520786094665527 -5.500199508666992 0.6587786259541983 -3.53587786259542 -6.158015267175573 209.7 18.779999999999998 -95.1 4.202523630960085 1.568337072864089 4.863096346449336
21.22 2.687311863899231 -7.544009828567505 -5.504269647598266 0.21603053435114491 -3.7152671755725195 -6.418320610687023 210.06 18.659999999999997 -95.81999999999998 4.199379552023091 1.5696917297675475 4.858643031697407
21.221 2.690244746208191 -7.508515787124634 -5.503192281723022 -0.570229007633588 -3.93587786259542 -6.6122137404580155 210.18 19.499999999999996 -95.69999999999999 4.1972785335887774 1.5707084359341734 4.839157955277244
21.235 2.7079019784927367 -7.47056770324707 -5.514265441894532 -0.6740458015267177 -4.049618320610686 -6.787786259541986 210.3 20.1 -95.70000000000002 4.195388615530747 1.571978574712367 4.832187964716717
21.25 2.669654607772827 -7.4428548336029055 -5.533957767486572 -0.3648854961832059 -4.017557251908397 -6.974045801526719 210.53999999999996 20.339999999999996 -95.94000000000001 4.194337276180763 1.5729945650506552 4.828820121322034
21.265 2.666302728652954 -7.465899038314819 -5.530067205429077 -0.14580152671755714 -3.6725190839694664 -6.967175572519085 210.9 20.82 -96.06 4.194442591069122 1.5742644065043734 4.849856039077286
21.28 2.712450957298279 -7.430704259872437 -5.522585344314575 -0.10916030534351133 -3.429007633587786 -6.906106870229008 211.01999999999998 20.94 -95.94 4.197186982265332 1.5746876852502816 4.884476698474331
21.281 2.739266037940979 -7.432320308685303 -5.519951725006104 0.2335877862595419 -3.2511450381679388 -6.796946564885498 211.5 21.660000000000004 -96.78 4.2011884642591 1.574772301441239 4.956745939875196
21.295 2.7168802499771116 -7.474458265304565 -5.53641185760498 0.4862595419847329 -3.1519083969465655 -6.654961832061069 211.38000000000002 22.140000000000004 -97.37999999999998 4.208891086148937 1.5750260909679266 5.013629457172162
21.31 2.680907368659973 -7.581179809570313 -5.558857488632202 -0.22213740458015274 -3.0534351145038174 -6.480152671755725 211.32000000000002 22.44 -97.43999999999998 4.2141395663629435 1.5750260909679266 5.068069685284114
21.325 2.722147488594055 -7.523120403289795 -5.5134275436401365 -2.06793893129771 -3.095419847328244 -6.445038167938931 211.32 22.68 -97.79999999999998 4.220765837811261 1.5742643663633051 5.112140650150615
21.34 2.7151444435119627 -7.5191699981689455 -5.489485502243042 -2.705343511450381 -3.1290076335877863 -6.402290076335878 210.95999999999998 23.16 -97.44 4.2227542066824295 1.5730793202439153 5.146058359960633
21.37 2.7059866428375243 -7.609491205215454 -5.473324632644653 -2.852671755725191 -2.9465648854961835 -6.182442748091604 211.13999999999996 22.740000000000002 -97.14000000000001 4.2254877016547265 1.5718928822182128 5.186980428262179
21.371 2.7117925882339478 -7.687183046340943 -5.453213357925415 -3.549618320610687 -2.786259541984733 -5.998473282442747 211.37999999999997 22.860000000000003 -97.62000000000002 4.227588165786354 1.5703681759733386 5.217651994363381
21.385 2.722267198562622 -7.659709548950195 -5.426039171218872 -4.602290076335878 -2.672519083969466 -5.718320610687022 211.01999999999998 23.1 -97.86 4.228534246043268 1.5687581943820237 5.2485995059029635
21.386 2.747166895866394 -7.654083156585694 -5.419335412979126 -4.81526717557252 -2.4213740458015267 -5.335877862595419 210.24 23.76 -97.8 4.230011596253895 1.5668092625211696 5.272799370917405
21.401 2.726337361335754 -7.67563099861145 -5.417420053482056 -4.414503816793894 -2.046564885496183 -4.900763358778626 210.3 24.419999999999998 -97.97999999999999 4.229165143088556 1.5655379281586281 5.285544928226947
21.402 2.718376636505127 -7.674374055862427 -5.419874095916748 -3.6984732824427473 -1.6305343511450379 -4.500000000000001 209.82 24.06 -97.97999999999999 4.226738383961928 1.5637567873690958 5.281243152616969
21.415 2.7799076080322265 -7.706815528869629 -5.396949625015258 -2.8206106870229006 -1.1190839694656487 -3.987786259541985 209.45999999999998 24.54 -97.97999999999999 4.221656855553779 1.5618064732438328 5.270594636647145
21.43 2.8184542417526246 -7.658811807632446 -5.368219232559204 -2.045038167938931 -0.816793893129771 -3.3862595419847326 209.76 24.839999999999996 -98.16 4.220075031680213 1.5598556964176538 5.2582174405726025
21.445 2.789843535423279 -7.699333667755127 -5.377676343917846 -0.4526717557251908 -0.43053435114503813 -2.8145038167938923 209.76 25.559999999999995 -97.8 4.218804331996543 1.5584975101278378 5.238722090434116
21.46 2.810254120826721 -7.750689268112183 -5.393478107452393 0.714503816793893 -0.019847328244274924 -2.374045801526718 209.76 26.639999999999997 -97.56 4.220486477066896 1.5573085293991267 5.228314599550478
21.461 2.8265945434570314 -7.726807117462158 -5.369057273864746 1.3595419847328245 0.19847328244274806 -2.195419847328244 209.39999999999995 27.6 -98.16 4.219432908340974 1.556458646074034 5.216082018110741
21.475 2.855743956565857 -7.71956467628479 -5.3460729122161865 2.3320610687022905 0.3885496183206107 -2.121374045801527 208.97999999999996 27.779999999999994 -97.86 4.215138794378375 1.555523661183566 5.203497483634697
21.49 2.8801648139953615 -7.813537073135376 -5.319018411636352 3.2656488549618325 0.47099236641221376 -2.0389312977099237 209.1 28.019999999999992 -97.74000000000001 4.2104306713279005 1.5545882238347204 5.1822191147077685
21.505 2.916796088218689 -7.865970087051392 -5.2914252281188965 3.280916030534351 0.33511450381679386 -1.9916030534351143 209.57999999999998 28.139999999999997 -97.98 4.208321849997277 1.553992946434968 5.162188437260764
21.52 2.900455641746521 -7.943961143493652 -5.260300588607788 3.0396946564885496 0.11221374045801527 -1.9916030534351143 209.51999999999998 28.559999999999995 -98.16000000000001 4.198199132031254 1.553057735553951 5.1427018230007375
21.521 2.8734610080718994 -8.043260669708252 -5.248808431625366 1.8954198473282442 -0.0916030534351145 -1.8549618320610688 210.06 29.339999999999996 -98.10000000000001 4.189253621368268 1.5523768391065302 5.138996868996845
21.535 2.877531147003174 -8.040028476715088 -5.2303132057189945 -0.30610687022900773 -0.35877862595419846 -1.565648854961832 210.54000000000002 30.179999999999996 -98.34 4.17999961852111 1.5519514346525047 5.145875221318951
21.55 2.8563424825668333 -8.067920923233032 -5.220796251296997 -2.0526717557251906 -0.5236641221374045 -1.3236641221374046 210.42 31.139999999999997 -98.46000000000001 4.170637985692986 1.5515259266067816 5.16304229621805
21.565 2.9210457801818848 -8.017104005813598 -5.237316226959228 -4.0038167938931295 -0.6793893129770993 -0.9618320610687023 210.3 31.139999999999997 -98.46000000000001 4.159380337068029 1.551355785587089 5.181544235289681
21.581 2.8520927667617797 -7.956590557098389 -5.238812589645386 -5.3412213740458006 -0.917557251908397 -0.7259541984732825 210.95999999999998 31.080000000000002 -98.64 4.15011191542496 1.5511856031745832 5.196989504032866
21.582 2.824379873275757 -7.953238677978516 -5.309740781784058 -5.636641221374045 -0.9541984732824428 -0.7206106870229008 210.84000000000006 32.28 -98.04 4.140444451720876 1.5512706840217143 5.1967193625995955
21.61 2.776854968070984 -7.973888683319092 -5.356367874145508 -6.708396946564885 -1.0312977099236642 -0.4664122137404581 210.78000000000003 33.89999999999999 -97.74000000000001 4.134755324679817 1.5509300697009312 5.1809407882974
21.611 2.75387065410614 -7.889193820953369 -5.4147265434265135 -8.66564885496183 -1.266412213740458 -0.1923664122137405 210.54000000000002 34.86 -97.5 4.129896231732159 1.5511003351615873 5.173470145034272
21.625 2.7063457489013674 -7.901524019241333 -5.500079822540283 -10.074045801526717 -1.516793893129771 -0.6809160305343511 210.0 35.52 -97.44 4.119413310573332 1.550930069700931 5.159149651792483
21.655 2.7569831371307374 -7.816410207748413 -5.56226921081543 -12.915267175572518 -2.0473282442748095 -1.451145038167939 209.7 36.42 -96.9 4.1164357331537405 1.5514404931090184 5.146679571351025
21.656 2.7426179170608522 -7.610269451141358 -5.589144134521485 -15.810687022900762 -2.761068702290076 -2.1755725190839694 209.51999999999998 37.559999999999995 -96.84 4.114281198825467 1.5519512898423073 5.131052923745764
21.67 2.6467900037765504 -7.493971109390259 -5.682817268371582 -16.58625954198473 -3.1793893129770994 -2.8091603053435117 209.69999999999996 37.98 -95.46000000000001 4.112844663714251 1.5525467116603355 5.115691838988022
21.685 2.630569267272949 -7.407241153717041 -5.769247961044312 -16.915267175572517 -3.2343511450381683 -3.0587786259541985 209.27999999999997 38.76 -94.67999999999999 4.1114077652255085 1.5530572592476293 5.106175599684369
21.686 2.5092430830001833 -7.235277605056763 -5.809470558166504 -16.76335877862595 -3.232824427480916 -3.217557251908397 209.64000000000001 39.84 -94.2 4.110073671361013 1.5531423400947604 5.1073111533803255
21.7 2.6173412799835205 -7.238749217987061 -5.887760925292969 -15.510687022900765 -2.6977099236641218 -3.3564885496183208 209.4 41.64 -94.08 4.108429836721792 1.5533975826798274 5.104503601937249
21.73 2.5838823080062867 -7.112395238876343 -5.923434543609619 -15.817557251908397 -2.5526717557251914 -3.1763358778625954 210.0 42.239999999999995 -93.47999999999999 4.10699439015802 1.553312501832696 5.104233663886915
21.731 2.5572468042373657 -6.9339673042297365 -5.961741781234741 -15.032824427480918 -2.282442748091603 -3.105343511450382 211.56 42.36 -92.75999999999999 4.102703145085371 1.5535679938260916 5.111773800506145
21.745 2.610936760902405 -6.968862819671631 -6.01058349609375 -12.545038167938934 -1.4931297709923665 -3.311450381679389 212.51999999999998 43.92 -91.8 4.098003197428559 1.5530569468928364 5.092327219614697
21.76 2.557965064048767 -6.833171415328979 -6.002323484420776 -11.3793893129771 -1.023664122137405 -2.717557251908397 213.78000000000003 45.059999999999995 -90.42 4.094331442246043 1.5526309175961719 5.074569231959169
21.775 2.5421633243560793 -6.786783742904663 -6.008847665786743 -8.724427480916031 -0.20000000000000018 -1.7083969465648856 214.8 45.96 -89.39999999999999 4.09239237296771 1.5512681193046536 5.064140564232083
21.79 2.5626936197280883 -6.879080200195313 -6.041348934173584 -5.261832061068703 0.7702290076335878 -1.0221374045801528 214.98000000000002 46.74 -87.53999999999999 4.087510071356163 1.5502457720575893 5.038410589421073
21.82 2.612433171272278 -6.960423183441162 -6.005435943603516 -3.7648854961832057 1.452671755725191 -0.4312977099236641 216.06000000000003 47.58 -86.46000000000001 4.087305266286446 1.5490539089144397 5.017472401829902
21.835 2.6507404088974 -6.950547075271606 -5.971498107910156 -3.149618320610687 1.6427480916030537 -0.2557251908396947 217.14000000000001 47.7 -85.74 4.086077670937472 1.548202579854547 4.9942149108272655
21.85 2.6932973623275758 -7.112095832824707 -5.9810749053955075 -2.780916030534351 1.8221374045801528 -0.14580152671755728 218.28000000000003 47.88 -84.48 4.083219012566575 1.547606577306181 4.955065636216738
21.88 2.6595391273498534 -7.10257887840271 -5.9705404281616214 -4.573282442748091 1.6175572519083972 0.33816793893129776 219.6 47.760000000000005 -82.67999999999999 4.080969546150526 1.5471810692604575 4.923243016503434
21.894 2.664806365966797 -7.110838890075684 -5.950788259506226 -6.148091603053435 1.4503816793893132 0.734351145038168 220.98000000000002 47.94 -81.18 4.080049428265801 1.5472661501075886 4.90470532185633
21.91 2.7433361768722535 -7.182664966583252 -5.9376201152801515 -8.069465648854962 1.3961832061068704 1.1297709923664123 221.58 48.419999999999995 -79.26 4.081576833751094 1.5476915545616141 4.911870065524388
21.94 2.703891706466675 -7.049906492233276 -5.939774894714356 -11.130534351145037 0.8938931297709924 1.7717557251908396 222.24 48.35999999999999 -77.04 4.083511549352838 1.5487978788946217 4.949541187723062
21.969 2.770450496673584 -7.037696027755738 -5.983828210830689 -12.725954198473282 0.9175572519083971 2.2473282442748093 223.5 47.93999999999999 -75.06 4.086978447856078 1.5501593455401323 4.986111784522925
21.971 2.6517579436302183 -7.027161550521851 -6.073012256622315 -14.683206106870227 0.8175572519083969 2.6083969465648855 224.7 47.93999999999999 -73.13999999999999 4.088508524697872 1.5516071422415914 5.028497146951495
22.001 2.66480633020401 -6.892248296737671 -6.091627168655395 -17.215267175572517 0.8145038167938932 3.2274809160305344 225.84 47.879999999999995 -72.11999999999999 4.094210253402152 1.553309395629779 5.085337602605122
22.015 2.6882096409797667 -6.739198970794678 -6.138852787017822 -18.27022900763359 0.8213740458015266 3.513740458015267 226.13999999999996 46.86 -70.02 4.095851593583086 1.5545012587729283 5.13149500481951
22.031 2.614228808879852 -6.723636674880981 -6.264548397064209 -18.810687022900762 1.0893129770992367 3.9473282442748094 226.92 46.79999999999999 -67.56 4.099133463878806 1.5557774775943733 5.176386887914655
22.061 2.598127806186676 -6.658274984359741 -6.3563660144805905 -20.508396946564886 1.4122137404580153 4.481679389312977 227.04000000000002 46.67999999999999 -64.91999999999999 4.106214672981496 1.5565435798568714 5.232274332293403
22.075 2.4773403286933897 -6.463386964797974 -6.433519172668457 -22.0 1.5908396946564884 4.789312977099237 227.51999999999998 46.08 -62.4 4.113104569413619 1.557648830207995 5.271157788674556
22.09 2.5279178500175474 -6.426097249984741 -6.5331778049469 -22.319847328244272 2.480916030534351 5.237404580152671 227.64000000000001 44.99999999999999 -60.24000000000001 4.12073278271774 1.558837810936706 5.3155704086269155
22.12 2.568798840045929 -6.225463151931763 -6.616196775436402 -23.49083969465649 2.900763358778626 5.560305343511449 228.17999999999998 43.86 -58.5 4.134851141108724 1.5603650438994396 5.334276325867001
22.135 2.391388499736786 -6.158066368103027 -6.743867588043213 -23.716030534351145 3.5114503816793894 5.748091603053434 229.14000000000001 42.3 -57.17999999999999 4.153549200855881 1.5619757859109331 5.346350134559776
22.15 2.366608512401581 -6.03362774848938 -6.842688274383545 -24.336641221374045 4.673282442748091 6.22824427480916 229.25999999999993 41.21999999999999 -55.379999999999995 4.177171235044943 1.5641771223867968 5.35354520730476
22.18 2.3814525604248047 -5.891172742843628 -6.895360708236694 -24.826717557251907 5.625954198473282 6.803816793893129 229.55999999999995 39.71999999999999 -53.4 4.206203293352079 1.5667177330622482 5.341480782112542
22.195 2.3976134300231933 -5.834849119186401 -6.98262939453125 -24.66412213740458 6.577099236641222 7.181679389312977 229.92 38.279999999999994 -50.64 4.238440244032615 1.56934027582397 5.318566369336282
22.21 2.235944962501526 -5.800971174240113 -7.13023190498352 -25.474809160305345 7.377862595419847 7.795419847328245 230.03999999999996 37.559999999999995 -49.31999999999999 4.2722186297386004 1.5730605093526357 5.3141669207364
22.24 2.297954773902893 -5.643372869491577 -7.177517366409302 -26.750381679389314 8.629770992366412 8.52824427480916 230.57999999999998 35.94 -47.81999999999999 4.31400248624468 1.5770302956572166 5.310807506701806
22.256 2.341589093208313 -5.535274648666382 -7.249642705917358 -26.924427480916034 9.633587786259543 9.137404580152673 231.35999999999999 34.559999999999995 -46.559999999999995 4.36585185501565 1.5826831468931635 5.298216394721381
22.273 2.3915680408477784 -5.469673538208008 -7.314465713500977 -26.846564885496186 10.914503816793893 9.849618320610688 231.78000000000003 32.339999999999996 -45.17999999999999 4.426574193830217 1.5881597869396893 5.289899340007458
22.3 2.4098836898803713 -5.365106773376465 -7.398442363739013 -27.38931297709924 11.890839694656488 10.61297709923664 232.5 30.78 -44.58 4.489733433173387 1.5941313801240118 5.274983955759195
22.314 2.2435465335845945 -5.3370945930480955 -7.478947401046753 -27.608396946564888 13.021374045801528 11.605343511450382 232.25999999999993 28.979999999999997 -43.260000000000005 4.535324880040975 1.6002617642627015 5.27217086114573
22.33 2.4136545658111572 -5.24012942314148 -7.514082336425782 -27.916030534351147 14.274045801526716 12.583969465648854 231.60000000000005 27.72 -42.12 4.603044737188125 1.6073846854651763 5.280453611340178
22.36 2.4231116771698 -5.210441303253174 -7.534313344955445 -27.80229007633588 15.081679389312978 13.269465648854961 230.88000000000002 25.8 -41.64 4.664767872855948 1.6143281174723083 5.282134824371876
22.375 2.463453984260559 -5.131552362442017 -7.593031120300293 -28.091603053435115 15.841221374045801 14.225954198473284 229.98000000000002 23.7 -40.49999999999999 4.712034693448894 1.623173197676472 5.283090592441292
22.39 2.4228124141693117 -5.077443408966064 -7.644326877593994 -28.0381679389313 16.61908396946565 15.532824427480918 229.85999999999999 21.66 -40.14 4.757772817545549 1.632174132289388 5.278045107145196
22.42 2.574604797363281 -4.999392414093018 -7.653664255142212 -27.516793893129766 17.264885496183204 16.793129770992365 229.62000000000003 19.859999999999996 -39.300000000000004 4.808956307183311 1.6407468743479925 5.262858145169593
22.435 2.567601776123047 -4.983650541305542 -7.654382514953613 -26.4175572519084 17.45343511450382 17.929007633587787 228.78000000000003 17.939999999999998 -38.58 4.8568565272118125 1.6489799555509308 5.2524014931872935
22.45 2.505771517753601 -4.969045925140381 -7.68772177696228 -25.555725190839695 17.65267175572519 19.16946564885496 227.52000000000004 15.84 -37.92 4.895801834504647 1.6564487965875732 5.250250422041107
22.48 2.5435999155044557 -4.981795024871826 -7.704181909561157 -24.81832061068702 17.73206106870229 20.054961832061068 225.95999999999998 14.4 -37.92 4.930725425037349 1.6631699155353954 5.2689880667307545
22.495 2.4980502128601074 -4.967968511581421 -7.679401922225952 -23.699999999999996 17.483969465648855 20.92595419847328 225.18 13.02 -36.660000000000004 4.9668470369864375 1.669630127866143 5.295104268305083
22.51 2.5637111902236938 -4.986403894424439 -7.686764097213745 -22.304580152671754 17.061832061068703 21.718320610687023 224.16000000000003 11.4 -35.76 5.016359209060232 1.675176473671532 5.311739031387526
22.54 2.534801197052002 -5.008789682388306 -7.693467855453491 -21.38854961832061 16.17404580152672 22.680152671755724 223.8 9.84 -35.4 5.035700264149702 1.6793917780912615 5.305296053597343
22.555 2.511098599433899 -4.991850709915161 -7.735785388946534 -20.706106870229007 14.855725190839696 23.561832061068703 223.56000000000003 9.36 -34.8 5.062021799331679 1.6830260827535262 5.308966138856663
22.57 2.552877402305603 -4.99107255935669 -7.7259691715240475 -19.235877862595423 13.822137404580152 23.627480916030535 222.72000000000003 8.639999999999999 -34.8 5.096419361734053 1.6849210610395573 5.3411386463630555
22.6 2.5612571001052857 -4.944086360931396 -7.7487739562988285 -18.099236641221374 12.341221374045803 22.891603053435116 222.11999999999998 7.56 -34.2 5.123987616308225 1.6859917401447404 5.40429423432457
22.615 2.552817535400391 -4.89979362487793 -7.766491079330445 -16.98702290076336 10.93969465648855 22.02137404580153 221.22000000000003 6.539999999999999 -34.019999999999996 5.140836949309355 1.6866504394660573 5.4536571225964705
22.63 2.5333646297454835 -4.858373928070068 -7.821318340301514 -16.036641221374047 9.191603053435115 20.551145038167938 221.03999999999996 5.88 -33.72 5.1491575883718195 1.6866504394660573 5.493661439370285
22.66 2.554613161087036 -4.785111331939698 -7.830356454849243 -14.626717557251911 7.648091603053436 18.513740458015267 220.8 5.279999999999999 -33.12 5.152599569115122 1.686485853867865 5.5384079193525135
22.675 2.5758018493652344 -4.723580360412598 -7.858428525924682 -12.803053435114503 5.967175572519084 16.16488549618321 221.1 5.34 -32.34 5.149402357219207 1.6862387747144698 5.581135197503734
22.69 2.586456060409546 -4.664742851257325 -7.899010229110718 -10.741984732824426 4.1709923664122135 13.161832061068703 220.26000000000005 5.22 -31.979999999999997 5.140027981794381 1.6849213719864509 5.6103085068673115
22.72 2.568379855155945 -4.645948362350464 -7.939053249359131 -8.358015267175574 2.3099236641221377 9.852671755725188 220.38000000000002 5.219999999999999 -31.74 5.12677158124535 1.6840979973560537 5.630550182840304
22.735 2.563172459602356 -4.594113874435425 -7.940908765792846 -5.924427480916031 0.5167938931297712 6.092366412213741 220.02000000000004 4.619999999999999 -31.139999999999997 5.1166426587347456 1.682862372902648 5.661363661108328
22.75 2.5493459463119508 -4.564784908294678 -7.950904512405396 -3.1427480916030546 -1.197709923664122 2.006870229007633 219.6 4.08 -30.72 5.100725435635759 1.681874143729703 5.683613750581235
22.78 2.531569004058838 -4.569453620910645 -7.950246095657349 -0.46641221374045827 -2.875572519083969 -1.705343511450382 220.2 3.6 -30.72 5.085016987206705 1.6802267894437786 5.687678165256011
22.795 2.5109190225601195 -4.622724628448486 -7.963533878326416 2.0534351145038174 -4.519083969465649 -4.9343511450381685 220.2 4.32 -30.72 5.072474671308052 1.678743632771401 5.676670454432708
22.81 2.462735724449158 -4.682160711288452 -7.960421419143676 4.466412213740458 -5.8877862595419845 -8.352671755725192 220.26 4.74 -30.419999999999995 5.061721115925239 1.677507783471325 5.665058274805462
22.84 2.4328680753707888 -4.730164432525635 -7.945158338546753 6.6541984732824435 -6.823664122137404 -11.341221374045801 220.08 5.28 -30.359999999999996 5.054446477932124 1.6767658691747669 5.63769791786616
22.855 2.434783434867859 -4.778287887573242 -7.908167934417724 8.493129770992365 -7.637404580152672 -13.913740458015269 220.32000000000002 5.76 -31.079999999999995 5.045772498525332 1.6756946054728832 5.6007570710244305
22.87 2.410961127281189 -4.818091487884521 -7.863516044616699 10.270992366412214 -8.632824427480916 -15.97709923664122 220.32000000000002 5.76 -31.68 5.038941083208441 1.6749525551118247 5.556125510959188
22.9 2.3806146144866944 -4.8830342292785645 -7.808988094329834 11.856488549618321 -9.892366412213741 -17.187786259541987 220.85999999999999 5.819999999999999 -32.34 5.029160725273123 1.6741272171451413 5.515461353932613
22.915 2.334526228904724 -4.954620838165283 -7.815991163253784 13.02824427480916 -11.067938931297709 -17.83587786259542 220.62000000000003 6.06 -33.18 5.015613903051587 1.6727240079865169 5.491277630403492
22.93 2.2840085864067077 -5.074869632720947 -7.809586668014527 13.909923664122138 -11.210687022900764 -18.30916030534351 221.1 7.499999999999998 -34.019999999999996 4.9981684970118945 1.671402232173163 5.486664292606183
22.959 2.315492331981659 -5.121197462081909 -7.748175430297851 13.959541984732823 -10.970992366412213 -18.63282442748092 221.88000000000002 8.639999999999999 -34.92 4.977400741385545 1.6699985006714464 5.493221161913358
22.976 2.2842480063438417 -5.164113521575928 -7.745362281799316 13.623664122137404 -11.012977099236641 -18.676335877862595 222.0 10.319999999999999 -35.64 4.956596595687566 1.6690071706598726 5.484990555265566
22.99 2.2863429188728333 -5.195776844024659 -7.719265508651733 13.180916030534352 -10.674045801526717 -18.39389312977099 222.36000000000004 11.16 -35.64 4.932991526464925 1.668098366657589 5.465827900943728
23.02 2.3057958006858827 -5.201762342453003 -7.684788990020752 12.724427480916033 -10.573282442748091 -17.718320610687023 222.71999999999997 12.48 -36.239999999999995 4.90895389032458 1.666528017950228 5.444819028753603
23.035 2.267189288139343 -5.232348299026489 -7.68323278427124 12.93664122137405 -10.67404580152672 -17.26793893129771 223.44 13.439999999999998 -36.72 4.87664978148059 1.6652059942232182 5.437866590544634
23.05 2.258570170402527 -5.250005578994751 -7.67622971534729 13.14961832061069 -10.508396946564886 -16.868702290076335 223.74 14.459999999999999 -37.26 4.8408106353395235 1.6641321534828557 5.430633304090605
23.08 2.2474371194839478 -5.301959753036499 -7.674733304977417 12.853435114503819 -10.263358778625955 -15.977862595419845 223.92 15.360000000000003 -37.8 4.805725615368613 1.6635541486936067 5.420835662214921
23.095 2.2230162620544434 -5.332605504989624 -7.7001118659973145 12.17709923664122 -9.595419847328245 -15.406870229007637 223.68 16.560000000000002 -38.28 4.771953912969557 1.6625616971238126 5.422288190992707
23.11 2.2566547870635985 -5.304054641723633 -7.647499227523804 11.354198473282441 -8.610687022900766 -15.048091603053436 223.92 17.4 -38.64 4.742871325524225 1.6623963202381724 5.429623220077155
23.14 2.318544900417328 -5.270835065841675 -7.602607917785645 10.959541984732825 -8.515267175572522 -14.515267175572518 224.34 17.939999999999998 -39.42 4.7164170581100775 1.6618996225422475 5.414081025937241
23.155 2.2299594402313234 -5.280890703201294 -7.627088642120361 11.42824427480916 -8.799236641221373 -14.18473282442748 224.1 19.139999999999997 -40.14 4.685937139326075 1.6609060349917466 5.378667042391447
23.17 2.213619017601013 -5.289270401000977 -7.612902975082397 12.239694656488549 -8.457251908396946 -13.806106870229007 224.45999999999998 20.339999999999996 -40.5 4.654899051647336 1.6595807398683384 5.351344985044596
23.2 2.2741324663162232 -5.341224575042725 -7.574476051330566 12.887022900763359 -8.230534351145037 -13.19236641221374 224.33999999999997 21.18 -41.339999999999996 4.625610255989227 1.6580894937819288 5.333026717418239
23.214 2.2228965520858766 -5.368159341812134 -7.56483941078186 13.070229007633586 -8.155725190839695 -12.961832061068701 224.45999999999995 22.38 -41.7 4.5895780780559345 1.6568457069717049 5.305761923177477
23.23 2.2407333493232726 -5.362233686447143 -7.508575677871704 13.106106870229008 -7.65267175572519 -12.569465648854962 224.63999999999996 23.880000000000003 -42.12 4.557877240154242 1.655602643871942 5.280034561343152
23.26 2.216252624988556 -5.421968984603882 -7.506480741500854 13.29770992366412 -7.619847328244274 -11.82824427480916 224.7 25.02 -42.06 4.539492021632471 1.6545261536365032 5.264209711221715
23.275 2.2949620127677917 -5.430468416213989 -7.472782373428345 13.407633587786261 -7.239694656488548 -11.41297709923664 225.6 26.159999999999997 -42.120000000000005 4.524426458024806 1.6527045659359867 5.255922181575968
23.29 2.256355512142181 -5.425021648406982 -7.438365697860718 13.929007633587787 -7.2022900763358795 -11.380152671755727 226.2 27.119999999999997 -42.84 4.504874794433965 1.6517098278165758 5.233638289256289
23.32 2.204880177974701 -5.53156361579895 -7.441597890853882 15.409923664122136 -6.996946564885496 -11.481679389312978 226.5 28.619999999999997 -43.62 4.488389110088526 1.6500525656152731 5.201219041072175
23.335 2.1566370129585266 -5.6054247379302975 -7.449438905715942 15.838167938931297 -6.538931297709924 -11.108396946564886 226.74 29.939999999999998 -43.98 4.472633540052298 1.6489744081260729 5.189993997120578
23.349 2.2335507392883303 -5.650375890731811 -7.378630352020264 15.326717557251907 -5.940458015267175 -10.254961832061069 226.68 30.959999999999997 -44.16 4.47632435218292 1.648559733198382 5.201170662205303
23.38 2.2179884195327757 -5.689700651168823 -7.339126014709473 14.966412213740455 -5.834351145038168 -9.814503816793891 226.68 31.439999999999998 -44.88 4.4648591531329345 1.6482277661204876 5.205719922451405
23.395 2.1366454362869263 -5.721842813491821 -7.33852744102478 15.162595419847326 -5.45648854961832 -9.693129770992364 226.92 32.879999999999995 -45.84 4.466681165215716 1.6481447662243138 5.207233986100282
23.41 2.187881350517273 -5.783912467956543 -7.294294548034668 15.50534351145038 -4.883969465648855 -9.413740458015265 227.1 33.779999999999994 -46.86 4.469471712033274 1.6480617172564684 5.231817338428096
23.44 2.179741072654724 -5.811625337600708 -7.272866439819336 15.493129770992365 -4.662595419847329 -9.238167938931298 226.61999999999998 34.739999999999995 -48.3 4.4761410243364566 1.6465651932888232 5.244449375611618
23.455 2.2021867275238036 -5.826230001449585 -7.212891721725464 15.567175572519085 -4.1122137404580155 -9.094656488549619 226.74 36.42 -49.62 4.476477658309027 1.6442372482430074 5.244449375611618
23.47 2.074456071853638 -5.935824584960938 -7.213729667663574 15.997709923664123 -3.945038167938931 -8.970992366412215 225.9 38.1 -50.699999999999996 4.470392103114432 1.6419908713813522 5.239622531093106
23.5 2.1510106801986693 -6.006513357162476 -7.165247106552124 15.668702290076336 -3.163358778625954 -8.501526717557251 225.35999999999999 39.480000000000004 -51.35999999999999 4.475666141311396 1.6399942979827629 5.25370550553757
23.515 2.2632388830184937 -5.961861515045166 -7.064451217651367 14.582442748091603 -2.658015267175572 -7.970992366412213 225.17999999999998 40.620000000000005 -52.5 4.478477230743143 1.6386637901300105 5.2761858244194055
23.53 2.228582811355591 -5.936004161834717 -7.007229804992676 14.914503816793893 -2.563358778625954 -8.022137404580153 224.45999999999998 41.33999999999999 -53.1 4.471715359936857 1.6374163148531786 5.280891653612285
23.559 2.180519223213196 -6.05631275177002 -7.003159666061402 16.012213740458016 -2.2206106870229005 -8.00381679389313 224.45999999999998 42.53999999999999 -54.42 4.450747885573899 1.6342511904571815 5.284357882079465
23.575 2.2325931072235106 -6.104376363754272 -6.9474945068359375 15.938167938931297 -1.7404580152671756 -7.781679389312975 224.28000000000003 43.559999999999995 -54.839999999999996 4.44307327965441 1.6309167516573144 5.28602663652718
23.59 2.2465991735458375 -6.117544460296631 -6.89135046005249 15.86564885496183 -1.5152671755725193 -7.8305343511450385 223.92 44.27999999999999 -56.04 4.424362512620635 1.6270805374853488 5.29313154586785
23.62 2.259827136993408 -6.169438791275025 -6.848194980621338 15.92977099236641 -1.090839694656489 -7.535114503816795 223.73999999999995 44.93999999999999 -57.540000000000006 4.4120156783348445 1.623325791751845 5.281648678774
23.635 2.2790405988693236 -6.258622789382935 -6.802465724945068 15.72824427480916 -0.7519083969465649 -7.03587786259542 223.2 45.839999999999996 -58.32000000000001 4.402710685106058 1.6199802416977271 5.28610047945467
23.65 2.353380560874939 -6.249824094772339 -6.7272279262542725 15.455725190839695 -0.6404580152671755 -6.913740458015267 222.53999999999996 46.38 -59.580000000000005 4.390339060098309 1.6174711117587859 5.295398310956928
23.68 2.416587495803833 -6.179135274887085 -6.632178163528442 16.448091603053435 -0.47404580152671755 -7.089312977099236 221.87999999999997 46.8 -60.96 4.381825512711603 1.6152960820460176 5.2949875989837265
23.695 2.3492505669593813 -6.361094617843628 -6.630621910095215 18.64732824427481 -0.2763358778625954 -7.209160305343512 221.7 47.34 -62.46 4.3558305925204275 1.6115254935579006 5.268277860048102
23.71 2.2674885869026182 -6.469372415542603 -6.616974973678589 18.925190839694658 -0.006870229007633543 -7.079389312977099 221.16 48.12 -63.959999999999994 4.330076104106579 1.6062430665299494 5.236579441895374
23.74 2.3611018776893617 -6.534734106063842 -6.545747470855713 18.35267175572519 0.5198473282442748 -6.763358778625955 220.38000000000002 49.260000000000005 -66.05999999999999 4.314566166254474 1.6009606395019982 5.217165122808581
23.755 2.4080282330513 -6.5563417911529545 -6.473382759094238 17.735114503816796 0.7938931297709924 -6.491603053435114 220.01999999999998 49.38 -67.14 4.299820581449144 1.5976013980941308 5.19114509337343
23.77 2.4054544806480407 -6.59488844871521 -6.4264564037323 17.566412213740456 1.0305343511450382 -6.261068702290077 219.42 49.86 -68.82 4.289006960589946 1.594660470813245 5.175998450936641
23.8 2.3829489827156065 -6.641216230392456 -6.386054277420044 17.69236641221374 1.248091603053435 -6.006870229007634 218.87999999999997 50.28000000000001 -70.32 4.278707670374553 1.5925598328014137 5.151133790697598
23.815 2.3617602944374085 -6.734829521179199 -6.349183559417725 18.144274809160304 1.5793893129770993 -5.847328244274809 218.21999999999997 50.46000000000001 -71.82 4.271185685183829 1.5906268241136057 5.126916500788136
23.83 2.426403748989105 -6.766253423690796 -6.289208793640137 18.044274809160306 1.8450381679389314 -5.599236641221375 217.32 50.400000000000006 -73.67999999999999 4.255209521560184 1.5888587700290817 5.09212362268308
23.86 2.3723546385765077 -6.87357349395752 -6.2597002506256105 18.061068702290076 1.9580152671755724 -5.287786259541985 216.9 50.1 -75.42 4.241956302577259 1.5868397069672218 5.062197787903101
23.875 2.3501484036445617 -7.051223278045654 -6.240726184844971 17.13129770992366 2.3244274809160306 -4.689312977099236 216.6 50.040000000000006 -76.92 4.237714772406037 1.5848210919273016 5.027278031134559
23.905 2.4068311214447022 -6.966528415679932 -6.149387407302856 14.804580152671756 2.4152671755725192 -4.090839694656488 216.06 49.62 -78.42 4.239621335032202 1.5837248624052345 5.006378305159724
23.92 2.495296859741211 -6.959046506881714 -6.078818273544312 14.635877862595422 2.436641221374046 -3.8778625954198467 215.34 49.019999999999996 -79.14000000000001 4.25010941703605 1.5839780678519362 4.988619665524057
23.935 2.465967893600464 -7.037097501754761 -6.028240776062011 15.269465648854961 2.446564885496183 -3.7595419847328246 214.97999999999996 48.18 -80.46000000000001 4.256175482998037 1.5843156366518865 4.960015327324537
23.951 2.4394520998001097 -7.121433258056641 -6.000108909606934 15.51908396946565 2.5725190839694654 -3.688549618320611 214.14000000000001 47.94 -81.78 4.260744189907378 1.583893627438759 4.937779989443766
23.98 2.4460959911346434 -7.185478162765503 -5.958389949798584 15.325190839694656 2.62824427480916 -3.5183206106870237 213.36000000000004 47.519999999999996 -83.4 4.276693906129802 1.5836404797260797 4.92453177820999
23.995 2.538272762298584 -7.24856538772583 -5.902126216888428 14.77709923664122 2.7229007633587785 -3.2564885496183202 212.82000000000002 46.739999999999995 -84.78 4.2890642031167 1.5835562117890065 4.917382963571344
24.01 2.5571869611740112 -7.247966861724853 -5.842450761795044 13.881679389312975 2.619083969465649 -3.0748091603053433 212.04000000000002 46.199999999999996 -85.8 4.299417422228333 1.5833876569119487 4.927712986893654
24.04 2.5401282787322996 -7.2970479965209964 -5.798636865615845 13.508396946564886 2.5641221374045804 -2.9221374045801527 212.03999999999996 45.84 -86.64000000000001 4.31605082230671 1.583809378061208 4.932316933247365
24.054 2.5149293184280395 -7.349600744247437 -5.779602956771851 12.985496183206106 2.53969465648855 -2.838931297709924 211.8 45.48 -87.72000000000001 4.3323599272609945 1.5840623532998261 4.9410887888574795
24.07 2.5531168460845945 -7.343196249008178 -5.740637302398682 12.006870229007633 2.485496183206107 -2.810687022900763 211.68 44.75999999999999 -88.80000000000001 4.338464951068916 1.5843152712889084 4.953727608520698
24.1 2.5519796133041384 -7.388446617126465 -5.71418137550354 11.321374045801525 2.422900763358779 -2.768702290076336 211.08 44.519999999999996 -89.52000000000001 4.352847258930798 1.5847372805020359 4.967698600585821
24.115 2.5017013788223266 -7.439921951293945 -5.708435297012329 10.414503816793893 2.284732824427481 -2.647328244274809 210.3 44.22 -90.53999999999999 4.358859322017051 1.5853274229451153 4.9816523511749855
24.13 2.5208549737930297 -7.461828899383545 -5.700474548339844 9.129007633587786 2.27175572519084 -2.5893129770992367 210.0 44.160000000000004 -91.44 4.368742972277488 1.5853274229451153 4.979149160516611
24.161 2.525703239440918 -7.442076730728149 -5.659294271469117 7.925190839694656 2.1931297709923667 -2.5175572519083973 209.82000000000002 43.50000000000001 -92.46 4.3776057481302315 1.5859181014138874 4.974986719991802
24.176 2.536656713485718 -7.454885673522949 -5.63756685256958 7.429007633587785 2.2465648854961833 -2.498473282442748 209.52000000000004 42.720000000000006 -93.47999999999999 4.36590312564549 1.585749239913439 4.970633953141046
24.19 2.502000641822815 -7.449079751968384 -5.614163494110107 6.829770992366411 2.229007633587787 -2.519847328244275 209.34 42.540000000000006 -93.29999999999998 4.357042804535146 1.5852432318241951 4.972958040222209
24.22 2.5190593242645263 -7.4885241985321045 -5.59973840713501 6.538167938931298 2.320610687022901 -2.593129770992366 209.34 42.300000000000004 -93.66 4.348717037310715 1.5845682473724494 4.979701100823908
24.235 2.4778192043304443 -7.530362892150879 -5.595249271392822 6.158015267175573 2.420610687022901 -2.594656488549618 209.45999999999998 41.339999999999996 -94.25999999999999 4.339080218987415 1.5838088031408604 4.993741656177809
24.25 2.5315091609954834 -7.510072040557861 -5.576394939422608 5.5580152671755725 2.53206106870229 -2.477862595419847 209.34 40.739999999999995 -94.62 4.32998359794302 1.5833870819916014 4.9992168278711855
24.28 2.5440787076950073 -7.500914192199707 -5.557121610641479 5.418320610687023 2.5129770992366414 -2.4633587786259543 208.73999999999995 40.38 -94.86 4.319682689593323 1.5831341640025192 5.018093373101597
24.295 2.5312697172164915 -7.559631967544556 -5.5501784324646 5.653435114503817 2.6358778625954202 -2.5404580152671756 208.8 39.12 -95.52000000000001 4.308819858264625 1.5827965952025689 5.028070855508304
24.31 2.541923928260803 -7.6126635551452635 -5.553889465332031 5.069465648854963 2.741984732824428 -2.5404580152671756 209.04000000000002 38.4 -96.47999999999999 4.298064171062904 1.581953247312788 5.033727065337603
24.34 2.555690598487854 -7.575254154205322 -5.539225006103516 4.0908396946564896 2.56793893129771 -2.568702290076336 208.92 37.32000000000001 -96.11999999999999 4.290331349220557 1.581953247312788 5.049923073498556
24.355 2.584241437911987 -7.57178258895874 -5.530127048492432 3.7496183206106872 2.482442748091603 -2.644274809160305 208.92000000000002 36.36 -96.24 4.284795521855623 1.581531430344464 5.0650319963370105
24.37 2.5717317342758177 -7.610508823394776 -5.520370674133301 3.2671755725190836 2.3618320610687027 -2.6450381679389317 209.04000000000002 36.12 -95.52 4.289088969437832 1.5817002918449126 5.074573551597315
24.4 2.5738266706466675 -7.649115324020386 -5.518156051635742 2.597709923664122 2.2770992366412215 -2.682442748091603 209.22000000000003 34.98 -96.66 4.294359311824258 1.5819533819450742 5.081108884937793
24.415 2.6001030445098876 -7.614938116073608 -5.507142734527588 1.7862595419847331 2.0938931297709926 -2.691603053435114 209.04000000000002 34.2 -96.72 4.298662194475651 1.5819533819450742 5.066462642254781
24.43 2.6372730255126955 -7.63738374710083 -5.4905030727386475 1.370229007633588 1.8854961832061068 -2.7534351145038167 209.04000000000002 34.2 -96.72 4.30393833933877 1.5819533819450744 5.063398081497921
24.46 2.5991453647613527 -7.650432109832764 -5.467458868026734 0.9206106870229007 1.7038167938931295 -2.8137404580152667 209.04000000000002 33.84 -96.96000000000001 4.309544476940303 1.5813621629143246 5.05832071660499
24.475 2.595374512672424 -7.6791027069091795 -5.44848484992981 0.6534351145038169 1.6961832061068702 -2.7946564885496183 209.16 33.48 -97.08000000000001 4.315366245645914 1.5802641820593173 5.034462692959378
24.49 2.649663043022156 -7.685926246643066 -5.427056741714478 0.4259541984732825 1.5671755725190841 -2.7259541984732825 208.92000000000002 33.36 -97.32000000000001 4.320868364267478 1.5798417859178766 5.022033318061542
24.52 2.649603176116943 -7.698675346374512 -5.393717479705811 0.5450381679389313 1.503053435114504 -2.7015267175572513 209.4 33.0 -97.08 4.326480698224812 1.579250294892995 5.01416516095304
24.535 2.6504411458969117 -7.742369508743286 -5.385936307907104 0.5877862595419847 1.5000000000000002 -2.4770992366412212 209.34 32.82 -97.25999999999999 4.330055679694517 1.578574848076869 5.009114249050163
24.55 2.640565061569214 -7.754939031600952 -5.390126132965088 0.23587786259541982 1.3809160305343513 -2.301526717557252 209.04000000000002 32.28 -97.19999999999999 4.334390818302786 1.5780680308481576 4.994758605565826
24.586 2.673006510734558 -7.738119745254517 -5.395453262329101 -0.031297709923664166 1.3129770992366412 -2.26793893129771 208.8 31.679999999999996 -97.55999999999999 4.3377510000226 1.577476675963609 4.975919631942052
24.595 2.669235634803772 -7.722736978530884 -5.4048505306243895 -0.16030534351145037 1.2435114503816793 -2.128244274809161 208.85999999999999 31.259999999999998 -97.26 4.340358597376623 1.5762940986135257 4.95715765539499
24.61 2.6303897142410277 -7.709508991241455 -5.424183702468872 -0.34503816793893133 1.1923664122137403 -1.9351145038167943 209.1 30.419999999999998 -97.49999999999999 4.343508131230684 1.5757024711611667 4.951562095119057
24.64 2.6516382455825807 -7.622779035568238 -5.440045261383057 -0.42671755725190835 1.232824427480916 -1.8549618320610688 208.92000000000002 29.639999999999997 -97.32 4.345900433150098 1.5750260908026175 4.937382730335129
24.655 2.652057242393494 -7.627567434310913 -5.4784722328186035 -0.041984732824427426 1.3053435114503817 -1.794656488549618 208.38000000000002 28.860000000000003 -97.38 4.347859962652278 1.5746878225834455 4.933030838842642
24.67 2.6369138956069946 -7.605959749221801 -5.510674238204956 -0.14198473282442742 1.3061068702290077 -1.7099236641221374 208.32000000000002 28.2 -97.91999999999999 4.350584977771616 1.5740104968051898 4.94528719604388
24.7 2.63230504989624 -7.524497032165527 -5.5306658267974855 -0.5213740458015267 1.2954198473282443 -1.651145038167939 208.44 27.959999999999997 -97.91999999999999 4.353858223205723 1.573164234544731 4.957982904652036
24.715 2.6250027418136597 -7.463085794448853 -5.555804920196533 -0.3999999999999999 1.282442748091603 -1.6297709923664123 208.13999999999996 27.9 -97.38 4.356366644704961 1.5721480060997193 4.97362404739686
24.732 2.6111762285232545 -7.452730894088745 -5.573701572418213 0.016030534351145053 1.4221374045801525 -1.6580152671755726 208.26 27.419999999999998 -98.1 4.358768367915104 1.5712172257139958 5.001559322708985
24.761 2.6081236362457276 -7.4269932270050045 -5.58531346321106 0.33816793893129776 1.5290076335877862 -1.6618320610687025 208.2 27.840000000000003 -98.28 4.360297164030432 1.5701166977198704 5.043913281451315
24.776 2.6044724702835085 -7.418673372268676 -5.585971832275391 0.7603053435114504 1.5961832061068701 -1.6877862595419848 208.37999999999997 27.9 -98.82 4.3623710852817394 1.5691007073815824 5.094278669516912
24.79 2.6199749231338503 -7.420887994766235 -5.5791483402252195 1.0152671755725193 1.6572519083969464 -1.6450381679389312 208.26 27.78 -98.82000000000001 4.363462774020703 1.5683384476066287 5.136476230811555
24.82 2.620753026008606 -7.424359607696533 -5.564244413375855 1.2618320610687024 1.664885496183206 -1.6641221374045803 207.66 28.26 -98.82 4.364882970413471 1.5673219805525314 5.173801871634692
24.835 2.6156054973602294 -7.467215824127197 -5.552812099456787 1.549618320610687 1.6534351145038166 -1.6893129770992368 207.66 27.9 -99.41999999999999 4.365210338494849 1.5672373446241443 5.209722960215233
24.85 2.629192590713501 -7.500914239883423 -5.533778190612793 1.6450381679389312 1.6381679389312975 -1.7259541984732825 207.9 28.26 -99.06 4.365537890986634 1.5668140658782364 5.2314725388451695
24.88 2.6263794183731077 -7.510371351242066 -5.521687459945679 1.3564885496183205 1.5854961832061067 -1.6587786259541986 207.48000000000002 27.959999999999997 -98.52000000000001 4.365209876276496 1.5668988011201295 5.255484841311622
24.895 2.6235063791275026 -7.518212366104126 -5.503730916976929 1.1442748091603052 1.547328244274809 -1.5908396946564884 207.12000000000003 27.839999999999996 -98.64 4.364990797519345 1.5675759684971466 5.288977641708145
24.91 2.636674475669861 -7.531380462646484 -5.4966082096099855 1.1809160305343513 1.5618320610687024 -1.5732824427480916 207.06000000000003 27.54 -98.94000000000001 4.3654287071029145 1.5679997448605199 5.318626911195568
24.94 2.6357167959213257 -7.5525092601776125 -5.496548366546631 1.2068702290076334 1.5526717557251908 -1.5641221374045802 206.64000000000001 27.359999999999996 -98.4 4.365428707102914 1.5679997448605199 5.337026506760904
24.955 2.6304495573043822 -7.553706359863281 -5.496308946609497 0.9961832061068703 1.5572519083969465 -1.4335877862595419 206.82 26.82 -98.82 4.367843373017817 1.567914949526192 5.3556005131704865
24.97 2.627636361122131 -7.523180294036865 -5.494214057922363 0.8748091603053434 1.5832061068702292 -1.2702290076335878 206.82 26.580000000000002 -98.58 4.372356955505493 1.5678301541918638 5.377524398690892
25.0 2.6238056421279907 -7.506241321563721 -5.4948724746704105 1.016030534351145 1.5893129770992367 -1.251908396946565 206.57999999999998 26.22 -98.1 4.3781949780782154 1.5680844199255308 5.4119535261442495
25.015 2.6166829109191894 -7.525335073471069 -5.503132486343384 1.0793893129770993 1.599236641221374 -1.216793893129771 207.17999999999998 25.38 -97.85999999999999 4.383928579418952 1.5690162904845524 5.451606377195498
25.03 2.600282621383667 -7.516237115859985 -5.509417295455933 0.7832061068702292 1.6053435114503816 -1.163358778625954 207.0 25.079999999999995 -97.55999999999999 4.393433243089712 1.5697773067714882 5.4940945352920885
25.06 2.5991453647613527 -7.466258144378662 -5.515402793884277 0.43816793893129774 1.6 -1.1427480916030535 207.24 24.359999999999996 -98.16 4.403503604241336 1.5712144553247105 5.547020119622054
25.09 2.6229676723480226 -7.439622640609741 -5.518994092941284 0.5435114503816794 1.5687022900763359 -1.217557251908397 207.35999999999999 24.119999999999997 -98.52000000000001 4.403831618951474 1.5718916227017279 5.597937101094471
25.091 2.604831600189209 -7.474577951431274 -5.576155662536621 0.702290076335878 1.5396946564885496 -1.283206106870229 207.9 23.699999999999996 -97.98 4.403612664182563 1.571553197246653 5.6333051717685745
25.12 2.4232314109802244 -7.485830688476563 -5.785827875137329 -0.2122137404580152 1.3396946564885495 -0.8618320610687021 207.89999999999995 23.34 -98.10000000000001 4.40284664724033 1.571553197246653 5.66117381915032
25.135 2.4975115060806274 -7.355047416687012 -5.838919305801392 -0.40381679389312974 1.5389312977099237 -1.0099236641221374 208.13999999999996 23.339999999999996 -97.86 4.407917201935881 1.5714684620047592 5.691576229836187
25.15 2.3745692372322083 -7.3352354049682615 -5.839936828613281 -0.08702290076335868 1.4259541984732826 -1.1221374045801524 208.01999999999998 23.339999999999996 -97.02000000000001 4.414580721658127 1.5725692476773756 5.7170549003931725
25.18 2.2346880197525025 -7.418912792205811 -5.912122011184692 0.058015267175572593 1.27175572519084 -1.181679389312977 207.95999999999998 22.8 -96.72 4.419596456086586 1.5727388182729807 5.734000661991954
25.195 2.0972009897232056 -7.351216745376587 -5.991070795059204 -0.22824427480916035 1.1854961832061068 -1.2526717557251907 208.2 22.919999999999998 -97.67999999999999 4.423725288734723 1.572484552539314 5.742323467797511
25.21 2.1954231023788453 -7.246949243545532 -5.9860429763793945 -0.29770992366412213 1.2954198473282441 -1.3458015267175572 208.08 22.919999999999998 -98.28 4.427745459956436 1.571298114513612 5.745153112639814
25.24 2.3270443439483643 -7.071154975891114 -6.007171773910523 -0.15190839694656494 1.3061068702290073 -1.3473282442748091 207.84 22.799999999999997 -98.39999999999999 4.428753880206468 1.5698592952367385 5.739632480250256
25.255 2.305556392669678 -7.097610902786255 -6.159024000167847 0.0877862595419847 1.2587786259541986 -1.0549618320610685 207.54000000000002 22.740000000000002 -98.1 4.429202659540131 1.5678287192627984 5.730373866504387
25.27 2.041176664829254 -7.176918840408325 -6.283342933654785 -0.18549618320610683 1.3900763358778625 -0.5809160305343509 207.95999999999998 22.919999999999998 -97.67999999999999 4.439287540435503 1.566557983952427 5.724269363851814
25.3 2.2440852761268615 -7.059183979034424 -6.213611841201782 -0.1961832061068703 1.6877862595419848 -0.7938931297709925 207.95999999999998 22.44 -97.8 4.449378244321151 1.5653709850437911 5.718494065585686
25.315 2.4011448979377747 -6.989752149581909 -5.994422674179077 0.3458015267175572 1.7885496183206109 -1.077862595419847 207.83999999999997 22.44 -97.44 4.459681832557592 1.564013123000167 5.717857308134102
25.33 2.247377300262451 -7.094199228286743 -6.0017250061035154 0.20992366412213742 1.4923664122137406 -0.7916030534351146 208.13999999999996 22.14 -97.97999999999999 4.465157784341772 1.5629947288578174 5.718655960799031
25.36 2.302384090423584 -7.143220520019531 -6.0579887390136715 0.333587786259542 1.5748091603053436 -0.8961832061068703 208.5 21.9 -98.34 4.466841948329814 1.5610448764590121 5.7123082817594355
25.375 2.4782980561256407 -7.007289695739746 -6.025188159942627 0.32290076335877865 1.7717557251908396 -0.936641221374046 208.44 21.720000000000002 -98.4 4.467853040759932 1.5598561806415852 5.708821834216326
25.39 2.5920824885368345 -7.133883142471314 -5.947017478942871 0.23587786259541987 1.99618320610687 -0.5511450381679389 208.26 21.78 -97.62 4.468639214135063 1.5586671999128745 5.706604193759434
25.42 2.5023597836494447 -7.30022029876709 -5.882792997360229 -0.4526717557251908 2.100763358778626 -0.009923664122137498 208.62000000000003 21.540000000000003 -97.62 4.469088522092262 1.5576470926950186 5.701744944863069
25.435 2.423829972743988 -7.4575193405151365 -5.80737566947937 -1.1221374045801524 2.1946564885496183 0.3389312977099236 208.8 21.84 -97.32000000000001 4.4694252551078435 1.5561172954443625 5.700495130138348
25.45 2.4656686425209045 -7.425975751876831 -5.658336639404297 -1.3900763358778625 2.3198473282442746 0.3374045801526717 209.45999999999998 21.540000000000003 -97.02000000000001 4.469088621135272 1.5546719643740359 5.694713330157684
25.48 2.634280300140381 -7.377672719955444 -5.577592182159424 -1.0053435114503817 2.267175572519084 0.09160305343511443 209.64000000000001 21.360000000000003 -96.84 4.467184382466563 1.5531410564992516 5.673842827535024
25.495 2.402641272544861 -7.47691240310669 -5.630563879013062 -0.9564885496183206 2.1129770992366415 0.44122137404580153 209.51999999999998 22.200000000000003 -96.96000000000001 4.464720430568462 1.5523758846110618 5.650598871688386
25.51 2.4574685096740723 -7.519229888916016 -5.632060241699219 -0.8923664122137405 2.3938931297709924 0.45343511450381674 209.64000000000001 21.96 -97.2 4.461811892941999 1.5521207040497986 5.625434417456619
25.54 2.5537752747535705 -7.5392813205719 -5.538027954101563 -1.0709923664122136 2.661068702290076 0.6190839694656489 209.4 21.6 -96.6 4.457669762286928 1.5515252822317702 5.597764300247881
25.555 2.6205734968185426 -7.555621719360351 -5.432204246520996 -1.73587786259542 2.883969465648855 1.1465648854961832 209.57999999999998 21.18 -96.53999999999999 4.453083851515456 1.5506741610152104 5.577295034075843
25.571 2.5992650985717773 -7.621342563629151 -5.3788733959198 -1.9664122137404583 2.912977099236641 1.4328244274809159 209.51999999999998 21.36 -96.24 4.447611098214795 1.5516932862370318 5.548100873953141
25.616 2.609380602836609 -7.5577764987945555 -5.390066289901734 -1.5916030534351144 2.855725190839695 1.3374045801526715 209.27999999999997 21.36 -96.72 4.4379528443782625 1.552288275712716 5.515397282301946
25.617 2.573108434677124 -7.494689321517944 -5.477694082260132 -0.6068702290076334 2.7702290076335876 1.0297709923664122 208.8 21.6 -96.24 4.426875181010322 1.5527986991208036 5.469198486124716
25.63 2.5040955543518066 -7.5280884265899655 -5.542636775970459 0.12442748091603051 2.8259541984732826 0.8832061068702292 209.1 21.54 -96.42 4.414717545945471 1.5528838631039152 5.404124882367629
25.661 2.4966136693954466 -7.574835205078125 -5.520131254196167 -0.012977099236641232 2.990076335877862 1.0175572519083969 208.74 21.419999999999998 -96.42 4.401596970350144 1.5526281826673778 5.325715995767224
25.675 2.5790340662002564 -7.579025077819824 -5.442978096008301 -0.6045801526717558 3.1435114503816792 1.2358778625954199 208.98000000000002 21.06 -96.78 4.38939006313783 1.5521163787636316 5.270615472283848
25.705 2.6019585371017455 -7.577408981323242 -5.413708972930908 -1.0160305343511449 3.0862595419847323 1.4587786259541986 209.21999999999997 21.18 -97.02 4.377193580903455 1.5511788815528127 5.2237817452291555
25.72 2.558084774017334 -7.5827361106872555 -5.429031848907471 -1.029770992366412 2.968702290076336 1.5045801526717557 209.39999999999995 21.36 -96.84 4.365233912630369 1.5494728549809176 5.180205416307134
25.735 2.5336639165878294 -7.554484510421753 -5.461772537231445 -0.8427480916030534 2.8725190839694656 1.3702290076335877 209.45999999999998 21.419999999999998 -97.02000000000001 4.353284421013674 1.548108038014819 5.129825519510087
25.75 2.5313894271850588 -7.520067882537842 -5.511691665649414 -0.7007633587786259 2.765648854961831 1.1809160305343511 209.4 21.24 -96.48 4.341351840443518 1.5468274078919528 5.077983982716641
25.78 2.5078065395355225 -7.541855096817017 -5.520669937133789 -0.8564885496183207 2.793893129770992 1.1190839694656487 209.82 20.699999999999996 -96.78000000000002 4.3299876179547585 1.543932115078544 5.033409274279482
25.795 2.511098575592041 -7.558434915542603 -5.501995182037353 -1.386259541984733 2.814503816793893 1.1351145038167938 209.94 20.34 -96.66 4.323464808837529 1.5412893774070269 4.993541064446883
25.81 2.540786695480347 -7.548259544372558 -5.482602167129516 -1.9679389312977098 2.8145038167938927 1.1725190839694657 210.12000000000003 20.76 -96.6 4.317935150994764 1.5405234620055441 4.972571766621994
25.84 2.5417443752288817 -7.546583604812622 -5.463927412033081 -2.2068702290076336 2.783206106870229 1.1068702290076335 210.35999999999999 20.04 -95.99999999999999 4.314037873589728 1.5405234620055441 4.980849925973847
25.855 2.53126974105835 -7.533834457397461 -5.479190444946289 -2.0175572519083973 2.6572519083969466 0.8564885496183207 210.35999999999999 19.799999999999997 -95.52 4.311337069904118 1.5419698453164936 5.006105054123482
25.87 2.5299529314041136 -7.5171348571777346 -5.504628849029541 -1.694656488549618 2.5572519083969465 0.5442748091603054 210.35999999999999 19.559999999999995 -95.39999999999999 4.308425033998972 1.5441822485106433 5.00700677302505
25.9 2.529593801498413 -7.50905442237854 -5.501695966720581 -1.451145038167939 2.5106870229007634 0.2801526717557252 209.7 18.659999999999997 -94.85999999999999 4.305622786305944 1.545884917609652 4.997847192586552
25.915 2.5280974388122557 -7.533355569839477 -5.497685670852661 -1.3198473282442749 2.4343511450381676 0.15801526717557257 210.17999999999998 17.939999999999998 -94.61999999999999 4.303145585462202 1.5475909441815472 4.985223942498208
25.93 2.5320478677749634 -7.545625877380371 -5.492598009109497 -1.297709923664122 2.3038167938931293 0.03206106870229013 210.17999999999998 17.7 -94.97999999999999 4.300777720164291 1.548359319822524 4.985609433954659
25.96 2.5346216440200804 -7.530961418151856 -5.484517574310303 -1.180916030534351 2.180916030534351 -0.14045801526717555 209.64000000000001 17.64 -95.64 4.29873471449776 1.5492136052466918 4.9805100864672704
25.976 2.5265412092208863 -7.530123472213745 -5.489964389801026 -0.8564885496183205 2.0229007633587783 -0.29389312977099236 209.4 17.88 -95.64 4.296693950411319 1.5494700515117692 4.977955066075378
25.99 2.5176228046417237 -7.535570287704468 -5.5052872657775875 -0.43206106870228994 1.8793893129770989 -0.5145038167938931 209.16 17.759999999999998 -95.28 4.294329336671181 1.54989767800161 4.97283955193369
26.02 2.5170840978622437 -7.535510444641114 -5.500259447097778 -0.15343511450381686 1.744274809160305 -0.7427480916030534 208.85999999999999 17.58 -95.46 4.292503390959605 1.5486173673158727 4.977249998562416
26.035 2.5241470098495484 -7.518571472167968 -5.4957703113555905 0.02061068702290078 1.6236641221374046 -0.8679389312977099 208.8 18.000000000000004 -95.39999999999999 4.2903549229681675 1.547337693483042 4.9791157213129065
26.05 2.5096621036529543 -7.529704523086548 -5.496368885040283 0.29465648854961835 1.5145038167938931 -0.9526717557251908 208.49999999999994 18.660000000000004 -95.58 4.288314718248968 1.5449521835627533 4.980586828065016
26.08 2.4961947202682495 -7.545625972747803 -5.501277017593384 0.5618320610687022 1.383969465648855 -1.031297709923664 208.01999999999992 18.9 -95.1 4.286920319037398 1.542056180946878 4.986175822096929
26.095 2.4982896566390993 -7.558913803100586 -5.503192377090454 0.5687022900763358 1.337404580152672 -1.0992366412213739 208.13999999999996 19.02 -95.22 4.285740765911233 1.5394134432753608 4.99993757946626
26.11 2.4908077716827393 -7.550354528427124 -5.493436002731324 0.2809160305343511 1.338167938931298 -1.0786259541984733 207.54000000000002 19.38 -95.58 4.284347509824583 1.537450775926659 5.006838766149044
26.14 2.4929625511169435 -7.542274093627929 -5.4837394714355465 0.16793893129770993 1.3618320610687022 -0.9862595419847329 207.48000000000002 19.559999999999995 -94.68 4.282955014424623 1.5359122813780295 5.005683519288593
26.155 2.5025991916656496 -7.546583652496338 -5.4840387344360355 0.19465648854961823 1.3480916030534353 -0.9351145038167938 207.78000000000003 19.859999999999996 -94.02000000000001 4.281884010885082 1.534630043902356 5.006190245966357
26.17 2.495895433425903 -7.555202770233154 -5.483200740814209 0.1480916030534351 1.3496183206106869 -0.9564885496183206 208.01999999999998 19.740000000000002 -93.54 4.280707351036531 1.5335173649747176 5.009130075865494
26.2 2.4914661645889282 -7.554304933547973 -5.4739830493927 0.02366412213740451 1.3297709923664123 -0.9587786259541986 208.32 19.56 -93.84000000000002 4.270969870687604 1.5324044026894101 5.014116818886029
26.215 2.491047191619873 -7.561307954788208 -5.472007799148559 -0.02748091603053441 1.3190839694656489 -0.9549618320610687 208.67999999999998 18.6 -93.84 4.26070995796858 1.531290871886413 5.018978439563918
26.23 2.4976910829544066 -7.5804017066955565 -5.480028390884399 -0.14656488549618318 1.2931297709923664 -0.9725190839694656 208.2 18.360000000000003 -94.08000000000001 4.25024405727608 1.530263653510819 5.017644793126204
26.26 2.49008948802948 -7.564959096908569 -5.474342155456543 -0.4580152671755725 1.2709923664122138 -0.9984732824427482 207.54000000000002 18.3 -94.14000000000001 4.23988527146423 1.5292361732986848 5.0148415227478464
26.275 2.4828470230102537 -7.557357501983643 -5.473085165023804 -0.6534351145038167 1.287786259541985 -1.0106870229007634 207.24 18.839999999999996 -94.44 4.238069266026091 1.5289794674098554 5.016153780222611
26.29 2.4897303342819215 -7.550653743743896 -5.469613552093506 -0.6297709923664122 1.2900763358778626 -1.0259541984732823 207.35999999999999 18.72 -94.08000000000001 4.23678650991514 1.528551297166279 5.0066204945356105
26.32 2.49840931892395 -7.551252269744873 -5.472067642211914 -0.3641221374045801 1.2778625954198473 -1.1389312977099233 207.06 19.140000000000004 -94.02000000000001 4.235718127960402 1.5279517052805256 5.012604818289413
26.335 2.4877551317214968 -7.561248064041138 -5.476556777954102 -0.10152671755725191 1.2748091603053435 -1.3190839694656487 207.35999999999999 19.320000000000004 -94.2 4.235077099128068 1.5273514972571967 5.018157895226365
26.35 2.4682424068450928 -7.55879397392273 -5.475479364395142 -0.01068702290076341 1.2954198473282443 -1.4106870229007633 207.59999999999997 18.96 -93.96 4.234329130443305 1.5264080683338608 5.026492899628325
26.38 2.4734498023986817 -7.557955980300903 -5.473324584960937 0.048091603053435114 1.3465648854961831 -1.3572519083969463 207.9 19.020000000000003 -94.01999999999998 4.234008833644492 1.525893272113742 5.024317689579154
26.395 2.479495143890381 -7.555202674865723 -5.470451545715332 0.08931297709923663 1.4015267175572519 -1.2908396946564884 207.95999999999998 18.84 -93.6 4.2418221769492925 1.5252065205089491 5.018950172183332
26.41 2.481769633293152 -7.553227472305298 -5.469793176651001 0.17404580152671753 1.4312977099236641 -1.2572519083969467 208.26 19.259999999999998 -93.05999999999997 4.250264602468459 1.524777245335958 5.001266864194492
26.44 2.472252702713013 -7.547481393814087 -5.469194602966309 0.3900763358778626 1.3923664122137407 -1.245038167938931 208.62000000000003 19.619999999999997 -92.58 4.258700297186404 1.5239188051205637 4.983602382604955
26.455 2.4821287870407103 -7.564360523223877 -5.472666168212891 0.6503816793893129 1.370992366412214 -1.3 208.98000000000002 19.019999999999996 -92.58 4.258804647322818 1.5228881392349618 4.962302824315957
26.47 2.484882116317749 -7.563582420349121 -5.469134759902954 0.6526717557251909 1.3145038167938932 -1.3412213740458017 209.21999999999997 18.06 -92.34 4.249326944190018 1.521429730249559 4.937410187707297
26.5 2.4723724126815796 -7.5704058647155765 -5.471469116210938 0.600763358778626 1.2778625954198473 -1.3572519083969468 209.51999999999998 17.999999999999996 -92.76 4.238692084248433 1.520399868391987 4.923998878288921
26.515 2.473090672492981 -7.575852680206299 -5.472785902023316 0.49770992366412214 1.2519083969465647 -1.3648854961832062 209.99999999999994 17.4 -92.88 4.237307509072397 1.519885072171868 4.907335225056383
26.53 2.4781184911727907 -7.5755534172058105 -5.47284574508667 0.2793893129770993 1.2068702290076334 -1.3694656488549617 209.69999999999996 17.22 -92.7 4.236347919796225 1.5197133845071356 4.897830876609262
26.56 2.4893712282180784 -7.575313997268677 -5.473085165023804 0.025954198473282418 1.1396946564885497 -1.3900763358778627 209.27999999999997 17.64 -93.6 4.2350689862012505 1.5197133845071356 4.891020302476474