40.236 -3.794151282310486 -8.87668228149414 0.6247070729732513 0.4335877862595419 2.708396946564885 -1.8610687022900763 281.4599999999999 122.1 -1.2599999999999998 4.016092412347458 1.4946987077135212 6.411536785794146
40.237 -3.7899614334106446 -8.87482671737671 0.6262633025646209 0.3343511450381679 2.650381679389313 -1.922137404580153 281.4599999999999 121.97999999999999 -1.2600000000000002 4.014083963813721 1.4946120652917372 6.411926406377677
40.251 -3.7919965028762816 -8.872432518005372 0.6329670667648315 0.3572519083969464 2.4908396946564886 -2.0160305343511453 281.82 121.61999999999998 -1.9800000000000004 4.013883604883053 1.4942651580981985 6.416198179513941
40.281 -3.7772721529006956 -8.882368469238282 0.6376357614994049 0.39312977099236635 2.376335877862595 -2.085496183206107 282.3 121.86000000000001 -1.8599999999999999 4.012579853481084 1.4935717290807407 6.415216840773444
40.326 -3.7758955001831054 -8.875664710998535 0.6482899606227874 0.21832061068702294 2.2702290076335876 -2.1458015267175576 282.65999999999997 121.85999999999999 -1.7399999999999998 4.012479686105147 1.4927915126639164 6.4228084567244395
40.327 -3.764582896232605 -8.867404747009278 0.6448183715343475 0.0954198473282443 2.1969465648854962 -2.1938931297709923 283.31999999999994 122.63999999999999 -2.4 4.013180519848365 1.4918379138768656 6.437939282472515
40.342 -3.7654208660125734 -8.862197399139404 0.6281786739826203 0.035877862595419883 2.06793893129771 -2.234351145038168 283.0199999999999 122.93999999999998 -2.6999999999999997 4.012879799935481 1.4913175528281102 6.44964180020847
40.356 -3.7588966846466065 -8.8593243598938 0.6197989642620086 0.023664122137404604 1.9786259541984734 -2.2496183206106872 283.02 123.29999999999998 -2.6999999999999997 4.012979894880454 1.4905382007318475 6.462351221255018
40.372 -3.7533301591873167 -8.863274765014648 0.6162076652050018 -0.06412213740458014 1.8633587786259542 -2.232824427480916 283.44 122.51999999999998 -3.1199999999999997 4.012979894880454 1.4899318709430798 6.473533175077831
40.386 -3.7415985584259035 -8.848430728912353 0.6108805656433105 -0.1847328244274809 1.7839694656488547 -2.206106870229008 283.86 122.46 -3.6599999999999993 4.013180205471116 1.4895850604008518 6.487748937551797
40.416 -3.7366904497146605 -8.844240951538087 0.5990891218185425 -0.11221374045801527 1.679389312977099 -2.180916030534351 283.49999999999994 122.46000000000001 -4.739999999999999 4.013080013916387 1.4889782258907016 6.501265080224423
40.431 -3.7314830780029298 -8.840948963165284 0.5948992669582367 -0.1198473282442748 1.5984732824427481 -2.1412213740458017 283.56 122.52000000000001 -4.92 4.013280421222225 1.488284216958472 6.5188466192353545
40.446 -3.729268455505371 -8.84980754852295 0.5896320223808289 -0.15190839694656488 1.5679389312977097 -2.097709923664122 282.71999999999997 122.99999999999997 -4.32 4.013380588598163 1.4881106178155332 6.535852507401977
40.476 -3.7277122259140016 -8.852141857147217 0.579875648021698 -0.2213740458015267 1.4824427480916031 -2.0809160305343513 282.17999999999995 122.93999999999998 -4.5 4.013681090743554 1.4875895272118758 6.5522997118682325
40.491 -3.7298670053482055 -8.857708358764649 0.5703586995601654 -0.18854961832061065 1.400763358778626 -2.068702290076336 281.88 122.75999999999999 -5.040000000000001 4.013881449674221 1.4872421336504809 6.565733719065176
40.506 -3.728849458694458 -8.868063259124757 0.5709572494029999 -0.10229007633587786 1.316793893129771 -2.023664122137404 281.09999999999997 122.81999999999998 -4.5 4.013681090743554 1.4871552975105784 6.574969553923806
40.536 -3.723402667045593 -8.8714750289917 0.573112028837204 -0.13053435114503817 1.2557251908396945 -1.9312977099236641 281.69999999999993 122.69999999999997 -4.0200000000000005 4.013480731812887 1.4874155868839356 6.5803644499022855
40.551 -3.7271735191345217 -8.869499778747558 0.5699397146701812 -0.16564885496183204 1.2061068702290076 -1.8648854961832062 281.93999999999994 122.46 -4.5 4.013580850883959 1.4875889438810836 6.58176074326158
40.566 -3.731542944908142 -8.870158195495605 0.5670068144798279 -0.13053435114503817 1.16793893129771 -1.8198473282442749 281.21999999999997 123.05999999999999 -3.9 4.013680969955031 1.4877623008782321 6.579575168208862
40.596 -3.737827730178833 -8.876502895355225 0.5794566631317138 -0.1419847328244275 1.13206106870229 -1.799236641221374 281.15999999999997 123.47999999999999 -3.839999999999999 4.013380540293298 1.487935754423312 6.5657466820417225
40.611 -3.739982509613037 -8.87764015197754 0.5863399922847747 -0.20992366412213742 1.0870229007633587 -1.7954198473282443 281.7 123.78000000000002 -3.54 4.013080110631563 1.4883693280727006 6.556152671193655
40.626 -3.744292068481445 -8.875724792480469 0.5890334725379944 -0.23053435114503817 1.0274809160305343 -1.787022900763359 282.06 123.53999999999999 -3.54 4.012779535949786 1.4891499794267147 6.544269324579716
40.656 -3.7471651077270507 -8.875964260101318 0.5994482517242432 -0.20992366412213742 0.9488549618320612 -1.7755725190839695 282.53999999999996 123.17999999999999 -4.140000000000001 4.013581746872814 1.4903631473181567 6.531587363945491
40.671 -3.753509759902954 -8.874348163604736 0.6054936110973358 -0.20916030534351143 0.8748091603053435 -1.7702290076335878 283.2 123.0 -3.7199999999999998 4.0132812447274215 1.4914044539929872 6.515140159479233
40.686 -3.7558440923690797 -8.87201385498047 0.610880559682846 -0.2770992366412214 0.8145038167938929 -1.7633587786259544 282.42 123.42 -3.66 4.013481700443622 1.4930511312984485 6.505862343909951
40.716 -3.761410617828369 -8.866626930236816 0.6166266441345215 -0.40992366412213743 0.751908396946565 -1.7793893129770992 282.65999999999997 123.05999999999999 -3.66 4.013982779287173 1.4939184010914395 6.501214385743944
40.746 -3.7663187265396116 -8.862377166748047 0.6203975141048431 -0.5 0.7274809160305344 -1.8015267175572522 282.17999999999995 123.05999999999999 -3.78 4.014283353968949 1.4950438238694743 6.501214385743943
40.747 -3.7642836570739746 -8.864771366119385 0.6275202631950378 -0.5885496183206107 0.7366412213740459 -1.799236641221374 282.42 122.81999999999998 -3.3 4.015185514183181 1.4952170847302355 6.502816907391926
40.791 -3.7613507509231567 -8.866985988616943 0.6341043174266815 -0.7274809160305343 0.7282442748091604 -1.805343511450382 282.6 122.52000000000001 -3.4800000000000004 4.0163888312730425 1.4956500575218548 6.509212707041209
40.792 -3.7648223400115968 -8.86955966949463 0.6255450487136841 -0.782442748091603 0.6267175572519086 -1.821374045801527 282.12 122.88 -3.6 4.017090172402391 1.4964294096181174 6.525669771349259
40.806 -3.7660194396972657 -8.875664806365966 0.6183025896549225 -0.7549618320610686 0.5358778625954199 -1.849618320610687 281.46000000000004 122.81999999999998 -3.78 4.017891801977645 1.4966892649861863 6.536075112530509
40.836 -3.764463210105896 -8.869918727874756 0.6164470791816712 -0.8381679389312977 0.4595419847328245 -1.8648854961832058 281.22 122.81999999999998 -3.539999999999999 4.018392880821196 1.496862477932471 6.5408611221503055
40.851 -3.7614704608917235 -8.8668062210083 0.602500855922699 -1.0015267175572518 0.41984732824427484 -1.880916030534351 280.97999999999996 122.7 -3.1799999999999997 4.018794569394546 1.4962564828333567 6.550482231627791
40.866 -3.7595550775527955 -8.867763900756836 0.5872976750135421 -1.1251908396946564 0.45114503816793894 -1.9 280.73999999999995 122.46 -3.9 4.0208020444179375 1.4959964834144241 6.564882412524566
40.897 -3.756143355369568 -8.867943477630615 0.5812523156404495 -1.2083969465648856 0.48473282442748095 -1.9396946564885496 281.03999999999996 122.16000000000001 -3.9599999999999995 4.022107375468067 1.495044203721965 6.575593555291452
40.912 -3.751474666595459 -8.870098209381103 0.5732317358255387 -1.2267175572519085 0.48244274809160304 -1.9877862595419846 281.34 121.97999999999999 -4.14 4.023614258226111 1.4951307982292728 6.579428791089974
40.926 -3.7496790170669554 -8.869320106506347 0.5708973854780197 -1.2038167938931301 0.4778625954198473 -2.0671755725190843 280.97999999999996 121.74000000000001 -4.26 4.025019829241332 1.4948714422257507 6.581447896556639
40.957 -3.750397276878357 -8.871833992004394 0.5568913072347641 -1.1152671755725192 0.3870229007633588 -2.118320610687023 280.85999999999996 122.22 -4.619999999999999 4.02592395793882 1.495131154156609 6.579645567632873
40.971 -3.7535097360610963 -8.876921653747559 0.5407304495573044 -1.0282442748091605 0.34045801526717556 -2.1572519083969466 281.03999999999996 122.03999999999999 -4.68 4.026828745665278 1.49469818136499 6.575236096885055
40.986 -3.7507564067840575 -8.883505725860596 0.5231330662965774 -0.9900763358778626 0.3656488549618321 -2.183206106870229 281.21999999999997 121.50000000000003 -4.619999999999999 4.029141550811601 1.4943520416339444 6.562675275923579
41.016 -3.7483622074127196 -8.880931949615478 0.5143942296504974 -0.9335877862595419 0.4442748091603054 -2.205343511450381 281.76 121.07999999999997 -4.5600000000000005 4.030548145123738 1.4942654471266366 6.553455090163714
41.031 -3.751474666595459 -8.8942795753479 0.5082291603088379 -0.7450381679389314 0.5465648854961833 -2.2496183206106872 281.52 120.83999999999999 -4.8 4.032155682189861 1.494178852619329 6.536596357979448
41.046 -3.749978280067444 -8.892064952850342 0.5049371302127839 -0.6190839694656489 0.5534351145038169 -2.3564885496183208 281.94 121.13999999999999 -5.1000000000000005 4.0327589471262115 1.4940921861634786 6.509610947633327
41.076 -3.747224950790405 -8.858127212524414 0.5139752417802811 -0.42061068702290083 0.4465648854961832 -2.540458015267176 282.3 121.25999999999996 -4.62 4.0327589471262115 1.494352185582411 6.479118595380378
41.091 -3.742197108268738 -8.83490343093872 0.5202600210905075 0.14580152671755728 0.2557251908396947 -2.785496183206107 282.78 120.89999999999998 -4.14 4.032758947126212 1.4944388761237088 6.44231813076713
41.106 -3.7381269693374635 -8.860401725769043 0.5154117614030838 0.9106870229007633 -0.0030534351145037773 -3.1267175572519084 282.29999999999995 120.9 -3.9 4.031954593711862 1.494352281616401 6.408655834003862
41.136 -3.726574945449829 -8.854476070404052 0.512359157204628 1.4213740458015267 -0.2603053435114503 -3.4946564885496185 281.88 121.43999999999998 -3.72 4.030148304800141 1.494438757228189 6.359222901282658
41.167 -3.7208887338638306 -8.857887840270996 0.5182249516248703 2.1801526717557254 -0.3534351145038167 -3.7656488549618317 282.17999999999995 120.9 -3.54 4.02934453740211 1.4947847071318807 6.318867649149889
41.168 -3.699041652679443 -8.85112419128418 0.5429450839757919 2.8458015267175574 -0.3618320610687023 -3.86793893129771 281.82 121.02000000000001 -3.6599999999999993 4.03015045979039 1.4953042029414125 6.268458486781727
41.197 -3.6634279012680055 -8.829636287689208 0.5944802790880204 3.063358778625954 -0.35572519083969456 -3.9740458015267173 282.3 121.02000000000001 -3.6599999999999993 4.030453087053488 1.495650342672458 6.231304084273608
41.244 -3.6481648683547974 -8.81156005859375 0.631231278181076 2.893893129770993 -0.5702290076335877 -4.219083969465649 282.66 121.38 -3.54 4.02984967539997 1.4959100546033164 6.184834866990621
41.245 -3.626676893234253 -8.80970458984375 0.6777386486530304 2.591603053435115 -0.7954198473282442 -4.284732824427481 283.2 121.56000000000002 -3.3599999999999994 4.0286434377892615 1.4965157164378662 6.157581282656616
41.257 -3.640862536430359 -8.833107852935791 0.6911461770534515 2.2045801526717557 -0.9221374045801527 -4.237404580152671 283.5 121.74000000000001 -2.8199999999999994 4.02793971416784 1.4971218787032479 6.139775180233516
41.271 -3.608361268043518 -8.847712421417237 0.7291541278362275 1.6251908396946568 -0.9190839694656487 -4.181679389312977 283.44 121.92 -3.0 4.026934760658141 1.4979869922645206 6.126542298888274
41.286 -3.623923587799072 -8.909243392944337 0.7366958677768707 1.0106870229007636 -1.047328244274809 -4.093893129770992 283.43999999999994 122.52000000000001 -3.4799999999999995 4.023928631363914 1.4984200847150941 6.122863054394263
41.316 -3.61692054271698 -8.903197956085204 0.7530961513519288 0.352671755725191 -1.067175572519084 -3.8473282442748085 284.28 122.39999999999998 -2.9999999999999996 4.02022864569475 1.4991985798373897 6.10875505467772
41.332 -3.5926193952560426 -8.905891418457031 0.8227674186229705 0.2122137404580151 -1.0916030534351147 -3.606106870229007 284.58 121.73999999999998 -2.9399999999999995 4.0192285385565585 1.4993714602291235 6.110166358307132
41.346 -3.5980661869049073 -8.932467079162597 0.8341398775577545 0.10763358778625953 -1.6 -3.5603053435114504 283.97999999999996 122.33999999999999 -2.6999999999999997 4.019529768444838 1.4992850082447147 6.094653446603971
41.392 -3.5749022722244264 -8.95419454574585 0.8523358106613159 -0.11526717557251924 -2.1778625954198474 -3.734351145038167 284.4599999999999 123.06000000000002 -2.6999999999999997 4.013722019586554 1.499025367803252 6.08393844104956
41.393 -3.607403564453125 -8.992022895812989 0.8066065549850464 -0.28091603053435127 -3.0282442748091603 -4.148091603053436 284.34 122.82000000000001 -2.0999999999999996 4.007611643465173 1.4986792280722063 6.071296369789581
41.406 -3.641161799430847 -9.022608852386474 0.7709329485893249 -0.21679389312977088 -3.4969465648854965 -4.462595419847328 283.86 122.46 -1.2599999999999998 4.002120833674389 1.4991116063832233 6.072338665262366
41.436 -3.651037883758545 -9.037812042236329 0.7469909310340881 -0.1801526717557252 -3.6854961832061064 -4.700763358778626 283.74 122.81999999999998 -0.5399999999999999 3.9953507505690764 1.4996298249230366 6.062207498435738
41.466 -3.635415720939636 -9.016982555389404 0.7622539699077606 -0.048091603053435114 -4.067175572519084 -4.925190839694656 283.38 122.46000000000001 -0.06000000000000005 3.9883782090891087 1.500407470348629 6.052148781202999
41.468 -3.653192663192749 -9.030689430236816 0.7486070215702056 0.3954198473282441 -4.629007633587785 -5.090076335877863 283.37999999999994 122.34 -0.06000000000000005 3.9818056921738916 1.501011649948494 6.033871012576024
41.496 -3.6242826700210573 -9.025482082366944 0.7294534087181092 0.6961832061068703 -5.122900763358778 -5.335877862595421 283.61999999999995 122.7 0.9 3.981705861461239 1.5023935733711435 6.010848627674549
41.511 -3.610216736793518 -9.013271713256836 0.7428609371185303 0.8091603053435115 -5.5412213740458025 -5.741984732824427 283.14 122.94000000000001 0.7799999999999998 3.9837017641306063 1.5028252466176582 6.001574845269343
41.526 -3.6161423683166505 -9.021232414245606 0.709820955991745 0.6145038167938931 -6.013740458015268 -5.932061068702291 283.98 123.42 0.6600000000000001 3.9868099760851172 1.5031707254779205 5.993881725073566
41.556 -3.587411952018738 -9.027577018737793 0.7198167443275452 0.05343511450381677 -6.232061068702291 -5.925954198473283 284.34000000000003 123.54000000000003 1.2599999999999998 3.9850058704134677 1.503775396002142 5.994735355694413
41.572 -3.5824439764022826 -9.040924644470214 0.7074267506599426 -0.6793893129770993 -6.203053435114503 -5.843511450381678 284.69999999999993 123.41999999999999 1.5 3.9865001141758034 1.505243890051446 6.002869438086188
41.587 -3.550062394142151 -8.997110748291016 0.7307103633880615 -1.1534351145038169 -5.913740458015267 -5.480152671755725 284.93999999999994 124.38 1.6199999999999999 3.9859039092344566 1.5067123841007497 6.0194121580081745
41.616 -3.4841619968414306 -8.986695957183837 0.781647002696991 -1.16793893129771 -5.678625954198472 -4.911450381679389 284.87999999999994 125.28 1.5599999999999998 3.9833331240037566 1.5078338305525076 6.033069410721874
41.646 -3.4418444871902465 -8.93282642364502 0.8374319076538086 -1.0946564885496184 -5.764885496183206 -4.506870229007633 284.93999999999994 125.69999999999997 1.1400000000000001 3.9835306901938523 1.508265038734756 6.035141739899909
41.648 -3.380313515663147 -8.910979270935059 0.8571840703487397 -0.7603053435114504 -5.861068702290075 -4.170229007633587 284.93999999999994 126.05999999999999 0.6599999999999999 3.984519682074314 1.5090407985977268 6.032541762219127
41.721 -3.3505057096481323 -8.866087913513184 0.881664776802063 -0.7190839694656489 -5.797709923664121 -3.9725190839694653 284.76 126.23999999999998 1.44 3.9858061283799335 1.5092993847775698 6.044916511112935
41.722 -3.3327287673950194 -8.796775722503662 0.938646775484085 -0.7793893129770992 -5.587786259541985 -3.6160305343511454 284.82 126.41999999999999 1.7399999999999998 3.982426001277556 1.5099881227508134 6.054650009366757
41.736 -3.3511641025543213 -8.76541166305542 0.9843161702156067 -0.7610687022900764 -5.554198473282442 -3.0946564885496186 284.94 126.53999999999999 2.34 3.9770587712837626 1.5110217809118585 6.042430563744931
41.737 -3.3463757038116455 -8.73787841796875 1.0587758362293243 -0.7236641221374047 -5.486259541984733 -2.6015267175572516 284.64 126.35999999999999 3.4799999999999995 3.968788250112808 1.5123999954320315 6.032707991744248
41.751 -3.3370383262634276 -8.741589450836182 1.0657190203666687 -0.8244274809160308 -5.527480916030535 -2.1496183206106867 285.30000000000007 126.42 3.4199999999999995 3.9624360800757032 1.5138637655819462 6.03856821381409
41.766 -3.347393250465393 -8.75014877319336 1.0773907542228698 -0.8954198473282441 -5.574809160305344 -2.0404580152671756 284.52000000000004 126.47999999999999 3.599999999999999 3.957180092303131 1.5150681046429209 6.051310538505086
41.796 -3.3514633893966677 -8.742547225952148 1.125454354286194 -0.9580152671755725 -5.561068702290077 -2.0931297709923666 284.28 126.6 4.08 3.954211703856256 1.5160147444095091 6.056519159353783
41.826 -3.368282651901245 -8.723453521728516 1.155621302127838 -1.1251908396946564 -5.683969465648856 -2.0786259541984737 284.88 125.88000000000002 4.2 3.953423836331543 1.5165310240897032 6.041993113014335
41.827 -3.3067516803741457 -8.529762554168702 1.2002133011817933 -1.383206106870229 -5.9389312977099245 -2.086259541984733 284.99999999999994 125.75999999999999 5.159999999999999 3.951157389219376 1.5171337495754824 6.042339689886681
41.856 -3.2214582443237303 -8.401553106307983 1.1711237490177155 -1.082442748091603 -6.4404580152671755 -2.219847328244275 284.7 125.46 5.819999999999999 3.9485908212264533 1.517563925711976 6.055715159254748
41.886 -3.1142578601837156 -8.156686162948608 1.2923900663852692 -1.518320610687023 -6.809923664122138 -2.5519083969465646 284.76 125.52000000000001 5.999999999999999 3.9467119539677262 1.5185962150831902 6.057137141885734
41.887 -3.0217219591140747 -8.062713766098023 1.309628313779831 -1.5267175572519083 -7.509160305343512 -3.332824427480916 284.76 125.52000000000001 5.76 3.9446377456908897 1.5182520287906685 6.052063011170688
41.931 -2.9562405586242675 -7.81838550567627 1.308431214094162 -2.1274809160305344 -8.493129770992367 -4.250381679389313 284.88 125.4 5.879999999999999 3.9429621575840095 1.517993923205225 6.050564971815977
41.947 -2.880404233932495 -7.697059297561646 1.3710395872592926 -2.461068702290077 -9.283969465648855 -5.01526717557252 284.82 125.7 6.539999999999999 3.9403064926910076 1.5173055498476624 6.008883783510185
41.947 -2.8149826765060424 -7.598118925094605 1.3614029288291931 -3.1587786259541986 -10.356488549618321 -5.758015267175573 284.16 126.12 6.720000000000001 3.937557254855817 1.5164453095881336 5.968686306580333
41.977 -2.796846604347229 -7.394851160049439 1.2998719424009324 -3.4534351145038165 -11.421374045801526 -6.393129770992366 284.88 126.35999999999999 8.16 3.935198583603369 1.5150685566927082 5.914126489441127
41.991 -2.765542411804199 -7.423042821884155 1.2737152844667434 -2.9122137404580153 -12.107633587786259 -7.038931297709924 285.30000000000007 126.42 8.94 3.9328388173976387 1.514466468606842 5.858504791257046
42.006 -2.719992733001709 -7.311233568191528 1.2692860037088394 -3.199236641221374 -12.981679389312978 -7.946564885496183 285.6 126.72 9.36 3.9299950093242044 1.513864062497763 5.807236214638134
42.037 -2.7709892272949217 -7.497801733016968 1.2139799505472184 -2.615267175572519 -13.900763358778624 -8.750381679389312 285.23999999999995 126.96000000000001 9.84 3.9258872526061 1.5132613370119838 5.75496665080294
42.053 -2.8847137928009032 -7.616973114013672 1.222239950299263 -2.2045801526717557 -14.66030534351145 -9.216030534351145 285.71999999999997 127.80000000000003 10.2 3.9205086173166337 1.512227953773113 5.686988422728814
42.083 -2.9645005464553833 -7.872554111480713 1.0756549566984177 -1.1244274809160306 -15.342748091603053 -8.96412213740458 285.96 128.64 11.28 3.9136574865613363 1.5105919726020327 5.641284935975663
42.097 -3.0222606658935547 -7.913135814666748 1.053748020529747 -0.901526717557252 -15.587022900763358 -8.479389312977098 285.9 128.7 11.94 3.9065249996037137 1.5092979941992493 5.600177468339743
42.112 -3.010409355163574 -8.095693635940552 1.0195109397172928 -0.22671755725190829 -15.222137404580153 -7.822137404580152 286.08000000000004 129.48 12.48 3.8992104742368396 1.508177149780708 5.5534242505561595
42.126 -3.037643384933472 -8.110717248916625 0.9601347476243973 -0.14580152671755714 -14.720610687022903 -7.283206106870229 286.86 129.9 12.66 3.893367591593809 1.5074009740185026 5.550002754149917
42.156 -3.0532655477523805 -8.082705068588258 1.0656591922044754 0.8045801526717558 -13.77175572519084 -6.509160305343512 287.15999999999997 129.72 13.919999999999998 3.8883083898451174 1.5067974441281176 5.536913279325029
42.171 -2.993769645690918 -8.21719937324524 1.198716950416565 1.8786259541984733 -13.05725190839695 -5.234351145038168 287.15999999999997 129.84 14.16 3.8833391484374475 1.5066249377747667 5.546481318266954
42.186 -2.931101417541504 -8.233659505844116 1.2297817170619965 1.8259541984732823 -12.625190839694657 -3.6969465648854962 287.4 130.07999999999998 14.16 3.8787554878252712 1.506366558439437 5.556829707806129
42.216 -2.871964621543884 -8.354686403274536 1.2280459225177764 1.4778625954198472 -11.920610687022899 -2.2244274809160305 287.34000000000003 131.21999999999997 14.219999999999999 3.8763190638021734 1.506452684868322 5.588357405417076
42.232 -2.838086652755737 -8.380184698104859 1.195305210351944 0.9511450381679387 -11.033587786259542 -1.1450381679389317 287.64 131.76 14.52 3.875832666269898 1.5073133799340213 5.622383466522223
42.246 -2.8082788467407225 -8.401313543319702 1.1655572533607483 0.3770992366412214 -9.931297709923665 -0.32595419847328244 287.64 132.36 15.36 3.876513468518027 1.5080887256623834 5.672183701909878
42.276 -2.826235365867615 -8.438603258132934 1.1678317427635192 0.1992366412213742 -9.002290076335878 0.284732824427481 287.21999999999997 132.42 16.02 3.8773881911754158 1.5093809729340728 5.709092522954937
42.292 -2.8444313049316405 -8.571661043167115 1.171782171726227 0.8099236641221375 -7.977099236641221 1.0076335877862594 287.09999999999997 132.42 16.38 3.8787468744802873 1.5103303996561344 5.728801627764598
42.306 -2.870288681983948 -8.65390191078186 1.1817181050777434 1.4229007633587787 -6.900763358778626 1.6022900763358776 287.1 132.05999999999997 17.58 3.8805881059081537 1.511365163367597 5.767671184724197
42.336 -2.914102578163147 -8.813056468963623 1.1107300221920013 2.3045801526717558 -5.883969465648855 2.1427480916030532 287.15999999999997 132.71999999999997 17.999999999999996 3.8822355226888896 1.5120551897670578 5.8029851598939555
42.351 -2.963123846054077 -8.917922496795654 1.0650007665157317 3.141984732824428 -4.6664122137404584 1.981679389312977 287.09999999999997 132.89999999999998 18.059999999999995 3.8827194037663824 1.5130030882560135 5.8187205402709345
42.366 -3.027767276763916 -8.975981903076171 0.9934739947319031 4.04351145038168 -3.493129770992367 1.3305343511450385 286.32 133.32000000000002 17.759999999999998 3.88213855103358 1.5138646987505215 5.817159653626044
42.396 -3.134847950935364 -8.825027513504029 0.9663596630096436 3.936641221374046 -2.332824427480916 0.9770992366412214 285.96 133.32 18.839999999999996 3.8812663904513087 1.514295216711836 5.805423351107998
42.411 -3.236242389678955 -8.757930040359497 0.9724648833274842 5.496946564885497 -1.1213740458015262 0.8335877862595419 285.23999999999995 132.84 20.4 3.8801987336578856 1.51481149639203 5.799404012724105
42.426 -3.333087849617004 -8.73751940727234 0.9831789374351502 6.632824427480917 -0.036641221374045685 0.7992366412213741 284.93999999999994 132.78 20.82 3.8810746470438295 1.5142953530070529 5.78726898440341
42.456 -3.4145505666732787 -8.646360158920288 1.0266336977481842 5.95114503816794 1.2854961832061071 1.2381679389312978 284.82 132.3 21.419999999999998 3.8811719928064976 1.514123214381068 5.762600428210883
42.486 -3.4292150497436524 -8.477568960189819 1.0432135462760925 4.896183206106871 2.417557251908397 1.6381679389312978 284.64000000000004 132.36 21.119999999999997 3.8819510247724636 1.5132622911869098 5.728518731232535
42.487 -3.395277237892151 -8.304587888717652 1.05063556432724 3.7656488549618325 3.147328244274809 1.7801526717557252 285.06 133.14000000000001 21.299999999999994 3.8850728576676645 1.5135207393239314 5.730979412744579
42.516 -3.471592426300049 -8.410411596298218 1.0077793598175049 2.6259541984732833 3.6870229007633584 1.8862595419847328 284.52 133.68 20.639999999999997 3.8897599306906825 1.5133485093513463 5.740527955845058
42.531 -3.464409828186035 -8.255446910858154 1.0064625501632691 0.4480916030534356 4.0671755725190835 2.617557251908397 282.96 133.32 20.279999999999998 3.895035324257212 1.5141230320716534 5.733080472199052
42.547 -3.465726637840271 -8.151538562774657 0.9511564910411835 -0.8526717557251906 4.30763358778626 3.9832061068702287 282.17999999999995 133.97999999999996 20.22 3.9018676376869927 1.5141230320716532 5.755660339995218
42.576 -3.479253888130188 -8.098985767364502 0.9519346058368683 -2.238931297709924 4.905343511450382 5.481679389312978 281.7 133.61999999999998 20.700000000000003 3.91066430715221 1.5139508934456685 5.79136150549424
42.591 -3.4442985534667967 -8.241321039199828 0.9573215663433075 -2.717557251908397 5.388549618320611 6.909923664122138 280.67999999999995 134.03999999999996 19.92 3.9220444879406102 1.514294898204661 5.8281540809199734
42.607 -3.424247121810913 -8.404785108566283 0.9146449148654938 -4.39618320610687 5.621374045801526 8.428244274809161 279.96 134.04 18.72 3.9359374568046213 1.5142948982046607 5.853740796464796
42.636 -3.4246062517166136 -8.400595331192017 0.8809465229511261 -6.814503816793892 6.229007633587786 9.829770992366413 278.88 133.92 17.880000000000003 3.956603892908255 1.5146390844971824 5.887253962401994
42.651 -3.3809719324111938 -8.456859064102172 0.9138667941093445 -8.161068702290077 7.009160305343511 11.372519083969465 277.62 133.49999999999997 16.740000000000002 3.975825803842041 1.5148112231231674 5.906680745309698
42.666 -3.406829309463501 -8.652644872665405 0.9442731499671936 -8.708396946564886 7.645801526717557 12.744274809160306 276.54 133.26 15.900000000000002 4.000413241731387 1.5151558666371314 5.926297788388801
42.696 -3.5368943214416504 -8.948268938064576 0.8506598696112633 -9.21145038167939 8.26793893129771 13.932824427480915 274.79999999999995 133.07999999999998 16.2 4.020880804053919 1.5152419701808317 5.923510311225648
42.712 -3.575261425971985 -8.907926607131959 0.8121730744838714 -11.778625954198473 8.91908396946565 15.593129770992366 272.94 132.65999999999997 15.539999999999997 4.038836652523477 1.5152419701808317 5.904665249603025
42.726 -3.714544081687927 -8.861957931518555 0.7328651413321495 -13.912977099236642 9.454198473282442 17.052671755725193 272.1 132.66 15.779999999999998 4.055072761623096 1.514811907502933 5.888385878515995
42.756 -3.794989252090454 -9.040804767608643 0.6832453086972237 -15.022900763358777 10.522900763358779 18.003053435114502 270.24 132.12 14.999999999999996 4.067961752682775 1.513777697741752 5.862695233544034
42.771 -3.960308885574341 -9.252871227264404 0.602500855177641 -16.06259541984733 11.118320610687023 17.878625954198476 268.38 132.42 14.219999999999999 4.087060395914316 1.513777697741752 5.831697607486609
42.787 -4.096419262886047 -9.25957498550415 0.5122394450008869 -18.023664122137404 11.517557251908396 17.11374045801527 266.52000000000004 132.12 13.2 4.105463524876334 1.5130031750214454 5.789407301293132
42.816 -4.226663851737976 -9.073665237426757 0.46136266067624093 -19.354961832061072 11.84351145038168 16.123664122137406 264.3 132.29999999999998 12.9 4.163482194119934 1.5129171851774736 5.726216893919307
42.832 -4.309563112258911 -9.115144729614258 0.41862616166472433 -18.741984732824427 12.044274809160305 15.298473282442748 262.86 131.94 13.02 4.189933165315762 1.5118835270164284 5.667391198791414
42.846 -4.4258015871047975 -9.323081111907959 0.2992752082645893 -18.767175572519083 12.158015267175573 13.993893129770992 261.3 132.29999999999998 13.5 4.220646332571528 1.5115391584178584 5.633037079783795
42.877 -4.456148099899292 -9.239403820037841 0.21086931601166725 -20.380152671755727 12.586259541984735 12.41679389312977 259.19999999999993 132.35999999999999 13.439999999999998 4.230912309193762 1.5114530319889734 5.597540344749442
42.891 -4.546648931503296 -9.01728172302246 0.18650831300765275 -21.626717557251908 12.929770992366414 11.466412213740458 257.28 132.0 12.72 4.284277207507755 1.5126561056484589 5.5676496662867905
42.907 -4.554789209365845 -8.980889892578125 0.1991377281025052 -21.008396946564886 13.241221374045802 11.151908396946565 256.08 131.64 12.36 4.338977213057289 1.5148880797214566 5.563404223531565
42.936 -4.535336351394653 -9.22563714981079 0.18429367747157813 -20.495419847328243 13.80229007633588 9.993129770992367 253.74 131.82 11.580000000000002 4.3840804502275885 1.5154900093013217 5.541602656072549
42.952 -4.6063244342803955 -9.201276206970215 0.12120646145194769 -23.283206106870228 14.06030534351145 9.266412213740457 252.11999999999998 131.64 11.280000000000001 4.433286567552307 1.5171259904724024 5.515491560136861
42.966 -4.493318104743958 -8.989389324188233 0.06925228368490935 -26.616793893129767 14.348091603053433 10.714503816793894 250.61999999999998 130.85999999999999 11.220000000000002 4.505649670329008 1.5185862959078364 5.449182165777419
42.996 -4.457704329490662 -8.901821422576905 -0.01508346814662218 -26.898473282442744 14.805343511450383 11.541984732824428 248.82 130.49999999999997 11.580000000000002 4.592343614613295 1.52047635831148 5.417044367159615
43.011 -4.590103650093079 -9.047688198089599 -0.16454150695353748 -27.191603053435113 15.73206106870229 12.236641221374047 247.38000000000002 130.02 10.98 4.641736901614281 1.5215924774543925 5.394431117899268
43.026 -4.587589716911316 -9.083661079406738 -0.23780408073216677 -29.396946564885496 16.796946564885495 14.322137404580152 244.98000000000002 129.18 10.38 4.706809661967034 1.5227980927078928 5.332726972899515
43.056 -4.589505076408386 -8.932407474517822 -0.31501708645373583 -30.438167938931297 17.349618320610688 15.9206106870229 242.52000000000004 128.64 9.600000000000001 4.776200807916854 1.5238301100607308 5.266893705531933
43.072 -4.739022994041443 -9.052416801452637 -0.4701014967635274 -30.982442748091604 18.15114503816794 16.98396946564886 240.78000000000003 128.34 10.139999999999999 4.851262710430871 1.5247762500692004 5.203280789500489
43.102 -4.723759961128235 -9.074084377288818 -0.5671863745898008 -32.974045801526714 19.629007633587786 18.04351145038168 238.74 127.74000000000001 9.78 4.893386696687378 1.5248620161003736 5.1469178817514
43.116 -4.767633700370789 -9.001779460906983 -0.7115567367523908 -34.05801526717558 20.738931297709925 17.990076335877863 236.34 127.97999999999999 10.02 4.9393747095422444 1.524176855600333 5.066923618174926
43.132 -4.868130326271057 -8.93109064102173 -0.8683170974254608 -33.990839694656486 21.412213740458014 18.266412213740455 234.11999999999998 126.96 9.84 4.946907725889554 1.5246919189728745 5.028116794249145
43.147 -4.89847686290741 -8.959282302856446 -0.9835979044437408 -33.081679389312974 22.242748091603055 18.50381679389313 231.83999999999997 125.88 10.44 4.949796031865896 1.524348185073484 4.989955893343938
43.177 -5.073014163970948 -8.96023998260498 -1.0701482892036438 -31.55343511450382 23.243511450381682 16.92824427480916 229.14000000000001 125.46 10.86 4.930897891355053 1.5230600182640344 4.974192627504149
43.191 -5.173151636123658 -9.08138656616211 -1.1735778033733368 -31.01908396946565 23.925954198473285 16.51679389312977 227.21999999999997 124.73999999999998 10.860000000000001 4.897636183859192 1.5216004738217053 4.944837121422526
43.206 -5.116528797149658 -9.10508918762207 -1.24857617020607 -30.957251908396948 24.336641221374048 16.051145038167938 224.94 123.53999999999999 11.58 4.846967342212246 1.5198817890509415 4.928085769950471
43.236 -5.232946872711182 -8.966045951843261 -1.3740323424339294 -30.6618320610687 24.426717557251912 13.6206106870229 223.14000000000001 123.77999999999997 11.58 4.802581347325288 1.5191072663306349 4.952309193760915
43.253 -5.309980344772339 -8.967661952972412 -1.5210961699485779 -30.17251908396947 24.686259541984736 12.164122137404581 220.98000000000002 123.3 11.7 4.75448432692135 1.5180752489777969 4.9699546554831375
43.266 -5.273349046707153 -8.886259078979492 -1.5867571592330934 -29.38931297709924 24.79236641221374 11.252671755725192 218.94 122.46 11.22 4.719411667891878 1.5178174823268897 4.9863466960612906
43.296 -5.394375944137574 -8.977956962585449 -1.7050905704498291 -28.23435114503817 24.367175572519084 9.876335877862598 216.48000000000002 121.91999999999999 11.16 4.676344063740318 1.5173884300164837 4.999527829827885
43.311 -5.4475870609283445 -8.946353530883789 -1.8608333945274353 -29.10458015267176 24.17786259541985 8.512213740458016 214.44 121.08 11.28 4.6392000531707485 1.517474151851546 5.022345017342284
43.326 -5.500618600845337 -8.874347972869874 -1.9785084009170533 -29.246564885496184 23.98549618320611 6.978625954198472 212.34000000000006 120.05999999999999 11.459999999999999 4.656329039704027 1.517388363651996 5.039526802143932
43.356 -5.512410020828247 -8.73039665222168 -2.1500529646873474 -27.515267175572525 22.633587786259543 5.7778625954198475 210.48000000000002 120.12 11.16 4.672323915980283 1.517646197802446 5.0561980662936765
43.371 -5.54359450340271 -8.736501884460449 -2.349489963054657 -25.907633587786258 21.109923664122135 4.74732824427481 208.44 119.64000000000001 10.440000000000001 4.677108894326483 1.5177322329815186 5.083406269334475
43.386 -5.573941040039062 -8.689755153656005 -2.5034969806671143 -25.0618320610687 19.818320610687024 3.394656488549618 206.45999999999998 119.22 10.5 4.679627891531088 1.5185057367230372 5.109043974985562
43.417 -5.607280302047729 -8.441416549682618 -2.6633697986602782 -24.4793893129771 18.18091603053435 2.118320610687023 204.84 119.4 10.559999999999999 4.690313437261298 1.5197097584258705 5.122139427928007
43.431 -5.597045087814331 -8.489480113983154 -2.8228834867477417 -22.037404580152675 16.340458015267174 1.7068702290076339 203.22000000000003 118.62 10.739999999999998 4.703603801071322 1.520742047797085 5.128051518890428
43.446 -5.588006973266602 -8.493071460723877 -2.924038529396057 -19.42671755725191 14.257251908396947 0.5404580152671759 202.92000000000002 118.2 10.440000000000001 4.714360480454965 1.5214304211546472 5.137345714032682
43.476 -5.624219274520874 -8.428368186950683 -3.098755407333374 -17.560305343511452 11.823664122137405 -0.5778625954198474 201.90000000000003 118.14000000000001 10.620000000000001 4.721256586868608 1.521258464062192 5.154519456553481
43.522 -5.55251293182373 -8.222167587280273 -3.241749119758606 -14.900763358778628 9.272519083969465 -0.9923664122137403 201.06 117.66 10.98 4.726715365455822 1.520828852818433 5.1719502331000955
43.523 -5.559156847000122 -8.266639900207519 -3.333087921142578 -9.708396946564884 6.6122137404580155 -1.1366412213740458 200.46 117.05999999999999 10.739999999999998 4.721669944630497 1.5195406860089835 5.184957791099057
43.536 -5.484577465057373 -8.278730583190917 -3.410061502456665 -6.254961832061068 4.108396946564885 -1.3740458015267176 200.40000000000003 117.72 10.679999999999998 4.711512518478632 1.5189395439340256 5.199462638571492
43.566 -5.481704425811768 -8.183980035781861 -3.4067694664001467 -4.659541984732825 2.198473282442749 -2.4083969465648853 200.58 117.53999999999999 10.5 4.70729913133276 1.5182515336470819 5.2183725482819625
43.567 -5.389587497711181 -8.101799058914185 -3.3701381921768188 -1.364885496183207 -0.1839694656488545 -2.7412213740458014 201.00000000000003 118.08 10.68 4.7038238785360225 1.5177349805066949 5.241411797019902
43.611 -5.400540971755982 -8.066005754470826 -3.34511878490448 2.1389312977099233 -2.619847328244275 -2.815267175572519 200.34 118.74000000000001 10.86 4.700111350380948 1.5169614767651762 5.262720449156845
43.612 -5.332725191116333 -8.210615491867065 -3.2890944719314574 6.0595419847328245 -5.049618320610688 -2.8137404580152676 200.45999999999998 118.86000000000001 10.62 4.699397298654931 1.51567128271695 5.29117152150596
43.641 -5.2971114158630375 -8.185236978530884 -3.2228349447250366 8.350381679389313 -7.21145038167939 -3.5679389312977094 200.16 119.28000000000002 10.2 4.695466822687874 1.5149834533881443 5.312669573691824
43.656 -5.293280696868896 -8.101260328292847 -3.1531636714935303 10.779389312977099 -9.205343511450383 -3.921374045801527 199.37999999999997 119.58 10.379999999999999 4.6870477830295645 1.5140365629455026 5.33331521780316
43.671 -5.291006183624267 -8.258080530166627 -3.0462027072906492 14.321374045801525 -11.037404580152671 -3.962595419847328 199.67999999999998 119.51999999999998 10.2 4.674423451289953 1.5139505504580382 5.341441442337602
43.687 -5.274246740341186 -8.451831293106078 -2.93648841381073 15.730534351145035 -12.425954198473283 -4.803053435114504 200.45999999999998 119.93999999999998 10.619999999999997 4.660462396508151 1.5135203743215442 5.3338474208942
43.716 -5.249706172943116 -8.363245820999145 -2.8016948461532594 15.462595419847329 -13.68854961832061 -6.078625954198474 201.17999999999998 120.29999999999998 10.739999999999998 4.641049912649274 1.513262132151859 5.328778000562487
43.731 -5.314768600463867 -8.457337903976441 -2.6750415802001952 18.164885496183206 -15.261068702290075 -6.950381679389312 202.26 120.3 11.219999999999999 4.624485648653033 1.5123152417092174 5.298384369249995
43.746 -5.344696140289306 -8.670122528076172 -2.57741801738739 20.796946564885495 -16.577862595419848 -7.348091603053436 203.10000000000002 120.53999999999999 11.819999999999999 4.611315003932434 1.5115394818462469 5.250098162836198
43.777 -5.323627185821533 -8.719921970367432 -2.5041554450988768 19.76641221374046 -17.29312977099237 -8.111450381679388 204.06 120.29999999999998 11.819999999999997 4.591795289090523 1.5110221013186058 5.198598690704325
43.792 -5.296572685241699 -8.738836097717286 -2.398212027549744 20.361068702290076 -18.300763358778628 -9.65267175572519 205.85999999999999 119.81999999999998 11.7 4.557753764578136 1.5093830566936408 5.139360132636668
43.806 -5.383601903915405 -8.806592082977295 -2.310943365097046 22.440458015267172 -19.264885496183204 -11.26793893129771 207.42 120.17999999999998 11.579999999999997 4.5294782860253395 1.508865537239167 5.083298920199273
43.836 -5.3429004669189455 -8.905472660064698 -2.2527642488479613 22.95801526717557 -19.797709923664122 -12.010687022900765 209.7 120.9 12.179999999999996 4.498994094411854 1.5081762494297115 5.008713270597877
43.852 -5.304653072357178 -8.89918794631958 -2.16926646232605 21.438931297709924 -20.192366412213737 -13.006870229007635 211.8 121.55999999999999 12.239999999999997 4.465464850401695 1.5079175246188525 4.9294795845542305
43.866 -5.256469774246216 -8.797434425354004 -2.0725407004356384 21.667175572519085 -21.099236641221374 -13.715267175572517 213.42 122.22000000000003 12.539999999999997 4.439136109741735 1.506451800818337 4.860320415417855
43.897 -5.229834318161011 -8.846695137023925 -1.987845814228058 23.90458015267176 -21.88473282442748 -13.994656488549618 215.1 122.94000000000001 11.939999999999996 4.41482414987573 1.5052442508228787 4.796357863935272
43.911 -5.228876638412475 -9.005909538269043 -1.9202096223831178 24.504580152671757 -22.07328244274809 -14.025954198473283 217.01999999999998 123.53999999999999 12.179999999999998 4.393558482467535 1.5042092092515413 4.735849988722673
43.926 -5.059247446060181 -8.891227340698242 -1.8457499504089356 22.52900763358779 -21.889312977099237 -13.759541984732824 218.7 124.02000000000001 12.179999999999998 4.366786084243698 1.503691550574415 4.672241760850043
43.956 -4.989276885986328 -8.763616466522217 -1.7679383873939514 22.37175572519084 -21.901526717557253 -14.354961832061068 219.77999999999997 124.97999999999998 12.419999999999998 4.334030216881571 1.5043812068936855 4.638496815159795
43.972 -5.01274003982544 -8.775767040252685 -1.6724695920944215 25.02137404580153 -22.12290076335878 -14.712977099236642 221.88000000000002 126.59999999999998 12.719999999999999 4.304610631034243 1.505156966756656 4.589726784195126
43.986 -5.003223085403443 -8.890449333190919 -1.6256629467010497 25.57175572519084 -21.702290076335878 -14.453435114503819 223.61999999999998 127.13999999999999 12.779999999999998 4.29059569489345 1.5067960113816212 4.529046845251172
44.017 -4.94127311706543 -8.863634204864502 -1.5216348886489868 24.10381679389313 -20.73206106870229 -14.649618320610688 225.78000000000003 127.97999999999999 12.66 4.27598082752227 1.5074858525442318 4.469635825388191
44.032 -4.977006578445435 -8.84783239364624 -1.397615247964859 24.559541984732824 -20.0618320610687 -14.961832061068701 227.45999999999998 128.34 12.780000000000001 4.259392802901127 1.5074858525442316 4.4257579301477
44.061 -4.99885368347168 -8.917862796783448 -1.2861651539802552 26.02290076335878 -19.007633587786255 -15.541984732824426 229.14000000000001 128.82 13.26 4.251524846371531 1.5080892208690544 4.3845880806301505
44.077 -4.980358457565307 -9.015905284881592 -1.1638214528560638 25.557251908396946 -17.396946564885493 -16.874045801526716 231.3 129.3 13.14 4.237694004017685 1.5087798053493402 4.341337842959545
44.122 -5.014415979385376 -8.873031330108642 -0.9742006734013557 24.76030534351145 -16.464885496183207 -18.529770992366412 233.58 129.54 13.86 4.221599768083555 1.509556608287134 4.302529549016582
44.123 -4.978143835067749 -8.800606727600098 -0.7994239464402199 26.195419847328242 -16.297709923664122 -19.185496183206105 235.68 130.56 14.4 4.2032669968487175 1.5099882815336485 4.282431929277961
44.136 -4.9998712062835695 -8.912775039672852 -0.6466738793998956 26.94351145038168 -15.467175572519082 -20.38473282442748 237.66 131.21999999999997 14.34 4.183839189621706 1.5098155421534012 4.297123277356766
44.152 -4.945522832870483 -9.029193019866943 -0.535882193222642 25.57557251908397 -13.92519083969466 -21.745038167938933 240.35999999999999 131.04 13.679999999999998 4.161649318998672 1.508953239962311 4.305306314862245
44.166 -4.917031860351562 -9.052237129211425 -0.46184150613844394 22.682442748091606 -12.287786259541985 -22.963358778625956 242.39999999999995 130.8 13.559999999999999 4.140186184551385 1.507486333963331 4.318023356615118
44.196 -4.806659173965454 -8.974964237213134 -0.3517082307487726 20.252671755725192 -10.936641221374046 -23.304580152671758 244.67999999999998 131.28 13.439999999999998 4.119095054166926 1.5061066453418879 4.36383596139117
44.211 -4.69945878982544 -8.981308937072754 -0.23403321988880635 18.092366412213742 -9.506106870229008 -23.248854961832063 246.84 130.92000000000002 14.279999999999998 4.0892041709391505 1.5041193077605284 4.412303304431995
44.226 -4.496610069274903 -8.929055500030518 -0.14030022099614142 16.209160305343513 -8.230534351145037 -23.94961832061069 249.11999999999998 131.16 14.280000000000001 4.063420643753224 1.5027362561865947 4.482262815009216
44.256 -4.414249515533447 -8.933903694152832 -0.07601590603590011 15.962595419847327 -7.762595419847328 -24.0381679389313 250.79999999999995 131.27999999999997 14.64 4.033887752100781 1.5004893869568021 4.551051024930494
44.271 -4.295916104316712 -8.942762279510498 -0.07104793637990951 16.325190839694656 -7.6274809160305335 -23.037404580152668 253.37999999999997 130.98 14.579999999999998 4.005420518526565 1.4995394464729948 4.611318670578953
44.317 -4.091570973396301 -9.01788034439087 -0.11198878437280654 16.114503816793892 -7.023664122137404 -22.2587786259542 254.94 130.62 14.580000000000002 3.978415528247667 1.4979839348543487 4.668101135367405
44.318 -3.9899969577789305 -9.11460609436035 -0.18231845647096634 15.126717557251908 -6.077862595419847 -22.67480916030534 257.1 130.61999999999998 14.1 3.9547339093369596 1.4959064966925473 4.711020438016829
44.332 -3.893809938430786 -9.075101757049561 -0.19770120196044444 14.576335877862595 -5.23206106870229 -22.508396946564883 259.26 130.38 13.979999999999999 3.9318396610465003 1.4947813837123425 4.721139835028172
44.347 -3.786370134353638 -8.97221097946167 -0.08726864568889141 15.525954198473281 -4.799236641221374 -21.21908396946565 261.41999999999996 130.98 14.34 3.9156815450477302 1.4935702218931879 4.7318965144118135
44.376 -3.6129102230072023 -9.025063037872314 0.039324771240353586 17.429007633587787 -4.199236641221374 -20.138931297709924 263.34000000000003 131.57999999999998 14.579999999999998 3.903607510380605 1.492096472183923 4.7601587862685815
44.392 -3.511934757232666 -8.933604526519776 0.2062006253749132 17.479389312977098 -3.6916030534351143 -19.545038167938934 265.5 131.57999999999998 15.420000000000002 3.8975638385734515 1.4898415384654236 4.78770123517162
44.406 -3.3712754249572754 -8.877939319610595 0.32716766335070135 18.006870229007635 -3.8465648854961834 -18.685496183206105 266.87999999999994 132.11999999999998 14.999999999999996 3.89148594930091 1.4881902402506273 4.814070070495384
44.436 -3.3730112314224243 -8.972869396209717 0.38271314427256586 19.00229007633588 -3.844274809160305 -18.470992366412215 268.25999999999993 131.94 15.179999999999998 3.8913875461079748 1.4866269571396649 4.838914914064508
44.452 -3.3921648263931274 -9.023087787628175 0.3730764823034406 17.422137404580155 -3.2297709923664124 -18.245801526717553 271.02 132.06 14.819999999999999 3.8873899600277246 1.4856714877856572 4.855441573294484
44.467 -3.318902277946472 -8.882608032226562 0.4739920811727643 13.874045801526716 -1.749618320610687 -17.46946564885496 272.46 132.54 15.539999999999997 3.8944744253440127 1.4843714837543127 4.880045601063115
44.496 -3.2172684192657472 -8.683051300048827 0.649965906329453 12.03587786259542 -0.2595419847328243 -16.87557251908397 274.5 133.38 16.019999999999996 3.904608356426798 1.4835039718118164 4.914076755843643
44.512 -3.171479320526123 -8.62696714401245 0.8170213224366307 12.048091603053434 0.9122137404580153 -16.574809160305342 275.40000000000003 132.83999999999997 16.32 3.915784547030411 1.4830694233341917 4.932558881354593
44.526 -3.1353867292404174 -8.563820075988769 0.9355343090370297 10.896946564885496 1.4427480916030535 -15.674809160305344 277.2 132.83999999999997 16.2 3.9312400380499177 1.4820272393019338 4.966467322182395
44.556 -3.0754119634628294 -8.458175945281983 0.9501987921074033 8.706870229007635 1.6870229007633586 -14.436641221374046 278.82 132.66 16.139999999999997 3.9466956247049936 1.4822871666185449 5.005939919389215
44.572 -3.084150791168213 -8.32936782836914 0.9905410932376981 6.70381679389313 2.036641221374046 -13.311450381679387 280.26000000000005 131.82 16.02 3.961767835557589 1.4833281820894564 5.029830174548712
44.586 -3.0569766044616697 -8.375575923919678 1.001374857313931 6.378625954198474 2.873282442748091 -12.730534351145037 281.15999999999997 131.64000000000001 15.599999999999998 3.96971194311768 1.4844576930299216 5.044157719085821
44.616 -3.1021671533584594 -8.305605363845824 0.9342773543670774 5.012977099236641 3.900763358778626 -11.946564885496182 282.06 131.22 16.139999999999997 3.9825583025637092 1.4861089912447178 5.059047185919967
44.632 -3.035608339309692 -8.126219844818115 1.0167576061561703 2.206106870229008 4.985496183206107 -9.350381679389312 283.26 131.22 16.139999999999997 3.991106389036967 1.4884509830365327 5.060261222923737
44.646 -2.8485613584518434 -7.9504255771636965 1.190277373790741 1.9290076335877864 5.700763358778626 -7.603816793893129 284.15999999999997 130.92000000000002 15.959999999999997 4.0054169844507825 1.4906182800489955 5.0740225942514385
44.676 -2.8240806341171263 -8.089768075942994 1.2639589309692383 3.605343511450381 5.722900763358779 -7.094656488549619 284.94 130.98 14.940000000000001 4.010207217052627 1.4920047596921278 5.10141863795913
44.692 -2.9367278099060057 -8.317995309829712 1.1737573802471162 3.0267175572519087 5.660305343511451 -5.766412213740458 285.78000000000003 130.85999999999999 13.979999999999999 4.01310510479219 1.4939101245761441 5.134045963096339
44.721 -2.882738542556763 -8.280825281143189 1.125214946269989 0.5465648854961833 6.223664122137405 -3.493893129770992 286.68 131.16 13.679999999999998 4.016396390736619 1.4963358232211226 5.1794969034440586
44.766 -2.8544270992279053 -8.289683866500855 1.1136030673980712 -0.008396946564885344 7.272519083969466 -2.6045801526717556 286.44 131.04 13.919999999999998 4.01829363398338 1.4987621942134277 5.246774192244971
44.77 -2.9161376476287844 -8.409992456436157 1.1032481431961059 -0.20687022900763335 8.69236641221374 -2.170229007633588 286.14 130.61999999999998 14.219999999999999 4.016093392121224 1.4993678560479775 5.294468504898135
44.781 -2.894649696350098 -8.383357000350951 1.0984597325325012 -1.7045801526717554 9.87557251908397 -0.863358778625954 286.38 130.14 13.98 4.010316207631492 1.4997140909967481 5.339667248877496
44.796 -2.914880704879761 -8.346606016159058 1.058536422252655 -1.922137404580153 10.246564885496184 0.3549618320610687 286.62 130.38 13.620000000000001 4.003652833415268 1.5006666333830487 5.361159966357215
44.811 -2.9028498411178587 -8.506718254089355 1.073979026079178 -0.3740458015267176 10.762595419847328 1.0099236641221374 287.28000000000003 130.32 12.959999999999999 3.9961937713423543 1.5016186509415355 5.389836833649392
44.826 -2.9582756042480467 -8.575192403793334 1.07870756983757 0.6198473282442749 11.24732824427481 1.0984732824427481 287.16 129.71999999999997 12.24 3.987645684869097 1.501877795202203 5.437939639765324
44.856 -3.0382419347763063 -8.617689514160157 0.9905410945415497 0.5167938931297711 11.832824427480919 2.0870229007633587 286.79999999999995 129.59999999999997 12.000000000000002 3.9797887712617204 1.5029128367735407 5.483968042937812
44.872 -3.068349027633667 -8.632054710388184 0.9416993796825409 -0.07786259541984739 12.881679389312978 2.949618320610687 286.5 128.82 12.06 3.971343100049529 1.5036037952922094 5.476815614041118
44.887 -3.054941511154175 -8.581716632843017 0.9948506593704224 -0.08931297709923679 13.745038167938933 3.188549618320611 286.44 128.39999999999998 11.280000000000001 3.9642835629493467 1.5036901298918044 5.476236972155862
44.916 -3.0998926639556883 -8.595722770690918 1.0248978912830353 0.8595419847328245 14.155725190839695 3.0587786259541985 286.68000000000006 128.04 10.56 3.9587135675478207 1.503344744639737 5.484384878661848
44.931 -3.1636382818222044 -8.636424160003662 0.9910797894001007 1.66793893129771 14.207633587786258 3.4343511450381685 286.8 128.04 9.84 3.953244991485866 1.5034310559119624 5.473445489154757
44.947 -3.147058439254761 -8.602426528930664 1.0292673110961914 2.346564885496183 14.289312977099238 3.519083969465649 286.74 128.1 9.299999999999999 3.949570539063493 1.5050692206072678 5.456437022047603
44.976 -3.1988330364227293 -8.626428413391114 0.997424429655075 3.3778625954198476 13.974045801526717 2.7900763358778624 286.97999999999996 127.98000000000002 9.3 3.9503626639531353 1.506105660380658 5.45348353333484
44.991 -3.1973965167999268 -8.57142162322998 0.9877279102802277 3.3274809160305336 14.233587786259543 2.3931297709923665 288.12 127.08000000000001 8.64 3.9496725560009844 1.5084317331353538 5.444565644513892
45.021 -3.273232865333557 -8.467812538146973 0.9836577653884888 2.8587786259541983 14.305343511450383 2.269465648854962 287.82000000000005 126.3 8.22 3.949081517756645 1.5110138667311839 5.427336165034227
45.036 -3.296396780014038 -8.541314506530762 0.9475651741027832 2.993129770992366 14.19083969465649 2.1755725190839694 288.12 126.11999999999998 7.92 3.9497708214761205 1.5126502827529182 5.39455546798392
45.067 -3.2807746171951293 -8.537842941284179 0.9859322547912598 2.373282442748091 14.02290076335878 1.6213740458015267 288.0 125.76000000000002 7.2 3.9500665129085872 1.512478006961289 5.3610003247796545
45.068 -3.315430688858032 -8.345289278030396 0.9989806532859802 2.3633587786259547 13.502290076335878 1.3404580152671755 287.28 126.23999999999998 6.720000000000001 3.9511499574102613 1.5135976549663057 5.374008836772654
45.096 -3.3142934322357176 -8.362766981124878 0.9810839891433716 3.329770992366413 13.332824427480919 1.9061068702290076 286.5 125.81999999999998 6.9 3.9512485672553423 1.5137702542329783 5.376038225381551
45.111 -3.298371982574463 -8.35271134376526 1.0085574507713317 3.329770992366412 13.25648854961832 2.247328244274809 286.26 125.81999999999998 6.659999999999999 3.950557490350203 1.5148052958043159 5.350876680421299
45.126 -3.2493507146835325 -8.371745252609253 1.0678737998008727 2.7923664122137404 13.151908396946563 2.3725190839694656 286.2 125.39999999999998 6.359999999999999 3.9501625431042697 1.5157531942932716 5.323948620500554
45.156 -3.249949264526367 -8.410291910171509 1.0524312019348145 1.3022900763358778 12.770992366412214 2.6396946564885497 285.9 124.73999999999998 5.459999999999999 3.9487805496666026 1.5157531942932716 5.297295202387166
45.171 -3.1668106079101563 -8.363664817810058 1.081640464067459 -0.2877862595419847 12.9587786259542 3.1854961832061073 285.6 124.43999999999998 4.319999999999999 3.9459161586594886 1.515666952706067 5.257935877116777
45.186 -3.1419707775115966 -8.450334930419922 1.0629656910896301 -0.8129770992366415 12.949618320610687 3.7908396946564893 284.04 124.67999999999998 3.7199999999999998 3.9452271758138346 1.5136001652235254 5.243109291158635
45.231 -3.0365660429000854 -8.50611982345581 1.016817456483841 -1.6900763358778625 12.870992366412214 4.382442748091604 284.04 125.16 3.0 3.9458182140581735 1.511363510487958 5.231254927195507
45.232 -3.0204650163650513 -8.419988441467286 0.9762955963611603 -2.0694656488549614 12.792366412213742 5.006870229007634 283.62 125.33999999999999 2.58 3.9458182140581735 1.509208594202034 5.20567630468727
45.276 -3.009451675415039 -8.380843210220338 0.8904036104679107 -1.3648854961832062 12.775572519083969 5.906870229007634 283.43999999999994 125.64000000000001 2.2800000000000002 3.9483896035078465 1.5079135682488005 5.1913012971275485
45.278 -2.8573001503944395 -8.165664339065552 0.8942343413829803 -0.9702290076335874 13.131297709923663 6.528244274809159 284.46 125.33999999999999 1.86 3.9541489558191634 1.5060164861133267 5.167084964641811
45.291 -2.9770701050758364 -8.303929471969605 0.6283582508563995 -1.2572519083969467 11.712977099236642 6.151145038167939 284.46 125.46 1.1400000000000001 3.9647356820383095 1.5054984079863916 5.121306012524079
45.306 -2.890818989276886 -8.024825382232667 0.8078036606311798 -1.803053435114504 11.206106870229007 5.803816793893129 284.21999999999997 125.33999999999999 0.3 3.973306192310436 1.5047224403948962 5.108957324367148
45.336 -3.156695067882538 -8.329487609863282 0.7565078854560852 -1.4557251908396949 9.598473282442749 5.349618320610687 283.67999999999995 125.16 -0.11999999999999997 3.982283956838966 1.5034291566538733 5.1170931463677904
45.367 -3.429993188381195 -8.414122581481934 0.56808420419693 -1.4801526717557247 8.234351145038168 4.847328244274809 284.15999999999997 125.28 -0.7200000000000001 3.9891397330935483 1.5019638252463134 5.126404969653217
45.368 -3.471233308315277 -8.509351968765259 0.7830236554145813 0.25190839694656486 8.442748091603056 4.289312977099237 283.91999999999996 125.52000000000001 -0.4800000000000001 3.996487983787232 1.5011001263497106 5.155759593659175
45.397 -3.6357149481773376 -8.573277139663697 0.5967547595500946 -0.26183206106870244 6.532061068702291 3.8145038167938936 284.28 125.4 -0.6000000000000001 4.00402949093967 1.5011001263497106 5.190538231750168
45.412 -3.7118505597114564 -8.490976476669312 0.7720103204250336 0.4458015267175572 6.44885496183206 3.1870229007633593 284.04 125.39999999999998 -1.08 4.010786703389015 1.5004952914859262 5.216400094929688
45.426 -3.765001857280731 -8.539219617843628 0.7788337945938111 0.9732824427480914 4.965648854961832 2.674809160305344 284.58000000000004 125.21999999999998 -1.3800000000000001 4.0180433911112114 1.5002357223815348 5.264091826872797
45.456 -3.8574180483818052 -8.680477523803711 0.8629899859428406 1.048854961832061 4.116793893129771 2.1534351145038166 284.46000000000004 124.38 -1.6199999999999999 4.023133633793307 1.499976081940072 5.308320037625452
45.472 -4.050390696525573 -9.037572717666626 0.8437765121459961 0.18320610687022906 2.6412213740458017 1.6534351145038169 283.92 124.08 -1.6799999999999997 4.028264602246261 1.4997165128356809 5.355900467196402
45.486 -4.045961403846741 -8.893142461776733 1.015440770983696 -0.969465648854962 2.5763358778625953 1.6549618320610686 284.52000000000004 123.72 -2.04 4.02927745804549 1.4987644952771944 5.414859682522096
45.516 -4.150049328804016 -9.22402114868164 0.8310273975133896 -0.5938931297709924 2.219083969465649 1.5770992366412215 284.34000000000003 123.42 -1.7399999999999998 4.032106498788974 1.49815966041341 5.44392922492239
45.546 -4.0160339117050174 -8.910799694061279 0.7830835103988647 -1.5351145038167942 2.4900763358778626 1.465648854961832 284.46 123.78 -1.86 4.034533771592522 1.497034547433205 5.448930297448813
45.548 -3.7846941709518434 -8.800786209106445 1.0031705021858215 -0.6167938931297711 3.1229007633587784 1.3916030534351145 283.49999999999994 123.9 -1.6199999999999997 4.039776209288834 1.495909434453 5.466709172614958
45.576 -3.878247618675232 -8.815330982208252 0.7114370316267014 -1.2152671755725193 1.3541984732824426 1.4778625954198474 283.19999999999993 123.6 -2.04 4.045221618892514 1.4949566288116576 5.474953529106144
45.591 -3.7950491189956663 -8.750088977813721 0.9191340357065201 -0.287022900763359 2.13969465648855 1.319847328244275 283.19999999999993 124.08 -2.28 4.05117198559638 1.493310863896371 5.463073771711185
45.606 -3.8569392204284667 -8.840350341796874 0.7258621051907539 -0.6557251908396948 1.0381679389312977 1.3603053435114505 283.14 123.78 -1.98 4.05702364092556 1.492097696004929 5.443917849788078
45.637 -3.8516719579696654 -8.849807453155517 0.6940192207694054 -0.8763358778625954 1.7274809160305342 1.1396946564885497 282.9 124.01999999999998 -2.0999999999999996 4.063797476331939 1.4910572610779762 5.424210600635989
45.651 -3.8122873544692992 -8.854176902770996 0.6249464973807335 -1.2541984732824427 1.746564885496183 0.6343511450381678 282.78000000000003 124.49999999999997 -2.5799999999999996 4.069459828362595 1.4902770446611515 5.393652875244973
45.666 -3.838084888458252 -8.802581882476806 0.5668272510170936 -1.4198473282442747 1.9053435114503816 0.13893129770992363 282.36 124.67999999999999 -2.88 4.072100438672105 1.48967054699103 5.368421502606773
45.696 -3.761350727081299 -8.759785556793213 0.6191405579447746 -0.8221374045801525 2.2870229007633585 -0.12824427480916029 281.99999999999994 124.67999999999999 -2.2800000000000002 4.073726230971074 1.4898438558686642 5.36110432906284
45.742 -3.8198291063308716 -8.73470630645752 0.5246294423937797 -0.6610687022900762 1.8618320610687022 -0.15801526717557252 282.12 124.55999999999999 -2.76 4.0751480929331745 1.4902759981561817 5.355730972246853
45.743 -3.7602134704589845 -8.739853763580323 0.5458181276917458 0.1305343511450381 2.021374045801527 2.2204460492503132E-17 282.42 124.73999999999998 -3.4200000000000004 4.075960383281126 1.4909688509628616 5.341071801240551
45.787 -3.797383451461792 -8.779358005523681 0.4343081846833229 0.2114503816793893 1.364885496183206 0.11526717557251911 282.9 124.74000000000001 -3.3 4.076163355188496 1.4911422079600098 5.312901349750907
45.789 -3.7718852043151854 -8.776365280151367 0.4447828188538551 0.8282442748091603 1.4427480916030533 -0.05877862595419844 283.44 124.67999999999999 -3.4799999999999995 4.076264878853581 1.4920950136013524 5.302661006618113
45.831 -3.795647644996643 -8.820538330078126 0.393247626721859 1.234351145038168 1.2549618320610687 -0.24122137404580152 283.2 124.2 -3.0000000000000004 4.076468102505814 1.4933085183431138 5.312219563930212
45.832 -3.770508551597595 -8.784505653381348 0.4201823979616165 1.1732824427480915 1.4412213740458015 -0.34122137404580155 283.38 124.37999999999997 -3.3 4.076874751756045 1.4942621171301649 5.331813126007292
45.846 -3.777451753616333 -8.788336372375488 0.42646717429161074 1.1251908396946564 1.3206106870229006 -0.3022900763358779 283.19999999999993 124.32000000000001 -3.3600000000000003 4.075958309461463 1.4951293869231557 5.331387378648006
45.861 -3.783616805076599 -8.754338645935059 0.41503486335277556 1.1526717557251909 1.2083969465648854 -0.16793893129770998 282.8399999999999 124.56000000000002 -3.0 4.076365769291082 1.4960827207635305 5.335920611216087
45.876 -3.784813904762268 -8.768404579162597 0.41928457021713256 1.5778625954198473 1.2030534351145037 -0.02519083969465649 282.8399999999999 124.67999999999998 -3.0 4.075754884085173 1.4965160532996902 5.332640817063945
45.907 -3.8183327436447145 -8.794740772247314 0.40054994225502016 1.6763358778625954 1.164885496183206 0.04961832061068703 282.59999999999997 124.31999999999998 -3.3600000000000003 4.0740276936736 1.4971218815888083 5.318018988645653
45.907 -3.821744465827942 -8.774928760528564 0.43873745799064634 1.6916030534351143 1.3618320610687022 0.08244274809160305 282.54 124.61999999999998 -3.4200000000000004 4.072403110635374 1.4965167169937958 5.31744292909791
45.951 -3.8464645862579347 -8.766668796539307 0.457771360874176 1.849618320610687 1.3954198473282442 0.06412213740458014 282.36 124.32000000000001 -3.2399999999999998 4.068659661636621 1.4966896918951664 5.336299871251469
45.952 -3.847182869911194 -8.759366512298584 0.4958990216255188 2.076335877862595 1.5435114503816796 0.061832061068702295 282.53999999999996 124.62 -3.78 4.064719673999662 1.4970361178898899 5.360265690439031
45.966 -3.8798038482666017 -8.79216709136963 0.5115211874246597 2.058778625954198 1.5671755725190841 0.06946564885496183 281.99999999999994 124.92 -3.599999999999999 4.061281868105693 1.496949618600307 5.363837854423558
45.996 -3.899974989891052 -8.767985630035401 0.5450400114059448 1.7511450381679392 1.553435114503817 0.04427480916030539 282.41999999999996 124.85999999999999 -3.8999999999999995 4.056331594839458 1.496689978158844 5.362682923483429
46.012 -3.9156570196151734 -8.790670680999757 0.566647681593895 1.886259541984733 1.4870229007633589 -0.083206106870229 281.64 124.67999999999999 -4.319999999999999 4.050173481814776 1.4963435521641208 5.358907862418735
46.026 -3.942352366447449 -8.8057541847229 0.5771821707487106 1.8755725190839694 1.4015267175572519 -0.3015267175572519 281.64 124.67999999999999 -4.32 4.044817773777705 1.4957367176539713 5.357068821380212
46.059 -3.965815544128418 -8.810303211212158 0.6128557741641998 1.7396946564885496 1.4519083969465647 -0.5297709923664122 281.7 124.25999999999999 -4.14 4.037945362724068 1.4953037448623516 5.359788029084194
46.071 -3.9829939365386964 -8.79390287399292 0.6415861964225769 1.383969465648855 1.4839694656488551 -0.665648854961832 281.52000000000004 124.08 -4.08 4.031685524198414 1.4948704123261922 5.3665228072901865
46.086 -3.984131169319153 -8.791688251495362 0.6672041535377502 1.1374045801526718 1.5389312977099237 -0.7458015267175572 281.58000000000004 124.74000000000001 -3.9 4.025746767470425 1.4938311310730616 5.367801581317722
46.116 -3.992211604118347 -8.807729339599609 0.6665457487106323 0.8595419847328243 1.4419847328244275 -0.8396946564885497 281.58000000000004 124.38 -3.54 4.0192119900337255 1.4933981582814424 5.359130423531978
46.132 -3.9922714710235594 -8.808986282348632 0.6681618332862854 0.7145038167938932 1.3587786259541985 -1.0251908396946565 281.52 123.59999999999998 -3.12 4.014405614409185 1.4924456158951416 5.343882109864682
46.146 -3.9935882806777956 -8.80737018585205 0.6714538633823395 0.6267175572519085 1.2893129770992366 -1.2 281.7 123.42 -3.4200000000000004 4.010602424588996 1.4920991899004183 5.339299579360945
46.191 -3.988081622123718 -8.794381618499756 0.6743269026279449 0.40687022900763364 1.3221374045801526 -1.2931297709923666 282.12 123.12 -3.6 4.005001700679108 1.4914063370937385 5.33658146639299
46.193 -3.9703046798706056 -8.79551887512207 0.6712742924690247 0.18473282442748093 1.348854961832061 -1.3717557251908397 281.58 123.17999999999999 -3.8999999999999995 4.0003084569942144 1.4914063370937385 5.332141249170133
46.206 -3.9641396045684814 -8.780076217651366 0.6737882018089294 0.06412213740458014 1.2625954198473284 -1.5 282.0 123.0 -3.2399999999999998 3.99801013745316 1.4914929795155225 5.326126613926414
46.252 -3.954263520240784 -8.772295093536377 0.6785167515277862 0.1961832061068702 1.165648854961832 -1.6633587786259543 281.94 122.57999999999997 -3.54 3.9964068760504774 1.492013195586695 5.332102725556277
46.253 -3.9439684629440306 -8.766908073425293 0.674207192659378 0.24198473282442742 1.049618320610687 -1.7641221374045801 282.41999999999996 122.81999999999998 -3.8999999999999995 3.991821729791213 1.4919265291308448 5.333109809125565
46.296 -3.9258323907852173 -8.772115516662598 0.6676829934120179 0.34274809160305336 1.0450381679389313 -1.787786259541985 282.54 122.46 -4.38 3.98674242554558 1.4925330268009667 5.324111143049474
46.298 -3.9139811038970946 -8.76589059829712 0.6643311142921448 0.3717557251908397 1.001526717557252 -1.8099236641221377 282.65999999999997 122.7 -4.8599999999999985 3.978920768502138 1.4928798373431948 5.319866314846004
46.312 -3.9016509771347048 -8.76170072555542 0.6733692288398743 0.49694656488549616 1.0083969465648854 -1.8480916030534356 282.6 122.64000000000001 -4.919999999999999 3.970038105802524 1.4931396927112637 5.325528392943946
46.326 -3.894049382209778 -8.768284797668457 0.6721122741699219 0.5099236641221374 1.0213740458015266 -1.833587786259542 282.53999999999996 123.42 -5.58 3.9631262890800967 1.494178687081973 5.331861751120625
46.356 -3.8856696605682375 -8.76954174041748 0.6758831381797791 0.4587786259541985 1.1038167938931296 -1.8038167938931298 282.47999999999996 123.47999999999999 -5.279999999999999 3.954937444826379 1.4945251130766963 5.332716486492435
46.371 -3.8752548933029174 -8.754637813568115 0.6862979173660279 0.39541984732824426 1.103053435114504 -1.780916030534351 282.53999999999996 123.66 -5.34 3.9500975580476485 1.4949583254419132 5.332146891288935
46.386 -3.8700475215911867 -8.744223022460938 0.689470237493515 0.49770992366412214 1.0641221374045802 -1.7381679389312974 282.65999999999997 124.38 -4.9799999999999995 3.9444753537943833 1.4951314428654636 5.329311387816773
46.416 -3.8616079568862913 -8.752782344818115 0.6844424128532409 0.5290076335877861 1.0763358778625958 -1.6725190839694655 283.02 124.73999999999998 -5.34 3.9415953885022086 1.4951314428654636 5.33030678474683
46.432 -3.8595728874206543 -8.749250888824463 0.6763021290302277 0.29389312977099236 1.0618320610687024 -1.5992366412213739 282.84000000000003 125.4 -5.279999999999999 3.9363281811802664 1.4951314428654636 5.329303763840178
46.446 -3.86190721988678 -8.753201389312744 0.671334159374237 0.18702290076335876 1.0908396946564887 -1.5389312977099234 282.96000000000004 125.16 -5.04 3.9368241364443706 1.495218109321314 5.327865945711741
46.476 -3.8595728635787965 -8.748353099822998 0.675344443321228 0.1312977099236641 1.0770992366412215 -1.5198473282442746 283.26 125.21999999999998 -5.1 3.9361317609992765 1.4951315386946598 5.337733637662546
46.492 -3.863104295730591 -8.749370670318603 0.6862380564212799 0.08320610687022899 1.0030534351145037 -1.5007633587786258 282.96 124.67999999999999 -5.159999999999999 3.9426562387989583 1.4953913940627284 5.3517920399048595
46.507 -3.8717234134674072 -8.750687503814698 0.6798335671424866 -0.01755725190839695 0.9129770992366412 -1.432824427480916 282.84000000000003 124.79999999999998 -5.16 3.953739143360727 1.495737533793774 5.360457993397038
46.536 -3.88118052482605 -8.750088977813721 0.6844424068927765 -0.11755725190839694 0.8732824427480915 -1.3221374045801526 283.2 124.67999999999999 -4.56 3.9654573357076957 1.495218466466532 5.372003673372555
46.551 -3.8981195211410524 -8.763616275787353 0.6846818268299103 -0.18167938931297709 0.8244274809160304 -1.2206106870229008 283.14 124.62 -4.62 3.9797683863750053 1.4959101778584405 5.387751724809748
46.566 -3.909731388092041 -8.77810115814209 0.6785167574882507 -0.20076335877862594 0.7931297709923665 -1.1977099236641222 283.49999999999994 124.38 -4.38 3.9925314227165316 1.4968611524532704 5.4015328095501705
46.596 -3.927268886566162 -8.788875102996826 0.6807912468910218 -0.3213740458015267 0.7946564885496183 -1.1992366412213742 283.8 123.96 -4.4399999999999995 4.006782032273772 1.4972935307642874 5.417711367413086
46.611 -3.9420530557632447 -8.784924697875976 0.6876147210597991 -0.5045801526717557 0.8129770992366412 -1.1893129770992368 283.32000000000005 124.08 -4.079999999999999 4.018118430131684 1.497812883441618 5.434925229273657
46.627 -3.960847520828247 -8.783069133758545 0.690667325258255 -0.5709923664122136 0.8236641221374045 -1.151145038167939 283.68 123.83999999999999 -4.4399999999999995 4.0300395820794055 1.4983322361189484 5.450874917049064
46.656 -3.9783850431442263 -8.785164070129394 0.6870760202407837 -0.5122137404580152 0.8259541984732826 -1.1305343511450383 283.68 124.08000000000001 -4.319999999999999 4.040695551158684 1.4991111588142594 5.46537285260764
46.671 -3.9967006921768187 -8.781632614135741 0.6854599356651306 -0.5519083969465648 0.7984732824427481 -1.130534351145038 283.97999999999996 124.5 -3.9 4.053236076930629 1.4993707992557224 5.474182327606373
46.701 -4.015076208114624 -8.786959648132324 0.6669048726558685 -0.5595419847328245 0.801526717557252 -1.1847328244274808 284.46 124.5 -3.66 4.0625047600703885 1.4996304396971851 5.477416337645529