21.3300000000000 -2.68210434913635 -9.19134044647217 1.31561386585236 -0.435114503816794 1.64885496183206 -0.351145038167939 344.400000000000 -10.8000000000000 -73.2000000000000 0.836238167146494 0.866259629167333 0.863789051815026
21.3600000000000 -2.72619756062826 -9.18974431355794 1.30045056343079 -0.394402035623410 1.77608142493639 -0.0712468193384224 344.400000000000 -8.40000000000000 -72.4000000000000 0.837082808716638 0.865436103383230 0.864201043380661
21.3630000000000 -2.73477681477865 -9.21927261352539 1.32339497407277 -0.615776081424937 2.05852417302799 0.407124681933842 344 -5.60000000000000 -74 0.837505381314092 0.865436103383230 0.864613034946296
21.3720000000000 -2.73357971509298 -9.21089299519857 1.36509398619334 -0.933842239185751 2.05343511450382 0.524173027989822 344.200000000000 -5 -73.4000000000000 0.837927953911546 0.864612577599128 0.865436560730398
21.3740000000000 -2.71941407521566 -9.20231374104818 1.39941088358561 -1.01272264631043 1.46310432569975 -0.129770992366412 343 -5.80000000000000 -73.4000000000000 0.837927953911546 0.865024569164763 0.865848094948865
21.3860000000000 -2.76510341962179 -9.17458120981852 1.40380024909973 -0.641221374045802 0.455470737913486 -1.20101781170483 344.600000000000 -6.60000000000000 -73.8000000000000 0.838350022884236 0.864613034946296 0.866670707982155
21.4010000000000 -2.80620392163595 -9.20929686228434 1.39322582880656 -0.256997455470738 -0.134860050890585 -1.73027989821883 344.800000000000 -6.80000000000000 -73.2000000000000 0.839193659465122 0.865847639545220 0.867081786796977
21.4020000000000 -2.84989809989929 -9.25618330637614 1.36888480186462 -0.358778625954198 0.0178117048346056 -1.49109414758270 344.600000000000 -8.60000000000000 -72.6000000000000 0.840036295561378 0.866259173763687 0.867903490953616
21.4320000000000 -2.84910003344218 -9.27294254302979 1.37327420711517 -1.07633587786260 0.743002544529262 -0.755725190839695 344 -10 -70.8000000000000 0.840878931657633 0.867492412138794 0.867903490953616
21.4330000000000 -2.87244351704915 -9.24281565348307 1.37965877850850 -1.71246819338422 1.14758269720102 -0.356234096692112 343.800000000000 -9.40000000000000 -71.8000000000000 0.841300000145693 0.867492412138794 0.868314116295433
21.4470000000000 -2.92391872406006 -9.24880123138428 1.29167187213898 -0.740458015267176 0.0839694656488550 -1.40458015267176 343.800000000000 -6.60000000000000 -73.8000000000000 0.841300000145693 0.868724741637250 0.867492865611799
21.4620000000000 -2.92890667915344 -9.26017379760742 1.27750615278880 -0.839694656488550 -0.0559796437659033 -1.54961832061069 343.600000000000 -8.80000000000000 -73.6000000000000 0.842140648660214 0.868314116295433 0.868723388877095
21.4920000000000 -2.92930571238200 -9.24760437011719 1.27371529738108 -1.13231552162850 -0.132315521628499 -1.66412213740458 344.400000000000 -8.40000000000000 -72.8000000000000 0.841298012563958 0.868724290082121 0.868723388877095
21.4940000000000 -2.90656081835429 -9.22745323181152 1.26114571094513 -1.36132315521629 -0.0763358778625954 -1.78371501272265 345.200000000000 -10.4000000000000 -72 0.842138661078479 0.868313664740304 0.869953912142390
21.5080000000000 -2.86825362841288 -9.18894640604655 1.25935006141663 -1.34351145038168 0.0407124681933842 -1.79389312977099 346.800000000000 -9.20000000000000 -72.4000000000000 0.840876944075899 0.869134463868809 0.868723388877095
21.5100000000000 -2.85009765625000 -9.18076610565186 1.22642982006073 -1.08905852417303 -0.104325699745547 -1.84223918575064 346.400000000000 -10.4000000000000 -73.6000000000000 0.842560228686675 0.867491051707015 0.869953912142390
21.5230000000000 -2.82655469576518 -9.19273694356283 1.21405978997548 -0.910941475826972 -0.269720101781170 -1.79389312977099 346 -8.80000000000000 -74.4000000000000 0.840454875103209 0.868311850835520 0.868312310062272
21.5250000000000 -2.80720154444377 -9.18136437733968 1.21006945768992 -0.890585241730280 -0.267175572519084 -1.64631043256997 343.800000000000 -7 -74.6000000000000 0.841296515187794 0.866668438673725 0.869133109190778
21.5540000000000 -2.76111316680908 -9.17398230234782 1.23241531848907 -1.00508905852417 -0.0712468193384224 -1.49363867684478 342.800000000000 -6.80000000000000 -75.2000000000000 0.839191161604327 0.867491051707015 0.867079972892192
21.5570000000000 -2.73477697372437 -9.14186032613119 1.27072254816691 -1.10687022900763 -0.104325699745547 -1.48346055979644 341.800000000000 -8.20000000000000 -74.6000000000000 0.840455866673273 0.865847639545220 0.867901677048831
21.5700000000000 -2.78924489021301 -9.23204135894775 1.27132105827332 -0.0763358778625954 -0.977099236641221 -2.00763358778626 342.600000000000 -11.4000000000000 -71.4000000000000 0.837505884938855 0.866259629167333 0.865025026511930
21.5850000000000 -2.79064154624939 -9.25578403472900 1.24279018243154 -0.119592875318066 -0.964376590330789 -1.93129770992366 342.800000000000 -11.2000000000000 -72.4000000000000 0.837505884938855 0.865848094948865 0.865847639545220
21.6010000000000 -2.78046623865763 -9.25957489013672 1.23860033353170 -0.638676844783715 -0.735368956743003 -1.68702290076336 343.200000000000 -9.20000000000000 -71.6000000000000 0.837927953911546 0.865848094948865 0.866259173763687
21.6310000000000 -2.77408170700073 -9.22845045725505 1.24298969904582 -1.46564885496183 -0.295165394402036 -1.23409669211196 343.400000000000 -7.40000000000000 -72.6000000000000 0.837927953911546 0.865436560730398 0.866259173763687
21.6460000000000 -2.76151212056478 -9.15881919860840 1.29546260833740 -1.92111959287532 0.244274809160305 -0.834605597964377 344.400000000000 -4.80000000000000 -73.2000000000000 0.837927953911546 0.865436560730398 0.865436560730398
21.6610000000000 -2.75991598765055 -9.16779740651449 1.29067420959473 -1.43511450381679 0.468193384223919 -0.755725190839695 343.400000000000 -5.80000000000000 -74.2000000000000 0.837505884938855 0.865436560730398 0.864613034946296
21.6890000000000 -2.79423292477926 -9.23702971140544 1.27690756320953 -0.709923664122138 0.267175572519084 -1.04071246819338 344.400000000000 -5.20000000000000 -75.2000000000000 0.837927953911546 0.865024569164763 0.865435647979585
21.7050000000000 -2.81777596473694 -9.29608662923177 1.25555924574534 -0.587786259541985 0.127226463104326 -1.31552162849873 344.600000000000 -7 -73.4000000000000 0.837505381314092 0.865436103383230 0.864611205544623
21.7180000000000 -2.84590784708659 -9.27872880299886 1.25176843007406 -0.890585241730280 0.338422391857506 -1.35368956743003 346 -6.40000000000000 -75.2000000000000 0.837505381314092 0.865024569164763 0.865434731328725
21.7510000000000 -2.83094406127930 -9.20311196645101 1.26972496509552 -1.25954198473282 0.821882951653944 -1.19338422391858 345 -7.40000000000000 -72.6000000000000 0.837505381314092 0.865024569164763 0.865023652513903
21.7650000000000 -2.86406373977661 -9.12430286407471 1.33057761192322 -0.770992366412214 0.908396946564886 -1.52671755725191 345 -4.20000000000000 -77.4000000000000 0.837505884938855 0.863789051815026 0.867492865611799
21.7810000000000 -2.85987393061320 -9.14066314697266 1.32339501380920 -0.379134860050891 0.814249363867685 -1.70229007633588 346 -4 -76.4000000000000 0.837927953911546 0.864612577599128 0.867081786796977
21.8120000000000 -2.85608315467834 -9.17996788024902 1.32598872979482 0.132315521628499 0.770992366412214 -1.94147582697201 346.200000000000 -5.40000000000000 -75 0.838771590492432 0.865436103383230 0.866670707982155
21.8240000000000 -2.83692955970764 -9.21448421478272 1.32259694735209 0.374045801526718 0.783715012722646 -2.12977099236641 346.600000000000 -7.40000000000000 -73.4000000000000 0.839615227073318 0.866670707982155 0.867081333323972
21.8400000000000 -2.81697781880697 -9.20949618021647 1.34175054232279 0.0687022900763359 0.982188295165395 -2.11959287531807 345.800000000000 -9.40000000000000 -73 0.840457863169574 0.867492412138794 0.867903037480611
21.8710000000000 -2.80261254310608 -9.19692675272624 1.34613990783691 -0.165394402035623 1.10941475826972 -2.04071246819338 345.800000000000 -8.60000000000000 -71.8000000000000 0.840878931657633 0.867903490953616 0.868314116295433
21.8850000000000 -2.81119179725647 -9.20849863688151 1.32219787438711 -0.307888040712468 1.27480916030534 -1.86513994910941 345.400000000000 -7.40000000000000 -70.2000000000000 0.841720571742219 0.867903490953616 0.869134014218912
21.9160000000000 -2.83094398180644 -9.22186628977458 1.29665974775950 -0.399491094147583 1.48346055979644 -1.63358778625954 345.200000000000 -8.40000000000000 -71.6000000000000 0.841299503254160 0.868313664740304 0.869134014218912
21.9320000000000 -2.81198994318644 -9.23543326059977 1.28628488381704 -0.465648854961832 1.75572519083969 -1.45038167938931 344.800000000000 -8.40000000000000 -74 0.842140151768681 0.867902585925482 0.870773813863802
21.9460000000000 -2.79104065895081 -9.20490741729736 1.27191968758901 -0.396946564885496 1.82951653944020 -1.55470737913486 343.400000000000 -9 -75.8000000000000 0.841719580172154 0.869133109190778 0.869543290598507
21.9610000000000 -2.82695364952087 -9.13567543029785 1.25875151157379 -0.580152671755725 1.25190839694657 -1.91603053435115 343.200000000000 -4.80000000000000 -74.4000000000000 0.845080699000308 0.866259629167333 0.871184435407686
21.9760000000000 -2.82435989379883 -9.15682411193848 1.24777809778849 -0.536895674300254 1.27226463104326 -1.92875318066158 344 -6 -74.4000000000000 0.842977829952514 0.867491507110660 0.870364537484207
21.9910000000000 -2.81378547350566 -9.19413375854492 1.24518438180288 -0.407124681933842 1.27735368956743 -2.01017811704835 343.200000000000 -6 -73.2000000000000 0.842558245515497 0.867491507110660 0.870364537484207
21.9930000000000 -2.78325939178467 -9.21328735351563 1.25935010115306 -0.340966921119593 1.38676844783715 -2.05343511450382 342.800000000000 -7.20000000000000 -72 0.840455376467703 0.868723385053987 0.868722935404089
22.0050000000000 -2.75293286641439 -9.22565746307373 1.29087376594543 -0.269720101781171 1.48600508905852 -2.03053435114504 342.400000000000 -7.60000000000000 -72.8000000000000 0.842138661078479 0.867491507110660 0.869133109190778
22.0200000000000 -2.73338023821513 -9.21268876393636 1.29945298035940 -0.310432569974555 1.46819338422392 -1.90585241730280 344.400000000000 -8.80000000000000 -72.8000000000000 0.840455376467703 0.868313211267299 0.867079972892192
22.0360000000000 -2.75851933161418 -9.21288808186849 1.27231868108114 -0.419847328244275 1.21882951653944 -1.82697201017812 346.200000000000 -8.20000000000000 -73 0.840876944075899 0.866669799105504 0.867901677048831
22.0510000000000 -2.78146378199259 -9.19034258524577 1.25176843007406 -0.519083969465649 1.03562340966921 -1.74300254452926 346 -6.80000000000000 -72 0.838771590492432 0.866258264887037 0.866669799105504
22.0530000000000 -2.80380964279175 -9.18894608815511 1.25695590178172 -0.310432569974555 0.997455470737914 -1.63358778625954 344.400000000000 -6 -71.6000000000000 0.838349521519742 0.864613034946296 0.867492412138794
22.0640000000000 -2.78046623865763 -9.21109263102214 1.28149648507436 -0.0508905852417303 1.11195928753181 -1.36386768447837 342.800000000000 -6.80000000000000 -72.8000000000000 0.837927953911546 0.864613034946296 0.867081786796977
22.0780000000000 -2.79283618927002 -9.20271301269531 1.31561386585236 -1.35877862595420 0.580152671755725 -1.08396946564886 343.200000000000 -8.40000000000000 -73.2000000000000 0.837505884938855 0.865025026511930 0.865025026511930
22.0920000000000 -2.78964392344157 -9.20810000101725 1.33456794420878 -1.34860050890585 0.544529262086514 -1.17048346055980 343.200000000000 -7.60000000000000 -74 0.837927953911546 0.864613034946296 0.866258264887037
22.1060000000000 -2.79004295667013 -9.22066942850749 1.32638776302338 -1.21628498727735 0.516539440203562 -1.26972010178117 343.200000000000 -6.40000000000000 -74.4000000000000 0.837927953911546 0.864613034946296 0.865846273321402
22.1070000000000 -2.80081693331401 -9.21209017435710 1.32399356365204 -1.20610687022901 0.503816793893130 -1.24427480916031 343.200000000000 -7.60000000000000 -75.6000000000000 0.838350022884236 0.864613034946296 0.865846273321402
22.1210000000000 -2.82056911786397 -9.20390987396240 1.30803223450979 -0.961832061068702 0.549618320610687 -1.15521628498728 343 -9.40000000000000 -75.4000000000000 0.837505381314092 0.865025026511930 0.864613034946296
22.1360000000000 -2.82376138369242 -9.21767648061117 1.32219791412354 -0.715012722646310 0.575063613231552 -1.07888040712468 343 -12.2000000000000 -76.6000000000000 0.837505381314092 0.864613034946296 0.865847639545220
22.1530000000000 -2.81797536214193 -9.23264026641846 1.33476746082306 -0.603053435114504 0.536895674300254 -1.20610687022901 344.400000000000 -8.80000000000000 -75.6000000000000 0.837926948922288 0.864613034946296 0.866259173763687
22.1680000000000 -2.81059328715007 -9.23343849182129 1.34913265705109 -0.681933842239186 0.381679389312977 -1.40458015267176 345.600000000000 -8.40000000000000 -74.8000000000000 0.838771590492432 0.865024569164763 0.866670707982155
22.1700000000000 -2.77986772855123 -9.23024622599284 1.36669011910756 -0.689567430025445 0.208651399491094 -1.64122137404580 344 -6 -73.2000000000000 0.839615227073318 0.866259173763687 0.866670707982155
22.1830000000000 -2.75612521171570 -9.25398858388265 1.38524516423543 -0.697201017811705 0.0839694656488550 -1.74554707379135 341.800000000000 -6.60000000000000 -72.6000000000000 0.840036295561378 0.866259173763687 0.867081786796977
22.1980000000000 -2.79044198989868 -9.18655204772949 1.41976165771484 -1.81679389312977 0.435114503816794 -1.19083969465649 340.800000000000 -9.60000000000000 -70.8000000000000 0.841300000145693 0.867492865611799 0.866259629167333
22.2140000000000 -2.78924489021301 -9.18176364898682 1.41836504141490 -1.54452926208651 0.473282442748092 -1.16030534351145 342.800000000000 -9.60000000000000 -72 0.841720571742219 0.867492865611799 0.867491507110660
22.2290000000000 -2.79483135541280 -9.22525819142660 1.35511819521586 -1.19083969465649 0.562340966921120 -1.14758269720102 344 -8 -72 0.841299503254160 0.867903490953616 0.868313211267299
22.2310000000000 -2.80141544342041 -9.23383744557699 1.31940468152364 -1.46819338422392 0.684478371501272 -1.08651399491094 344 -6.40000000000000 -73.2000000000000 0.842140151768681 0.867492412138794 0.869954813347417
22.2450000000000 -2.78964400291443 -9.19832324981690 1.28927763303121 -1.98218829516539 0.819338422391858 -1.08396946564886 343.600000000000 -6.80000000000000 -72.8000000000000 0.841298511684095 0.868313211267299 0.869544639560729
22.2620000000000 -2.78445657094320 -9.13866774241130 1.29626071453094 -1.96692111959288 0.758269720101781 -1.22137404580153 344.400000000000 -7.60000000000000 -76.4000000000000 0.842560228686675 0.867491507110660 0.870364537484207
22.2750000000000 -2.76450490951538 -9.17438125610352 1.24598244825999 -1.23155216284987 0.600508905852417 -1.38676844783715 344.800000000000 -8.40000000000000 -76 0.841298511684095 0.869133109190778 0.869134014218912
22.2900000000000 -2.78445657094320 -9.25578435262044 1.20228826999664 -0.994910941475827 0.330788804071247 -1.46055979643766 344 -6.40000000000000 -76 0.842140151768680 0.867901231247450 0.869953912142390
22.2920000000000 -2.79702615737915 -9.28790664672852 1.15779602527618 -1.41984732824428 0.407124681933842 -1.40966921119593 344.400000000000 -8.40000000000000 -73.6000000000000 0.840878434766100 0.869133109190778 0.868723388877095
22.3040000000000 -2.80839856465658 -9.22765254974365 1.15220956007640 -2.03562340966921 0.839694656488550 -1.23918575063613 345.800000000000 -10.2000000000000 -72.6000000000000 0.841720074850686 0.867491507110660 0.869953912142390
22.3200000000000 -2.69587111473084 -9.09437561035156 1.19590377807617 -1.87786259541985 1.80152671755725 -0.977099236641221 343.800000000000 -7.80000000000000 -79.8000000000000 0.838772091856926 0.869955262997314 0.866259629167333
22.3350000000000 -2.72919042905172 -9.11991373697917 1.18113950888316 -1.35623409669211 1.42748091603053 -1.22137404580153 344.400000000000 -7.20000000000000 -77.2000000000000 0.840035299549708 0.868311850835520 0.867491507110660
22.3510000000000 -2.79702615737915 -9.15622552235921 1.18672597408295 -0.539440203562341 0.956743002544529 -1.58778625954198 343.600000000000 -7.60000000000000 -74 0.840035299549708 0.867491051707015 0.867079972892192
22.3530000000000 -2.85089572270711 -9.21807543436686 1.18572839101156 0.175572519083969 0.720101781170484 -1.83969465648855 342.200000000000 -7.40000000000000 -70.2000000000000 0.840035299549708 0.865847639545220 0.867901677048831
22.3650000000000 -2.86506144205729 -9.26057243347168 1.19630281130473 -0.0229007633587786 1.06361323155216 -1.72010178117048 341.800000000000 -7.40000000000000 -71.8000000000000 0.838772091856926 0.866259173763687 0.866258264887037
22.3800000000000 -2.84072041511536 -9.25757980346680 1.20667767524719 -0.679389312977099 1.62340966921120 -1.44783715012723 342.600000000000 -8.20000000000000 -73.8000000000000 0.838350022884236 0.865436560730398 0.866258264887037
22.3940000000000 -2.84530925750732 -9.22545782725016 1.21226414044698 -0.997455470737914 1.86259541984733 -1.45801526717557 343.200000000000 -8.40000000000000 -74 0.838350022884236 0.865024569164763 0.865436560730398
22.4240000000000 -2.85388843218486 -9.19114081064860 1.22822546958923 -0.773536895674300 1.83715012722646 -1.72519083969466 343 -8.20000000000000 -72.2000000000000 0.837505381314092 0.865024569164763 0.865436560730398
22.4410000000000 -2.87783042589823 -9.19572957356771 1.23899936676025 -0.557251908396947 1.72264631043257 -1.98982188295165 343 -6.60000000000000 -71.4000000000000 0.838349017894978 0.864200126729800 0.865848094948865
22.4550000000000 -2.84171787897746 -9.20690250396729 1.27571046352386 -0.506361323155216 1.86259541984733 -2.09160305343511 344.600000000000 -5 -71.8000000000000 0.837926948922288 0.865023652513903 0.865436560730398
22.4850000000000 -2.74854350090027 -9.20690250396729 1.34135150909424 0.488549618320611 2.23664122137405 -2.50381679389313 349.800000000000 -6.60000000000000 -73.8000000000000 0.836238167146494 0.863789051815026 0.866259629167333
22.5140000000000 -2.75393048922221 -9.22725327809652 1.33895730972290 0.483460559796438 2.23155216284987 -2.45038167938931 347.200000000000 -6.80000000000000 -74 0.837082808716638 0.863789051815026 0.866259629167333
22.5180000000000 -2.74016388257345 -9.23323885599772 1.34095247586568 0.335877862595420 2.14249363867684 -2.39440203562341 347.400000000000 -8.60000000000000 -72.2000000000000 0.837927450286782 0.864201043380661 0.866259629167333
22.5450000000000 -2.76530305544535 -9.25019772847494 1.30663557847341 0.246819338422392 2.02290076335878 -2.50636132315522 345.200000000000 -9.20000000000000 -72.8000000000000 0.838772091856926 0.865024569164763 0.866259629167333
22.5610000000000 -2.76849532127380 -9.23164272308350 1.29047469298045 -0.109414758269720 1.98218829516539 -2.63867684478372 345 -8.60000000000000 -71.8000000000000 0.838772091856926 0.865848094948865 0.866670707982155
22.5750000000000 -2.79961991310120 -9.23204167683919 1.28309257825216 -0.620865139949109 2.04580152671756 -2.65139949109415 342.200000000000 -8.20000000000000 -73.4000000000000 0.839614727953182 0.866670707982155 0.867081786796977
22.6050000000000 -2.78026676177979 -9.18854713439941 1.30483992894491 -1.21119592875318 2.13740458015267 -2.40966921119593 342.800000000000 -9.20000000000000 -73.2000000000000 0.840457364049438 0.867081786796977 0.867903490953616
22.6220000000000 -2.76470446586609 -9.17198721567790 1.31860661506653 -1.31552162849873 2.13740458015267 -2.23409669211196 342.400000000000 -9.60000000000000 -72.8000000000000 0.841300000145693 0.867492865611799 0.867903490953616
22.6340000000000 -2.74515183766683 -9.18635241190592 1.31481579939524 -0.977099236641221 2.02798982188295 -2.29007633587786 343.600000000000 -11.2000000000000 -71.2000000000000 0.841720571742219 0.867492865611799 0.868724290082121
22.6650000000000 -2.72579868634542 -9.24062093098958 1.29765733083089 -0.547073791348601 1.77608142493639 -2.46564885496183 343.600000000000 -10 -70.8000000000000 0.841299503254160 0.868313664740304 0.868724290082121
22.6810000000000 -2.72160887718201 -9.21049404144287 1.22942256927490 0.0305343511450382 1.27480916030534 -2.77862595419847 343.800000000000 -11.4000000000000 -71.4000000000000 0.843821945689256 0.867492865611799 0.871184435407686
22.6940000000000 -2.70006100336711 -9.20311196645101 1.23680468400319 0.229007633587786 1.33842239185751 -2.84223918575064 342.600000000000 -10.2000000000000 -70.6000000000000 0.842560228686675 0.868313664740304 0.870364537484207
22.7250000000000 -2.68489766120911 -9.19952074686686 1.25875155131022 0.669211195928753 1.23918575063613 -2.98727735368957 341.400000000000 -8.60000000000000 -72.2000000000000 0.842560228686675 0.868313664740304 0.870364537484207
22.7410000000000 -2.66554450988770 -9.21328735351563 1.29685926437378 1.05089058524173 1.01272264631043 -3.01526717557252 341.200000000000 -8.40000000000000 -71.6000000000000 0.840876944075899 0.869134463868809 0.869134014218912
22.7560000000000 -2.68370056152344 -9.23024622599284 1.31102498372396 1.09923664122137 0.671755725190840 -2.87786259541985 342.200000000000 -8.60000000000000 -72.2000000000000 0.842138661078479 0.867902585925482 0.869953912142390
22.7860000000000 -2.71642136573792 -9.27174568176270 1.32898147900899 0.707379134860051 0.567430025445293 -2.49872773536896 343.600000000000 -8.40000000000000 -72.4000000000000 0.840455376467703 0.868723385053987 0.868723388877095
22.8020000000000 -2.72978901863098 -9.27912775675456 1.35132737954458 -0.137404580152672 0.712468193384224 -1.95419847328244 344.200000000000 -6.60000000000000 -73.4000000000000 0.842138661078479 0.867491507110660 0.869544188005600
22.8150000000000 -2.73098611831665 -9.26256783803304 1.40100705623627 -1.44529262086514 0.811704834605598 -1.30534351145038 344.200000000000 -7.80000000000000 -74.2000000000000 0.840033307495013 0.868723385053987 0.867079060141380
22.8450000000000 -2.70046003659566 -9.20231374104818 1.42574715614319 -2.61832061068702 0.697201017811705 -0.793893129770992 344.800000000000 -8.40000000000000 -72.4000000000000 0.840875943591268 0.867079972892192 0.867899859269885
22.8610000000000 -2.69387594858805 -9.19094149271647 1.41257901986440 -2.92366412213740 0.254452926208651 -0.699745547073791 344.400000000000 -9.60000000000000 -72.4000000000000 0.839192658980492 0.867079972892192 0.867079060141380
22.8760000000000 -2.70544791221619 -9.34217548370361 1.31501531600952 -1.64122137404580 -0.847328244274809 -1.32824427480916 343.200000000000 -8.40000000000000 -73.2000000000000 0.838772091856926 0.865025026511930 0.866259629167333
22.9060000000000 -2.75931747754415 -9.34776178995768 1.34514232476552 -1.76081424936387 -0.918575063613232 -1.41475826972010 344.200000000000 -7.40000000000000 -72.6000000000000 0.838350022884236 0.865436560730398 0.866259629167333
22.9190000000000 -2.78206237157186 -9.34456952412923 1.38384858767192 -1.93384223918575 -0.938931297709924 -1.60305343511450 344.600000000000 -7 -73 0.837927953911546 0.865436560730398 0.865436103383230
22.9330000000000 -2.73258217175802 -9.27992598215739 1.36170220375061 -2.07633587786260 -0.834605597964377 -2.09669211195929 343.600000000000 -5.20000000000000 -73.2000000000000 0.837927953911546 0.865024569164763 0.865436103383230
22.9630000000000 -2.62384549776713 -9.03631591796875 1.34195005893707 -2.36132315521628 -1.10941475826972 -3.13994910941476 343.400000000000 -5 -75.8000000000000 0.837927953911546 0.865024569164763 0.865024569164763
22.9790000000000 -2.46882096926371 -8.76956176757813 1.29506361484528 -1.79898218829517 -2.04071246819338 -4.59796437659033 342.400000000000 -4.40000000000000 -75.6000000000000 0.838350022884236 0.864612577599128 0.865848094948865
22.9930000000000 -2.41096115112305 -8.55488173166911 1.25775396823883 -0.694656488549618 -4.03816793893130 -6.23409669211196 344.600000000000 -5.80000000000000 -76.2000000000000 0.837927953911546 0.864612577599128 0.865848094948865
23.0230000000000 -2.46263599395752 -8.43177986145020 1.19430760542552 0.478371501272265 -5.88804071246819 -7.76335877862595 343.600000000000 -8 -75.2000000000000 0.837927953911546 0.863789051815026 0.866670707982155
23.0400000000000 -2.37285343805949 -8.32543754577637 1.19331002235413 0.498727735368957 -6.64122137404580 -9.04580152671756 344 -9.20000000000000 -75.6000000000000 0.837505884938855 0.864201043380661 0.866259173763687
23.0530000000000 -2.36726697285970 -8.11754099527995 1.19370905558268 -0.0305343511450382 -8.18575063613232 -10.8142493638677 342.400000000000 -11.2000000000000 -72.8000000000000 0.837927953911546 0.864613034946296 0.866670252578510
23.0850000000000 -1.54246449470520 -8.18996524810791 1.23959791660309 5.00763358778626 -11.3129770992366 -14.8167938931298 346.800000000000 -10.8000000000000 -72 0.838772091856926 0.866259629167333 0.867492865611799
23.1000000000000 -1.57737990220388 -8.29531033833822 1.20528101921082 5.68193384223919 -13.0279898218830 -15.7124681933842 346.600000000000 -9.00000000000000 -72.6000000000000 0.838772091856926 0.866670707982155 0.867492865611799
23.1300000000000 -1.69589285055796 -8.20971775054932 1.21924718221029 6 -14.7379134860051 -16.6972010178117 343.800000000000 -7 -74.2000000000000 0.839614727953182 0.867081786796977 0.867492865611799
23.1620000000000 -1.78328120708466 -8.18936697642008 1.21545636653900 7.11959287531807 -15.7353689567430 -17.6335877862595 342 -5.60000000000000 -75.2000000000000 0.840457364049438 0.867081786796977 0.868313664740304
23.1640000000000 -1.90658259391785 -8.13529777526856 1.28249402840932 8.58524173027990 -15.4122137404580 -17.5903307888041 340.600000000000 -5.80000000000000 -75.8000000000000 0.840878931657633 0.867492412138794 0.868724290082121
23.1880000000000 -1.79126191139221 -8.17639827728272 1.35132733980815 10.3638676844784 -14.2849872773537 -17.3053435114504 340.800000000000 -6.40000000000000 -72.8000000000000 0.840878931657633 0.867081333323972 0.869954813347417
23.2050000000000 -1.74337788422902 -8.01957813898722 1.54964705308278 10.8066157760814 -14.0712468193384 -17.6819338422392 340.600000000000 -6.20000000000000 -72.2000000000000 0.840457863169574 0.868313211267299 0.869954813347417
23.2220000000000 -1.84413389364878 -7.87652460734050 1.76512519518534 10.7226463104326 -13.3715012722646 -17.9465648854962 339.800000000000 -5.80000000000000 -71.8000000000000 0.841299503254160 0.867902585925482 0.871183987650490
23.2500000000000 -1.91276764869690 -8.09439690907796 1.76273099581401 10.6870229007634 -11.5292620865140 -16.3587786259542 339.400000000000 -4.60000000000000 -73 0.840878434766100 0.869544188005600 0.870364089727012
23.2650000000000 -1.72262811660767 -8.34080012639364 1.68132813771566 10.8091603053435 -9.58778625954199 -14.4122137404580 339.400000000000 -5.80000000000000 -72.2000000000000 0.842140151768681 0.868312310062272 0.871183090243398
23.2800000000000 -2.09552502632141 -8.34259605407715 1.78667306900024 12.2442748091603 -12.7328244274809 -19.0229007633588 339.600000000000 -6 -69.6000000000000 0.840036794681514 0.869955262997314 0.867492865611799
23.3110000000000 -1.92972656091054 -8.34718481699626 1.94329373041789 10.8727735368957 -11.2722646310433 -18.1043256997455 338.400000000000 -4.40000000000000 -70 0.840878434766100 0.868311850835520 0.868723388877095
23.3250000000000 -1.78028845787048 -8.40324910481771 2.07736897468567 11.2366412213740 -9.99236641221374 -17.2239185750636 338.000000000000 -3.60000000000000 -69.6000000000000 0.840456867157904 0.868311850835520 0.868312310062272
23.3410000000000 -1.69669091701508 -8.70052909851074 2.17792542775472 13.4045801526718 -9.48600508905853 -16.5012722646310 336.400000000000 -3.60000000000000 -67.6000000000000 0.841298507242490 0.866668438673725 0.869133109190778
23.3710000000000 -1.85690291722616 -9.19453271230062 2.03746561209361 14.7048346055980 -9.83969465648855 -15.3384223918575 337.600000000000 -5.20000000000000 -66.4000000000000 0.840456867157904 0.867491051707015 0.867491507110660
23.3850000000000 -1.87964785099030 -9.33738644917806 2.03906174500783 10.3944020356234 -8.54198473282443 -12.1959287531807 336.800000000000 -5.60000000000000 -66 0.840878434766100 0.865847639545220 0.868723385053987
23.4020000000000 -1.93970243136088 -9.33040332794190 2.18211527665456 5.63104325699746 -5.79134860050891 -10.2468193384224 337.800000000000 -4.20000000000000 -66.6000000000000 0.839193158100628 0.866259173763687 0.867902585925482
23.4310000000000 -1.61907891432444 -9.34676361083984 2.30202484130859 5.22646310432570 -3.94656488549618 -9.79643765903308 336.200000000000 -4.60000000000000 -65.4000000000000 0.838771590492432 0.865848094948865 0.867902585925482
23.4440000000000 -1.68791222572327 -9.66758664449056 2.23179495334625 8.17048346055980 -4.75572519083969 -11.2569974554707 336.200000000000 -5 -63.8000000000000 0.838350022884236 0.865436103383230 0.867081786796977
23.4750000000000 -1.72821458180745 -9.96845785776774 1.96304583549500 8.31806615776081 -5.44783715012723 -10.1348600508906 336 -6 -60.8000000000000 0.838350022884236 0.865024569164763 0.865847182198053
23.4910000000000 -2.10929179191589 -10.0484647750855 2.21583366394043 2.80152671755725 1.14503816793893 -6.78625954198473 336.600000000000 -7.80000000000000 -63 0.838772091856926 0.863789051815026 0.865025026511930
23.5050000000000 -1.79704797267914 -9.73542277018229 2.36646882692973 3.55979643765903 1.96183206106870 -6.57506361323155 336.800000000000 -6.80000000000000 -62.4000000000000 0.838350022884236 0.864612577599128 0.865025026511930
23.5210000000000 -1.62586251894633 -9.23044554392497 2.52069528897603 5.77608142493639 1.03307888040712 -7.71246819338422 336.400000000000 -4 -61.6000000000000 0.838350022884236 0.864200126729800 0.865847639545220
23.5500000000000 -1.53388524055481 -9.17158794403076 2.47121508916219 7.11450381679389 -1.52417302798982 -8.71501272264631 336.400000000000 -4 -61.6000000000000 0.838350022884236 0.864612118295435 0.866259173763687
23.5650000000000 -1.66536680857341 -9.68195184071859 2.27987853686015 6.67175572519084 -3.89567430025445 -9.56997455470738 337.200000000000 -4 -60.8000000000000 0.838772091856926 0.864612118295435 0.866670707982155
23.5820000000000 -1.66676342487335 -10.1867294311523 2.18211531639099 4.45038167938931 -3.24936386768448 -8.40712468193384 336.400000000000 -6 -61.2000000000000 0.838772091856926 0.865848094948865 0.866670707982155
23.6100000000000 -1.55962288379669 -10.0464690526327 2.40018725395203 3.66412213740458 0.218829516539440 -8.05597964376590 336.200000000000 -7 -58.2000000000000 0.839193659465122 0.865848094948865 0.866670707982155
23.6250000000000 -1.34015438954035 -9.70629310607910 2.51850064595540 3.37150127226463 1.76844783715013 -7.50636132315522 334 -9.20000000000000 -57.2000000000000 0.839615227073318 0.866259173763687 0.866670707982155
23.6410000000000 -1.22024478514989 -9.62409210205078 2.39719446500142 2.73791348600509 0.842239185750636 -7.95674300254453 332.800000000000 -10 -54.4000000000000 0.840878434766100 0.866670252578510 0.867081333323972
23.6700000000000 -1.29725827773412 -10.2092749277751 2.03487189610799 2.06615776081425 -0.740458015267176 -6.94910941475827 331.200000000000 -7.20000000000000 -55.2000000000000 0.840878434766100 0.867492865611799 0.867903037480611
23.6850000000000 -1.32638776302338 -9.87308883666992 2.09492659568787 0.282442748091603 6.48854961832061 -2.49618320610687 337.800000000000 -4.20000000000000 -51 0.841300000145693 0.866259629167333 0.869955262997314
23.7000000000000 -1.25575880209605 -9.67736307779948 2.26750858624776 1.25699745547074 7.08905852417303 -2.21628498727735 335.200000000000 -4.40000000000000 -51.2000000000000 0.840878931657633 0.867491507110660 0.869134463868809
23.7300000000000 -1.16557721296946 -9.56044642130534 2.44527800877889 3 6.37913486005089 -2.48600508905852 333.200000000000 -5.20000000000000 -50.8000000000000 0.841299503254160 0.868313211267299 0.869134463868809
23.7450000000000 -1.37666598955790 -9.31244723002116 2.52827699979146 3.53689567430025 3.82951653944020 -2.77862595419847 331.400000000000 -5.40000000000000 -51.4000000000000 0.840456867157904 0.869954813347417 0.868724290082121
23.7620000000000 -1.58356491724650 -9.64224847157796 2.29324622948964 3.38422391857506 1.46564885496183 -3.53435114503817 332 -5.20000000000000 -50.8000000000000 0.841718584160485 0.869134014218912 0.870364089727012
23.7890000000000 -1.77609860897064 -9.51974519093831 2.10909219582876 1.88295165394402 1.44020356234097 -2.89058524173028 331.800000000000 -5.80000000000000 -50.2000000000000 0.841298012563958 0.869544188005600 0.869953915940324
23.8030000000000 -1.50974365075429 -9.50577894846598 2.17692784468333 1.08396946564886 3.74554707379135 -1.70229007633588 330.400000000000 -6.40000000000000 -48 0.842981297174735 0.868313664740304 0.870773813863802
23.8180000000000 -1.38225241502126 -8.81265735626221 2.38462479909261 -0.539440203562341 4.30788804071247 -0.315521628498728 329.200000000000 -5.60000000000000 -45.6000000000000 0.841719580172154 0.869134463868809 0.868722935404089
23.8480000000000 -1.42634562651316 -8.82223415374756 2.51490934689840 -0.399491094147583 2.98727735368957 -0.358778625954198 330.200000000000 -5.00000000000000 -45 0.841719580172154 0.867491051707015 0.869542833327568
23.8630000000000 -1.53947166601817 -8.98244603474935 2.44268433252970 0.323155216284987 2.23155216284987 0.0483460559796438 332.400000000000 -4.40000000000000 -46.4000000000000 0.839614226588688 0.867901677048831 0.867901231247450
23.8790000000000 -1.19171392917633 -9.89882659912109 2.53905081748962 -0.328244274809160 5.82442748091603 4.70992366412214 330.600000000000 -3 -48.6000000000000 0.842561714935271 0.863789051815026 0.869955262997314
23.9090000000000 -1.26753032207489 -9.78290748596191 2.64718898137411 -1.82442748091603 5.56488549618321 5.43256997455471 330.200000000000 -4.60000000000000 -48.2000000000000 0.841298507242490 0.865023656413950 0.868723385053987
23.9260000000000 -1.38464669386546 -9.37728977203369 2.62923248608907 -3.95165394402036 4.96692111959288 6.54707379134860 331.800000000000 -6.60000000000000 -47 0.840035299549708 0.865435647979585 0.867902585925482
23.9560000000000 -1.45068673292796 -9.19014326731364 2.58414173126221 -5.21628498727735 4.32315521628499 7.67430025445293 332 -7.20000000000000 -46 0.838350022884236 0.866259173763687 0.866670707982155
23.9700000000000 -1.53967122236888 -9.31763458251953 2.39899007479350 -3.68702290076336 3.80152671755725 8.21374045801527 335.200000000000 -5.60000000000000 -43.2000000000000 0.837927953911546 0.865848094948865 0.866670707982155
23.9850000000000 -1.49697462717692 -9.70150502522787 2.31579160690308 -3.40966921119593 3.99236641221374 9.04325699745547 334 -4.40000000000000 -42.4000000000000 0.838349521519742 0.865023652513903 0.866259629167333
24.0010000000000 -1.69210207462311 -9.61212126413981 2.35549545288086 -6.52671755725191 3.50381679389313 10.1984732824427 333.200000000000 -4.00000000000000 -40.8000000000000 0.838349521519742 0.864612118295435 0.865848094948865
24.0310000000000 -1.75335371494293 -9.53550656636556 2.25952792167664 -8.58269720101781 3.04580152671756 11.1653944020356 331.800000000000 -4.60000000000000 -41 0.838771590492432 0.863788592511333 0.865848094948865
24.0460000000000 -2.03527096907298 -9.59097226460775 2.19388683636983 -8.33587786259542 2.73027989821883 11.1730279898219 331.200000000000 -3.60000000000000 -40.8000000000000 0.837927953911546 0.864201043380661 0.865436560730398
24.0610000000000 -1.98419467608134 -9.61531352996826 1.96623814105988 -5.11704834605598 3.26208651399491 10.2798982188295 332.800000000000 -2.00000000000000 -40.8000000000000 0.838350022884236 0.864201043380661 0.866259173763687
24.0910000000000 -2.37025976181030 -10.2471828460693 2.26970314979553 -5.55725190839695 2.16793893129771 7 334.200000000000 -5.40000000000000 -39 0.837505884938855 0.865025026511930 0.865025026511930
24.1050000000000 -2.10550093650818 -10.0751994450887 2.24496308962504 -6.66157760814249 2.91094147582697 7.50890585241730 332.800000000000 -5.20000000000000 -39.6000000000000 0.837927953911546 0.865025026511930 0.865436560730398
24.1210000000000 -2.07297968864441 -9.80166212717692 2.24057372411092 -6.87531806615776 3.05852417302799 7.59541984732825 333.800000000000 -5.40000000000000 -40.2000000000000 0.838350022884236 0.865436560730398 0.865848094948865
24.1510000000000 -1.97082702318827 -9.99379698435465 2.20106943448385 -5.26972010178117 4.13740458015267 7.90330788804071 333.400000000000 -3.80000000000000 -41 0.839193659465122 0.865848094948865 0.866670707982155
24.1650000000000 -2.00713908672333 -9.99419593811035 2.14320953687032 -4.33333333333333 3.94910941475827 8.42493638676845 334.400000000000 -2.80000000000000 -40.0000000000000 0.839193659465122 0.866259629167333 0.867081786796977
24.1810000000000 -2.06699415047963 -10.1783498128255 2.05442456404368 -6.18320610687023 4.01526717557252 9.21374045801527 332.400000000000 -3.20000000000000 -38.0000000000000 0.840456867157904 0.866259629167333 0.868313664740304
24.2100000000000 -2.13463040192922 -9.50797335306803 2.06859020392100 -10.7302798982188 3.42748091603053 10.3358778625954 332.400000000000 -2.40000000000000 -36.4000000000000 0.841298507242490 0.867081333323972 0.868724290082121
24.2250000000000 -2.37784139315287 -9.69771385192871 2.03666754563650 -10.5648854961832 4.53180661577608 10.9872773536896 331.800000000000 -2.60000000000000 -37.8000000000000 0.842141143338745 0.867492412138794 0.869545089210626
24.2410000000000 -2.24416510264079 -9.65002950032552 1.96085115273794 -8.83969465648855 5.30788804071247 11.5623409669211 333.400000000000 -1 -36.6000000000000 0.840877935645964 0.868724290082121 0.869134915423938
24.2710000000000 -2.46602773666382 -10.0897645950317 1.84652805328369 -6.83460559796438 4.48091603053435 10.9338422391858 333.200000000000 -2.40000000000000 -36.4000000000000 0.841298012563958 0.868313664740304 0.869954813347417
24.2850000000000 -2.32058000564575 -9.90960121154785 1.84054255485535 -7.57251908396947 4.86259541984733 8.43511450381679 337.800000000000 -4.20000000000000 -31.8000000000000 0.840036794681514 0.869955262997314 0.867492865611799
24.3010000000000 -2.36207946141561 -9.92975234985352 2.02389852205912 -6.47328244274809 4.75318066157761 8.01781170483461 335.800000000000 -4.20000000000000 -33.4000000000000 0.841298511684095 0.869134463868809 0.868723388877095
24.3300000000000 -2.47779917716980 -10.1212882995605 2.05622025330861 -5.29770992366412 3.53689567430025 7.80916030534351 336.200000000000 -3 -33.8000000000000 0.841719580172154 0.869544188005600 0.869134014218912
24.3460000000000 -2.52249097824097 -10.2076787948608 2.06639560063680 -6.56743002544529 2.44020356234097 8.37404580152672 335.800000000000 -1.40000000000000 -35.4000000000000 0.842981297174735 0.868312310062272 0.870364537484207
24.3620000000000 -2.46562870343526 -10.1851332982381 2.04325159390767 -7.63358778625954 1.75572519083970 8.92366412213741 336.800000000000 -0.800000000000000 -32.8000000000000 0.841298012563958 0.869133109190778 0.869134014218912
24.3900000000000 -2.30801041920980 -10.2651395797730 2.14081529776255 -7.01017811704835 2.01781170483461 8.31297709923664 335.800000000000 0.200000000000000 -32.6000000000000 0.841718584160485 0.867079972892192 0.869953912142390
24.4070000000000 -2.21623261769613 -9.99938329060873 2.31878431638082 -5.71755725190840 0.656488549618321 6.67175572519084 336.200000000000 -1.40000000000000 -31.8000000000000 0.840035299549708 0.867901677048831 0.868312310062272
24.4210000000000 -2.40856687227885 -9.67556762695313 2.25932836532593 -4.57760814249364 -2.38422391857506 6.38422391857506 337.600000000000 0.800000000000000 -32.8000000000000 0.841298507242490 0.865846273321402 0.868312310062273
24.4500000000000 -2.50154177347819 -9.76914087931315 2.14041634400686 -1.92875318066158 -3.47837150127226 8.33842239185751 338.600000000000 1.40000000000000 -32.2000000000000 0.840035299549708 0.866668886354692 0.866670707982155
24.4650000000000 -2.70504895846049 -10.0694138209025 2.11906802654266 1.27735368956743 -2.09669211195929 11.5572519083969 338.200000000000 3 -31.8000000000000 0.840456867157904 0.865847182198053 0.866670707982155
24.4810000000000 -2.26072502136230 -9.84076786041260 2.01053094863892 7.80152671755725 4.35877862595420 12.8473282442748 336.600000000000 -4.20000000000000 -30.6000000000000 0.838772091856926 0.865025026511930 0.866259629167333
24.5100000000000 -2.43510270118713 -9.81383291880290 2.17353614171346 8.10687022900763 2.72773536895674 10.7150127226463 336.400000000000 -4 -30 0.838350022884236 0.865436560730398 0.865848094948865
24.5260000000000 -2.43949206670125 -10.0901635487874 2.37963700294495 6.67938931297710 0.961832061068702 8 337.800000000000 -4.20000000000000 -31.8000000000000 0.838771590492432 0.865024569164763 0.866259173763687
24.5420000000000 -2.59531466166178 -10.3579149246216 2.58633637428284 2.88804071246819 -1.65903307888041 4.70737913486005 339.600000000000 -1.20000000000000 -31.2000000000000 0.837926948922288 0.865024569164763 0.866259173763687
24.5710000000000 -2.74714692433675 -10.5751886367798 2.46562870343526 -1.34351145038168 -2.10432569974555 2.68193384223919 341.800000000000 0.600000000000000 -29.8000000000000 0.838770585503174 0.864613034946296 0.866670707982155
24.5850000000000 -2.80141544342041 -10.1651817957560 2.34771426518758 -5.39949109414758 -1.23918575063613 1.84987277353690 341.200000000000 2 -27.6000000000000 0.837504376324834 0.864613034946296 0.865436103383230
24.6010000000000 -2.76111308733622 -9.93713410695394 2.24895350138346 -6.17557251908397 -0.409669211195929 1.08142493638677 338.400000000000 0.400000000000000 -27.2000000000000 0.838349017894978 0.864613034946296 0.865436103383230
24.6300000000000 -2.56399051348368 -9.75357882181803 2.25114822387695 -6.41221374045802 -0.458015267175572 0.628498727735369 338.200000000000 0.200000000000000 -29 0.837927450286782 0.864613034946296 0.865847182198053
24.6460000000000 -2.58952871958415 -9.89703114827474 2.07537388801575 -4.69720101781171 -1.34860050890585 -0.549618320610687 338.000000000000 -0.400000000000000 -29.2000000000000 0.839193659465122 0.865025026511930 0.866670707982155
24.6620000000000 -2.69128227233887 -9.89383888244629 1.82936962445577 -3.55470737913486 -1.31552162849873 -1.51145038167939 339 -0.600000000000000 -29.8000000000000 0.839193659465122 0.865436560730398 0.866670707982155
24.6910000000000 -2.84191751480103 -9.61631107330322 1.67474412918091 -3.52671755725191 0.709923664122137 -2.74809160305344 336.600000000000 6.60000000000000 -29.4000000000000 0.841300000145693 0.866259629167333 0.868724741637250
24.7050000000000 -2.85967445373535 -9.69372367858887 1.77111073335012 -3.60050890585242 0.704834605597964 -3.23155216284987 337.200000000000 6 -30.4000000000000 0.840878931657633 0.866670707982155 0.868724741637250
24.7210000000000 -2.81418458620707 -9.81941922505697 1.82158847649892 -2.51653944020356 0.447837150127226 -4.46055979643766 337 4.60000000000000 -31 0.840878931657633 0.866670707982155 0.869134915423938
24.7510000000000 -2.75812029838562 -9.81542905171712 1.84014352162679 -0.386768447837150 -0.465648854961832 -6.89312977099237 337.600000000000 4 -31.2000000000000 0.840878931657633 0.867492412138794 0.869134915423938
24.7650000000000 -2.83533334732056 -9.74859078725179 1.83695125579834 3.64885496183206 -1.70992366412214 -9.47837150127227 337 1.40000000000000 -29.4000000000000 0.841720571742219 0.867492412138794 0.869545089210626
24.7810000000000 -2.94945693016052 -9.91279315948486 1.84014352162679 6.93893129770992 -1.59541984732824 -10.9007633587786 336.400000000000 -0.400000000000000 -29.2000000000000 0.841720571742219 0.868724290082121 0.869134915423938
24.8110000000000 -2.86665749549866 -9.95169893900553 1.94967822233836 6.85750636132315 -0.180661577608143 -11.0407124681934 335.600000000000 -0.400000000000000 -30 0.842141143338745 0.867902585925482 0.869954813347417
24.8250000000000 -2.73896670341492 -9.98521773020426 2.01352357864380 5.07379134860051 0.743002544529262 -11.9694656488550 335.600000000000 0.400000000000000 -31.2000000000000 0.841299503254160 0.869133109190778 0.869134014218912
24.8420000000000 -2.57197117805481 -9.63985411326090 1.97621393203735 2.95165394402036 0.575063613231552 -13.4707379134860 336.600000000000 -0.200000000000000 -31.8000000000000 0.842140151768681 0.867901231247450 0.869953912142390
24.8700000000000 -2.68090732892354 -9.30865605672201 1.97741103172302 1.09414758269720 -0.567430025445293 -13.7811704834606 337 -1.40000000000000 -31.4000000000000 0.841298511684095 0.869542833327568 0.868723388877095
24.8840000000000 -2.73657250404358 -9.18535518646240 2.12545251846313 -2.47328244274809 0.816793893129771 -9.67938931297710 332.400000000000 -1.20000000000000 -31.2000000000000 0.842561714935271 0.866259629167333 0.871184435407686
24.9020000000000 -2.54743059476217 -9.26855341593424 2.03666754563650 -1.58524173027990 0.854961832061069 -10.4529262086514 334.800000000000 -1.20000000000000 -32.4000000000000 0.841298507242490 0.867491507110660 0.869542833327568
24.9310000000000 -2.45365770657857 -9.23104413350423 1.91795504093170 -0.854961832061069 -0.101781170483461 -11.3587786259542 336.800000000000 -1.20000000000000 -32.8000000000000 0.841718584160485 0.866667981326557 0.869133109190778
24.9440000000000 -2.24915297826131 -9.20031833648682 1.79864398638407 1.00763358778626 -0.931297709923664 -11.3918575063613 337 -2.20000000000000 -33.8000000000000 0.840455376467703 0.867489685483197 0.867902585925482
24.9610000000000 -2.28925585746765 -9.36172771453857 1.76971403757731 4.14503816793893 -1.59033078880407 -11.2137404580153 336 -1.60000000000000 -34.8000000000000 0.840876944075899 0.865846273321402 0.868313664740304
24.9920000000000 -2.10210907459259 -9.59675852457682 1.78128604094187 6.97455470737913 -0.854961832061069 -10.6615776081425 334.800000000000 -0.400000000000000 -36.8000000000000 0.839193659465122 0.866669799105504 0.867492865611799
25.0020000000000 -2.03187918663025 -9.73003578186035 1.80722324053446 6.94402035623410 -0.190839694656489 -10.0025445292621 335.800000000000 -0.600000000000000 -37.8000000000000 0.839193659465122 0.865436560730398 0.866670252578510
25.0180000000000 -1.87805171807607 -9.45151011149089 1.87146766980489 4.55470737913486 -0.330788804071247 -9.17302798982188 335 -2.20000000000000 -37 0.838772091856926 0.865024569164763 0.865847639545220
25.0480000000000 -1.94848116238912 -9.43215688069662 1.92533719539642 3.50127226463104 -0.801526717557252 -8.77099236641221 335.200000000000 -4 -34 0.838350022884236 0.865024569164763 0.865025026511930
25.0620000000000 -2.12066415945689 -9.44352944691976 2.01631685098012 3.18575063613232 -0.951653944020356 -8.70229007633588 333.600000000000 -3.60000000000000 -33.6000000000000 0.838771590492432 0.864200126729800 0.865847639545220
25.0790000000000 -1.89022219181061 -9.08419990539551 2.24516272544861 0.900763358778626 2.01526717557252 -4.56488549618321 331.800000000000 -0.600000000000000 -33 0.837505884938855 0.866259629167333 0.863789051815026
25.1070000000000 -1.96544003486633 -9.22086874643962 2.28446753819784 1.87786259541985 0.564885496183206 -5.34605597964377 331.600000000000 -0.800000000000000 -33.2000000000000 0.837927953911546 0.865848094948865 0.864201043380661
25.1240000000000 -2.06918879350026 -9.25039704640706 2.39659595489502 3.26972010178117 -1.25445292620865 -6.94656488549618 332.600000000000 -1.40000000000000 -33.8000000000000 0.838350022884236 0.865848094948865 0.865024569164763
25.1390000000000 -2.20905009905497 -9.42796707153320 2.45924417177836 4.11450381679389 -3.21882951653944 -9.01017811704835 332.600000000000 -2.60000000000000 -35.4000000000000 0.838772091856926 0.865024569164763 0.865848094948865
25.1850000000000 -2.25753267606099 -9.47345701853434 2.44328276316325 2.62595419847328 -3.40712468193384 -9.47837150127226 334.200000000000 -3 -35 0.838772091856926 0.865436103383230 0.865848094948865
25.1880000000000 -2.11328200499217 -9.51016839345296 2.40158375104268 -0.0865139949109414 -2.91094147582697 -7.80916030534351 334.800000000000 -2.40000000000000 -35.6000000000000 0.839193659465122 0.865847182198053 0.866259173763687
25.2000000000000 -2.01132889588674 -9.50218772888184 2.38382681210836 -0.854961832061069 -2.67684478371501 -6.90330788804071 335.600000000000 -1.20000000000000 -34 0.839193659465122 0.866670707982155 0.867080877920327
25.2310000000000 -1.87346279621124 -9.57241757710775 2.38282926877340 -0.374045801526718 -2.61577608142494 -7.27480916030534 335.800000000000 -2.20000000000000 -35.4000000000000 0.839615227073318 0.866670707982155 0.868724290082121
25.2450000000000 -1.88702996571859 -9.70709133148193 2.41435289382935 1.68447837150127 -3.16030534351145 -9.82697201017812 335.400000000000 -2.60000000000000 -37 0.839615227073318 0.867081333323972 0.869134915423938
25.2620000000000 -1.78607447942098 -10.2204478581746 2.35110600789388 4 -3.16284987277354 -11.1221374045802 335.200000000000 -2.40000000000000 -38.8000000000000 0.840878434766100 0.867492412138794 0.869545089210626
25.2900000000000 -1.34374570846558 -10.2513732910156 2.20386266708374 0.809160305343511 -1.96946564885496 -9.03816793893130 333.600000000000 -2.40000000000000 -36 0.840036794681514 0.869955262997314 0.868724741637250
25.3060000000000 -1.55044511953990 -10.1827395757039 2.23678294817607 -0.526717557251908 -2.29770992366412 -9.20356234096692 332 -2.40000000000000 -37.6000000000000 0.840878434766100 0.869134463868809 0.869544639560729
25.3220000000000 -1.70307548840841 -10.2004966735840 2.23199454943339 -2.41221374045802 -2.07888040712468 -9.46055979643766 331.600000000000 -3.20000000000000 -38 0.840878434766100 0.869134463868809 0.869544639560729
25.3510000000000 -1.82917010784149 -9.98980681101481 2.28386894861857 -4.15521628498728 -1.60305343511450 -10.0458015267176 330.200000000000 -4.60000000000000 -41.4000000000000 0.842140151768681 0.868313664740304 0.870364537484207
25.3660000000000 -1.80163677533468 -9.88326485951742 2.23239358266195 -2.69211195928753 -1.18829516539440 -11.1399491094148 331 -4.60000000000000 -41.8000000000000 0.841719580172154 0.869544188005600 0.869134014218912
25.3810000000000 -1.94289465745290 -9.46826966603597 2.17293755213420 -0.272264631043257 -1.31806615776081 -12.8625954198473 330.200000000000 -3.80000000000000 -43.8000000000000 0.842981297174735 0.868312310062272 0.869953912142390
25.4100000000000 -2.05641969045003 -9.36152807871501 2.03088156382243 0.877862595419847 -1.16284987277354 -13.3715012722646 332.200000000000 -2.20000000000000 -41.8000000000000 0.841719580172154 0.868722935404089 0.868312310062272
25.4260000000000 -2.06479942798615 -9.06883684794108 2.04704244931539 -0.618320610687023 -0.201017811704835 -12.5750636132316 333.800000000000 -3.80000000000000 -42.6000000000000 0.842140151768680 0.866669799105504 0.869952109707163
25.4400000000000 -1.85810001691182 -9.07522137959798 2.08554919560750 -0.931297709923664 1.13994910941476 -11.2239185750636 334.600000000000 -4.60000000000000 -44.2000000000000 0.840034798185214 0.867901677048832 0.868721586441868
25.4710000000000 -1.70906098683675 -9.17198721567790 2.16914669672648 1.41730279898219 1.35623409669211 -11.4452926208651 334.400000000000 -4 -44.8000000000000 0.840876438269799 0.866256447108090 0.869543290598507
25.4850000000000 -1.35691380500793 -8.92438697814941 2.30920743942261 6.11450381679389 0.694656488549618 -12.3435114503817 334.200000000000 -11.4000000000000 -41.4000000000000 0.838772091856926 0.867492865611799 0.866259629167333
25.5010000000000 -1.36269978682200 -9.04030609130859 2.30342149734497 6.13740458015267 0.651399491094148 -11.8931297709924 331.200000000000 -9.20000000000000 -42 0.839193659465122 0.867081786796977 0.866259629167333
25.5310000000000 -1.41297801335653 -9.23044554392497 2.32995724678040 6.32824427480916 1.02798982188295 -11.1679389312977 328.800000000000 -5.20000000000000 -42.4000000000000 0.839193659465122 0.865847182198053 0.866259629167333
25.5460000000000 -1.36688963572184 -9.43076038360596 2.40557416280111 5.95419847328244 1.81170483460560 -10.0330788804071 327.600000000000 -3.20000000000000 -44.4000000000000 0.838771590492432 0.865436103383230 0.865848094948865
25.5600000000000 -1.18772355715434 -9.64883232116699 2.52448614438375 4.90585241730280 2.41221374045802 -8.75318066157761 328.600000000000 -2.60000000000000 -45 0.838771590492432 0.864200126729800 0.865848094948865
25.5900000000000 -1.06003280480703 -9.77233314514160 2.62224936485291 3.34860050890585 1.74300254452926 -7.89058524173028 329.800000000000 -5.00000000000000 -46.6000000000000 0.837503870423731 0.864200126729800 0.865436560730398
25.6050000000000 -1.06322507063548 -9.87807718912760 2.51830108960470 2.10941475826972 0.745547073791349 -7.20610687022901 329 -3.40000000000000 -48.2000000000000 0.837925939396421 0.863376600945698 0.865848094948865
25.6210000000000 -1.33995489279429 -9.71187973022461 2.34532006581624 -0.119592875318066 0.0890585241730280 -5.94402035623410 330.600000000000 -3.40000000000000 -48.6000000000000 0.837082302815535 0.864201043380661 0.865436560730398
25.6500000000000 -1.39262731870015 -9.40502293904623 2.15238738059998 -2.32569974554707 1.00508905852417 -4.18575063613232 328.800000000000 -1.60000000000000 -49.2000000000000 0.838350022884236 0.864201043380661 0.866259173763687
25.6650000000000 -1.52051758766174 -9.13926633199056 2.16056760152181 -2.72773536895674 1.60305343511450 -3.13994910941476 329 -2.20000000000000 -49 0.837927953911546 0.864613034946296 0.865847639545220
25.6810000000000 -1.47363114356995 -9.45889282226563 2.05183076858521 6.07633587786259 2.88549618320611 -5.73282442748092 329.400000000000 -4.20000000000000 -47.4000000000000 0.838772091856926 0.866259629167333 0.866259629167333
25.7100000000000 -1.44071086247762 -9.51555538177490 2.04145590464274 5.96946564885496 2.88295165394402 -6 329.400000000000 -5 -47 0.839193659465122 0.865848094948865 0.866259629167333
25.7250000000000 -1.40140604972839 -9.53470897674561 2.14620224634806 4.38167938931298 3.12722646310433 -6.38422391857506 330.400000000000 -6 -48.4000000000000 0.840036295561378 0.865436560730398 0.867081333323972
25.7400000000000 -1.29925346374512 -9.56782849629720 2.23658339182536 1.56997455470738 3.75572519083969 -6.53180661577608 330.600000000000 -6.60000000000000 -49 0.840457863169574 0.866258264887037 0.867492412138794
25.7720000000000 -1.22463417053223 -9.35953299204508 2.37205529212952 -1.46310432569975 4.30279898218830 -6.32061068702290 330.600000000000 -7 -50.6000000000000 0.840457863169574 0.867080877920327 0.868314116295433
25.7850000000000 -1.20947090784709 -9.27054850260417 2.37843982378642 -2.41475826972010 3.83460559796438 -5.57506361323155 329.200000000000 -6.80000000000000 -51.2000000000000 0.840036794681514 0.868314116295433 0.868724290082121
25.8020000000000 -1.27730659643809 -9.07801500956217 2.39499974250793 -1.73791348600509 2.65648854961832 -4.90585241730280 327.400000000000 -6.60000000000000 -51 0.840878434766100 0.867903490953616 0.869545089210626
25.8320000000000 -1.29825588067373 -9.34875933329264 2.34811329841614 0.880407124681934 2.11450381679389 -4.52671755725191 328.200000000000 -6.60000000000000 -51.8000000000000 0.840878434766100 0.868314116295433 0.869134463868809
25.8460000000000 -1.24598244825999 -9.26496219635010 2.33155345916748 2.88040712468193 2.95165394402036 -4.21628498727735 328.600000000000 -7 -51.4000000000000 0.842140151768681 0.867903490953616 0.869953464385195
25.8610000000000 -1.20468246936798 -9.26276747385661 2.35529589653015 3.67938931297710 3.92875318066158 -3.22646310432570 331.600000000000 -8.40000000000000 -52.8000000000000 0.841298511684095 0.868724290082121 0.869543290598507
25.8910000000000 -0.937329947948456 -9.26496219635010 2.45166254043579 1.78625954198473 2.76335877862595 -1.69465648854962 328.800000000000 -8.40000000000000 -52.8000000000000 0.843821945689256 0.866259629167333 0.871184435407686
25.9050000000000 -1.06661685307821 -9.23024622599284 2.44966737429301 1.46819338422392 2.01781170483461 -1.92620865139949 329.400000000000 -8.60000000000000 -52.6000000000000 0.842560228686675 0.867491507110660 0.869953912142390
25.9170000000000 -1.16597622632980 -9.22007083892822 2.44148715337118 0.506361323155216 1.53435114503817 -1.82188295165394 329.600000000000 -8.40000000000000 -54 0.842560228686675 0.867491507110660 0.869953912142390
25.9470000000000 -1.28947714964549 -9.16620127360026 2.44009049733480 -0.478371501272265 0.824427480916031 -1.79898218829517 330 -7.20000000000000 -54 0.840876944075899 0.868313211267299 0.868723388877095
25.9620000000000 -1.16817092895508 -9.34017976125081 2.40517505009969 -1.29262086513995 1.08142493638677 -1.45801526717557 330.200000000000 -5.40000000000000 -55.4000000000000 0.842138661078479 0.866257807539869 0.869544188005600
25.9780000000000 -1.16078881422679 -9.28351688385010 2.39240598678589 -2.68193384223919 0.623409669211196 -1.15521628498728 330.800000000000 -3.60000000000000 -54.4000000000000 0.840455376467703 0.867489685483197 0.867902585925482
26.0090000000000 -1.11011151472727 -9.38726552327474 2.37085819244385 -3.61832061068702 0.951653944020356 -0.554707379134860 331 -5.40000000000000 -55.8000000000000 0.841298012563958 0.866256447108090 0.868313211267299
26.0230000000000 -1.20847328503927 -9.20750109354655 2.37205529212952 -3.83969465648855 1.11704834605598 -0.188295165394402 331.200000000000 -6 -55.2000000000000 0.839192658980492 0.867079972892192 0.867081333323972
26.0390000000000 -1.15699795881907 -9.41459973653158 2.36008429527283 -2.50890585241730 1.69465648854962 -0.0203562340966921 331.400000000000 -7.40000000000000 -57.4000000000000 0.839192658980492 0.865436560730398 0.867081333323972
26.0690000000000 -1.11769314606984 -9.32641347249349 2.34332489967346 -1.50381679389313 1.64885496183206 -0.150127226463104 332.200000000000 -5.80000000000000 -57.4000000000000 0.838771590492432 0.864612118295435 0.866259629167333
26.0850000000000 -1.13305592536926 -9.65521717071533 2.26611185073853 1.07633587786260 2.61832061068702 -1.01526717557252 327.600000000000 -7.20000000000000 -56.4000000000000 0.837505884938855 0.865025026511930 0.866259629167333
26.1010000000000 -1.19610325495402 -9.54209105173747 2.30521718660990 -0.333333333333333 2.66921119592875 -0.511450381679389 328.800000000000 -6 -58 0.837927953911546 0.864613034946296 0.866259629167333
26.1310000000000 -1.15600037574768 -9.36152839660645 2.29983027776082 -1.98218829516539 3.01272264631043 0.305343511450382 329.800000000000 -5 -57.8000000000000 0.837505381314092 0.864613034946296 0.865436103383230
26.1460000000000 -1.18772355715434 -9.12270673116048 2.30162596702576 -3.26463104325700 2.73536895674300 0.890585241730280 329.800000000000 -5 -60.2000000000000 0.837927450286782 0.864201043380661 0.865436103383230
26.1610000000000 -1.18493032455444 -9.11093521118164 2.24496316909790 -2.52162849872774 2.41984732824427 1.08651399491094 330.200000000000 -5.00000000000000 -58.6000000000000 0.837505381314092 0.865024569164763 0.865436103383230
26.1920000000000 -1.32738534609477 -9.08001009623210 2.18431003888448 -1.74045801526718 2.07633587786260 1.49109414758270 330.200000000000 -5.80000000000000 -61 0.838350022884236 0.865024569164763 0.865848094948865
26.2070000000000 -1.35392109553019 -9.19154008229574 2.18650468190511 -1.20356234096692 2.54198473282443 2.22900763358779 330.200000000000 -5.40000000000000 -60.2000000000000 0.838350022884236 0.865436560730398 0.866259173763687
26.2210000000000 -1.28389068444570 -9.25797907511393 2.20426170031230 0.117048346055980 2.82442748091603 2.50890585241730 330 -7.60000000000000 -62 0.839193659465122 0.865025026511930 0.866670252578510
26.2520000000000 -1.25376363595327 -9.47525278727214 2.29743607838949 1.57251908396947 2.25190839694656 2.24936386768448 331.400000000000 -8.60000000000000 -60.2000000000000 0.839193659465122 0.865436560730398 0.867492865611799
26.2650000000000 -1.22184093793233 -9.57700634002686 2.31279889742533 1.70483460559796 1.93129770992366 2.47582697201018 332.600000000000 -10.2000000000000 -58.6000000000000 0.839615227073318 0.865848094948865 0.867903490953616
26.2800000000000 -1.25695586204529 -9.74799251556397 2.18051910400391 -1.61832061068702 2.75572519083969 2.96946564885496 332.400000000000 -6 -60 0.840036794681514 0.868724741637250 0.868724741637250
26.3100000000000 -1.34035388628642 -9.79268423716227 2.15577904383341 -2.46055979643766 2.78880407124682 3.37659033078880 331.400000000000 -6.60000000000000 -61.8000000000000 0.840878434766100 0.868314116295433 0.868724741637250
26.3250000000000 -1.42674465974172 -9.71706740061442 2.12166166305542 -4.25445292620865 3.37150127226463 4.37404580152672 331.800000000000 -7.80000000000000 -61.8000000000000 0.840878434766100 0.868314116295433 0.868724741637250
26.3410000000000 -1.49777265389760 -9.57281653086344 2.11547668774923 -5.34096692111959 4.25699745547074 5 331.200000000000 -8.40000000000000 -60.8000000000000 0.841720074850686 0.868314116295433 0.869544639560729
26.3720000000000 -1.54326248168945 -9.47206052144369 2.08714532852173 -3.91094147582697 4.93638676844784 4.18575063613232 332.200000000000 -7.80000000000000 -59 0.840878434766100 0.868724741637250 0.869134014218912
26.3870000000000 -1.66756145159404 -9.47684892018636 2.10570041338603 -1.66412213740458 5.05852417302799 3.01526717557252 332.400000000000 -5.20000000000000 -59.2000000000000 0.842140151768681 0.867903037480611 0.869953912142390
26.4020000000000 -1.69050590197245 -9.50318527221680 2.12385646502177 -0.325699745547074 5.32824427480916 2.67684478371501 334.000000000000 -5.20000000000000 -60.8000000000000 0.841298511684095 0.868313211267299 0.868723388877095
26.4320000000000 -1.73360153039296 -9.46008968353272 2.21503559748332 -0.534351145038168 5.35877862595420 2.65139949109415 334.000000000000 -6 -61.6000000000000 0.842560228686675 0.867902585925482 0.869953912142390
26.4460000000000 -1.63164846102397 -9.33618958791097 2.32177710533142 -1.09669211195929 5.33587786259542 2.32569974554707 333.200000000000 -7.20000000000000 -62 0.840876944075899 0.869134463868809 0.868312310062272
26.4610000000000 -1.68611653645833 -9.41320292154948 2.31459442774455 -1.11450381679389 4.99491094147583 1.67938931297710 331.400000000000 -6.60000000000000 -61 0.842138661078479 0.867491051707015 0.869952109707163
26.4910000000000 -1.73639476299286 -9.72644424438477 2.13562798500061 -4.26717557251908 5.38167938931298 3.84732824427481 334.200000000000 -9 -61.8000000000000 0.837505884938855 0.871184435407686 0.866259629167333
26.5070000000000 -1.67294843991597 -9.67018063863119 2.14121445020040 -4.46310432569975 5.59287531806616 3.98727735368957 335.800000000000 -7.80000000000000 -63 0.838770590007801 0.869542833327568 0.867081333323972
26.5210000000000 -1.62745861212413 -9.62289524078369 2.12226033210754 -4.96437659033079 5.48854961832061 3.82697201017812 336.600000000000 -7.40000000000000 -63.4000000000000 0.839192658980492 0.868312310062273 0.867081333323972
26.5510000000000 -1.63504024346670 -9.54229036966960 2.09592405954997 -6.60814249363868 5.73791348600509 3.88804071246819 337.600000000000 -6 -65.2000000000000 0.840457364049438 0.866259173763687 0.867081333323972
26.5660000000000 -1.66476821899414 -9.49939409891764 2.01073034604390 -7.99236641221374 6.19847328244275 4.22900763358779 334.200000000000 -7.80000000000000 -64.6000000000000 0.839614727953182 0.865847639545220 0.865848094948865
26.5810000000000 -1.73679379622142 -9.46826934814453 1.97541586558024 -8.00254452926209 6.64631043256998 4.46819338422392 333 -7.80000000000000 -65 0.839192658980492 0.865436560730398 0.865848094948865
26.6120000000000 -1.68990735212962 -9.52373504638672 1.91975069046021 -6.64885496183206 6.78880407124682 4.37913486005089 333.400000000000 -8.60000000000000 -63.8000000000000 0.838350022884236 0.865024569164763 0.866259173763687
26.6260000000000 -1.74317836761475 -9.50178813934326 1.94209659099579 -6.45547073791349 6.15776081424936 3.61323155216285 334.800000000000 -6.40000000000000 -62.8000000000000 0.837505381314092 0.865024569164763 0.866259173763687
26.6420000000000 -1.84533099333445 -9.34796078999837 1.88902513186137 -6.89312977099237 6.42748091603054 3.26717557251908 336.200000000000 -6.20000000000000 -64.2000000000000 0.837927450286782 0.864613034946296 0.866259173763687
26.6700000000000 -1.92094786961873 -9.13846810658773 1.91655846436818 -7.13994910941476 7.96183206106870 3.96692111959288 334.600000000000 -7 -64.6000000000000 0.837082808716638 0.865025026511930 0.865436560730398
26.6850000000000 -1.97401928901672 -9.28232002258301 1.94349324703217 -6.14503816793893 11.3206106870229 7.27480916030534 339 -10.2000000000000 -61.8000000000000 0.838772091856926 0.862551699207043 0.867492865611799
26.7010000000000 -1.94648595650991 -9.18355909983317 2.04424921671549 -7.28498727735369 11.0508905852417 7.88295165394402 336.800000000000 -10 -62.8000000000000 0.838772091856926 0.863376141642005 0.866258261012875
26.7320000000000 -1.92872897783915 -9.00060208638509 2.08235689004262 -7.30788804071247 10.8295165394402 8.36895674300254 336.600000000000 -9.00000000000000 -63.4000000000000 0.839193659465122 0.864612118295435 0.865847182198053
26.7450000000000 -1.80682420730591 -8.92179298400879 2.07896510759989 -6.95419847328244 11.2111959287532 8.76590330788804 336.800000000000 -7.20000000000000 -66.0000000000000 0.839193659465122 0.865436560730398 0.865847182198053
26.7610000000000 -1.67394602298737 -8.90104325612386 2.03686706225077 -6.93384223918575 11.2773536895674 7.53944020356234 338 -7.20000000000000 -66.8000000000000 0.839193659465122 0.865436560730398 0.867492412138794
26.7910000000000 -1.54286344846090 -9.05746459960938 2.04484772682190 -7.36386768447837 10.6234096692112 5.45038167938931 337.000000000000 -8.20000000000000 -66.6000000000000 0.839614727953182 0.865847639545220 0.867492412138794
26.8050000000000 -1.54086828231812 -9.08400026957194 2.03666754563650 -7.80407124681934 8.98218829516540 3.19847328244275 335.400000000000 -9.00000000000000 -65.8000000000000 0.840457364049438 0.866670252578510 0.867903037480611
26.8220000000000 -1.60670884450277 -9.19333553314209 1.97002895673116 -7.05852417302799 8.24173027989822 2.42493638676845 335.200000000000 -8 -65.2000000000000 0.841300000145693 0.867903490953616 0.867903037480611
26.8510000000000 -1.69230159123739 -9.18675136566162 1.87465997536977 -7.51653944020356 8.73282442748092 3.04071246819338 335.400000000000 -7.80000000000000 -65.4000000000000 0.841720571742219 0.868314116295433 0.869134915423938
26.8650000000000 -1.66875859101613 -9.15682379404704 1.87605659166972 -8.17302798982188 10.0966921119593 4.19338422391858 336.800000000000 -8.40000000000000 -66.4000000000000 0.841299503254160 0.868724741637250 0.868724290082121
26.8800000000000 -1.48201084136963 -9.02075386047363 1.86328744888306 -4.77862595419847 10.1603053435115 3.90839694656489 336.600000000000 -10.2000000000000 -65.4000000000000 0.845080699000308 0.867492865611799 0.871184435407686
26.9110000000000 -1.58715621630351 -9.10933907826742 1.91276764869690 -4.45292620865140 9.39440203562341 2.94402035623410 336.800000000000 -10.8000000000000 -65.6000000000000 0.843820466048770 0.868723388877095 0.870364537484207
26.9250000000000 -1.68910932540894 -9.27793057759603 1.98359608650208 -4.51399491094148 8.25190839694657 1.83969465648855 337.800000000000 -11.8000000000000 -65.4000000000000 0.843820466048770 0.868312310062272 0.870364537484207
26.9520000000000 -1.87126819292704 -9.46747144063314 1.92314251263936 -5.62340966921120 7.25445292620865 0.788804071246819 338.600000000000 -10.6000000000000 -67 0.842139164609172 0.869133109190778 0.869134014218912
26.9680000000000 -1.90558509031932 -9.49600251515706 1.80403093496958 -9.71755725190840 7.86005089058524 1.85496183206107 338.600000000000 -8.60000000000000 -65.8000000000000 0.842979813123693 0.867491507110660 0.870772019024674
26.9820000000000 -1.90658267339071 -9.34516779581706 1.71345035235087 -14.1424936386768 9.13994910941476 4.23664122137405 337.400000000000 -7.80000000000000 -66.6000000000000 0.840876944075899 0.868723385053987 0.869541495759378
26.9990000000000 -1.79944213231405 -9.07881291707357 1.72502231597900 -15.6513994910941 10.0229007633588 6.21628498727735 334.800000000000 -9.60000000000000 -65.6000000000000 0.842138661078479 0.866667981326557 0.870362294887883
27.0280000000000 -1.66357115904490 -8.95211982727051 1.71724116802216 -12.6412213740458 9.29007633587786 6.64631043256998 336.200000000000 -11 -65.8000000000000 0.840455376467703 0.867489685483197 0.867902585925482
27.0440000000000 -1.72861361503601 -8.97626145680746 1.58994944890340 -7.86259541984733 7.08651399491094 5.20865139949109 337.200000000000 -10.4000000000000 -65.6000000000000 0.841298012563958 0.866257807539869 0.868313211267299
27.0590000000000 -1.77629812558492 -9.09397633870443 1.49737366040548 -5.01781170483461 4.96437659033079 4.17811704834606 340.200000000000 -8.60000000000000 -64.6000000000000 0.839614727953182 0.867081333323972 0.867081333323972
27.0920000000000 -1.88004684448242 -9.07402420043945 1.56401228904724 -4.47328244274809 1.66412213740458 2.72519083969466 335.400000000000 -13.8000000000000 -67.8000000000000 0.838772091856926 0.866259629167333 0.867492865611799
27.1050000000000 -1.90299129486084 -9.08340167999268 1.56760358810425 -4.03816793893130 1.32824427480916 2.48346055979644 335.200000000000 -12.8000000000000 -67.6000000000000 0.838772091856926 0.865023652513903 0.867081786796977
27.1210000000000 -1.92254396279653 -9.07163016001383 1.59593494733175 -3.29770992366412 0.577608142493639 2.32569974554707 335.200000000000 -11.6000000000000 -67.6000000000000 0.838350022884236 0.864200126729800 0.866670707982155
27.1510000000000 -2.04883809884389 -9.07781537373861 1.59074751536051 -2.24427480916031 -1.03816793893130 2.21374045801527 338 -10.8000000000000 -68 0.838350022884236 0.862964150076370 0.866259629167333
27.1650000000000 -2.12146222591400 -9.10794226328532 1.61508854230245 -1.64885496183206 -2.24427480916031 2.80152671755725 339.800000000000 -11.4000000000000 -70.2000000000000 0.837505381314092 0.863788592511333 0.865023652513903
27.1810000000000 -2.20146846771240 -9.17697525024414 1.63045136133830 -1.53944020356234 -3.10432569974555 3.69211195928753 341.800000000000 -10.6000000000000 -69.8000000000000 0.837927450286782 0.863788592511333 0.865434731328725
27.2110000000000 -2.16076707839966 -9.19952042897542 1.66796052455902 -2.13231552162850 -3.43765903307888 4.83715012722646 338.400000000000 -11.2000000000000 -68.8000000000000 0.837082808716638 0.864613034946296 0.865023197110257
27.2250000000000 -2.18450959523519 -9.17478052775065 1.67215041319529 -3.31806615776081 -4.10432569974555 5.57760814249364 338.600000000000 -10.2000000000000 -69.8000000000000 0.837927450286782 0.865024569164763 0.866259173763687
27.2400000000000 -2.18091829617818 -9.20989545186361 1.63903061548869 -4.30534351145038 -4.78371501272265 6.08905852417303 337.200000000000 -11.6000000000000 -69.2000000000000 0.837505381314092 0.865436560730398 0.865436560730398
27.2720000000000 -2.23558584849040 -9.28092352549235 1.57039682070414 -4.75063613231552 -5.58778625954199 6.30279898218830 338.600000000000 -10.2000000000000 -68.6000000000000 0.838350022884236 0.865024569164763 0.866259173763687
27.2840000000000 -2.27868151664734 -9.20271301269531 1.39821374416351 -4.85496183206107 -6.48091603053435 7.09160305343511 341.400000000000 -10.2000000000000 -71.4000000000000 0.837505884938855 0.867492865611799 0.867492865611799
27.2990000000000 -2.22620860735575 -9.23822689056397 1.37826208273570 -4.42748091603053 -6.47328244274809 7.01272264631043 339.200000000000 -10.4000000000000 -72 0.837927953911546 0.867492865611799 0.867903490953616
27.3300000000000 -2.34392348925273 -9.25877698262533 1.31262107690175 -3.25699745547074 -6.46564885496183 6.50636132315522 339.800000000000 -9.80000000000000 -72.6000000000000 0.839192658980492 0.867903490953616 0.868314116295433
27.3440000000000 -2.40836739540100 -9.34496815999349 1.27870325247447 -1.69720101781171 -5.81424936386769 6.03816793893130 340 -9.60000000000000 -73.2000000000000 0.840457364049438 0.867492412138794 0.868314116295433
27.3610000000000 -2.59351897239685 -9.36491998036703 1.20627864201864 -0.903307888040713 -5.11959287531807 5.23918575063613 342 -9.20000000000000 -73.2000000000000 0.840878931657633 0.867903037480611 0.867903490953616
27.3910000000000 -2.62823494275411 -9.38527075449626 1.17176222801209 -1.10687022900763 -4.24173027989822 4.41475826972010 340.800000000000 -9.60000000000000 -73.2000000000000 0.841299503254160 0.867492412138794 0.868723388877095
27.4040000000000 -2.70644553502401 -9.32122580210368 1.07898688316345 -1.46564885496183 -3.77353689567430 3.16793893129771 340.800000000000 -9.20000000000000 -72 0.841299503254160 0.868724290082121 0.869134014218912
27.4210000000000 -2.80560541152954 -9.27314217885335 1.02212460835775 -1.22391857506361 -3.03816793893130 2.03053435114504 340.000000000000 -8.40000000000000 -72 0.842561220256740 0.867902585925482 0.869954813347417
27.4650000000000 -2.82954740524292 -9.29129823048910 0.982221245765686 -0.625954198473283 -1.79643765903308 1.19592875318066 339 -8.60000000000000 -70.2000000000000 0.842140648660214 0.869133109190778 0.868724290082121
27.4680000000000 -2.90715940793355 -9.26675764719645 1.01234829425812 -0.610687022900763 -0.587786259541985 0.389312977099237 338.400000000000 -8 -72.4000000000000 0.842981297174735 0.867901231247450 0.869544188005600
27.4810000000000 -2.75033926963806 -9.36013126373291 1.10432553291321 0.419847328244275 2.16793893129771 -1.29770992366412 336.600000000000 -7.80000000000000 -72.6000000000000 0.838772091856926 0.868724741637250 0.867492865611799
27.5120000000000 -2.73896678288778 -9.40043385823568 1.09714293479919 0.437659033078880 2.31043256997455 -1.51653944020356 338.200000000000 -9.80000000000000 -71.8000000000000 0.840874960904720 0.867491503262143 0.868723388877095
27.5270000000000 -2.75253391265869 -9.43754418690999 1.07439800103505 -0.0279898218829516 2.68193384223919 -1.90330788804071 340 -10.4000000000000 -72.4000000000000 0.840452891932030 0.867901677048832 0.868312310062272
27.5420000000000 -2.75253391265869 -9.41839059193929 1.05743908882141 -0.389312977099237 3.53944020356234 -2.54961832061069 342.600000000000 -10.6000000000000 -72.2000000000000 0.841716099624812 0.866668438673725 0.869542833327568
27.5720000000000 -2.71402716636658 -9.32641315460205 1.09215501944224 -0.0483460559796437 4.98982188295165 -2.97201017811705 342.200000000000 -9 -73.4000000000000 0.839613230577018 0.867901677048831 0.867901231247450
27.5870000000000 -2.59471607208252 -9.22884941101074 1.15001491705577 1.74809160305344 6.55216284987278 -3.08142493638677 341.600000000000 -10 -72.8000000000000 0.840456867157904 0.866258264887037 0.868312310062273
27.6010000000000 -2.54663252830505 -9.29109859466553 1.23520859082540 3.36132315521629 7.45292620865140 -2.51908396946565 340 -8.80000000000000 -72.8000000000000 0.838771590492432 0.865846273321402 0.866670707982155
27.6320000000000 -2.51311373710632 -9.33339627583822 1.30743364493052 3.52417302798982 7.70483460559796 -2.07379134860051 339.400000000000 -9 -71.4000000000000 0.838349521519742 0.865024569164763 0.867081786796977
27.6450000000000 -2.50114274024963 -9.25997416178385 1.38065632184347 2.28498727735369 7.89567430025445 -1.78625954198473 339.600000000000 -8 -72 0.837927953911546 0.865024569164763 0.866670707982155
27.6620000000000 -2.41455245018005 -9.06384913126628 1.40699251492818 1.42748091603053 8.45547073791349 -1.60305343511450 339.600000000000 -8.80000000000000 -71.6000000000000 0.837505381314092 0.865848094948865 0.865847182198053
27.6920000000000 -2.37025976181030 -9.17098999023438 1.18213713169098 2.16793893129771 8.02290076335878 0.0839694656488550 340.200000000000 -10.2000000000000 -72.6000000000000 0.838772091856926 0.863789051815026 0.867492865611799
27.7070000000000 -2.32177718480428 -9.10894012451172 1.26194385687510 2.14249363867684 7.59287531806616 -0.117048346055980 341.200000000000 -11.2000000000000 -72.4000000000000 0.837927450286782 0.864201043380661 0.866670252578510
27.7210000000000 -2.27030181884766 -9.08759180704753 1.29805640379588 2.27480916030534 6.47073791348601 -0.582697201017812 342.400000000000 -11.2000000000000 -71.6000000000000 0.837927450286782 0.864201043380661 0.865847639545220
27.7520000000000 -2.22142020861308 -9.05367374420166 1.33157519499461 2.32315521628499 5.03562340966921 -1.09414758269720 341.600000000000 -10.4000000000000 -71.6000000000000 0.837505381314092 0.865024569164763 0.865436560730398
27.7650000000000 -2.20086995760600 -9.13407897949219 1.32020270824432 2.48600508905852 3.91603053435115 -1.17557251908397 340 -8.80000000000000 -70.4000000000000 0.838350022884236 0.865024569164763 0.866259173763687
27.7810000000000 -2.17992067337036 -9.24301497141520 1.37925966580709 2.70229007633588 3.31043256997456 -0.882951653944020 339 -7.80000000000000 -71.4000000000000 0.838350022884236 0.865436560730398 0.866670707982155
27.8250000000000 -2.19548296928406 -9.40941206614176 1.45248234272003 2.96692111959288 2.94656488549618 -0.526717557251908 340.600000000000 -7.80000000000000 -70.2000000000000 0.838772091856926 0.865025026511930 0.866670707982155
27.8280000000000 -2.24955201148987 -9.49281024932861 1.52091662089030 2.48091603053435 2.95419847328244 -0.173027989821883 342.400000000000 -6.80000000000000 -71.2000000000000 0.839193659465122 0.865847639545220 0.866670707982155
27.8560000000000 -2.29943124453227 -9.47126261393229 1.59354074796041 1.70737913486005 3.34605597964377 0.157760814249364 342.200000000000 -7 -71.0000000000000 0.840036295561378 0.866259173763687 0.867492412138794
27.8720000000000 -2.38482443491618 -9.40422503153483 1.64840789635976 1.23664122137405 3.56234096692112 0.333333333333333 342.800000000000 -8.40000000000000 -71.2000000000000 0.840878931657633 0.867492412138794 0.867903490953616
27.9000000000000 -2.61686253547668 -9.36851119995117 1.53647899627686 0.404580152671756 3.63358778625954 0.541984732824428 340.800000000000 -7.20000000000000 -72 0.841300000145693 0.868724741637250 0.868724741637250
27.9040000000000 -2.63202579816182 -9.32860787709554 1.60670888423920 -0.213740458015267 3.63358778625954 0.557251908396947 341.800000000000 -7 -69.8000000000000 0.841300000145693 0.868724741637250 0.868314116295433
27.9300000000000 -2.64998229344686 -9.26476256052653 1.69908515612284 -0.0712468193384223 3.38931297709924 0.323155216284987 341.600000000000 -7.60000000000000 -70.8000000000000 0.842140648660214 0.867903037480611 0.869134014218912
27.9420000000000 -2.66594362258911 -9.25458717346191 1.77909135818481 0.628498727735369 2.95928753180662 -0.00763358778625954 341.200000000000 -8.80000000000000 -70.4000000000000 0.841719580172154 0.868313211267299 0.868723388877095
27.9590000000000 -2.71701987584432 -9.28730805714925 1.75455081462860 1.23409669211196 2.00254452926209 -0.376590330788804 341.400000000000 -9.80000000000000 -71 0.842560228686675 0.867491507110660 0.869544188005600
27.9890000000000 -2.68769089380900 -9.33658854166667 1.70447210470835 0.473282442748092 1.04071246819338 -0.557251908396947 341.800000000000 -9.80000000000000 -67.8000000000000 0.841298511684095 0.868723385053987 0.868313664740304
28.0200000000000 -2.71183244387309 -9.30227184295654 1.64601369698842 -1.08651399491094 0.531806615776082 -0.893129770992366 342.600000000000 -9.40000000000000 -67.4000000000000 0.842560228686675 0.867491507110660 0.869953464385195
28.0220000000000 -2.66714072227478 -9.26755587259928 1.60152145226796 -1.81679389312977 0.882951653944020 -1.13740458015267 341 -10.2000000000000 -69.8000000000000 0.840876944075899 0.868723385053987 0.869132665256690
28.0490000000000 -2.66574414571126 -9.23024622599284 1.58456250031789 -2.13994910941476 1.34096692111959 -1.33333333333333 341.000000000000 -9.40000000000000 -72.6000000000000 0.842138661078479 0.867491507110660 0.870363188521986
28.0650000000000 -2.62504267692566 -9.19054222106934 1.56979827086131 -1.81933842239186 1.18066157760814 -1.58524173027990 340.400000000000 -8.80000000000000 -73.6000000000000 0.840033307495013 0.868313211267299 0.868312310062272
28.0820000000000 -2.64798712730408 -9.12310600280762 1.58256733417511 1.65648854961832 -0.572519083969466 -2.70992366412214 343.200000000000 -4.80000000000000 -73.2000000000000 0.841300000145693 0.865025026511930 0.868724741637250
28.1110000000000 -2.58992775281270 -9.19772529602051 1.56860117117564 1.96692111959288 -0.552162849872774 -2.54452926208651 343.200000000000 -5.20000000000000 -72.4000000000000 0.840457364049438 0.865847639545220 0.867491503262143
28.1260000000000 -2.53745484352112 -9.25159454345703 1.56959875424703 1.42239185750636 -0.442748091603053 -2.31043256997455 341 -5.80000000000000 -71.4000000000000 0.839192658980492 0.865847639545220 0.867080877920327
28.1390000000000 -2.47021762530009 -9.24022197723389 1.55962292353312 0.284987277353690 -0.272264631043257 -1.94147582697201 340.600000000000 -6.60000000000000 -71 0.838771590492432 0.865847639545220 0.866259173763687
28.1720000000000 -2.42053786913554 -9.16081428527832 1.58356491724650 -1.10941475826972 -0.127226463104326 -1.69465648854962 340.000000000000 -6.80000000000000 -70.8000000000000 0.838349521519742 0.865436560730398 0.866259173763687
28.1850000000000 -2.35469730695089 -9.10494963328044 1.60551174481710 -1.50636132315522 -0.524173027989822 -1.62595419847328 340 -7.20000000000000 -70.8000000000000 0.839193158100628 0.865436560730398 0.865848094948865
28.2020000000000 -2.33314951260885 -9.12150955200195 1.58017309506734 -1.05852417302799 -1.38931297709924 -1.75572519083970 337.600000000000 -9.60000000000000 -69.2000000000000 0.837926948922288 0.865848094948865 0.865436560730398
28.2300000000000 -2.36307708422343 -9.17677561442057 1.53528181711833 -0.745547073791349 -2.39440203562341 -1.86259541984733 337.200000000000 -11.2000000000000 -68 0.838349017894978 0.864612118295435 0.866259173763687
28.2620000000000 -2.36527172724406 -9.25378926595052 1.44170844554901 -1.01526717557252 -2.64122137404580 -1.63867684478372 338.200000000000 -12.2000000000000 -66.2000000000000 0.837082808716638 0.864612118295435 0.865435647979585
28.2640000000000 -2.35848816235860 -9.26536115010580 1.40160556634267 -1.98982188295165 -2.22900763358779 -1.02290076335878 341.400000000000 -10.2000000000000 -67.8000000000000 0.837505381314092 0.864200584076968 0.865435647979585
28.2920000000000 -2.34990906715393 -9.08001041412354 1.37367320060730 -2.40458015267176 -0.770992366412214 0.145038167938931 340.200000000000 -7.80000000000000 -72.6000000000000 0.838772091856926 0.865025026511930 0.866259629167333
28.3060000000000 -2.36587039629618 -9.12131023406982 1.39841330051422 -2.00254452926209 -0.854961832061069 0.201017811704835 340.600000000000 -9 -71 0.838350022884236 0.865025026511930 0.866259629167333
28.3210000000000 -2.40617275238037 -9.17278544108073 1.41696838537852 -1.24173027989822 -1.09669211195929 0.183206106870229 341.200000000000 -9.20000000000000 -69.2000000000000 0.838771590492432 0.865436560730398 0.865848094948865
28.3510000000000 -2.50832533836365 -9.27793057759603 1.37846163908641 -0.183206106870229 -1.62340966921120 -0.0356234096692112 341.600000000000 -8.40000000000000 -68 0.839193158100628 0.865848094948865 0.866259173763687
28.3810000000000 -2.59112477302551 -9.36491998036703 1.33137567838033 0.229007633587786 -1.72773536895674 -0.305343511450382 342.400000000000 -8 -66.8000000000000 0.840036794681514 0.866670707982155 0.867080877920327
28.3830000000000 -2.71123393376668 -9.41380151112874 1.26812883218129 -0.0814249363867685 -1.24427480916031 -0.488549618320611 341.600000000000 -7.60000000000000 -66.4000000000000 0.840036794681514 0.867492412138794 0.868314116295433
28.4100000000000 -2.71821697552999 -9.36771329243978 1.32499114672343 -0.885496183206107 -0.0254452926208651 -0.147582697201018 342.400000000000 -10.4000000000000 -66.4000000000000 0.840036794681514 0.867903490953616 0.868314116295433
28.4250000000000 -2.73757012685140 -9.28411579132080 1.34993072350820 -1.24427480916031 0.895674300254453 0.300254452926209 341.200000000000 -11.6000000000000 -70.4000000000000 0.840457863169574 0.867903490953616 0.869134014218912
28.4420000000000 -2.72958938280741 -9.18874677022298 1.37606743971507 -0.979643765903308 1.32824427480916 0.557251908396947 342.600000000000 -13.4000000000000 -72.2000000000000 0.840878931657633 0.868313664740304 0.868723388877095
28.4710000000000 -2.74515175819397 -9.16340796152751 1.35591622193654 0.0534351145038169 1.17811704834606 0.137404580152672 342.600000000000 -11.4000000000000 -72.2000000000000 0.841720571742219 0.867902585925482 0.869953912142390
28.4860000000000 -2.79702615737915 -9.18475627899170 1.48859488964081 2.35877862595420 -0.0763358778625954 -2.53435114503817 339.600000000000 -7.20000000000000 -75.6000000000000 0.840036794681514 0.871184435407686 0.867492865611799