40.476 -0.5169081449508667 9.474155521392822 -1.9767726182937622 -0.6549618320610685 0.8564885496183207 -1.382442748091603 143.57999999999998 18.419999999999998 137.94 3.57354750915815 1.5580736198324847 3.8018780249193904
40.505 -0.5017648160457611 9.449375534057618 -1.9871275424957275 -0.6572519083969466 1.1770992366412214 -1.6717557251908395 143.7 18.3 138.3 3.5732754732174867 1.5584134088954733 3.8087581815030864
40.521 -0.4897938072681427 9.429324054718018 -2.000415360927582 -0.8770992366412214 1.506106870229008 -2.00763358778626 143.27999999999997 17.76 137.76 3.5738193908431164 1.5591778435183792 3.8182362520329165
40.535 -0.4790797561407089 9.455779933929444 -1.999218261241913 -1.1946564885496183 1.7381679389312978 -2.2992366412213743 143.57999999999998 18.060000000000002 138.06 3.5735476630597782 1.5600261005050728 3.829161386569492
40.565 -0.4581903487443924 9.445604515075683 -2.0034081101417542 -1.1839694656488546 1.8442748091603054 -2.636641221374046 143.70000000000002 18.299999999999997 138.3 3.573819596123941 1.5607050287950548 3.839216167242865
40.581 -0.4561552762985229 9.41238489151001 -2.0117279529571532 -1.1709923664122137 1.8419847328244277 -2.984732824427481 143.52000000000004 18.24 137.52 3.573910309111151 1.5621465581205152 3.8471466857165617
40.595 -0.4578312158584595 9.411247634887696 -2.019688677787781 -1.3244274809160306 1.8633587786259542 -3.2206106870229005 142.86 18.54 138.06 3.574454535602809 1.5638434863322737 3.8523168695751187
40.625 -0.4469375997781754 9.414479827880859 -2.0192696809768678 -1.4648854961832058 1.9450381679389317 -3.3053435114503813 142.73999999999998 18.78 138.42 3.575089888007445 1.5647766803559227 3.841585788617543
40.642 -0.4352658659219742 9.414838886260986 -2.0187309861183165 -1.5190839694656488 2.0045801526717555 -3.358015267175572 142.67999999999998 18.24 138.23999999999998 3.5754530498610855 1.5662185516621083 3.837056761558839
40.655 -0.43275195360183716 9.435907936096191 -2.0182521462440492 -1.4908396946564884 1.9274809160305342 -3.4160305343511452 142.2 18.72 138.6 3.575543831695537 1.5664729377074535 3.8252707177357252
40.685 -0.4450222343206406 9.483372974395753 -2.009453463554382 -1.316793893129771 1.9419847328244273 -3.358778625954198 142.56 18.599999999999998 138.48 3.573912075983828 1.5669822552133676 3.812908941317666
40.7 -0.4487931042909622 9.526348876953126 -2.0060417294502257 -0.8335877862595419 2.114503816793893 -3.1198473282442745 142.32 19.2 138.84 3.572825471240287 1.5674913298009554 3.8007504582894462
40.716 -0.4365228205919266 9.530778121948241 -2.0028694033622743 -0.1687022900763359 2.22824427480916 -2.7977099236641214 142.07999999999998 19.679999999999996 139.07999999999998 3.571376390858531 1.56757616540856 3.7863741908287794
40.745 -0.43107601404190066 9.534130001068116 -2.028367650508881 0.2419847328244275 2.179389312977099 -2.55648854961832 141.95999999999998 19.32 139.32 3.5717387287525377 1.5671522888908256 3.7710223192867725
40.761 -0.4264073193073273 9.562202072143554 -2.0097527384757994 0.23816793893129776 1.9877862595419842 -2.266412213740458 142.07999999999998 19.32 139.07999999999998 3.572373840191677 1.5668129866911382 3.7571965489376935
40.775 -0.40797196626663207 9.592788028717042 -1.9925743460655212 0.2839694656488549 1.6183206106870227 -2.015267175572519 141.95999999999998 19.56 139.44 3.573372820625372 1.5655413518541152 3.7453064870874533
40.805 -0.41138370633125304 9.621099472045898 -1.99185608625412 0.5091603053435113 1.0854961832061067 -1.834351145038168 142.92 19.2 139.43999999999997 3.572828594133714 1.5643543529454793 3.733898259194361
40.821 -0.3984550178050995 9.630616474151612 -1.9861698627471924 0.8557251908396946 0.4450381679389315 -1.679389312977099 143.4 19.439999999999998 139.44 3.5724654322800737 1.5630812061972335 3.7299403828034285
40.835 -0.38307227194309235 9.618046951293945 -1.9954473972320557 1.2564885496183205 -0.30839694656488537 -1.504580152671756 143.39999999999998 19.68 139.2 3.572374615942967 1.5624881985416244 3.729752662903779
40.865 -0.38546647429466246 9.581535339355469 -1.9973627567291259 1.5496183206106868 -1.1366412213740458 -1.2534351145038172 143.22 19.619999999999997 139.01999999999998 3.5721930695056208 1.5620641210806598 3.7314442618717827
40.88 -0.38810009956359864 9.52988042831421 -1.9932926177978516 1.5419847328244274 -1.9618320610687021 -0.9916030534351148 143.46 19.98 139.01999999999998 3.5735524797007963 1.5614698461232634 3.7338892217760047
40.895 -0.3892971992492676 9.489897346496582 -1.986110007762909 1.2396946564885496 -2.709923664122137 -0.7129770992366414 143.58 19.62 138.78 3.574004933187497 1.560960771535676 3.7367091532912
40.925 -0.3983353108167648 9.48427095413208 -1.9739594459533691 0.8679389312977099 -3.363358778625954 -0.4465648854961833 143.88000000000002 19.32 138.6 3.57608936597389 1.5608759359280713 3.740000112743469
40.942 -0.40815153419971467 9.489478302001952 -1.9420567154884338 0.7893129770992365 -3.8770992366412207 -0.167175572519084 143.76000000000002 18.599999999999998 138.48 3.5777232870716453 1.5607062445124522 3.7451847254764865
40.955 -0.42784384191036223 9.459251499176025 -1.9653403162956238 1.1206106870229007 -4.095419847328244 -0.006870229007633555 143.57999999999998 18.54 138.78 3.576544463523768 1.5607062445124518 3.7501881843227083
40.985 -0.45848962366580964 9.419507789611817 -1.9868282675743103 1.2893129770992366 -3.9122137404580153 0.0755725190839694 143.09999999999997 18.54 138.66 3.5745485829053605 1.560791161177891 3.755285512895013
41.0 -0.46118309795856477 9.39101676940918 -1.9916765093803406 1.016030534351145 -3.563358778625954 0.06030534351145047 142.61999999999998 18.660000000000004 138.42 3.575728523941445 1.5613851524309175 3.7600981214677973
41.015 -0.489973372220993 9.380422401428223 -2.005503034591675 0.5984732824427482 -3.0885496183206107 -0.09618320610687021 142.2 18.12 138.6 3.5761825194033037 1.5618949588579087 3.766619039016349
41.045 -0.5223549485206604 9.386288166046143 -2.011368823051453 0.11679389312977098 -2.2381679389312974 -0.30458015267175564 142.38000000000002 18.060000000000002 138.42000000000002 3.576909534430866 1.5614707806071602 3.770861861039837
41.062 -0.5102043747901917 9.406459331512451 -2.01394259929657 -0.35038167938931297 -1.0671755725190841 -0.5435114503816795 143.1 17.82 138.78 3.578181811746746 1.561046197065383 3.7694517539929904
41.075 -0.5055955350399017 9.42429609298706 -2.028726804256439 -0.6557251908396946 0.030534351145038396 -0.8442748091603054 142.92 17.04 138.83999999999997 3.5793630994196297 1.56147078060716 3.7671943968037986
41.105 -0.5113416194915772 9.453325748443604 -2.045725631713867 -0.8916030534351146 1.1404580152671755 -1.1992366412213742 143.33999999999997 17.1 138.78 3.5801785908088433 1.5608759346385983 3.7651247204237293
41.12 -0.5136161118745803 9.486724948883056 -2.0526089549064634 -1.0389312977099237 2.3229007633587786 -1.50381679389313 143.33999999999997 17.220000000000002 138.54000000000002 3.5787275929952393 1.560196518969754 3.7625838602077755
41.135 -0.5083488702774048 9.498037624359132 -2.055601716041565 -1.001526717557252 3.50763358778626 -1.7015267175572517 143.7 18.18 139.02 3.576821892852908 1.5593468404407305 3.7578681080892573
41.166 -0.4845265656709671 9.509110736846925 -2.0617069482803343 -0.8732824427480917 4.354961832061069 -1.763358778625954 143.34 18.66 138.9 3.5775469794124453 1.5587522805799006 3.752301723884365
41.182 -0.46399628818035127 9.516113758087158 -2.0632033348083496 -0.7221374045801529 4.790076335877863 -1.719083969465649 143.7 18.419999999999998 139.14 3.5780904863189362 1.558412491516912 3.7475799916766155
41.195 -0.45148658454418183 9.500192356109618 -2.070505666732788 -0.5267175572519085 5.017557251908398 -1.582442748091603 143.45999999999998 18.42 139.37999999999997 3.5761858692852995 1.55713842994107 3.7433308952561895
41.225 -0.4231152951717377 9.487443256378175 -2.070385956764221 -0.5282442748091605 5.037404580152673 -1.3862595419847328 143.45999999999998 17.94 139.38 3.574191499268326 1.5567136424681407 3.73746720296264
41.241 -0.3989338606595993 9.478704452514648 -2.061228132247925 -0.6083969465648856 4.554198473282443 -1.212977099236641 143.57999999999998 17.94 139.38 3.571651764169115 1.5562039586583725 3.733412100838803
41.255 -0.3931877762079239 9.467930507659911 -2.0605098724365236 -0.5114503816793894 3.8229007633587777 -1.167175572519084 143.21999999999997 18.180000000000003 139.38 3.568477387420826 1.5556937828239945 3.7337876972033586
41.285 -0.3901950240135193 9.457336235046387 -2.055482029914856 -0.28320610687022896 3.1351145038167934 -1.1450381679389312 143.27999999999997 18.360000000000003 139.32 3.5650325465334065 1.5551842213731055 3.734726884511474
41.301 -0.38271314203739165 9.438062858581542 -2.0547039270401 0.024427480916030597 2.390076335877863 -1.0809160305343513 142.61999999999998 18.54 139.14000000000001 3.5633125727343886 1.5547587133273821 3.7359487213370874
41.315 -0.3792415499687195 9.414300346374512 -2.056858706474304 0.35114503816793896 1.6114503816793895 -1.0557251908396945 142.85999999999999 18.419999999999998 139.62 3.563040998499177 1.553907592110822 3.7388672341382425
41.345 -0.3840299516916275 9.373598861694337 -2.070745062828064 0.6045801526717557 0.7946564885496181 -1.1030534351145038 142.79999999999998 17.880000000000003 139.08 3.563675389250426 1.5529705560349443 3.7424466564997445
41.362 -0.3986944377422333 9.342115116119384 -2.0712239027023314 0.464885496183206 0.19083969465648845 -1.1526717557251909 142.68 17.16 139.32 3.5633127089594154 1.551948960196924 3.7465912640340697
41.375 -0.4059368968009949 9.360909557342529 -2.0742166519165037 0.07786259541984737 -0.14503816793893134 -1.217557251908397 142.38 17.82 139.14 3.5632220817354643 1.551268395245628 3.7504593840478457
41.405 -0.41443631052970886 9.387485218048095 -2.083733606338501 -0.05419847328244272 -0.32519083969465645 -1.3526717557251908 142.2 17.4 138.95999999999998 3.564128097865391 1.5513534760927592 3.754423943204883
41.421 -0.4291007936000824 9.399994850158691 -2.0819379329681396 0.0923664122137405 -0.3450381679389313 -1.4770992366412214 142.32 17.4 138.84 3.5655777250360012 1.551523452411812 3.758577295543789
41.435 -0.4505887538194656 9.415018463134766 -2.088043141365051 0.39541984732824426 -0.1229007633587786 -1.5862595419847327 142.01999999999998 17.22 139.38000000000002 3.5667552132318328 1.5513533939161799 3.76320116835197
41.465 -0.47099932432174685 9.411726474761963 -2.105520796775818 0.7083969465648855 0.3 -1.603053435114504 141.77999999999997 16.979999999999997 139.14000000000001 3.568203747662448 1.5517785918414455 3.7677330669027285
41.482 -0.4818330854177475 9.427109146118164 -2.1010915279388427 0.8687022900763358 0.7793893129770992 -1.584732824427481 141.66 17.1 138.78000000000003 3.570195110325988 1.5516085744774428 3.7722688040288817
41.495 -0.4773439586162567 9.45595932006836 -2.1092318058013917 0.9633587786259541 0.9870229007633586 -1.6274809160305341 141.78 17.099999999999998 139.14000000000001 3.5716430996422845 1.5522041410187983 3.7762392431200125
41.525 -0.4702212065458298 9.469307041168213 -2.1145589113235475 0.985496183206107 0.9099236641221374 -1.6519083969465647 141.72 17.279999999999998 138.23999999999998 3.5723676389954546 1.5525448388272707 3.7785119090647292
41.541 -0.4444835394620895 9.505998229980468 -2.1057602167129517 0.832824427480916 0.7671755725190839 -1.5381679389312979 141.54000000000002 17.34 138.42 3.5720050272887818 1.5539919273418776 3.776718623864815
41.557 -0.4201225370168686 9.553762626647949 -2.0999542713165282 0.8259541984732823 0.42213740458015253 -1.4007633587786261 141.6 17.520000000000003 137.87999999999997 3.5705570379724847 1.5550985215898383 3.7745473437698642
41.585 -0.39935283809900285 9.550829792022705 -2.0954052925109865 1.0687022900763359 -0.24427480916030553 -1.287022900763359 141.59999999999997 17.04 137.99999999999997 3.569832635158984 1.555949021901729 3.7716195894495343
41.601 -0.386124874651432 9.558610916137695 -2.0954052925109865 1.0541984732824425 -1.1465648854961832 -1.1145038167938932 142.07999999999998 17.16 137.76 3.5688361113230918 1.555949021901729 3.768595789946926
41.616 -0.369545029103756 9.578003978729248 -2.0857686400413513 0.9320610687022901 -2.086259541984733 -1.0221374045801528 141.9 17.7 137.7 3.5672960274723984 1.5562038330556054 3.7651947299877535
41.645 -0.36068648248910906 9.575909042358399 -2.0923527121543883 0.8229007633587784 -3.0343511450381677 -1.1099236641221373 141.78 17.580000000000002 137.21999999999997 3.5658472201708706 1.5562038330556054 3.7619812592602764
41.662 -0.35978865772485735 9.632711410522461 -2.103665316104889 0.42671755725190846 -4.112977099236641 -1.3862595419847328 141.6 17.4 137.15999999999997 3.5646699539374653 1.5557786351303395 3.7590491570306996
41.676 -0.37355532199144365 9.711959552764892 -2.149693858623505 -0.0175572519083969 -5.2175572519083975 -1.7763358778625957 141.06 17.22 137.57999999999998 3.562859284330158 1.555353230676314 3.7560202168103567
41.705 -0.3667917028069496 9.766966342926025 -2.1727380633354185 -0.3236641221374045 -5.907633587786259 -2.2534351145038167 141.48000000000002 16.559999999999995 137.04 3.5612306019576287 1.5544168826623594 3.752897617273682
41.721 -0.36894648522138596 9.823050498962402 -2.202904999256134 -0.5854961832061069 -6.383206106870228 -2.8618320610687022 141.54 16.740000000000002 137.33999999999997 3.559511598400603 1.553735151326375 3.7515704842831874
41.735 -0.3952228471636772 9.90858335494995 -2.235944998264313 -0.9427480916030534 -6.899236641221374 -3.661068702290076 141.18 16.380000000000003 136.98000000000002 3.5579735432520243 1.5519466907170862 3.752041704310791
41.765 -0.43676224797964097 10.016621685028076 -2.2949022173881533 -1.6389312977099237 -7.341984732824427 -4.519847328244275 141.66 15.780000000000001 136.74000000000004 3.5582447097495153 1.550754827573937 3.753267652034662
41.781 -0.490571928024292 10.160034370422363 -2.379417526721954 -2.7274809160305344 -7.514503816793893 -5.636641221374045 141.84 15.719999999999999 136.56000000000003 3.5568893832242976 1.5492224278881435 3.754587486387315
41.796 -0.5290587246417999 10.282078838348388 -2.42035835981369 -3.9152671755725192 -7.492366412213739 -7.453435114503816 141.18 16.020000000000003 136.50000000000003 3.5546321887745167 1.5479440197175833 3.7554358613451555
41.825 -0.6148908615112305 10.419505977630616 -2.510859179496765 -5.2824427480916025 -7.6122137404580155 -9.772519083969465 141.72 15.839999999999998 136.56 3.551476811282933 1.5465828842306997 3.760166613556696
41.841 -0.7053318351507187 10.651863288879394 -2.55299711227417 -6.9435114503816795 -7.429007633587787 -11.976335877862594 142.02 16.02 136.74 3.547245846023711 1.5458165947123772 3.761581467466121
41.855 -0.7754220932722091 10.842501640319824 -2.5712529182434083 -7.842748091603053 -6.78854961832061 -13.85648854961832 142.32 15.959999999999997 136.8 3.542654787895595 1.5452204462137478 3.762053084822772
41.885 -0.8142680138349533 10.898286533355712 -2.610338258743286 -8.12442748091603 -5.8793893129771 -15.58854961832061 142.73999999999998 16.14 136.98000000000002 3.5372629684459094 1.5442827177041345 3.767176497196533
41.902 -0.8825626164674759 10.954131317138671 -2.623865485191345 -9.071755725190839 -5.1648854961832065 -17.52290076335878 142.68 17.16 137.64000000000001 3.531605185845804 1.5440269109740172 3.7700143157317774
41.915 -0.9771934390068054 11.040561962127686 -2.6363751888275146 -10.499236641221374 -4.7190839694656495 -19.577099236641224 142.86 17.339999999999996 137.94 3.526037724430195 1.5440269109740172 3.782008314096624
41.945 -1.0602123856544494 11.093473815917969 -2.6077046155929566 -11.832824427480917 -4.007633587786261 -21.689312977099235 143.16000000000003 18.0 138.48 3.5199336877755223 1.544538841974751 3.796676843336588
41.96 -1.1631630599498748 11.079826831817627 -2.5459342002868652 -12.58473282442748 -3.286259541984733 -23.72290076335878 142.5 18.419999999999998 138.89999999999998 3.5158820183661694 1.5447093586940057 3.7980008713268854
41.975 -1.2255320131778717 11.072464656829833 -2.421375870704651 -12.805343511450383 -2.7503816793893128 -25.31832061068702 141.9 18.54 139.25999999999996 3.51201756578629 1.5450504765953095 3.7997035560373313
42.005 -1.3051392197608949 11.014046096801758 -2.3207595467567446 -12.230534351145037 -2.4282442748091606 -26.282442748091604 142.26 19.14 139.62 3.509233115929585 1.5458180880325811 3.799986705683358
42.021 -1.3382390499114991 10.907204914093018 -2.201947295665741 -11.36793893129771 -2.0290076335877862 -26.687786259541987 142.26 19.740000000000002 139.74 3.508694242593459 1.5454769701312772 3.795444223693051
42.035 -1.3850456833839417 10.78982915878296 -2.074336361885071 -10.49618320610687 -2.188549618320611 -27.036641221374044 141.66 20.46 140.34 3.510580130668098 1.545817751603876 3.7936528293119003
42.065 -1.3793594479560851 10.643423748016357 -1.930025851726532 -9.564885496183205 -3.0175572519083973 -27.425190839694654 141.72 21.240000000000002 141.12 3.51880284212981 1.5457325037798104 3.7923335506045737
42.081 -1.446277379989624 10.607869815826415 -1.7922993898391724 -8.609160305343512 -4.63206106870229 -27.915267175572517 141.84 21.6 141.23999999999998 3.527458809410682 1.5464147402960282 3.785609334324549
42.096 -1.5069703936576844 10.57153778076172 -1.66115700006485 -7.190076335877862 -6.641984732824429 -28.103816793893134 141.06 22.02 141.06 3.5360158597697486 1.5465852992020799 3.7839044744893378
42.125 -1.5233706712722779 10.474752235412598 -1.5288174986839294 -5.369465648854962 -9.058015267175572 -28.169465648854963 140.57999999999998 22.5 141.06 3.544209541100922 1.5470967234216846 3.77200513994447
42.142 -1.5544354438781738 10.406697082519532 -1.4200608849525451 -3.6167938931297705 -12.395419847328242 -28.151908396946567 140.64 22.8 140.76 3.5505846427095626 1.5469261645156327 3.7614098061836976
42.155 -1.6111181735992433 10.378744792938232 -1.3350667357444763 -2.1519083969465647 -16.2618320610687 -28.09007633587786 140.45999999999998 23.46 140.57999999999998 3.5544555175191603 1.5467556477963784 3.7626428022878877
42.185 -1.629433822631836 10.253647708892823 -1.277067196369171 -0.8091603053435115 -20.224427480916027 -27.814503816793895 140.57999999999998 24.18 140.7 3.559403926570963 1.5464145298950744 3.7649232593498425
42.201 -1.6306309223175048 10.148422527313233 -1.2346299767494202 -0.08931297709923669 -24.50534351145038 -27.551908396946562 140.88 24.000000000000004 141.0 3.5654420947133416 1.5459029793812988 3.771294492081181
42.216 -1.6922217726707458 10.08515567779541 -1.2051214337348939 0.3801526717557252 -29.303053435114503 -27.329007633587786 140.21999999999997 24.42 140.94 3.569951068599625 1.5463293240799973 3.779178861190946
42.245 -1.7538126230239868 10.01404790878296 -1.168131011724472 0.8648854961832061 -33.916793893129764 -26.98702290076336 140.52 24.480000000000004 140.27999999999997 3.5738356488940255 1.5451351107992104 3.784479579844947
42.261 -1.8759767770767213 9.89870719909668 -1.17938374876976 1.463358778625954 -38.246564885496184 -26.576335877862597 139.85999999999999 23.940000000000005 139.26 3.571471940436344 1.5440249552978045 3.791975908501331
42.276 -1.9208680629730224 9.682869911193848 -1.158075350522995 1.3251908396946566 -41.9175572519084 -25.985496183206106 139.14 23.94 139.26 3.5706538146171 1.5424024134710317 3.7974612808620507
42.305 -1.9965248346328734 9.549812126159669 -1.144129115343094 0.49389312977099226 -45.092366412213735 -24.969465648854964 139.2 23.759999999999998 139.2 3.5709265231044727 1.5410355520807961 3.8006870957710097
42.321 -2.1288643360137938 9.486665058135987 -1.1201272487640381 0.061832061068702246 -46.99541984732825 -23.7587786259542 138.95999999999998 23.04 138.83999999999997 3.5719264549038194 1.5399265027831208 3.8056377390535743
42.335 -2.2459408044815063 9.347142887115478 -1.1169549345970153 0.3572519083969466 -47.23206106870229 -22.139694656488548 138.3 22.979999999999997 138.53999999999996 3.5734653781625925 1.5401823095132383 3.8073539916053805
42.365 -2.282691788673401 9.114546203613282 -1.1416152119636536 1.0641221374045802 -46.24885496183206 -20.49160305343511 138.12 22.44 139.07999999999998 3.576821150785451 1.5406936077050915 3.809925872391301
42.381 -2.414672148227692 8.968380165100097 -1.141136372089386 1.3167938931297711 -44.29923664122138 -19.4 137.40000000000003 22.080000000000002 138.95999999999998 3.5823695234858306 1.5411199524037902 3.8103070959823535
42.396 -2.5555110692977907 8.994476985931396 -1.0960655212402344 1.1381679389312978 -41.0175572519084 -17.944274809160305 136.44 21.96 138.48 3.5842777605635616 1.5416315029175656 3.8078237506389194
42.425 -2.7107750415802 8.969278049468993 -1.0433332324028015 2.1106870229007635 -36.44809160305343 -16.36641221374046 135.9 21.3 138.06 3.586002291771986 1.5419722007260381 3.8052434876400048
42.441 -2.786790943145752 8.813415431976319 -1.056321781873703 3.955725190839695 -30.79541984732824 -14.607633587786259 135.6 21.119999999999997 138.12 3.5878198330414293 1.5430812500237134 3.8057198625889983
42.455 -2.820549178123474 8.677065658569337 -1.040639764070511 5.093129770992366 -24.66946564885496 -12.732824427480915 135.9 20.82 138.3 3.5894549967165927 1.5445322708386724 3.8040959643716628
42.485 -2.9202078342437745 8.683410358428954 -1.0185532510280608 6.562595419847328 -18.645801526717555 -10.900763358778624 135.95999999999998 21.0 137.28000000000003 3.5904551192252443 1.545813863333719 3.8060989114359947
42.502 -3.048417329788208 8.623375797271729 -1.0163984715938568 8.832824427480917 -12.84503816793893 -9.33969465648855 135.06 20.34 136.62 3.592094661917632 1.547691897153887 3.8064799701845757
42.516 -3.1137790441513062 8.55915126800537 -1.0366294741630555 10.689312977099238 -7.887022900763357 -7.672519083969465 134.21999999999997 20.34 136.74 3.5942836649870116 1.5482042110607712 3.8047599867612107
42.545 -3.155797266960144 8.518928718566894 -1.0523114919662475 12.401526717557253 -4.058778625954199 -6.031297709923664 134.33999999999997 20.1 136.37999999999997 3.599480131543218 1.5482894378581658 3.8055249223415872
42.56 -3.156036686897278 8.493669891357422 -1.0101136803627013 14.038167938931299 -1.0305343511450393 -4.066412213740458 133.98 20.82 135.42 3.604144880843704 1.5473514775607673 3.8090740258236124
42.575 -3.2004491329193114 8.431959390640259 -1.0257956981658936 15.561068702290076 0.9954198473282443 -1.9114503816793895 133.92 20.52 133.92 3.606989707046524 1.5470957340441183 3.8143497788614544
42.605 -3.2147544860839843 8.329427671432494 -1.0222043991088867 16.403053435114504 1.7778625954198475 0.4450381679389313 133.67999999999998 20.16 132.95999999999998 3.6132221804119937 1.5463281226068468 3.814349778861454
42.622 -3.140953207015991 8.258439588546754 -0.9922768771648407 17.04885496183206 1.182442748091603 2.99236641221374 133.68 19.919999999999998 132.35999999999999 3.61852567012392 1.5450487661927919 3.812163637013151
42.635 -3.1786020278930662 8.114548110961914 -1.0053252756595612 17.429007633587787 -0.46259541984732755 5.554198473282442 132.9 19.619999999999997 131.82 3.624297033436818 1.5440251559714846 3.817052464319997
42.665 -3.1844079732894897 8.20858039855957 -0.8719083875417709 16.02671755725191 -2.2847328244274805 9.026717557251908 131.82 19.74 131.1 3.630894857252452 1.5432577345782512 3.830118878431395
42.68 -3.2574311256408692 8.082765054702758 -0.8926780909299851 15.629007633587786 -5.11145038167939 12.227480916030533 131.57999999999998 18.54 130.26 3.6386954886632843 1.5424038768641004 3.8360864911532553
42.696 -3.209487247467041 7.927082061767578 -0.8626308649778366 14.298473282442748 -7.545801526717557 15.309923664122138 131.52 17.88 129.36 3.644479285253375 1.5406970020224482 3.8441664537048785
42.726 -3.22008159160614 7.838855743408203 -0.7711723610758782 11.619083969465647 -9.299236641221375 18.574045801526715 131.1 16.98 128.1 3.6492573981071117 1.5402701271919323 3.8460779635858864
42.741 -3.145502209663391 7.771099805831909 -0.6515221357345581 8.90763358778626 -10.877099236641223 21.2587786259542 130.55999999999997 16.32 127.67999999999999 3.6514626519378224 1.5393314685863497 3.847227878678338
42.755 -3.186443066596985 7.7854650020599365 -0.5685031950473786 6.5022900763358775 -12.193129770992368 22.374809160305343 130.74 14.700000000000003 127.26000000000002 3.6513707395590425 1.5388187693378839 3.8459776046361656
42.786 -3.170162487030029 7.785345268249512 -0.5266645193099976 4.116030534351145 -13.0969465648855 23.32366412213741 130.62 12.900000000000002 127.26000000000002 3.65100269106181 1.5382212933253185 3.8437636172860272
42.802 -3.0661344289779664 7.777204990386963 -0.48219222128391265 2.3671755725190833 -13.41908396946565 23.394656488549618 130.68 11.400000000000002 126.71999999999998 3.649620731324839 1.5383920218725542 3.8476860935122636
42.815 -3.002688097953796 7.782292652130127 -0.49811366498470305 0.18854961832061043 -12.966412213740458 22.674045801526717 130.74 10.14 126.05999999999999 3.650725532612462 1.5384774609489225 3.853508092319754
42.845 -2.910930323600769 7.859745073318481 -0.507870027422905 -2.711450381679389 -12.529007633587785 21.52290076335878 130.32 9.000000000000002 125.16 3.6499887071629873 1.5388190034031783 3.851968441472291
42.875 -2.8208484768867494 7.85016827583313 -0.5568913087248802 -4.645038167938931 -12.551908396946565 19.10610687022901 130.8 7.8 124.67999999999999 3.6490667614165964 1.5389043570293606 3.841963793048597
42.877 -2.6722882628440856 8.038711643218994 -0.5316324815154075 -7.367938931297711 -12.218320610687021 16.37251908396947 130.73999999999998 6.779999999999999 125.22 3.64657477361392 1.5400991640752375 3.8382965214279374
42.905 -2.5665842652320863 8.231923723220826 -0.5427056655287743 -8.495419847328245 -12.46030534351145 13.358778625954201 131.39999999999998 6.000000000000001 125.64000000000001 3.6440872382944525 1.5416357318005103 3.833372972353274
42.921 -2.376005804538727 8.361270475387574 -0.594839408993721 -8.141221374045802 -13.714503816793894 10.174809160305346 132.35999999999999 5.040000000000001 126.24000000000001 3.641416497583865 1.5424889513297244 3.834716013328167
42.935 -2.3340474247932432 8.515457057952881 -0.6628945901989937 -7.835114503816794 -15.183969465648854 7.235114503816794 132.23999999999998 3.84 126.0 3.640588306343542 1.5437683077437794 3.83625396348846
42.965 -2.272935426235199 8.598176765441895 -0.785118593275547 -7.936641221374046 -17.145801526717555 5.400763358778626 131.87999999999997 3.2400000000000007 125.64000000000001 3.641416170617584 1.545304110422912 3.8391446634399387
42.981 -2.152207815647125 8.707352352142333 -0.799902792274952 -8.085496183206107 -19.27557251908397 3.710687022900763 132.54 3.4199999999999995 125.82000000000001 3.6411403248071466 1.5464980277605986 3.84582094159816
42.996 -2.1926698088645935 8.71615104675293 -0.9053673788905143 -7.967175572519085 -21.672519083969465 2.219083969465648 132.18 3.54 126.3 3.6426145615917123 1.5476057073839233 3.850749989845439
43.025 -2.1834521174430845 8.752423191070557 -0.9466673538088799 -8.4 -23.825190839694656 1.5167938931297706 132.3 3.2999999999999994 127.14000000000001 3.643629609874643 1.5487996247216098 3.855872341363677
43.055 -2.1499332785606384 8.731114816665649 -1.008677189052105 -8.125190839694657 -25.557251908396942 1.1335877862595418 133.2 2.04 127.55999999999999 3.644735286693181 1.5504173567836632 3.862161565878862
43.056 -2.142152118682861 8.60679588317871 -1.1170746684074402 -8.327480916030535 -26.525954198473283 0.632824427480916 133.2 1.44 127.67999999999999 3.6459341739049718 1.551184588533826 3.8640861313109567
43.085 -2.17513222694397 8.564298820495605 -1.0875661313533782 -9.498473282442749 -26.835877862595417 0.16183206106870224 133.73999999999998 1.2599999999999996 127.26000000000002 3.6470400700184427 1.5514400805272213 3.8653372353483553
43.115 -2.2102072715759276 8.49414873123169 -1.1016919195652009 -9.926717557251909 -26.261832061068702 -0.2320610687022901 133.92000000000002 0.4799999999999998 126.96 3.6492505533978252 1.5522907873707414 3.8671649653786537
43.117 -2.2373814582824707 8.337867212295532 -1.1387421905994415 -10.145801526717559 -24.195419847328246 -0.6587786259541986 133.74 -0.30000000000000027 126.3 3.6507221685214817 1.5535666960602306 3.8683194471637257
43.146 -2.2105664014816284 8.204210901260376 -1.123539012670517 -11.472519083969468 -21.239694656488545 -0.9595419847328245 134.22 -0.7799999999999999 126.78 3.65136618993472 1.5538220008001242 3.868608419205974
43.16 -2.2002713203430178 8.252334356307983 -1.0370484709739685 -12.435114503816795 -18.054961832061068 -1.7114503816793891 134.64 -0.96 127.08 3.6509060838498955 1.5545024005272647 3.867064317305533
43.175 -2.253482460975647 8.231026029586792 -1.0415974497795104 -11.872519083969468 -14.46946564885496 -2.3625954198473282 135.06 -1.7399999999999998 127.38 3.6516420357451573 1.555012823935352 3.8621197639304015
43.205 -2.2042816162109373 8.169076108932495 -0.9616311132907868 -11.458015267175574 -10.054961832061068 -2.733587786259542 135.35999999999999 -1.6799999999999997 127.2 3.6513652596808273 1.5555228763740812 3.85815278355142
43.221 -2.2495320320129393 8.177096700668335 -0.8774150729179382 -11.496946564885498 -6.263358778625953 -3.599236641221374 135.48 -1.7999999999999994 126.96 3.650258044327978 1.5562032761012214 3.8539922871604837
43.235 -2.23702232837677 8.37539644241333 -0.6925826959311963 -11.529007633587785 -3.013740458015267 -4.27557251908397 135.48 -0.9599999999999997 127.19999999999997 3.649704877100489 1.556033340740627 3.848568445211572
43.267 -2.2744317293167113 8.475234651565552 -0.6029796980321407 -9.680152671755726 -0.29770992366412247 -4.562595419847328 135.72 -1.08 127.55999999999999 3.64887454853492 1.5567988836010356 3.849533938216093
43.281 -2.2121824979782105 8.39508876800537 -0.5797559432685375 -7.84885496183206 2.5 -4.229007633587787 135.72 -0.8399999999999999 128.28000000000003 3.6481369921030664 1.5571392485134907 3.8503056443910166
43.296 -2.22068190574646 8.362886714935303 -0.488836132735014 -8.585496183206107 4.4328244274809165 -3.385496183206107 135.53999999999996 -0.54 128.94 3.6473068286903016 1.5564588487863502 3.85214110810323
43.325 -2.2515072584152223 8.486726808547974 -0.3290830247104168 -9.746564885496184 5.354961832061069 -2.7519083969465656 135.83999999999997 0.5999999999999999 129.83999999999997 3.6473989592111558 1.5556087602327213 3.855040838758127
43.341 -2.271020007133484 8.465717697143555 -0.2910750716924667 -9.589312977099238 5.722900763358778 -2.2488549618320617 136.2 1.08 129.95999999999998 3.6475831290382397 1.5559488773108558 3.8581352715900765
43.355 -2.2222980141639708 8.287828493118287 -0.26880899667739866 -10.283969465648855 6.234351145038168 -1.5083969465648859 136.44000000000003 0.96 130.2 3.648595963596371 1.5558638994017437 3.8605503597632795
43.385 -2.153345000743866 8.218097352981568 -0.17992426156997682 -12.561068702290077 6.38320610687023 -1.168702290076336 136.38 1.6200000000000003 130.86 3.6483198454169345 1.5557788804476818 3.861902050852202
43.401 -2.184948456287384 8.262868928909302 -0.13090297915041446 -14.644274809160304 6.068702290076336 -1.2694656488549618 137.28 0.8399999999999999 131.64000000000001 3.647674675734874 1.5555239466771469 3.871938526316402
43.415 -2.134311091899872 8.236053895950317 -0.07589619494974613 -15.77709923664122 6.435877862595419 -1.1763358778625954 137.76 0.72 132.36 3.64666204151717 1.5549286692773943 3.881283253280953
43.445 -2.07499475479126 8.049605417251588 -0.047824179753661156 -16.909160305343512 7.254961832061068 -1.5770992366412213 138.17999999999998 0.06000000000000001 133.62 3.6448228837219068 1.5542481043260983 3.8902304452027465
43.46 -2.086666488647461 7.963234567642212 -0.007721302658319473 -18.905343511450383 8.04503816793893 -2.6229007633587784 138.95999999999998 0.4800000000000001 134.64 3.6436261338353604 1.55348256146569 3.897050304980359
43.475 -2.1029470682144167 8.006868839263916 0.0717661939561367 -20.702290076335878 9.100763358778625 -3.9061068702290074 139.25999999999996 0.9 135.54000000000002 3.64279777892702 1.5528867045598393 3.902491291019088
43.505 -2.074096941947937 8.106647205352782 0.134733697026968 -21.1618320610687 10.583969465648854 -5.487022900763359 139.85999999999999 1.6200000000000003 136.38000000000002 3.641693196110391 1.552546006751367 3.906674362463285
43.521 -2.0576368093490602 8.020096778869629 0.11498153433203698 -20.796183206106868 12.53587786259542 -7.100763358778626 140.57999999999998 1.7399999999999998 137.70000000000002 3.640588831600251 1.552205392430584 3.910669217361729
43.535 -2.1370644330978394 8.038053274154663 0.09008183777332306 -21.24885496183206 14.67709923664122 -9.178625954198473 141.23999999999998 1.3199999999999998 138.95999999999998 3.6398525889588518 1.5509282392765713 3.914666803441979
43.566 -2.234089457988739 8.262509632110596 0.19297265410423278 -21.809160305343507 17.07557251908397 -10.830534351145038 141.95999999999998 2.1599999999999997 140.39999999999998 3.6381045274559147 1.5495657749513725 3.9186571196426656
43.581 -2.4000076413154603 8.437765216827392 0.21691467016935348 -20.561832061068703 19.541984732824428 -11.759541984732824 142.2 2.6399999999999997 141.48 3.637460887072122 1.5483733279901757 3.9241067437184176
43.596 -2.4003667712211607 8.47780818939209 0.2369661096483469 -18.07404580152672 22.67404580152672 -12.3412213740458 142.56 3.4799999999999995 143.04000000000002 3.636173224317646 1.546839801151422 3.922826905216921
43.625 -2.455253851413727 8.422980976104736 0.187825121358037 -15.238931297709925 25.121374045801527 -13.097709923664121 142.74 4.74 143.94 3.6343376790171176 1.5454753224099789 3.9232207471005958
43.642 -2.6646267890930178 8.579561805725097 0.16334440875798464 -13.256488549618322 27.11374045801527 -13.800763358778624 143.16000000000003 6.359999999999999 144.12 3.63498055992346 1.5449640242181257 3.9228278189997994
43.655 -2.786790943145752 8.816348361968995 0.17196353506296874 -10.806870229007634 29.335114503816794 -13.523664122137404 142.85999999999999 6.899999999999999 144.78 3.6339703180497516 1.545814524530016 3.922435163737967
43.686 -2.867655086517334 8.835741424560547 0.11378443371504546 -6.37557251908397 31.192366412213737 -13.032824427480914 142.92000000000002 7.8 145.79999999999998 3.6333270578344368 1.5470901237412669 3.924493517171971
43.7 -2.9709648847579957 8.839572143554687 0.03130418788641691 -2.2954198473282443 32.9 -12.54732824427481 142.56 8.52 146.27999999999997 3.632683924150876 1.5486206606266708 3.9259624131073716
43.715 -3.0682891845703124 9.004891777038575 0.012389994971454144 0.6007633587786273 33.99389312977099 -11.170992366412214 141.9 9.54 146.22 3.6323163831187464 1.549726446835644 3.926746274573408
43.746 -3.126109170913696 9.090304946899414 0.046028527431190014 4.350381679389313 34.43282442748092 -9.117557251908398 142.01999999999998 11.34 146.45999999999998 3.631673122903431 1.5515980172485597 3.9269422398576026
43.762 -3.1891963720321654 8.993818664550782 -0.08720879275351763 9.030534351145038 34.63664122137405 -7.523664122137404 142.01999999999998 12.419999999999998 146.82 3.632500334721969 1.5533002706367476 3.929098859467261
43.775 -3.1514278411865235 8.94455795288086 -0.14071920085698367 12.07709923664122 34.577862595419845 -6.091603053435115 141.78 13.259999999999996 146.34000000000003 3.6325922290111565 1.5547477128710592 3.9285116396400177
43.805 -3.1621418952941895 8.924925518035888 -0.17621324080973863 13.78854961832061 33.250381679389314 -4.703053435114504 141.42 14.339999999999998 145.02 3.6332356158537245 1.5562812397098131 3.926550172340856
43.821 -3.283288502693176 9.167338466644287 -0.1725620837882161 14.767175572519083 31.738167938931298 -3.7358778625954203 141.3 14.820000000000002 144.54000000000002 3.635163127883744 1.5582409958510086 3.9199039608052977
43.836 -3.2609027147293093 9.247544193267823 -0.23780408054590224 17.08854961832061 30.599999999999994 -1.8503816793893129 140.88 15.959999999999999 144.0 3.6347956591281565 1.5599424204450472 3.919707633190935
43.865 -3.2635961771011353 9.049364185333252 -0.37726632654666903 19.641984732824426 29.768702290076327 0.13206106870229012 140.7 17.34 143.33999999999997 3.636449922415104 1.5597724850844528 3.920985094985467
43.88 -3.2647334337234497 9.095991230010986 -0.43771992027759554 20.096946564885496 28.982442748091604 1.9290076335877864 140.28 17.4 141.72 3.632608756734295 1.5595177350452196 3.9244380832959367
43.895 -3.305734157562256 9.318233013153076 -0.44496238231658936 21.0793893129771 27.813740458015268 3.625190839694657 140.33999999999997 17.82 140.82000000000002 3.624597460127327 1.5588383193763753 3.9239478875101264
43.925 -3.3502662897109987 9.290639877319336 -0.6065709948539734 23.24885496183206 27.19923664122137 4.793893129770992 140.16 17.879999999999995 139.8 3.61586113015534 1.558498448568885 3.922870449925926
43.941 -3.294002556800842 9.338164806365967 -0.711915872991085 23.43740458015267 27.712213740458015 5.784732824427481 139.44 18.479999999999997 138.48 3.6068560618230636 1.557734013945979 3.9185798608309965
43.955 -3.2661101102828978 9.431957626342774 -0.8146869882941246 22.90992366412214 27.56030534351145 6.9435114503816795 138.72 18.719999999999995 137.4 3.5971139011709736 1.5576490972805397 3.9144721041128916
43.985 -3.331711220741272 9.566392040252685 -0.9191938921809196 22.612213740458017 27.876335877862594 8.074809160305342 138.18 19.139999999999997 136.14000000000001 3.584508099902422 1.5581585366303312 3.9114509312922494
44.001 -3.3363200664520263 9.784443950653076 -0.9675567671656609 22.83282442748092 29.07633587786259 9.741984732824427 137.52000000000004 19.44 136.07999999999998 3.5718927403399503 1.5587530964911607 3.9081370050248814
44.015 -3.218046498298645 9.726983070373535 -1.1426327675580978 23.912977099236645 30.41145038167939 11.913740458015267 137.16 20.400000000000002 135.11999999999998 3.559366971503421 1.5586681185820486 3.9084280525864132
44.045 -3.140773630142212 9.699210357666015 -1.2881403714418411 23.076335877862597 31.7793893129771 13.409923664122138 137.1 20.580000000000002 134.7 3.5479349559048474 1.5580735587212189 3.9037431221629055
44.062 -3.0632014989852907 9.89846773147583 -1.4118607550859452 21.248854961832063 32.14503816793893 13.97175572519084 136.2 20.520000000000003 133.8 3.5401736932362757 1.5580735587212189 3.897296830080015
44.075 -3.018130660057068 10.068396282196044 -1.5180436044931411 19.35496183206107 32.286259541984734 14.505343511450382 135.66 21.060000000000002 133.38 3.5363633462303725 1.5581584957581742 3.8881828424840266
44.105 -2.838326096534729 10.012671279907227 -1.663910347223282 17.106870229007633 32.75496183206108 15.464122137404582 135.12 21.360000000000003 133.2 3.5368149522178016 1.5584134295287093 3.883796237489979
44.121 -2.66307053565979 10.082402420043945 -1.7140688717365264 14.518320610687022 32.64885496183206 16.242748091603055 135.06 21.54 132.78 3.5379886901267312 1.5588382170016388 3.8799979865771745
44.135 -2.5632921695709228 10.13890552520752 -1.84455286860466 12.938167938931297 31.616793893129774 16.99083969465649 135.06 21.78 133.14 3.5402467281821 1.5589232359557008 3.8799979865771745
44.165 -2.3973739981651305 10.199299240112305 -1.9014750063419341 10.777862595419847 31.06564885496183 17.84198473282443 134.76 21.96 132.72 3.5404270174004466 1.558838298918745 3.8782495275356235
44.18 -2.179561507701874 10.177511978149415 -1.9810822069644929 8.934351145038168 29.898473282442744 18.14961832061069 134.88000000000002 21.96 132.72 3.5432099346758883 1.5577335821692015 3.877570263198264
44.195 -2.119347333908081 10.135852909088134 -2.1660342812538147 6.978625954198473 28.160305343511446 17.980152671755725 135.35999999999999 21.84 131.99999999999997 3.543837413053197 1.5567988227930465 3.8758261352428205
44.225 -1.9785682797431945 10.19032096862793 -2.1957223892211912 4.235114503816794 26.91755725190839 18.36717557251908 134.82 21.3 132.3 3.5444650059811322 1.5565437658874735 3.873213750516036
44.241 -1.8443134307861329 10.25969295501709 -2.221519923210144 3.1496183206106867 25.142748091603053 18.716793893129772 134.39999999999998 21.359999999999996 132.23999999999998 3.5449135324276844 1.5563737073918413 3.8713733466676237
44.256 -1.6992846608161927 10.288902282714844 -2.1985355854034423 3.288549618320611 23.61832061068703 19.646564885496183 134.76 21.599999999999998 132.47999999999996 3.5450041083510997 1.5561186504862685 3.8703083298755994
44.285 -1.5055338740348816 10.226413536071778 -2.233550786972046 4.4931297709923665 22.150381679389316 20.954198473282442 135.06 21.78 132.9 3.546180267322284 1.5553534785980785 3.86885635905736
44.302 -1.401984655857086 10.155724716186523 -2.321537697315216 5.578625954198473 20.35114503816794 21.81145038167939 135.48 21.359999999999996 132.23999999999998 3.5474470193039607 1.5544178143030767 3.867114188293615
44.315 -1.2790424048900604 10.190620231628419 -2.374269986152649 5.576335877862595 18.51068702290076 22.532824427480914 135.12 21.119999999999997 132.83999999999997 3.5504394341564116 1.5528008720860755 3.865565592778869
44.346 -1.1472415983676911 10.245986175537109 -2.392765188217163 5.611450381679389 16.638931297709924 23.099236641221374 134.82 20.58 132.3 3.5532542219596635 1.5516940073528667 3.8638226399970583
44.361 -1.0450690418481827 10.253468132019043 -2.4264037132263185 6.236641221374045 14.770992366412212 23.519847328244275 135.72 19.919999999999995 132.35999999999999 3.5582388101567446 1.5501616076670737 3.8629510672135687
44.375 -0.9384672075510025 10.267115116119385 -2.456091809272766 6.793893129770991 13.136641221374044 23.963358778625956 135.71999999999997 19.56 132.6 3.5640352657219703 1.549480044014564 3.8615957426876646
44.405 -0.7508815074339509 10.304045677185059 -2.462915301322937 7.14885496183206 11.458778625954197 23.928244274809163 135.42 19.14 133.26 3.5715378485442018 1.5481159027841147 3.8611125111469513
44.421 -0.6449979329481721 10.337145519256591 -2.4868573188781737 7.622900763358778 9.291603053435114 22.700763358778623 136.14 18.42 132.89999999999998 3.5776769913339654 1.5464961814576046 3.86014894971906
44.436 -0.5345653751865029 10.326970195770263 -2.510978889465332 7.574045801526717 7.248091603053434 20.829007633587786 136.2 17.400000000000002 132.72 3.5830918279575785 1.5448764601310943 3.8551516322609083
44.465 -0.410426021553576 10.320206546783448 -2.5252243757247923 6.536641221374046 5.27175572519084 18.278625954198475 135.96 16.8 132.6 3.583998529144695 1.5435983667090258 3.8489111138651397
44.481 -0.3688866237178445 10.319189071655273 -2.559581160545349 4.966412213740458 3.300763358778626 15.106106870229008 136.5 16.38 132.18 3.5844516653300182 1.5424047446899967 3.842769987416746
44.495 -0.30166940931230785 10.322301483154297 -2.533604073524475 3.1435114503816792 1.891603053435114 11.878625954198474 136.56 16.319999999999997 132.96 3.585358538109537 1.5423195598129813 3.836917384361281
44.525 -0.27389666680246594 10.273459720611573 -2.5083452463150024 1.8076335877862597 0.7931297709923663 8.609923664122139 136.61999999999998 16.5 132.65999999999997 3.5855405000053757 1.5423195598129813 3.8326870394700414
44.541 -0.2581547910347581 10.20450668334961 -2.486198878288269 0.8557251908396946 -0.002290076335877822 5.502290076335878 136.37999999999997 15.9 132.42 3.585176367266501 1.5423195598129813 3.8258794200624493
44.556 -0.24408885780721903 10.11915340423584 -2.4665664434432983 0.1083969465648857 -0.44198473282442735 2.698473282442748 135.78 15.779999999999998 131.94 3.584721070518507 1.5418926849824657 3.8185883529185913
44.585 -0.23786393348127605 10.03966588973999 -2.4387937068939207 -0.7229007633587786 -0.6106870229007635 0.2992366412213741 136.14000000000001 15.899999999999997 131.45999999999998 3.583719800694193 1.5419779538776544 3.812064817009225
44.602 -0.2719214528799057 9.912773132324219 -2.3946805238723754 -1.3671755725190842 -0.452671755725191 -1.5145038167938931 136.44 16.199999999999996 130.92 3.5830825072567927 1.5418070542492426 3.805831155205179
44.615 -0.27796681225299835 9.785461521148681 -2.363675594329834 -2.070229007633588 0.15038167938931277 -2.4198473282442747 135.95999999999998 16.56 131.27999999999997 3.583809938218286 1.5422340357798667 3.800854643100729
44.645 -0.2947262242436409 9.694122695922852 -2.3208792448043822 -2.59618320610687 0.9885496183206104 -2.729770992366412 136.14000000000001 16.259999999999998 131.1 3.5857196310743995 1.5422340357798665 3.7994236584590118
44.662 -0.32405519634485247 9.594643592834473 -2.3163302659988405 -2.5908396946564887 1.9618320610687021 -2.72442748091603 137.16 16.2 131.28 3.5869009187472836 1.5420632645978383 3.799137771704013
44.676 -0.332734178006649 9.512402725219726 -2.2823326110839846 -2.738931297709924 3.0259541984732823 -2.4389312977099236 136.8 15.36 131.16 3.5883538442931724 1.5418924078754244 3.7983761475834683
44.706 -0.3501519948244095 9.48600664138794 -2.2714988470077513 -2.738931297709924 3.8061068702290073 -2.1328244274809163 136.68 15.48 130.8 3.588898794234705 1.5410394001771786 3.7976143590443256
44.721 -0.3745728522539139 9.443629264831543 -2.2735339164733888 -2.374045801526718 4.553435114503817 -1.7923664122137404 137.28 15.120000000000001 130.92000000000002 3.588080512380684 1.5403563145470642 3.7952288608852407
44.735 -0.3855263262987137 9.407895851135255 -2.2643162488937376 -2.0923664122137406 5.378625954198474 -1.3580152671755725 137.99999999999997 15.36 131.4 3.5875348351099996 1.5401003809887548 3.7951337297238945
44.765 -0.3943848729133606 9.395326232910156 -2.2610840797424316 -1.918320610687023 6.050381679389313 -1.0374045801526717 137.94 15.179999999999998 131.82 3.5872618661677493 1.540271194895775 3.795133729723895
44.782 -0.3973776251077652 9.382277870178223 -2.256475257873535 -1.8366412213740457 6.453435114503817 -0.7778625954198473 138.29999999999998 14.939999999999998 132.54 3.587080043181145 1.5395884499880208 3.794943323769368
44.796 -0.4183268904685974 9.399396419525146 -2.2674885988235474 -1.9335877862595416 6.612213740458015 -0.6312977099236641 137.87999999999997 15.120000000000001 133.2 3.586625355553456 1.5398447672624784 3.7963739981913727
44.825 -0.43909659385681155 9.41657476425171 -2.2706010818481444 -1.8152671755725192 6.677862595419848 -0.6053435114503816 138.17999999999998 15.059999999999999 133.37999999999997 3.585716240091217 1.5397594136362964 3.7984725517404088
44.841 -0.4407126784324646 9.435728359222413 -2.279878616333008 -1.4541984732824427 6.737404580152673 -0.7198473282442748 138.3 15.419999999999998 133.98 3.5838065472351035 1.5398448527126647 3.8000946868654437
44.855 -0.4417302131652832 9.451769542694091 -2.283230495452881 -1.0160305343511449 6.682442748091605 -0.7770992366412213 137.82 15.66 134.1 3.582443781998434 1.539930248973639 3.801621567605982
44.886 -0.44340615570545194 9.466613578796387 -2.290891933441162 -0.6557251908396944 6.528244274809161 -0.7190839694656488 137.75999999999996 16.439999999999998 134.52 3.580718923388381 1.5401011056960527 3.802478487306472
44.901 -0.4510676026344299 9.4444073677063 -2.298732948303223 -0.4068702290076335 6.4809160305343525 -0.532824427480916 137.87999999999997 16.68 134.76000000000002 3.5800832088439547 1.5396738027085615 3.80314498026567
44.915 -0.4499303579330444 9.435848140716553 -2.3003490447998045 -0.37709923664122114 6.465648854961832 -0.23511450381679388 137.99999999999997 16.919999999999995 134.64 3.57990155889863 1.5394172917433218 3.8045747253963063
44.945 -0.4525639802217484 9.45021333694458 -2.3108835220336914 -0.39999999999999986 6.3351145038167935 0.046564885496183185 137.7 17.099999999999998 134.7 3.580083381885234 1.5385627917851 3.8072461963505964
44.961 -0.4445434033870697 9.4640398979187 -2.324470615386963 -0.18549618320610683 6.235114503816794 0.2282442748091603 137.39999999999998 17.520000000000003 134.88 3.5791746129025386 1.537793451759827 3.8103971156395446
44.975 -0.45244427025318146 9.46014928817749 -2.3466169834136963 0.12137404580152675 6.238931297709923 0.365648854961832 136.92 17.520000000000003 134.39999999999998 3.578538777460237 1.5370237231171031 3.8123048905286034
45.005 -0.4380790591239929 9.433932781219482 -2.3637355089187624 0.3068702290076336 6.335114503816793 0.47022900763358777 137.16 17.04 134.03999999999996 3.5777214300305373 1.5358259093021138 3.812782818859644
45.021 -0.42724529504776 9.418490219116212 -2.3627778053283692 0.14580152671755728 6.2931297709923655 0.5053435114503817 136.85999999999999 16.740000000000002 133.62 3.5776306136934304 1.534457324305096 3.812496061891622
45.036 -0.43640311658382414 9.419687366485595 -2.3587076663970947 -0.2717557251908398 5.967175572519083 0.6351145038167939 137.21999999999997 16.380000000000003 133.26 3.5781754600478157 1.533430627943267 3.8126872957101363
45.065 -0.4360439866781235 9.41681432723999 -2.3519440412521364 -0.668702290076336 5.661068702290075 0.7877862595419847 136.85999999999999 16.26 133.26 3.5786292831281337 1.5320616960322406 3.8128785295286507
45.082 -0.4238335579633713 9.410290145874024 -2.350687098503113 -0.8091603053435115 5.284732824427481 0.7618320610687023 137.16 16.32 132.84 3.5799904957385165 1.5309495820243662 3.8145017217313546
45.095 -0.4156932711601257 9.408374786376953 -2.342846083641052 -0.8244274809160306 4.620610687022899 0.5770992366412213 137.1 16.14 132.9 3.5808079986084267 1.5306073508833307 3.81765744666745
45.126 -0.4114435642957687 9.396403789520264 -2.344043183326721 -0.8648854961832061 3.8297709923664116 0.2290076335877862 137.04000000000002 16.08 133.07999999999998 3.5805356530918937 1.5300937429409183 3.818421882419661
45.141 -0.4115034192800522 9.377908611297608 -2.330934929847717 -0.9793893129770993 3.1076335877862595 -0.24198473282442742 137.52 15.839999999999998 133.32 3.5804447329300046 1.529237072499991 3.818421882419661
45.155 -0.43113587498664857 9.36150827407837 -2.3127389907836915 -1.129770992366412 2.431297709923664 -0.7282442748091603 137.94 15.9 133.73999999999998 3.5812625470367543 1.5285517367045247 3.8181344983671046
45.185 -0.42724529504776 9.364022159576416 -2.289515233039856 -1.1053435114503818 1.9664122137404578 -1.1977099236641222 138.23999999999998 15.719999999999999 134.16000000000003 3.581898382479056 1.5282090691783048 3.817465835464296
45.201 -0.43119572699069975 9.360311222076415 -2.2725164175033568 -0.8389312977099236 1.675572519083969 -1.5984732824427481 138.17999999999998 16.14 133.98 3.582806632733471 1.5288085078432831 3.816701399712085
45.215 -0.4031835660338402 9.341636466979981 -2.268147015571594 -0.4755725190839694 1.6274809160305346 -2.0106870229007634 138.53999999999996 16.259999999999998 133.98 3.5837155748898217 1.5293223778939744 3.8161284470503745
45.245 -0.3963600918650627 9.31374397277832 -2.269164538383484 -0.2488549618320611 1.8541984732824428 -2.554198473282443 138.23999999999998 16.199999999999996 134.4 3.5840791515672366 1.5298361167518375 3.8160328197165634
45.261 -0.4015076234936714 9.30949420928955 -2.2685659885406495 -0.40229007633587777 2.4106870229007633 -3.0274809160305343 138.6 15.959999999999999 134.4 3.584897121470744 1.5300075383940146 3.816224136992801
45.275 -0.3958812490105629 9.326912021636963 -2.2522255420684814 -0.6610687022900763 3.3488549618320613 -3.3709923664122137 138.66000000000003 16.14 134.94 3.585351722346359 1.5300075383940146 3.8163198060708
45.306 -0.3750516951084137 9.31745491027832 -2.237980031967163 -0.6740458015267177 4.517557251908397 -3.6664122137404584 138.66000000000003 16.259999999999998 134.82 3.585715507149333 1.5294077929627765 3.8148825689173527
45.32 -0.3637390911579132 9.315120506286622 -2.2327127933502195 -0.6977099236641221 5.74732824427481 -3.9526717557251905 138.6 16.68 134.76 3.5868058225693753 1.5294934488536827 3.8147869415835416
45.335 -0.3535637319087982 9.328168869018555 -2.242349457740784 -0.8267175572519083 6.989312977099236 -4.206106870229007 138.18 17.1 134.57999999999998 3.58698768024356 1.5301789603160945 3.8144999343342065
45.365 -0.305081145837903 9.352230644226074 -2.237680768966675 -1.033587786259542 8.169465648854962 -4.3893129770992365 138.12 17.16 134.04 3.5868967427312635 1.5307787057473325 3.8136389121720016
45.381 -0.2752134818583727 9.366595840454101 -2.2396559715270996 -1.2625954198473281 8.97328244274809 -4.612977099236642 137.4 17.88 134.16 3.586896742731264 1.531206985433795 3.8138298548523615
45.396 -0.2524087119847536 9.386228275299072 -2.2335507392883303 -1.5778625954198475 9.44503816793893 -4.850381679389313 137.45999999999998 18.419999999999998 134.7 3.5867149544057795 1.5306932465759318 3.8137343938832493
45.426 -0.2680907342582941 9.418549919128418 -2.244145083427429 -1.9702290076335878 9.679389312977099 -4.918320610687022 137.57999999999998 19.139999999999993 135.42 3.5864420897646943 1.5304364100490262 3.813543575518568
45.441 -0.24594436921179294 9.441414546966552 -2.235166835784912 -2.2427480916030533 9.818320610687023 -4.776335877862595 137.94 19.979999999999997 135.29999999999998 3.5858968285865354 1.5304364100490264 3.8124930475241556
45.455 -0.21565771885216237 9.45206880569458 -2.2293609142303468 -2.3396946564885495 9.439694656488552 -4.541221374045802 138.17999999999998 20.459999999999997 135.42 3.5852605086283527 1.5306933777681313 3.810964839279918
45.485 -0.20458453483879566 9.463800430297852 -2.2395362854003906 -2.350381679389313 8.61145038167939 -4.209923664122138 138.06 20.459999999999997 135.42000000000002 3.5844425387248444 1.5311215480117077 3.8094366310356795
45.502 -0.22140380181372166 9.497498893737793 -2.251507306098938 -2.338931297709924 7.62290076335878 -3.6900763358778628 137.94 20.580000000000002 135.66000000000003 3.5863569936375166 1.5321490282238415 3.811642333563497
45.515 -0.21583728231489657 9.509050941467285 -2.2531832456588745 -2.2 6.672519083969466 -2.996946564885497 137.94 20.7 135.78000000000003 3.587540993154718 1.5329189517926312 3.813750978272086
45.545 -0.20763714350759982 9.483732223510742 -2.257133674621582 -2.0152671755725193 5.525190839694657 -2.2625954198473286 138.12 20.64 135.72 3.587813909926502 1.533517629198744 3.8159561966666837
45.561 -0.2335543766617775 9.47200059890747 -2.2633585929870605 -1.954961832061069 4.158015267175573 -1.6129770992366417 138.3 20.46 135.9 3.5874503332490884 1.5345432881354812 3.8183521234187916
45.575 -0.25504233688116074 9.473437118530274 -2.272636127471924 -1.8679389312977097 2.883206106870229 -1.0366412213740457 138.84 20.400000000000002 135.83999999999997 3.5888157020543545 1.535483593446036 3.821226295854351
45.605 -0.25246856957674024 9.468050098419189 -2.278023099899292 -1.7061068702290076 1.780916030534351 -0.5099236641221375 138.84 19.56 135.71999999999997 3.5903631206355597 1.536937164638381 3.824195299858362
45.621 -0.24959552735090257 9.440995693206787 -2.279100489616394 -1.5076335877862597 0.6717557251908397 -0.20534351145038174 138.36 19.080000000000002 135.83999999999997 3.5913643904598738 1.5381340697377948 3.8274505624692727
45.636 -0.26791117042303086 9.419866847991944 -2.2931065559387207 -1.5725190839694658 -0.5 -0.12595419847328246 138.48 18.839999999999996 135.83999999999997 3.5934579598294 1.538561588165392 3.8293624888764333
45.665 -0.2990956485271454 9.418490123748779 -2.29220871925354 -1.8404580152671755 -1.3755725190839694 -0.18702290076335876 138.72 18.72 135.6 3.5950959332180035 1.5398435028098187 3.83223226519612
45.682 -0.32321723103523253 9.416993713378906 -2.2783223390579224 -1.987022900763359 -1.8931297709923662 -0.3091603053435114 138.54 18.419999999999998 135.78 3.597097902638713 1.5407835713823272 3.8349101365914406
45.696 -0.33758244216442107 9.39215383529663 -2.2729952335357666 -1.9900763358778626 -2.148854961832061 -0.45725190839694657 139.01999999999998 18.18 135.54000000000002 3.5945470064075415 1.541637429096478 3.831558029371282
45.725 -0.35625721514225006 9.390837001800538 -2.269044804573059 -1.950381679389313 -2.311450381679389 -0.6557251908396946 138.78 17.939999999999998 135.66000000000003 3.593181114502098 1.5415519685444345 3.827636409243457
45.74 -0.36834793388843534 9.397600650787354 -2.2558767080307005 -1.7374045801526719 -2.2007633587786257 -0.8618320610687024 139.01999999999998 17.7 136.5 3.5926354372314138 1.5418082215278228 3.823808351264451
45.755 -0.3711611211299896 9.394907188415527 -2.246299910545349 -1.461832061068702 -1.734351145038168 -1.0213740458015268 139.07999999999998 17.759999999999998 136.56 3.593089951421123 1.5408681529553145 3.8203623530137643
45.785 -0.3624222844839096 9.38245735168457 -2.233969783782959 -1.3206106870229006 -1.1099236641221377 -1.1137404580152672 138.9 17.82 136.85999999999999 3.591815485440572 1.5406119641272409 3.816439020060115
45.802 -0.37421372830867766 9.380063152313232 -2.2284032583236693 -1.2419847328244271 -0.49541984732824434 -1.2450381679389315 139.14000000000001 18.18 137.21999999999997 3.590631712859037 1.5396721317927593 3.812802368772963
45.815 -0.3778050303459167 9.393051624298096 -2.2191257238388062 -1.1534351145038166 0.2770992366412215 -1.3717557251908399 139.07999999999998 18.48 136.79999999999995 3.590631712859037 1.5387320632202508 3.808689445487597
45.845 -0.3685873538255692 9.412444686889648 -2.1981166124343874 -0.9450381679389315 1.2083969465648856 -1.4450381679389313 138.48 18.96 137.16 3.5894472589517497 1.5381333858141377 3.8059198584059812
45.861 -0.35529953241348267 9.42411642074585 -2.1903953075408937 -0.6251908396946564 2.0778625954198473 -1.5114503816793892 138.29999999999998 19.139999999999997 137.33999999999997 3.5889006408197366 1.53736481811085 3.8021927921714487
45.876 -0.33680432438850405 9.423996734619141 -2.1787834405899047 -0.27404580152671754 2.7709923664122136 -1.6603053435114503 138.23999999999998 19.2 137.76000000000002 3.5879896102447857 1.5371086933026394 3.7985624792005197
45.906 -0.3176507085561752 9.427169036865234 -2.170403742790222 -0.08091603053435108 3.3259541984732826 -1.9083969465648856 137.82 19.14 137.82000000000002 3.5896278970160322 1.5366820311970941 3.7994220018761076
45.921 -0.2864063769578934 9.434890365600586 -2.1542428731918335 -0.14503816793893126 3.76793893129771 -2.183206106870229 138.23999999999998 19.44 138.00000000000003 3.5902648247026803 1.5376209235573257 3.801043785159733
45.935 -0.2637811705470085 9.441773700714112 -2.1501128673553467 -0.2641221374045802 3.923664122137405 -2.4702290076335878 138.06 19.499999999999996 137.7 3.591356805767771 1.538473719871613 3.8021886964131015
45.965 -0.25151088684797285 9.430580806732177 -2.146641254425049 -0.4152671755725191 3.855725190839695 -2.708396946564885 137.99999999999997 20.04 137.76 3.5919938552784303 1.53992546551908 3.8033343535625876
45.981 -0.23517045974731446 9.438960552215576 -2.1320366144180296 -0.651145038167939 3.6435114503816797 -2.897709923664122 138.06 20.1 137.45999999999998 3.5921757129526157 1.5416298062648541 3.805435186254525
45.995 -0.22254104614257814 9.46008939743042 -2.1252729892730713 -0.7259541984732824 3.275572519083969 -3.016793893129771 137.82 19.86 137.09999999999997 3.5925396367708116 1.5432515379732383 3.807441180201232
46.025 -0.21027076244354248 9.451470279693604 -2.128146028518677 -0.5938931297709924 2.7503816793893128 -2.9908396946564886 137.82 20.1 137.09999999999997 3.5917202593347404 1.5451291037565658 3.8100191988966934
46.04 -0.1950675815343857 9.438242340087891 -2.1337723970413207 -0.5641221374045802 2.130534351145038 -2.844274809160305 138.42000000000002 20.1 136.85999999999996 3.5913564050506586 1.5470071375767336 3.812884601644712
46.056 -0.1875857025384903 9.433633518218993 -2.1365855932235718 -0.6824427480916031 1.3770992366412214 -2.644274809160305 138.36 20.16 136.56 3.590355900686596 1.5486276605087685 3.8161320636294085
46.085 -0.19446903169155122 9.423757457733155 -2.1615451335906983 -0.9251908396946564 0.5572519083969464 -2.3625954198473282 138.60000000000002 20.16 136.32 3.5897192163694998 1.5493954623919373 3.8195705559958233
46.102 -0.19560627937316893 9.424834823608398 -2.162323236465454 -1.3251908396946566 -0.19236641221374057 -1.9854961832061064 139.07999999999998 20.639999999999997 136.68 3.5878992450975082 1.5501630738292085 3.820910949637144
46.115 -0.21218612492084504 9.427588176727294 -2.156577157974243 -1.6366412213740458 -0.8931297709923663 -1.6366412213740458 139.07999999999998 20.16 136.92 3.586807889840918 1.5505889984350758 3.822155192521069
46.145 -0.21487960070371628 9.443629360198974 -2.1503522396087646 -1.8610687022900763 -1.365648854961832 -1.36412213740458 139.26 20.7 136.85999999999999 3.5855341550850186 1.5503333809455886 3.82397410127943