44.0620000000000 -0.546476542949677 9.61451530456543 -2.82276391983032 -1.92366412213740 -0.610687022900763 -1.09923664122137 253.800000000000 69 -163.800000000000 0.841300000145693 0.868724741637250 0.869955262997314
44.0790000000000 -0.512159645557404 9.70030752817790 -2.80241314570109 -2.58778625954199 -0.577608142493639 -2.15776081424936 254.600000000000 69.4000000000000 -161.400000000000 0.841720571742219 0.868314116295433 0.869955262997314
44.0950000000000 -0.459088176488876 9.76894124348958 -2.78385806083679 -3.41730279898219 -1.15776081424936 -4.43765903307888 255.200000000000 71.2000000000000 -159.600000000000 0.841720571742219 0.868314116295433 0.869134463868809
44.1230000000000 -0.351149583856265 9.84096686045329 -2.69347691535950 -4.22137404580153 -2.06870229007634 -7.82188295165394 255 72.2000000000000 -159 0.842980804693758 0.867492412138794 0.869953464385195
44.1390000000000 -0.349553450942040 9.89982446034749 -2.77308416366577 -4.56234096692112 -3.60559796437659 -10.8040712468193 254.400000000000 74.0000000000000 -159.600000000000 0.842560233097232 0.868313211267299 0.869543290598507
44.1540000000000 -0.299474726120631 10.0690148671468 -2.82376138369242 -5.04580152671756 -4.16284987277354 -13.1526717557252 252.800000000000 73.2000000000000 -161.200000000000 0.843820466048770 0.867491507110660 0.871183090243398
44.1820000000000 -0.282914827267329 10.2489789326986 -2.84610724449158 -5.25445292620865 -4.50127226463104 -15.3053435114504 255.200000000000 74.4000000000000 -161.600000000000 0.842560233097232 0.868723385053987 0.869543290598507
44.1980000000000 -0.274734646081924 10.2880840301514 -2.76969226201375 -4.46564885496183 -4.88549618320611 -17.6972010178117 254.200000000000 74.2000000000000 -162.200000000000 0.843820466048770 0.867491507110660 0.871181295404269
44.2130000000000 -0.327407086888949 10.2320197423299 -2.75432952245077 -2.84478371501272 -6.15521628498728 -19.6819338422392 253 75.8000000000000 -160.200000000000 0.841717597000976 0.868723385053987 0.869541495759378
44.2440000000000 -0.456095427274704 10.2398010889689 -2.85129467646281 -1.90076335877863 -7.09923664122137 -20.5903307888041 249.800000000000 75.4000000000000 -158.600000000000 0.842558245515497 0.866667981326557 0.870772019024674
44.2600000000000 -0.537498295307159 10.4429092407227 -2.65816235542297 -3.05343511450382 -5.58778625954199 -20.8015267175573 251.400000000000 70.2000000000000 -161.400000000000 0.838772091856926 0.869955262997314 0.866259629167333
44.2730000000000 -0.554257710774740 10.3956238428752 -2.72579860687256 -2.58269720101781 -5.32061068702290 -20.9745547073791 251.600000000000 73.6000000000000 -160.400000000000 0.839614727953182 0.868723385053987 0.867081333323972
44.3040000000000 -0.574009875456492 10.3650976816813 -2.74614938100179 -2.29262086513995 -4.75826972010178 -20.8854961832061 252.600000000000 75.4000000000000 -159 0.839614727953182 0.867491507110660 0.867081333323972
44.3190000000000 -0.649626731872559 10.4203637440999 -2.72520017623901 -1.56234096692112 -4.00254452926209 -20.3994910941476 253.800000000000 78.2000000000000 -158.200000000000 0.839614727953182 0.866259629167333 0.867081333323972
44.3350000000000 -0.775920867919922 10.4868027369181 -2.69507312774658 0.0890585241730280 -3.37404580152672 -19.1348600508906 254.600000000000 77.8000000000000 -158.200000000000 0.838772091856926 0.865023652513903 0.866259629167333
44.3650000000000 -0.871090372403463 10.4766273498535 -2.73477697372437 2.26208651399491 -2.12722646310433 -17.4554707379135 254.200000000000 80.6000000000000 -159.800000000000 0.837927450286782 0.864200126729800 0.866259629167333
44.3790000000000 -0.907601952552795 10.4231570561727 -2.69327743848165 3.82442748091603 -0.414758269720102 -15.9414758269720 252.200000000000 80.2000000000000 -160.200000000000 0.838349017894978 0.863376600945698 0.866670707982155
44.3940000000000 -0.948702414830526 10.1861311594645 -2.74335614840190 5.98473282442748 0.758269720101781 -14.6361323155216 251 79.4000000000000 -158.600000000000 0.837504376324834 0.864201043380661 0.865847182198053
44.4230000000000 -1.06541975339254 9.99798679351807 -2.77029085159302 6.77608142493639 1.88295165394402 -12.8371501272265 251 78.2000000000000 -156.200000000000 0.838349017894978 0.864201043380661 0.866668886354692
44.4390000000000 -1.17794724305471 9.87089443206787 -2.77607687314351 5.95165394402036 3.46819338422392 -10.0432569974555 252.200000000000 77.4000000000000 -154.600000000000 0.837505381314092 0.865024569164763 0.865846273321402
44.4540000000000 -1.36649060249329 9.68993282318115 -2.40317988395691 6.26717557251908 6.12977099236641 -3.86259541984733 254.400000000000 84 -157.200000000000 0.840036794681514 0.865025026511930 0.865025026511930
44.4830000000000 -1.34613990783691 9.78171062469482 -2.51051998138428 7.38422391857506 6.20865139949109 -2.67684478371501 253.800000000000 84.2000000000000 -157.800000000000 0.839193158100628 0.865025026511930 0.865436560730398
44.5000000000000 -1.36230079332987 9.83378442128499 -2.58474024136861 8.04580152671756 7.20610687022901 -0.727735368956743 253.200000000000 82 -157.600000000000 0.839193158100628 0.864613034946296 0.866669799105504
44.5140000000000 -1.42794183890025 9.77193419138590 -2.59551413853963 9.02798982188295 8.94910941475827 1.68447837150127 252.600000000000 80.2000000000000 -157 0.838771590492432 0.865435647979585 0.867492412138794
44.5420000000000 -1.56301470597585 9.53989601135254 -2.48637843132019 10.0229007633588 10.0508905852417 4.41475826972010 253 77 -154.600000000000 0.839615227073318 0.866258261012875 0.867903490953616
44.5590000000000 -1.66756149133046 9.31723531087240 -2.53286584218343 11.2849872773537 10.1857506361323 7.69465648854962 254.400000000000 77.2000000000000 -153.200000000000 0.839615227073318 0.867903490953616 0.868313664740304
44.5740000000000 -1.73020974795024 9.24381319681803 -2.54244271914164 10.6183206106870 10.2926208651400 10.9847328244275 254.400000000000 76.4000000000000 -152 0.840457863169574 0.867492412138794 0.868724290082121
44.6040000000000 -1.74996189276377 9.24082056681315 -2.60369435946147 9.25699745547074 10.6157760814249 12.6081424936387 255.400000000000 77.4000000000000 -151 0.840878931657633 0.867903037480611 0.868724290082121
44.6190000000000 -1.75335367520650 9.37230205535889 -2.50892392794291 7.64885496183206 10.7735368956743 13.2213740458015 255 78.6000000000000 -150.600000000000 0.842140648660214 0.867492412138794 0.869134014218912
44.6350000000000 -1.77629812558492 9.33698749542236 -2.54324078559876 8.62595419847328 9.51653944020356 13.6921119592875 256.800000000000 80.4000000000000 -150 0.842140648660214 0.869134014218912 0.869134014218912
44.6640000000000 -1.44190800189972 8.78133296966553 -2.67611885070801 12.1450381679389 6.54961832061069 13.3358778625954 255.600000000000 81.6000000000000 -148.800000000000 0.845080699000308 0.867492865611799 0.871184435407686
44.6800000000000 -1.52430844306946 8.77175617218018 -2.64659039179484 10.4020356234097 6.50890585241730 13.2162849872774 257.200000000000 82.4000000000000 -150 0.843820466048770 0.868723388877095 0.870364537484207
44.6930000000000 -1.53029394149780 8.81525103251139 -2.53246680895487 8.21119592875318 6.29516539440204 14.2315521628499 259.400000000000 82.2000000000000 -148.600000000000 0.843400881611752 0.868312310062272 0.870364537484207
44.7230000000000 -1.49318381150564 8.96927801767985 -2.45665041605632 7.20101781170483 5.19338422391858 15.9211195928753 263.200000000000 82.8000000000000 -149.200000000000 0.841719580172154 0.869133109190778 0.869134014218912
44.7400000000000 -1.35132733980815 9.10893980662028 -2.43470358848572 8.67938931297710 3.08905852417303 18.1399491094148 264 80.8000000000000 -148.800000000000 0.842560228686675 0.867079972892192 0.869953912142390
44.7550000000000 -1.25276601314545 9.11432679494222 -2.45944364865621 10.1603053435115 0.987277353689568 19.3078880407125 263.400000000000 81.4000000000000 -151.000000000000 0.841298511684095 0.868311850835520 0.868312310062272
44.7840000000000 -1.19749987125397 8.91979789733887 -2.47420795758565 9.81424936386769 -0.750636132315522 19.9592875318066 261.200000000000 81.2000000000000 -150.400000000000 0.842140151768680 0.866668438673725 0.869542833327568
44.7980000000000 -1.09275354941686 8.72087955474854 -2.49236400922140 7.94147582697201 -2.39949109414758 21.2061068702290 261 81.8000000000000 -149 0.840878434766100 0.867901677048831 0.867901231247450
44.8120000000000 -1.07320092121760 8.67279593149821 -2.58833161989848 5.83969465648855 -4.19083969465649 22.7124681933842 262.400000000000 82 -146.000000000000 0.840456867157904 0.866258264887037 0.868312310062273
44.8450000000000 -0.999579191207886 8.75180466969808 -2.58952871958415 2.86768447837150 -5.04325699745547 24.2595419847328 263.200000000000 83.2000000000000 -143.200000000000 0.839193659465122 0.865846273321402 0.866670707982155
44.8600000000000 -0.785298168659210 8.77474880218506 -2.71981310844421 -0.480916030534351 -5.37404580152672 26.4274809160305 264 87.6000000000000 -145.200000000000 0.837505884938855 0.866259629167333 0.867492865611799
44.8890000000000 -0.682547012964884 8.60376294453939 -2.74555079142253 0.216284987277354 -5.40712468193384 27.1272264631043 264.200000000000 86.2000000000000 -145 0.837927953911546 0.865848094948865 0.867081786796977
44.9030000000000 -0.713472108046214 8.46869023640951 -2.87802998224894 0.539440203562341 -5.28753180661578 27.7328244274809 266.200000000000 85.4000000000000 -144.200000000000 0.837505381314092 0.865848094948865 0.866259173763687
44.9180000000000 -0.649826248486837 8.52236048380534 -2.82276384035746 -0.956743002544529 -4.48600508905853 28.5826972010178 266.000000000000 84.4000000000000 -144.800000000000 0.837927450286782 0.865024569164763 0.866259173763687
44.9340000000000 -0.859518408775330 8.63249397277832 -2.98975936571757 -3.01017811704835 -4.35623409669211 28.4147582697201 264.400000000000 84.8000000000000 -143.600000000000 0.837082808716638 0.865024569164763 0.865847639545220
44.9630000000000 -0.743998189767202 8.84238560994466 -2.81378555297852 -5.34096692111959 -3.34096692111959 28.5419847328244 264.600000000000 85 -145 0.837927450286782 0.864201043380661 0.865847639545220
44.9790000000000 -0.603338832656542 8.79509989420573 -2.82176621754964 -3.43765903307888 -2.39440203562341 27.4580152671756 265.600000000000 84.8000000000000 -144.400000000000 0.837505381314092 0.865024569164763 0.865025026511930
44.9930000000000 -0.485823427637418 8.69993019104004 -2.93010385831197 -1.18829516539440 -0.412213740458015 25.3715012722646 269 84.2000000000000 -145.800000000000 0.838350022884236 0.864612577599128 0.865847639545220
45.0240000000000 -0.360726381341616 8.74023246765137 -2.94985596338908 -1.19592875318066 1.92366412213740 23.1984732824427 268.400000000000 85.2000000000000 -145.600000000000 0.838350022884236 0.865024569164763 0.866670252578510
45.0400000000000 -0.370303188761075 8.80268128712972 -3.06278244654338 -1.90839694656489 2.65903307888041 21.1908396946565 267.800000000000 85 -146.200000000000 0.838772091856926 0.865024569164763 0.867492865611799
45.0540000000000 -0.386663585901260 8.47667121887207 -3.37522578239441 1.12213740458015 3.54961832061069 17.3511450381679 267.600000000000 85.2000000000000 -142.800000000000 0.841300000145693 0.867492865611799 0.868724741637250
45.0830000000000 -0.168591707944870 8.57283814748128 -3.26010457674662 -0.300254452926209 4.70229007633588 16.8956743002545 269.800000000000 86.2000000000000 -142.600000000000 0.841300000145693 0.867081786796977 0.868724741637250
45.1000000000000 -0.133277227481206 8.72008164723714 -3.15176693598429 -1.99236641221374 5.77862595419847 15.8829516539440 270 87.6000000000000 -141.200000000000 0.841300000145693 0.867081786796977 0.868724741637250
45.1140000000000 -0.110133270422618 8.88029352823893 -2.99394917488098 -3.46055979643766 6.94147582697201 15.6717557251908 270 87.6000000000000 -140.800000000000 0.841720571742219 0.867492412138794 0.868724741637250
45.1450000000000 -0.178966571887334 8.87989457448324 -3.05021293958028 -2.27480916030534 7.30534351145038 15.6208651399491 267.800000000000 85.8000000000000 -141 0.841720571742219 0.868314116295433 0.868314116295433
45.1600000000000 0.0456893543402354 8.79270553588867 -3.09151291847229 -0.122137404580153 8.37404580152672 14.3078880407125 267.400000000000 84.6000000000000 -143 0.842980804693758 0.868314116295433 0.869134014218912
45.1750000000000 0.237225482861201 8.77415053049723 -2.97978345553080 1.45801526717557 9.17048346055980 11.5139949109415 267.600000000000 83.6000000000000 -143.200000000000 0.842139164609172 0.868724290082121 0.868723388877095
45.2030000000000 0.317231724659602 8.81245772043864 -2.81238881746928 3.54707379134860 8.26717557251909 9.22391857506361 267.200000000000 84 -143.200000000000 0.843399397560710 0.868313664740304 0.869953912142390
45.2200000000000 0.0241415301958720 8.93037223815918 -2.67033290863037 7.25445292620865 6.21628498727735 8.16793893129771 268.200000000000 81.4000000000000 -142.200000000000 0.841718096121112 0.869134463868809 0.869134014218912
45.2340000000000 0.159214417139689 8.61812845865885 -2.98497096697489 11.9618320610687 4.82188295165394 8.09923664122137 268 82 -141.200000000000 0.842979813123693 0.867902585925482 0.870773813863802
45.2640000000000 0.888248801231384 8.26059436798096 -2.63422036170959 8.64122137404580 2.80916030534351 4.87786259541985 271.200000000000 82.8000000000000 -142.800000000000 0.838772091856926 0.871184435407686 0.867492865611799
45.2800000000000 0.745394776264826 8.33401648203532 -2.52867595354716 9.20101781170484 0.969465648854962 3.61577608142494 271.800000000000 83.8000000000000 -144.200000000000 0.840455376467703 0.869542833327568 0.868723388877095
45.2940000000000 0.452504111453891 8.40863577524821 -2.60090104738871 9.24427480916031 -0.765903307888041 3.02290076335878 271.800000000000 85.4000000000000 -145.400000000000 0.840455376467703 0.868722935404089 0.868723388877095
45.3240000000000 0.530116153880954 8.58181635538737 -2.55221899350484 6.93384223918575 -3.34096692111959 4.35114503816794 270.800000000000 86.8000000000000 -145.200000000000 0.841298012563958 0.866669799105504 0.869134014218912
45.3400000000000 0.504378480836749 8.60236676534017 -2.69646970431010 4.66666666666667 -6.23918575063613 5.77099236641221 271 88.2000000000000 -142.200000000000 0.839614727953182 0.867080877920327 0.866668886354692
45.3530000000000 0.802855630715688 8.52674992879232 -2.61466781298320 2.34860050890585 -8.30788804071247 5.83206106870229 269.800000000000 88.6000000000000 -141 0.840036295561378 0.866259173763687 0.866668886354692
45.3830000000000 0.711277425289154 8.30668290456136 -2.79303582509359 2.23918575063613 -9.57506361323155 4.03053435114504 271.400000000000 88.6000000000000 -141.800000000000 0.839193659465122 0.866259173763687 0.866258261012875
45.3990000000000 0.901217440764109 8.38688850402832 -2.76390631993612 -0.129770992366412 -10.0483460559796 4.51145038167939 269.400000000000 85.8000000000000 -142.600000000000 0.839193659465122 0.865436560730398 0.867081786796977
45.4110000000000 0.828593313694000 8.63987572987874 -2.72081073125203 -0.145038167938931 -12.9185750636132 5.76844783715013 270.800000000000 84.4000000000000 -140.800000000000 0.839193659465122 0.865025026511930 0.866670707982155
45.4410000000000 0.806845982869466 8.54789845148722 -2.87084738413493 3.33333333333333 -15.8244274809160 6.67938931297710 271 85.4000000000000 -142.200000000000 0.839193659465122 0.865436560730398 0.865848094948865
45.4560000000000 0.417788207530975 8.19894409179688 -3.31537079811096 2.49618320610687 -15.8091603053435 12.8931297709924 270.600000000000 89.4000000000000 -144.600000000000 0.840036794681514 0.862551699207043 0.867492865611799
45.4700000000000 0.536301195621491 8.51677417755127 -3.19845398267110 0.440203562340967 -16.7786259541985 14.3155216284987 269.800000000000 89 -145 0.839193158100628 0.863787675860472 0.866258261012875
45.5010000000000 0.433350518345833 8.68895721435547 -3.32474811871847 1.88804071246819 -18.1399491094148 12.0534351145038 271.400000000000 89.8000000000000 -146.600000000000 0.838771590492432 0.865023652513903 0.865847182198053
45.5170000000000 0.368507554133733 8.88967100779215 -3.35487516721090 3.22391857506361 -17.5648854961832 7.96692111959288 272.800000000000 90 -146.800000000000 0.838350022884236 0.865848094948865 0.865847182198053
45.5320000000000 0.139661766588688 8.36514139175415 -3.74772373835246 8.33078880407125 -15.2620865139949 1.74300254452926 274 90 -146 0.838350022884236 0.865436560730398 0.867081786796977
45.5640000000000 0.220067036648591 7.96171824137370 -3.93107962608337 7.10178117048346 -10.4707379134860 -2.29770992366412 275 89.8000000000000 -144.200000000000 0.838771590492432 0.865436560730398 0.867081786796977
45.5830000000000 0.258972811202208 7.70553874969482 -4.04679934183757 2.33842239185751 -4.90585241730280 -5.78371501272265 273.800000000000 89.4000000000000 -143.800000000000 0.839614226588688 0.865848094948865 0.867492412138794
45.5940000000000 0.303664575020472 8.17200899124146 -3.70023862520854 -2.43002544529262 1.17557251908397 -8.54198473282443 274.000000000000 90 -144.400000000000 0.840878931657633 0.866670707982155 0.867903037480611
45.6240000000000 0.418785770734151 8.46609687805176 -3.47418618202209 -0.447837150127227 6.05597964376590 -9.81170483460560 272.400000000000 90 -144.400000000000 0.841300000145693 0.867492412138794 0.868724741637250
45.6380000000000 0.622292925914129 8.71150239308675 -3.23795827229818 4.33078880407125 9.26972010178117 -10.9643765903308 274.600000000000 89.8000000000000 -142.600000000000 0.840878931657633 0.867903490953616 0.868314116295433
45.6540000000000 0.815824210643768 8.72028160095215 -2.77787256240845 9.61832061068702 8.16793893129771 -11.4274809160305 276 86.4000000000000 -140.400000000000 0.842561714935271 0.867492865611799 0.871184435407686
45.6840000000000 0.787492831548055 8.46410179138184 -2.96481982866923 9.66412213740458 5.65394402035624 -9.50890585241730 275.800000000000 87.4000000000000 -140.200000000000 0.842141143338745 0.868313664740304 0.870774711270895
45.7000000000000 0.738212188084920 8.25879891713460 -3.25172495841980 5.58524173027990 2.61323155216285 -6.75318066157761 275 88.6000000000000 -142.200000000000 0.842561220256740 0.867902585925482 0.870774711270895
45.7150000000000 0.742003003756205 8.26518344879150 -3.23676117261251 -1.85496183206107 -0.872773536895674 -3.51399491094148 275.800000000000 88.2000000000000 -143.400000000000 0.842140648660214 0.868723385053987 0.869544188005600
45.7430000000000 0.578798254330953 8.37551625569662 -3.13959646224976 -8.12722646310433 -4.06615776081425 -2.27480916030534 274.200000000000 89 -145 0.843400881611752 0.867491507110660 0.870363188521985
45.7600000000000 0.557250440120697 8.49781990051270 -2.92431783676147 -10.5572519083969 -7.60050890585242 -1.10432569974555 274.400000000000 89.2000000000000 -144 0.841717597000976 0.868723385053987 0.869543290598507
45.7740000000000 0.368906587362289 8.36474196116130 -3.07874385515849 -9.49109414758270 -10.5826972010178 -0.493638676844784 272.200000000000 89.8000000000000 -143 0.842558245515497 0.867079972892192 0.870773813863802
45.8040000000000 0.339378098646800 8.50280761718750 -3.05639799435933 -9.84223918575064 -10.7608142493639 0.0127226463104326 273.600000000000 89.2000000000000 -142.800000000000 0.840455376467703 0.868311850835520 0.868722935404089
45.8190000000000 0.187745322783788 8.47048600514730 -3.13161587715149 -9.82188295165394 -10.3715012722646 -0.669211195928753 272.400000000000 88.4000000000000 -142.400000000000 0.842138661078479 0.867079972892192 0.869542833327568
45.8330000000000 0.0947704855352640 8.47886594136556 -3.13660383224487 -11.4300254452926 -8.89567430025445 -2.04325699745547 273.200000000000 89.6000000000000 -141.600000000000 0.840876944075899 0.868313211267299 0.867901231247450
45.8640000000000 -0.220865100622177 8.43177986145020 -3.41712427139282 -18.0687022900763 -3.00763358778626 -5.03816793893130 271.800000000000 90.6000000000000 -145.800000000000 0.840036794681514 0.865025026511930 0.868724741637250
45.8800000000000 -0.190339028835297 8.51617558797201 -3.32494751612345 -18.9643765903308 -1.02798982188295 -6.62340966921120 272.400000000000 91.6000000000000 -144 0.839615227073318 0.865025026511930 0.867903037480611
45.8940000000000 -0.122303799415628 8.67618815104167 -3.16174276669820 -19.5826972010178 2.17048346055980 -9.83969465648855 271.800000000000 91.8000000000000 -142.200000000000 0.839193659465122 0.864613034946296 0.867492412138794
45.9250000000000 -0.114522646491726 8.81764570871989 -2.98477141062419 -18.7608142493639 5.54198473282443 -13.9440203562341 270.400000000000 91.6000000000000 -142 0.839193659465122 0.864613034946296 0.867081786796977
45.9400000000000 -0.0584584257254998 8.71170202891032 -2.96162748336792 -15.9898218829517 7.07379134860051 -17.1704834605598 269.200000000000 90.4000000000000 -142.800000000000 0.839193659465122 0.864613034946296 0.866670252578510
45.9550000000000 -0.0959675833582878 8.56266276041667 -2.96861060460409 -14.4529262086514 7.85750636132316 -20.3791348600509 268.600000000000 90.6000000000000 -143.400000000000 0.839193659465122 0.864200584076968 0.866670252578510
45.9850000000000 -0.0672371635834376 8.50101184844971 -2.95464444160461 -14.8676844783715 8.60814249363868 -23.3409669211196 269 90.6000000000000 -141.800000000000 0.838350022884236 0.864200584076968 0.865847639545220
46 -0.195127435028553 8.70312245686849 -2.83692955970764 -15.7608142493639 8.78880407124682 -25.7455470737913 268.200000000000 90.6000000000000 -141.800000000000 0.838350022884236 0.864200584076968 0.865847639545220
46.0130000000000 -0.248797453939915 8.80248196919759 -2.82615566253662 -13.9083969465649 8.60050890585242 -26.7709923664122 267.400000000000 89.4000000000000 -142.200000000000 0.837927953911546 0.865436560730398 0.865436560730398
46.0450000000000 -0.268150582909584 8.91780281066895 -2.81518220901489 -11.5089058524173 8.85241730279898 -28.1297709923664 267.800000000000 89.8000000000000 -143 0.837927953911546 0.865024569164763 0.866259173763687
46.0600000000000 -0.556053340435028 9.27453899383545 -2.71921467781067 -10.6412213740458 9.97709923664122 -31.3587786259542 264 91.2000000000000 -142.800000000000 0.840036794681514 0.865025026511930 0.866259629167333
46.0730000000000 -0.493205547332764 9.24421246846517 -2.77368275324504 -9.49109414758270 9.76590330788804 -30.9287531806616 263.600000000000 90 -142.400000000000 0.840036794681514 0.865436560730398 0.866670707982155
46.1040000000000 -0.351748133699099 9.32401911417643 -2.75313250223796 -8.45547073791349 9.44274809160305 -30.1628498727735 263.600000000000 88.8000000000000 -142.400000000000 0.840036794681514 0.866259173763687 0.867492412138794
46.1200000000000 -0.246403262019157 9.47186088562012 -2.80600444475810 -7.76335877862595 9.38676844783715 -29.3842239185751 263.400000000000 87 -141.800000000000 0.840457863169574 0.866259173763687 0.867903490953616
46.1330000000000 -0.221264148751895 9.55286471048991 -2.66095566749573 -7.43002544529262 9.61323155216285 -28.7837150127226 263 87 -141.400000000000 0.840878931657633 0.867080877920327 0.867903490953616
46.1640000000000 -0.302866518497467 9.43135897318522 -2.69627014795939 -6.97709923664122 9.76590330788804 -28.3638676844784 263.600000000000 88.4000000000000 -142.400000000000 0.841720571742219 0.867080877920327 0.868313664740304
46.1800000000000 -0.336784372727076 9.36651611328125 -2.57416582107544 -7.10687022900763 9.57506361323155 -27.2315521628499 261.800000000000 88.2000000000000 -142.200000000000 0.841299503254160 0.868314116295433 0.868724290082121
46.1930000000000 -0.364716718594233 9.31504058837891 -2.57217065493266 -6.53435114503817 8.96183206106870 -25.9592875318066 262.200000000000 87.4000000000000 -143.800000000000 0.842140151768681 0.867492412138794 0.869954813347417
46.2240000000000 -0.405617664257685 9.11193243662516 -2.60070157051086 -5.53435114503817 8.93638676844784 -25.2773536895674 261.600000000000 88 -142.400000000000 0.840876944075899 0.868722935404089 0.869544639560729
46.2400000000000 -0.476645648479462 9.07781505584717 -2.59491562843323 -5.58015267175573 9.27989821882952 -24.4096692111959 262.600000000000 88.2000000000000 -142.600000000000 0.842138661078479 0.867901231247450 0.870773813863802
46.2540000000000 -0.871489405632019 10.0053691864014 -2.32237553596497 -3.70229007633588 6.45801526717557 -18.2595419847328 261.600000000000 90 -141.600000000000 0.841300000145693 0.869955262997314 0.868724741637250
46.2840000000000 -0.832184592882792 9.68594264984131 -2.54563490549723 -0.557251908396946 6.71246819338422 -18.3664122137405 260.200000000000 90.6000000000000 -143.400000000000 0.842140648660214 0.868723385053987 0.869953915940324
46.3000000000000 -0.784500082333883 9.35175196329753 -2.68370056152344 0.735368956743003 8.13740458015267 -18.9745547073791 260 90.4000000000000 -145.200000000000 0.841719580172154 0.868723385053987 0.869543290598507
46.3150000000000 -0.723248422145844 9.22605641682943 -2.68968613942464 0.720101781170484 8.73282442748092 -18.9134860050891 258.800000000000 88 -146.400000000000 0.842560228686675 0.867491507110660 0.870772464901581
46.3440000000000 -0.745594302813212 9.41420078277588 -2.58234604199727 -0.468193384223919 7.75318066157761 -18.0890585241730 260.800000000000 85.6000000000000 -144.400000000000 0.840876944075899 0.868723385053987 0.868721586441868
46.3600000000000 -0.792081713676453 9.52074273427328 -2.60070157051086 0.888040712468194 6.31552162849873 -16.6819338422392 261.600000000000 84.8000000000000 -143.600000000000 0.841718584160485 0.867079972892192 0.869132211783685
46.3710000000000 -0.905606766541799 9.57361443837484 -2.65157834688822 3.26463104325700 5.55216284987277 -15.3893129770992 263 85.4000000000000 -143.800000000000 0.840035299549708 0.867079972892192 0.867081333323972
46.4040000000000 -0.908400019009908 9.39384969075521 -2.72958946228027 5.48854961832061 5.34351145038168 -14.3358778625954 261.800000000000 86.6000000000000 -144.200000000000 0.840035299549708 0.865848094948865 0.867903037480611
46.4200000000000 -0.839766244093577 9.15522766113281 -2.74156053860982 4.75572519083970 4.83715012722646 -13.7124681933842 260.600000000000 85.8000000000000 -143.800000000000 0.839193659465122 0.866259629167333 0.867081333323972
46.4350000000000 -0.785497685273488 8.90623092651367 -2.73437794049581 1.04834605597964 4.16539440203562 -13.2977099236641 260.800000000000 85.2000000000000 -144.400000000000 0.838771590492432 0.865436103383230 0.867081333323972
46.4640000000000 -0.961870551109314 9.57501125335693 -2.31998133659363 -7.38931297709924 -0.145038167938931 -9.77862595419847 262.200000000000 89.4000000000000 -148.200000000000 0.838772091856926 0.863789051815026 0.867492865611799
46.4790000000000 -1.06661685307821 9.40681838989258 -2.47759962081909 -4.97709923664122 -0.580152671755725 -9.92875318066158 260.800000000000 88.4000000000000 -147.200000000000 0.838772091856926 0.864612577599128 0.866670252578510
46.4940000000000 -1.09075836340586 9.27573585510254 -2.49236392974854 -2.78625954198473 0.277353689567430 -10.0534351145038 259.600000000000 87.2000000000000 -146.400000000000 0.839193659465122 0.864200126729800 0.866670252578510
46.5240000000000 -1.08557091156642 9.21328703562419 -2.45066491762797 0.824427480916031 0.577608142493639 -8.92111959287532 260.400000000000 88.4000000000000 -144.800000000000 0.838771590492432 0.865023652513903 0.865847639545220
46.5400000000000 -1.06122988462448 9.21169090270996 -2.33594274520874 5.20101781170483 -0.419847328244275 -7.01272264631043 261.200000000000 87.2000000000000 -145.600000000000 0.838349521519742 0.864200126729800 0.866259173763687
46.5530000000000 -1.14243322610855 9.03651523590088 -2.47161412239075 9.06615776081425 -2.06361323155216 -5.88040712468193 260 87.6000000000000 -147.200000000000 0.838349521519742 0.865024569164763 0.865848094948865
46.5840000000000 -1.23061966896057 8.88288720448812 -2.61746096611023 7.82697201017812 -2.49363867684478 -5.94402035623410 258.600000000000 83.8000000000000 -147.400000000000 0.838771590492432 0.864613034946296 0.866670707982155
46.6000000000000 -1.17295928796132 8.85974343617757 -2.61187450091044 2.76844783715013 -2.64631043256997 -6.14503816793893 258.400000000000 86 -145.600000000000 0.839615227073318 0.865436560730398 0.867081786796977
46.6160000000000 -1.26034768422445 8.94114621480306 -2.53406294186910 -1.61832061068702 -4.54961832061069 -5.49872773536896 260.600000000000 85 -143.800000000000 0.839615227073318 0.865848094948865 0.867903490953616
46.6430000000000 -1.35751235485077 9.14844417572022 -2.46562862396240 -4.04071246819338 -5.75063613231552 -4.37404580152672 261 85.4000000000000 -144.200000000000 0.840457863169574 0.866670707982155 0.867903490953616
46.6590000000000 -1.26892685890198 9.84136581420898 -2.18231487274170 -4.05343511450382 -3.23664122137405 -2.20610687022901 253.200000000000 86.4000000000000 -151.200000000000 0.841300000145693 0.867492865611799 0.868724741637250
46.6730000000000 -1.31421717007955 9.48502890268962 -2.34891136487325 -1.67938931297710 -3.80152671755725 -2.69974554707379 255 84.6000000000000 -150.200000000000 0.841300000145693 0.867492865611799 0.868314116295433
46.7040000000000 -1.46465285619100 9.14824453989665 -2.53326487541199 -1.11704834605598 -4 -3.50636132315522 256.800000000000 83.6000000000000 -148.800000000000 0.842140648660214 0.867492865611799 0.869134014218912
46.7190000000000 -1.56939919789632 9.15442975362142 -2.56099772453308 -2.48346055979644 -3.84732824427481 -3.15776081424936 259.400000000000 82.6000000000000 -147.400000000000 0.842140648660214 0.868313664740304 0.869134014218912
46.7340000000000 -1.58137023448944 9.39644368489583 -2.44966737429301 -4.20101781170483 -3.44529262086514 -2.23155216284987 257.600000000000 85.2000000000000 -148 0.842981297174735 0.867902585925482 0.870364537484207
46.7650000000000 -1.47023936112722 9.46447912851969 -2.42353065808614 -2.66666666666667 -3.71501272264631 -1.36132315521628 258 85.2000000000000 -148.400000000000 0.841719580172154 0.868723385053987 0.869134014218912
46.7790000000000 -1.47582582632701 9.20909754435221 -2.64419619242350 -1.86768447837150 -4.45038167938931 -0.638676844783715 258 85.6000000000000 -149.200000000000 0.842979813123693 0.867902585925482 0.870363188521985
46.7950000000000 -1.39781475067139 9.26875305175781 -2.76829568545024 -5.36641221374046 -4.10432569974555 0.165394402035623 258.600000000000 83.8000000000000 -148.600000000000 0.841718096121112 0.869134463868809 0.869543290598507
46.8250000000000 -1.39362490177155 9.33579063415527 -2.72380344072978 -9.81424936386768 -4.21119592875318 0.218829516539440 257.200000000000 84.4000000000000 -150 0.843399397560710 0.867902585925482 0.870773813863802
46.8400000000000 -1.35491863886515 9.43754418690999 -2.67931119600932 -10.5623409669211 -4.85241730279898 -2.03053435114504 255.800000000000 84.2000000000000 -150.600000000000 0.841718096121112 0.868723385053987 0.869134014218912
46.8540000000000 -1.75913965702057 9.76594829559326 -2.57735824584961 -8.18320610687023 -8.19847328244275 -2.71755725190840 251.400000000000 87 -147 0.843821945689256 0.866259629167333 0.869955262997314
46.8850000000000 -1.61349240938822 9.66818523406982 -2.59371860822042 -7.17302798982188 -7.15012722646311 -2.34860050890585 254.600000000000 87.4000000000000 -149.800000000000 0.842138661078479 0.867081333323972 0.868311850835520
46.9000000000000 -1.41896355152130 9.33838399251302 -2.56279349327087 -5.25445292620865 -5.31043256997455 -3.42493638676845 256.600000000000 87.4000000000000 -151.800000000000 0.841298012563958 0.866669799105504 0.868721574972310
46.9150000000000 -1.33536601066589 9.13427829742432 -2.53785387674967 -3.40203562340967 -4.10178117048346 -4.64631043256998 258.600000000000 86.2000000000000 -152.600000000000 0.839614727953182 0.866669799105504 0.867900775843805
46.9450000000000 -1.38803843657176 9.20610427856445 -2.49894809722900 -2.13486005089059 -4.38167938931298 -4.84732824427481 256.600000000000 85.8000000000000 -151.400000000000 0.839614727953182 0.865436560730398 0.868312310062272
46.9590000000000 -1.40619444847107 9.40482298533122 -2.51610652605693 -0.638676844783715 -4.23664122137405 -4.19592875318066 255.600000000000 84.8000000000000 -151.200000000000 0.838772091856926 0.865848094948865 0.866670707982155
46.9740000000000 -1.35930800437927 9.21967156728109 -2.50652972857157 0.646310432569975 -2.57251908396947 -4.24681933842239 255 85 -153 0.838350022884236 0.865436560730398 0.865436103383230
47.0040000000000 -1.35970703760783 9.04748853047689 -2.40417758623759 0.0763358778625953 -0.521628498727735 -5.21882951653944 256.200000000000 85.4000000000000 -153.800000000000 0.838771590492432 0.865024569164763 0.865847182198053
47.0200000000000 -1.40918719768524 9.03990713755290 -2.43869400024414 -0.0305343511450382 -0.458015267175573 -4.67175572519084 254.800000000000 85.6000000000000 -154 0.838771590492432 0.865024569164763 0.865435647979585
47.0350000000000 -1.43332874774933 9.18196296691895 -2.49775091807048 -0.00763358778625959 -0.229007633587786 -3.52926208651399 255.400000000000 87 -152.600000000000 0.839193659465122 0.864612577599128 0.866259173763687
47.0630000000000 -1.31860661506653 8.49163532257080 -2.51331329345703 -4.44274809160305 5.23664122137405 -3.80152671755725 258.600000000000 84.6000000000000 -157.800000000000 0.838772091856926 0.863789051815026 0.866259629167333
47.0790000000000 -1.37048097451528 8.78731918334961 -2.42273267110189 -6.49872773536896 5.07124681933842 -3.27735368956743 257.200000000000 84.4000000000000 -156 0.838350022884236 0.863789051815026 0.866670707982155
47.0940000000000 -1.40300222237905 9.19213867187500 -2.37684377034505 -6.06361323155216 3.94402035623410 -2.03307888040712 255.800000000000 84.6000000000000 -155 0.838350022884236 0.864612577599128 0.866670707982155
47.1240000000000 -1.44849205017090 9.43495051066081 -2.34073122342428 -3.33078880407125 3.47328244274809 -1.42239185750636 253.600000000000 84.8000000000000 -154 0.838771590492432 0.865024569164763 0.867081786796977
47.1400000000000 -1.51572922865550 9.30865637461344 -2.49974608421326 1.10432569974555 4.30534351145038 -1.69465648854962 255.600000000000 83.6000000000000 -153.600000000000 0.839193659465122 0.865848094948865 0.867492412138794
47.1540000000000 -1.55463500817617 9.30865637461344 -2.51530838012695 1.29007633587786 6.55216284987277 -2.06870229007634 256.600000000000 82.6000000000000 -155.800000000000 0.839615227073318 0.866259173763687 0.867903490953616
47.1850000000000 -1.49757317701976 9.23882548014323 -2.48558036486308 -0.488549618320611 7.52671755725191 -1.54961832061069 257.800000000000 82.6000000000000 -156.600000000000 0.839615227073318 0.867081786796977 0.868314116295433
47.2000000000000 -1.41337708632151 9.18256155649821 -2.45365770657857 -1.77099236641221 7.15521628498728 -1.92366412213740 255.600000000000 82.8000000000000 -156.400000000000 0.841298511684095 0.867081786796977 0.868724290082121
47.2150000000000 -1.40639396508535 9.08958657582601 -2.46483071645101 -2.93384223918575 6.46819338422392 -3.78371501272265 253.600000000000 82.4000000000000 -153.600000000000 0.841298511684095 0.867492412138794 0.869134915423938
47.2450000000000 -1.53069297472636 9.54129250844320 -2.44448002179464 -4.75063613231552 6.20101781170483 -5.07124681933842 253.400000000000 81.8000000000000 -152.600000000000 0.842140151768680 0.867081333323972 0.869954813347417
47.2600000000000 -1.47303259372711 10.2651395797730 -2.34931039810181 1.03816793893130 4.92366412213741 -0.274809160305344 253.800000000000 82.2000000000000 -156.600000000000 0.838772091856926 0.869955262997314 0.868724741637250
47.2750000000000 -1.47722244262695 9.87528387705485 -2.41255720456441 3.99491094147583 5.19083969465649 -0.969465648854962 254 82 -154 0.840035299549708 0.869134463868809 0.869544639560729
47.3050000000000 -1.47043887774150 9.24580828348796 -2.43570113182068 5.96183206106870 5.67684478371501 -2.16284987277354 254.400000000000 83.2000000000000 -153.600000000000 0.840456867157904 0.868724290082121 0.869134014218912
47.3200000000000 -1.48221035798391 8.90882460276286 -2.48617887496948 4.75318066157761 5.38931297709924 -2.35368956743003 254.400000000000 82.0000000000000 -152.400000000000 0.842140151768681 0.867903490953616 0.869953912142390
47.3340000000000 -1.46844371159871 9.18595345815023 -2.54084650675456 0.221374045801527 4.00508905852417 -0.951653944020356 254.800000000000 80.4000000000000 -155.600000000000 0.841298511684095 0.868724290082121 0.868312310062272
47.3650000000000 -1.48699875672658 9.52652867635091 -2.61666289965312 -2.67430025445293 2.80407124681934 -0.206106870229008 255 79.4000000000000 -155 0.842560228686675 0.867902585925482 0.869542833327568
47.3800000000000 -1.45986449718475 9.32262229919434 -2.59711027145386 -3.37659033078880 2.44783715012723 -1.36132315521629 257 79.8000000000000 -155.400000000000 0.840876944075899 0.868723385053987 0.867901231247450
47.3950000000000 -1.44988866647085 8.93216768900553 -2.51770257949829 -4.91094147582697 2.23664122137405 -3.06870229007634 255.600000000000 80 -155.600000000000 0.841718584160485 0.867079972892192 0.869542833327568
47.4250000000000 -1.49138816197713 9.01516691843669 -2.38362733523051 -7.23664122137405 1.07124681933842 -2.60814249363868 256 80.4000000000000 -157.600000000000 0.840456867157904 0.867491051707015 0.867489697028983
47.4400000000000 -1.53089249134064 9.27793057759603 -2.37863938013713 -5.48600508905852 0.582697201017812 -0.819338422391858 253 79.8000000000000 -158.200000000000 0.840878434766100 0.865847639545220 0.868721574972310
47.4530000000000 -1.32279646396637 9.05846214294434 -2.25713372230530 5.30534351145038 4.24427480916031 1.56488549618321 253.800000000000 79.8000000000000 -155.400000000000 0.837505884938855 0.866259629167333 0.867492865611799
47.4830000000000 -1.32758486270905 9.04689025878906 -2.33354862531026 5.96437659033079 3.87277353689567 1.73282442748092 253 81.4000000000000 -156.200000000000 0.838349521519742 0.866259629167333 0.867081786796977
47.4990000000000 -1.44430220127106 9.07482274373373 -2.55780545870463 5.19847328244275 3.43256997455471 2.36132315521629 252.400000000000 80.0000000000000 -156.800000000000 0.838771590492432 0.865436103383230 0.867081786796977
47.5130000000000 -1.54685382048289 9.08639462788900 -2.74934156735738 1.10941475826972 3.90076335877863 3.46310432569975 253.800000000000 81.4000000000000 -156.200000000000 0.838349017894978 0.865024569164763 0.865847182198053
47.5450000000000 -1.52650308609009 9.18196296691895 -2.77547828356425 -4.56743002544529 4.80407124681934 3.86513994910941 254.600000000000 80.2000000000000 -157.400000000000 0.838349017894978 0.864201043380661 0.865435647979585
47.5600000000000 -1.45367944240570 9.40063317616781 -2.59192283948263 -7.06615776081425 4.69465648854962 3.37404580152672 255 80.2000000000000 -160.200000000000 0.837926948922288 0.865024569164763 0.864613034946296
47.5750000000000 -1.49517893791199 9.56124432881673 -2.55620932579041 -3.92111959287532 3.52671755725191 2.64631043256997 253.200000000000 78.8000000000000 -160.400000000000 0.838771590492432 0.864612577599128 0.865847639545220
47.6050000000000 -1.48440504074097 9.62369314829508 -2.64100392659505 0.432569974554707 4.03562340966921 2.20865139949109 254 79.2000000000000 -159.600000000000 0.838771590492432 0.865024569164763 0.866259173763687
47.6200000000000 -1.36669011910756 9.49680042266846 -2.70225556691488 2.15267175572519 5.65903307888041 1.36132315521629 253.600000000000 81.6000000000000 -156.800000000000 0.839193659465122 0.865024569164763 0.866670707982155
47.6350000000000 -1.15380569299062 9.38547007242839 -2.64798696835836 1.70483460559796 6.21119592875318 -0.267175572519084 254.200000000000 81.4000000000000 -159 0.839193659465122 0.865848094948865 0.866670707982155
47.6630000000000 -1.43652105331421 9.35833549499512 -2.70604658126831 -1.07633587786260 1.08396946564886 -0.740458015267176 259.200000000000 76.8000000000000 -157.200000000000 0.840036794681514 0.866259629167333 0.867492865611799
47.6800000000000 -1.38963460922241 9.53530693054199 -2.77468029658000 -1.44274809160305 1.72264631043257 -0.0305343511450381 259.800000000000 77.4000000000000 -157.800000000000 0.840036794681514 0.866670707982155 0.867081786796977
47.6950000000000 -1.22623032331467 9.64883200327555 -2.70744307835897 -1.08651399491094 3.31806615776081 0.175572519083970 258.600000000000 79.4000000000000 -157.800000000000 0.840878434766100 0.866670707982155 0.867492412138794
47.7250000000000 -1.08776563405991 9.56922499338786 -2.64260005950928 -0.447837150127226 4.54961832061069 -0.379134860050891 257 79.8000000000000 -159 0.840878434766100 0.866670707982155 0.868313211267299
47.7400000000000 -0.970449725786845 9.18076578776042 -2.51331321398417 -0.142493638676845 4.29770992366412 -1.74809160305344 255.400000000000 80.6000000000000 -159 0.841299503254160 0.866670707982155 0.869545089210626
47.7550000000000 -1.05265067021052 8.98364321390788 -2.44288380940755 -1.77608142493639 2.71501272264631 -1.90330788804071 255 79.8000000000000 -159.000000000000 0.840457863169574 0.867492412138794 0.869545089210626
47.7850000000000 -1.10113328695297 9.06464703877767 -2.39938918749491 -3.48854961832061 2.33333333333333 0.229007633587786 256 79.2000000000000 -158 0.841299503254160 0.868314116295433 0.869954813347417
47.8000000000000 -1.10731832186381 9.27832953135173 -2.31738773981730 -4.45547073791349 3.56997455470738 3.69720101781171 255.400000000000 78.2000000000000 -158.600000000000 0.840878434766100 0.869134915423938 0.869544639560729
47.8140000000000 -1.11110913753510 9.38846302032471 -2.27808292706807 -3.05852417302799 4.99745547073791 6.75063613231552 256 78 -160 0.842559736205698 0.868724290082121 0.870773813863802
47.8430000000000 -1.04646567503611 9.33299732208252 -2.27588820457459 0.185750636132316 5.03816793893130 8.41221374045801 255.400000000000 79.8000000000000 -159.800000000000 0.842139164609172 0.868724290082121 0.869953915940324
47.8620000000000 -1.07320094108582 9.10574722290039 -2.69227981567383 4.55725190839695 4.50381679389313 7.90076335877863 254.400000000000 75.6000000000000 -163.200000000000 0.843821945689256 0.867492865611799 0.872412264546471
47.8750000000000 -0.975637217362722 9.17118899027507 -2.63162668546041 2.14249363867685 5.40203562340967 7.46055979643766 255 75 -162.200000000000 0.842560228686675 0.868723388877095 0.870772464901581
47.9020000000000 -0.834578831990560 9.31504058837891 -2.49715232849121 -1.20101781170483 5.54452926208651 6.66157760814249 254.200000000000 75.0000000000000 -161.800000000000 0.842140151768680 0.868312310062272 0.870363188521986
47.9150000000000 -0.799862901369731 9.49201202392578 -2.45285956064860 -3.06615776081425 4.22391857506361 5.70229007633588 255.200000000000 74.4000000000000 -160.800000000000 0.840456867157904 0.868722935404089 0.867900775843805
47.9300000000000 -0.875878791014353 9.60713322957357 -2.47480646769206 -1.83460559796438 2.46564885496183 5.11195928753181 255.400000000000 74.6000000000000 -160.200000000000 0.840877935645964 0.866669799105504 0.869131299109101
47.9610000000000 -0.933140099048615 9.59236907958984 -2.58733399709066 0.152671755725191 2.35114503816794 4.96183206106870 258 74.8000000000000 -159.600000000000 0.840036295561378 0.867080877920327 0.867489697028983
47.9760000000000 -0.877474904060364 9.56703058878581 -2.57795675595601 0.704834605597964 3.49618320610687 4.50890585241730 258 74.4000000000000 -160.400000000000 0.840036295561378 0.865435647979585 0.868312310062273
47.9910000000000 -0.781706849733988 9.38227780659994 -2.59750938415527 0.783715012722646 3.33078880407125 3.51908396946565 257.400000000000 73 -160.600000000000 0.839193659465122 0.865847182198053 0.866670707982155
48.0200000000000 -0.803254663944244 9.27334181467692 -2.57117311159770 0.198473282442748 2.09923664122137 1.96692111959288 257 71.8000000000000 -159.400000000000 0.838772091856926 0.865436103383230 0.866670707982155
48.0360000000000 -0.869095206260681 9.21807575225830 -2.55261802673340 -1.57506361323155 1.63104325699746 0.552162849872774 257.400000000000 73 -158.200000000000 0.839193659465122 0.865023652513903 0.866670707982155
48.0500000000000 -0.817021310329437 9.35474491119385 -2.36906266212463 -5.39694656488550 3.00763358778626 -0.312977099236641 257.400000000000 72.6000000000000 -157.800000000000 0.837505884938855 0.866259629167333 0.865025026511930
48.0810000000000 -0.897626121838888 9.30307006835938 -2.38721863428752 -4.56234096692112 2.50636132315522 -0.106870229007634 258.800000000000 73.6000000000000 -158.800000000000 0.837927953911546 0.865023652513903 0.865436560730398
48.0960000000000 -0.994591295719147 9.27014954884847 -2.41235772768656 -3.15521628498728 2.25190839694656 0.506361323155216 259.200000000000 74 -156.400000000000 0.837927953911546 0.864612118295435 0.865848094948865
48.1110000000000 -1.01893236239751 9.28631019592285 -2.46363353729248 -1.80407124681934 2.52417302798982 1.39440203562341 260.200000000000 74.6000000000000 -157.400000000000 0.838350022884236 0.863788592511333 0.866670707982155
48.1410000000000 -0.986012081305186 9.27872848510742 -2.53166882197062 -1.55979643765903 3.59287531806616 1.68193384223919 258.400000000000 73.6000000000000 -157.200000000000 0.837927953911546 0.865024569164763 0.866670707982155
48.1570000000000 -0.913387974103292 9.22386137644450 -2.57516352335612 -2.39949109414758 4.17302798982188 1.05343511450382 259.000000000000 73.4000000000000 -159.800000000000 0.838350022884236 0.865024569164763 0.867081786796977
48.1710000000000 -0.918575406074524 9.19094117482503 -2.55840412775675 -3.24681933842239 3.59796437659033 -0.239185750636132 258.400000000000 72.8000000000000 -158.400000000000 0.838350022884236 0.865436560730398 0.866670707982155
48.2000000000000 -0.949301004409790 9.24141883850098 -2.54044755299886 -3.43765903307888 2.58015267175573 -1.40458015267176 259 72.6000000000000 -159 0.839193659465122 0.865436560730398 0.867081786796977
48.2160000000000 -0.940123220284780 9.32940578460693 -2.54304122924805 -2.82188295165394 2.37913486005089 -2.03562340966921 257.600000000000 73.6000000000000 -158.400000000000 0.839193659465122 0.865848094948865 0.867081786796977
48.2300000000000 -0.878871560096741 9.37728977203369 -2.55501222610474 -2.40458015267176 2.82442748091603 -2.28498727735369 258.800000000000 72.8000000000000 -158 0.840456867157904 0.865848094948865 0.868313664740304
48.2610000000000 -0.907402455806732 9.16799640655518 -2.37385106086731 -2.28244274809160 1.42748091603053 -2.87786259541985 253.200000000000 73.2000000000000 -162 0.842561714935271 0.868724741637250 0.868724741637250
48.2760000000000 -0.931144952774048 9.17118867238363 -2.39140852292379 -2.49872773536896 0.938931297709924 -2.96946564885496 252.600000000000 71.8000000000000 -161.400000000000 0.842561714935271 0.868314116295433 0.869134915423938
48.2910000000000 -0.920770068963369 9.28092320760091 -2.39021142323812 -3.36132315521629 0.720101781170484 -3.16284987277354 254.600000000000 71.4000000000000 -158.200000000000 0.841720074850686 0.868314116295433 0.869134915423938
48.3210000000000 -0.860515991846720 9.41918849945068 -2.41415341695150 -3.86005089058524 0.801526717557252 -3.35368956743003 255.400000000000 72.2000000000000 -155 0.842140151768681 0.867903490953616 0.869954813347417
48.3380000000000 -0.783901532491048 9.53750197092692 -2.36706741650899 -3.36132315521628 1.11704834605598 -3.30025445292621 257.200000000000 72.8000000000000 -154.800000000000 0.841298511684095 0.868724290082121 0.869544639560729
48.3510000000000 -0.799463848272959 9.42078463236491 -2.40258137385050 -1.10941475826972 0.679389312977099 -2.98982188295165 257.200000000000 73.2000000000000 -155.200000000000 0.842560228686675 0.868313664740304 0.870364537484207
48.3810000000000 -0.878871540228526 9.25358963012695 -2.40497557322184 0.493638676844784 -0.150127226463104 -2.55979643765903 257.800000000000 72.6000000000000 -157.800000000000 0.841719580172154 0.869544188005600 0.869544639560729
48.3980000000000 -0.950697600841522 9.10674540201823 -2.47380892435710 0.748091603053435 -0.381679389312977 -2.06870229007634 258.600000000000 74.2000000000000 -159.000000000000 0.842981297174735 0.868312310062272 0.870364537484207
48.4130000000000 -0.962070067723592 9.16799704233805 -2.45684997240702 -0.857506361323155 0.167938931297710 -1.18066157760814 257.800000000000 74.6000000000000 -159.800000000000 0.841298012563958 0.869542833327568 0.869134014218912
48.4440000000000 -0.919972022374471 9.25578435262044 -2.40537460645040 -2.02544529262087 0.832061068702290 -0.307888040712468 256.400000000000 73.6000000000000 -160.800000000000 0.841718584160485 0.867489697028983 0.869953912142390
48.4590000000000 -0.859518408775330 9.29608631134033 -2.38163208961487 -0.534351145038168 0.0458015267175573 0.0229007633587786 255 76.2000000000000 -155.400000000000 0.838772091856926 0.868724741637250 0.866259629167333
48.4740000000000 -0.870292325814565 9.30925464630127 -2.39480018615723 -0.0458015267175573 -0.160305343511450 -0.0839694656488550 257.200000000000 74.8000000000000 -155.600000000000 0.840035299549708 0.867491503262143 0.867491507110660
48.5050000000000 -0.858720342318217 9.29369258880615 -2.43290789922078 0.432569974554707 -0.239185750636132 -0.155216284987277 256.800000000000 74.8000000000000 -156.800000000000 0.840035299549708 0.867080877920327 0.867902585925482
48.5190000000000 -0.815425197283427 9.27553653717041 -2.41415333747864 -0.0101781170483461 0.0152671755725191 -0.348600508905852 258.400000000000 72.4000000000000 -159.200000000000 0.840456867157904 0.865847639545220 0.867902585925482
48.5340000000000 -0.754373053709666 9.23244094848633 -2.43191035588582 -1.55725190839695 0.0279898218829517 -0.770992366412214 255.600000000000 73.6000000000000 -161.200000000000 0.839193659465122 0.865435647979585 0.867081786796977
48.5640000000000 -0.701301594575246 9.33618958791097 -2.35649299621582 -3.45292620865140 -0.223918575063613 -1.32061068702290 258 72 -162.800000000000 0.838771590492432 0.864613034946296 0.866670707982155
48.5790000000000 -0.766543587048849 9.42138353983561 -2.39320405324300 -3.94402035623410 -0.491094147582697 -1.95928753180662 256.800000000000 72.4000000000000 -161.200000000000 0.838771590492432 0.864201043380661 0.866670707982155
48.5950000000000 -0.805249830087026 9.52573076883952 -2.37644465764364 -3.57760814249364 0.351145038167939 -2.96437659033079 258.400000000000 71.6000000000000 -159.200000000000 0.837926948922288 0.864201043380661 0.866670707982155
48.6250000000000 -0.834778308868408 9.46168581644694 -2.39340360959371 -2.44783715012723 1.08396946564886 -4.05852417302799 256.600000000000 71 -158.600000000000 0.838770585503174 0.864201043380661 0.867081786796977
48.6400000000000 -0.853532890478770 9.38826338450114 -2.39240606625875 -1.37913486005089 1.32824427480916 -4.72519083969466 257.400000000000 71.8000000000000 -158.600000000000 0.837926948922288 0.864201043380661 0.866258261012875
48.6530000000000 -0.967856049537659 9.31823348999023 -2.43550157546997 -0.274809160305344 2.46564885496183 -2.90839694656489 257.400000000000 76.2000000000000 -155.400000000000 0.838772091856926 0.865025026511930 0.866259629167333
48.6850000000000 -0.986610611279806 9.34756215413412 -2.44108812014262 -0.587786259541985 3.25190839694656 -2.54961832061069 256 76 -156.400000000000 0.838350022884236 0.865025026511930 0.866670707982155
48.6990000000000 -0.970250229040782 9.40103244781494 -2.41235772768656 -0.872773536895674 4.57760814249364 -2.14758269720102 254.600000000000 75 -156.600000000000 0.838771590492432 0.865436560730398 0.866670707982155
48.7140000000000 -0.923363765080770 9.40103244781494 -2.39539885520935 -0.699745547073791 5.76590330788804 -1.75572519083970 253.200000000000 74.8000000000000 -157.200000000000 0.838771590492432 0.865848094948865 0.866670707982155
48.7450000000000 -0.883460422356924 9.35574213663737 -2.37006020545959 -0.00763358778625959 5.98727735368957 -1.63613231552163 254.200000000000 74.2000000000000 -158.600000000000 0.840036295561378 0.865848094948865 0.867491507110660
48.7600000000000 -0.879071056842804 9.27473831176758 -2.40397802988688 0.274809160305343 6.24936386768448 -1.62595419847328 255.200000000000 72.0000000000000 -160.400000000000 0.840036295561378 0.866259173763687 0.868313211267299
48.7890000000000 -0.866701026757558 9.28770669301351 -2.39420167605082 -0.536895674300255 7.04834605597964 -1.80916030534351 254.400000000000 71.2000000000000 -161.200000000000 0.840878931657633 0.866670252578510 0.869545089210626
48.8040000000000 -0.823405881722768 9.32780965169271 -2.35589440663656 -1.41475826972010 7.44274809160305 -2.24681933842239 254.200000000000 69 -160.200000000000 0.840878931657633 0.867903490953616 0.869545089210626
48.8190000000000 -0.789887050787608 9.39325110117594 -2.31758721669515 -1.39185750636132 6.75063613231552 -2.68193384223919 252.400000000000 71.6000000000000 -158.400000000000 0.842140648660214 0.867903490953616 0.869955262997314
48.8490000000000 -0.815026164054871 9.40143140157064 -2.33075531323751 -0.503816793893130 5.86259541984733 -2.92620865139949 253.400000000000 71 -158.200000000000 0.842140648660214 0.868314116295433 0.869134463868809
48.8630000000000 -0.709282279014587 9.27334213256836 -2.44687414169312 0.0305343511450382 6.48091603053435 -3.29770992366412 258 75.6000000000000 -159.600000000000 0.842561714935271 0.866259629167333 0.871184435407686