18.603 -0.9695918202400208 9.059060764312743 -3.013162684440613 -0.6274809160305344 0.3450381679389313 -1.8488549618320609 119.28 -27.0 90.72 3.5395669141852286 1.8541449383239719 3.8795129428345887
18.618 -0.9654019713401795 9.062532329559327 -3.0115466117858887 -0.7244274809160306 0.2603053435114504 -1.7725190839694658 119.7 -27.3 90.29999999999998 3.5405574944150224 1.8547027949834238 3.880676478537832
18.633 -0.9700108051300049 9.05768404006958 -3.0128634214401244 -0.7954198473282442 0.19389312977099235 -1.7442748091603053 119.58 -27.3 90.3 3.5414584391363833 1.8551015788363205 3.8821327039168856
18.663 -0.9814431130886078 9.05774383544922 -3.0140605211257934 -0.8236641221374047 0.17709923664122135 -1.767175572519084 119.46 -27.78 90.3 3.542269214112288 1.858368721159166 3.884269711765478
18.678 -0.987967312335968 9.065884113311768 -3.0151379108428955 -0.8648854961832061 0.20458015267175572 -1.7854961832061071 119.88 -27.96 90.24 3.5427195610175337 1.869859368929739 3.886020151020058
18.693 -0.9955090463161469 9.072049140930176 -3.0159160137176513 -0.8625954198473282 0.2427480916030534 -1.7618320610687022 120.29999999999998 -28.02 90.29999999999998 3.5428095970297697 1.8844073716953413 3.8870902263001503
18.723 -0.9972448468208313 9.077675533294677 -3.0171729564666747 -0.8717557251908398 0.30916030534351147 -1.7251908396946565 120.3 -28.380000000000003 90.78 3.5429897524633844 1.8973988165133726 3.887965345287415
18.738 -0.997603976726532 9.07929162979126 -3.0195671796798704 -0.8969465648854962 0.4122137404580153 -1.7099236641221374 119.93999999999998 -28.379999999999995 90.66 3.543260060803199 1.910154335793066 3.889230267099734
18.753 -0.9940126776695252 9.076059532165527 -3.0165145874023436 -0.9366412213740458 0.5641221374045802 -1.7282442748091604 120.23999999999998 -28.32 91.08 3.5431699413044746 1.9242473959310018 3.891370665801572
18.783 -1.0005368709564209 9.075939846038818 -3.0135816812515257 -0.9793893129770993 0.7190839694656488 -1.8175572519083967 120.23999999999998 -28.080000000000002 91.2 3.5428996329646596 1.9389549943305624 3.8937077699756735
18.799 -0.9985616564750671 9.084020328521728 -3.0088531494140627 -0.9549618320610687 0.8923664122137405 -1.915267175572519 120.41999999999999 -27.779999999999994 90.66 3.542359166560689 1.9529485301607301 3.8963379120966595
18.813 -1.0043077349662781 9.084379482269288 -3.008613705635071 -0.8480916030534352 1.048854961832061 -1.9900763358778626 119.58 -27.3 90.78 3.5417285639219998 1.9653600116278749 3.898576872808995
18.843 -1.002571940422058 9.084499168395997 -3.0122050285339355 -0.7396946564885497 1.1946564885496183 -2.0404580152671756 119.46 -26.939999999999998 90.41999999999999 3.5407376164928315 1.9777021058573112 3.89974542140452
18.858 -0.9980828166007996 9.080548763275146 -3.0083144426345827 -0.7274809160305343 1.2885496183206107 -2.0526717557251906 119.69999999999997 -26.459999999999997 90.66 3.5397468527342335 1.9864800123278257 3.9001351145013468
18.873 -0.9937732577323913 9.080129814147949 -3.0083144426345827 -0.7587786259541985 1.3206106870229006 -2.048091603053435 118.97999999999999 -26.339999999999996 90.53999999999999 3.5387566391370497 1.9852196804514837 3.900232571041002
18.902 -0.9916184782981873 9.08797082901001 -3.0016106843948362 -0.7625954198473283 1.3549618320610686 -2.068702290076336 118.86000000000001 -26.1 90.3 3.538126736432877 1.9793189180822541 3.9001351810160587
18.918 -0.9936535477638244 9.088509464263916 -2.9983785152435303 -0.6755725190839693 1.3267175572519083 -2.095419847328244 118.92 -26.04 90.00000000000001 3.5373165618645594 1.97458937353065 3.900524696869727
18.933 -0.993593692779541 9.080548667907715 -2.9983785152435303 -0.56793893129771 1.2732824427480915 -2.1061068702290076 119.03999999999999 -26.04 90.24000000000001 3.5364161178694844 1.970490815636398 3.9004272625178302
18.962 -0.9977835416793823 9.08336181640625 -3.0030472040176392 -0.5 1.1816793893129771 -2.1290076335877863 118.67999999999999 -26.28 90.24000000000001 3.5354259042723006 1.9636324145259276 3.8996476986276747
18.978 -1.003230357170105 9.089048099517822 -3.011845898628235 -0.4625954198473282 1.0648854961832062 -2.1374045801526718 118.62 -26.580000000000002 90.18 3.53497572414675 1.954093844249653 3.898380184621952
18.992 -1.0038289070129394 9.085337066650391 -3.013701391220093 -0.4358778625954199 1.0068702290076335 -2.1404580152671757 118.31999999999998 -25.919999999999998 91.44000000000001 3.5347957020853555 1.9436803133279459 3.8989668652959124
19.023 -1.0018536925315857 9.08946704864502 -3.0027479410171507 -0.44045801526717554 0.9259541984732824 -2.1625954198473285 118.73999999999998 -25.979999999999997 91.62 3.5348857380975915 1.9345278176332947 3.9053588052645707
19.038 -1.008318042755127 9.098505210876464 -2.9902980804443358 -0.3755725190839695 0.8335877862595419 -2.184732824427481 118.73999999999998 -25.98 91.50000000000001 3.5355161070642325 1.9247327172975155 3.9125375014157564
19.053 -1.0143035531044007 9.108860111236572 -2.994727349281311 -0.18244274809160305 0.8068702290076336 -2.1717557251908395 118.32000000000001 -26.04 91.80000000000001 3.5365068708228313 1.9150797173452045 3.9203080822956777
19.083 -1.015979492664337 9.104191398620605 -2.9918543100357056 -0.0015267175572519 0.8595419847328245 -2.163358778625954 118.56000000000002 -25.919999999999998 91.80000000000001 3.5380380527106636 1.907240641393471 3.9287741531285696
19.098 -1.0164583325386047 9.09916353225708 -2.9922134399414064 0.009160305343511472 0.8793893129770993 -2.169465648854962 118.14000000000001 -25.860000000000003 91.38000000000001 3.5397496916291615 1.8999485035444619 3.93852582131631
19.112 -1.0229825377464294 9.104789924621581 -2.9895798206329345 -0.043511450381679376 0.9190839694656487 -2.212213740458015 117.41999999999999 -25.98 91.50000000000001 3.541732510377952 1.8938402991082643 3.948681026803091
19.142 -1.0224438428878784 9.10323371887207 -2.997959518432617 -0.020610687022900753 1.0175572519083969 -2.236641221374046 117.47999999999999 -26.04 91.56 3.543896390519867 1.8861413557202311 3.959835378583393
19.158 -1.016877329349518 9.095691967010499 -2.996044158935547 -0.0183206106870229 1.1274809160305344 -2.265648854961832 117.78 -25.740000000000002 91.37999999999998 3.546511326260105 1.8797052303881254 3.9719827341979133
19.173 -1.0082581996917725 9.093956089019775 -2.9842527151107787 -0.08625954198473283 1.216030534351145 -2.2908396946564884 117.53999999999999 -25.74 91.37999999999998 3.5491282101511543 1.8741370518102982 3.9842303055635435
19.203 -1.0102334141731262 9.106585502624512 -2.971563458442688 -0.1183206106870229 1.2267175572519085 -2.3045801526717558 117.9 -26.459999999999997 91.02 3.551745094042203 1.873342979658401 3.9944308842676968
19.218 -1.0097545742988587 9.09688892364502 -2.9788657665252685 -0.01755725190839694 1.2442748091603053 -2.263358778625954 117.96 -26.4 91.43999999999998 3.5554510733545746 1.8716755078877754 3.9991140328420256
19.233 -0.9999383449554443 9.07899227142334 -2.9836541652679442 -0.04045801526717556 1.2549618320610687 -2.199236641221374 118.38 -26.819999999999993 92.22 3.5608883112568392 1.8717549604248578 4.003601107331598
19.262 -0.9931747198104859 9.073904609680175 -2.977429246902466 -0.28091603053435116 1.166412213740458 -2.1549618320610686 118.19999999999997 -26.759999999999998 92.16 3.566055140442034 1.873424705108134 4.008594529025293
19.278 -0.9977236986160278 9.082224464416504 -2.9737780809402468 -0.4778625954198473 1.0297709923664122 -2.105343511450382 117.96 -27.0 92.16 3.5696771880004454 1.8745379244526021 4.01269156776884
19.293 -0.9909002244472503 9.087910747528076 -2.969947361946106 -0.45572519083969476 0.9358778625954198 -2.0442748091603056 118.26000000000002 -26.939999999999998 92.82 3.5731187785281926 1.8746175563145546 4.014989887309894
19.322 -0.988027173280716 9.076598167419434 -2.9775489568710327 -0.3763358778625954 0.8427480916030534 -1.9664122137404583 118.62 -26.580000000000002 92.82 3.576290155797134 1.8735814192605222 4.018296234929034
19.337 -0.9911994874477387 9.077855110168457 -2.969827651977539 -0.467175572519084 0.7396946564885496 -1.9267175572519082 118.26000000000002 -26.46 93.06 3.578917862309821 1.8737409600393118 4.020000317928831
19.353 -0.9952696263790131 9.087850952148438 -2.960849380493164 -0.5908396946564886 0.6656488549618321 -1.900763358778626 117.96 -26.4 93.0 3.5818198713906733 1.8735813276109272 4.020903132873303
19.382 -0.9974842607975006 9.084080123901368 -2.9612085103988646 -0.5938931297709924 0.6221374045801527 -1.8519083969465648 118.43999999999998 -26.160000000000004 92.88 3.583996372315327 1.873900666461822 4.0216053221098065
19.397 -1.0001178801059722 9.074144172668458 -2.9693487882614136 -0.5732824427480916 0.5954198473282443 -1.8114503816793892 117.77999999999997 -26.1 92.34 3.58617287323998 1.8726284149248822 4.022609057411019
19.413 -1.0001777350902556 9.076418685913087 -2.9597121238708497 -0.6236641221374046 0.6137404580152672 -1.8137404580152672 118.32000000000001 -26.160000000000004 92.16 3.586717616086343 1.875880684824948 4.023712765352668
19.443 -0.9965864300727845 9.08527717590332 -2.9472622871398926 -0.6137404580152672 0.6473282442748092 -1.8557251908396946 118.13999999999999 -26.1 91.86 3.5845353164241596 1.8814229108624894 4.024013630708028
19.458 -0.9996390342712402 9.081685829162598 -2.9488185167312624 -0.431297709923664 0.6564885496183206 -1.9099236641221373 118.32000000000001 -26.28 91.91999999999999 3.580000028180031 1.8874368094276996 4.023611942134677
19.473 -1.0031106352806092 9.063130760192871 -2.9657574892044067 -0.3038167938931298 0.6526717557251909 -1.9503816793893134 118.67999999999998 -25.68 92.28 3.578547930068879 1.8922689659091136 4.023511532177818
19.503 -1.0152612149715423 9.052715969085693 -2.9810803890228272 -0.4625954198473282 0.5870229007633588 -2.0244274809160308 118.55999999999999 -26.28 92.52 3.580460547838748 1.8977435866810033 4.025117899760219
19.518 -1.0237007796764375 9.06522569656372 -2.982397198677063 -0.6992366412213741 0.5198473282442748 -2.217557251908397 118.62 -26.22 92.46 3.582921521060167 1.9048088944260329 4.02471572319523
19.532 -1.0365097582340241 9.082523822784424 -2.9849111080169677 -0.7282442748091602 0.4770992366412214 -2.452671755725191 119.04 -26.279999999999994 92.28 3.5854724172913377 1.9151876435519093 4.026426850070146
19.563 -1.0486603319644927 9.102335834503174 -2.988861560821533 -0.3091603053435115 0.4122137404580153 -2.844274809160305 119.46 -26.1 92.33999999999999 3.586109588718897 1.9256523221732578 4.02894506069988
19.578 -1.0752359688282014 9.10538845062256 -3.0071173429489138 0.4427480916030535 0.2923664122137405 -3.39618320610687 119.58 -25.98 91.97999999999999 3.5868372974990903 1.9353278030888468 4.0287443137811065
19.593 -1.1013926327228547 9.091741466522217 -3.03854124546051 1.1793893129770994 0.2519083969465649 -4.251145038167938 119.46 -25.860000000000003 92.22 3.585657132452103 1.9426945351394385 4.0350226469247925
19.623 -1.1182119071483612 9.084259605407714 -3.0657154321670532 1.6213740458015267 0.2908396946564885 -5.416030534351146 118.73999999999998 -25.5 92.46000000000001 3.5825784002563537 1.9450661123270188 4.03764318598854
19.637 -1.1461642146110536 9.099462795257569 -3.093428301811218 1.847328244274809 0.1946564885496183 -6.826717557251908 118.44000000000001 -24.839999999999996 92.16 3.580225411674408 1.94309097299439 4.03464428941934
19.652 -1.1866860866546631 9.11334924697876 -3.1204827785491944 2.2015267175572517 0.10381679389312977 -8.404580152671755 118.68000000000002 -24.359999999999996 91.68 3.580135141086248 1.9389809150566901 4.031643950509988
19.697 -1.2300809860229491 9.143396472930908 -3.131436252593994 2.7854961832061065 0.11450381679389313 -10.169465648854963 118.8 -24.6 91.67999999999999 3.5783261730064746 1.9362118804756583 4.025762241276743
19.698 -1.2780248641967773 9.15907850265503 -3.1529242038726806 3.7458015267175577 0.14580152671755725 -12.045801526717558 118.85999999999999 -24.06 91.13999999999999 3.573152489045681 1.9346289161003472 4.017101365074578
19.713 -1.3311761379241944 9.144653415679931 -3.1957205533981323 4.6603053435114505 0.23664122137404578 -14.052671755725191 118.85999999999999 -23.099999999999998 91.02 3.567339546808622 1.9339172851288473 4.01012549436644
19.743 -1.3905523419380188 9.148484134674073 -3.2383373498916628 5.183969465648856 0.3122137404580153 -16.26106870229008 118.31999999999998 -21.96 90.6 3.561619067489174 1.9306038437480009 3.9977046388576296
19.757 -1.4633360743522643 9.130108642578126 -3.29184775352478 5.329770992366413 0.4541984732824427 -18.569465648854965 117.29999999999998 -22.139999999999997 90.17999999999999 3.5569961331283566 1.930288631208273 3.9822336255546302
19.772 -1.523669958114624 9.122566890716552 -3.3340455532073974 4.748854961832061 0.6587786259541983 -20.92671755725191 116.4 -21.479999999999997 90.24000000000001 3.552105408499102 1.9375951639225053 3.9752677280164677
19.802 -1.6018406271934509 9.178651046752929 -3.351942205429077 3.688549618320611 0.6755725190839694 -23.2412213740458 116.33999999999999 -20.58 90.06 3.548852299487776 1.9522454407184036 3.9630029813311
19.818 -1.7202338933944703 9.240960121154785 -3.3873165369033815 3.1167938931297705 0.5740458015267175 -25.49770992366412 116.03999999999999 -19.800000000000004 89.52 3.548040620417801 1.972277459684797 3.953507054634977
19.832 -1.8370110750198365 9.254726791381836 -3.427419424057007 3.1183206106870225 0.7969465648854962 -27.68167938931298 115.8 -19.440000000000005 89.51999999999998 3.5474992492221924 1.9928025179505753 3.94659199713893
19.864 -1.9312827706336975 9.257480049133301 -3.4732683897018433 3.149618320610687 1.1290076335877863 -30.0412213740458 115.01999999999998 -18.78 89.33999999999999 3.547408995473531 2.0133520014751873 3.93928176354497
19.878 -2.0521301150321962 9.272563552856445 -3.5311482191085815 3.03587786259542 1.2557251908396947 -32.54961832061069 113.88 -17.88 89.63999999999999 3.547499282914159 2.0308659427318076 3.935046428728844
19.893 -2.185187888145447 9.279865837097168 -3.5881302118301392 2.7458015267175577 1.331297709923664 -34.99312977099237 113.52000000000001 -16.2 89.99999999999999 3.547950888901588 2.0473622213117597 3.926559528597129
19.923 -2.3078907251358034 9.297822284698487 -3.615005135536194 2.574045801526718 1.36412213740458 -37.393893129770994 113.16000000000001 -15.239999999999998 89.76 3.5483121399086945 2.059858828326032 3.9195028960153393
19.938 -2.4519618153572083 9.29327335357666 -3.645411491394043 2.816030534351145 1.3931297709923665 -39.79083969465649 112.67999999999999 -15.359999999999996 89.52 3.549306045407387 2.0692968021192333 3.917841583668288
19.952 -2.5976489901542665 9.293811988830566 -3.6670790195465086 3.1381679389312978 1.4557251908396946 -41.87786259541985 112.61999999999998 -13.979999999999995 89.22 3.550751592041146 2.075582559005313 3.9174522447991484
19.983 -2.7229854583740236 9.283756351470947 -3.694013810157776 3.9603053435114504 1.631297709923664 -43.82442748091603 112.38 -13.379999999999999 89.22 3.553009630096515 2.0740938159850177 3.9137185250610167
19.998 -2.8440722227096558 9.230724811553955 -3.7253180027008055 5.26030534351145 1.9854961832061069 -45.72213740458015 111.9 -12.540000000000001 89.1 3.5552664032301755 2.064635129061542 3.9033458808430956
20.013 -2.9507339239120483 9.146209526062012 -3.752372479438782 6.316793893129772 2.4328244274809157 -47.35954198473282 111.42 -11.700000000000001 88.62 3.5570719877988433 2.048935087312765 3.894639975575256
20.043 -3.089418053627014 9.09497365951538 -3.7894227504730225 6.906106870229007 2.5877862595419847 -48.93587786259542 111.06000000000002 -10.38 87.42 3.558607450585067 2.032356001963104 3.887353639926311
20.057 -3.235165071487427 9.054032802581787 -3.8067208528518677 7.271755725190839 2.8809160305343506 -50.23740458015268 110.46 -9.06 86.82 3.559872540188161 2.015837716780725 3.8794932295514735
20.073 -3.354456162452698 8.982446098327637 -3.8338950634002686 7.526717557251909 3.5106870229007634 -51.29618320610687 110.34 -8.1 85.38 3.560595447960511 2.0013297402097034 3.8739431354110017
20.103 -3.4451963901519775 8.92791814804077 -3.8440105676651 7.581679389312979 4.235114503816794 -52.271755725190836 109.86000000000001 -7.019999999999999 83.94 3.5606858198582456 1.9891796630426 3.874426366951716
20.117 -3.5631706714630127 8.884403610229493 -3.8598721504211424 7.635114503816794 4.809160305343512 -52.953435114503826 109.32000000000001 -5.76 82.67999999999999 3.560414856291767 1.9799202924200912 3.8708448109245426
20.132 -3.6862924814224245 8.820717811584473 -3.8839937448501587 7.78320610687023 5.442748091603053 -53.46030534351146 109.56000000000002 -3.84 81.6 3.558969850185627 1.9731655434434576 3.8629203375392103
20.163 -3.797203874588013 8.750448036193848 -3.9060802459716797 7.786259541984732 6.043511450381679 -53.90763358778626 108.84 -2.0399999999999996 81.0 3.5581561978505505 1.9664067693357565 3.8561631727345462
20.177 -3.935289430618286 8.712918949127197 -3.913502264022827 7.657251908396947 6.369465648854962 -54.15725190839694 109.14000000000001 0.18000000000000008 79.86 3.5569807012000156 1.959168584719719 3.843629880481713
20.193 -4.071758913993835 8.645701789855957 -3.943968486785889 7.78854961832061 6.574045801526717 -54.100763358778615 109.38 1.9799999999999998 78.66 3.5565285026470654 1.9512913947676513 3.8355836282561406
20.238 -4.174948978424072 8.574115180969239 -3.954742407798767 7.935877862595419 6.683206106870228 -53.951145038167944 108.9 3.78 77.34 3.5560764737239614 1.943795829423125 3.8300035115937106
20.239 -4.276882147789001 8.472780561447143 -3.958453416824341 8.099236641221376 6.608396946564886 -53.735877862595416 109.02000000000001 5.819999999999999 76.5 3.5587071636991183 1.9380286620367024 3.829329691543746
20.253 -4.380551099777222 8.382279777526856 -3.9544431447982786 8.203816793893129 6.209160305343511 -53.39770992366412 109.01999999999998 7.5 75.3 3.558074204420275 1.9351850813742424 3.831837189017539
20.283 -4.4937968254089355 8.29722580909729 -3.937444281578064 8.60916030534351 5.416030534351145 -52.73816793893129 108.9 9.78 74.46 3.5597047279685214 1.9345531258558881 3.829906629568272
20.298 -4.620330381393432 8.15554895401001 -3.9443874835968016 9.377862595419845 4.601526717557251 -51.82977099236641 108.47999999999999 12.0 73.67999999999999 3.565890423823004 1.9326592611003732 3.8317478609961384
20.328 -4.7084370136260985 8.007467555999757 -3.9462429761886595 9.828244274809162 3.8396946564885495 -50.955725190839686 108.35999999999999 13.680000000000001 72.96000000000001 3.571247682288689 1.9298174483040658 3.8375709256339134
20.342 -4.7927727699279785 7.889433431625366 -3.9370851516723633 9.706106870229009 2.6374045801526718 -49.926717557251905 107.7 15.660000000000002 72.53999999999999 3.5788831183573238 1.9261061205866326 3.849119538899719
20.373 -4.910866785049438 7.775648975372315 -3.9336734056472777 9.760305343511451 1.345038167938931 -48.85343511450382 108.3 17.22 71.46 3.5839684463917374 1.9246066180921388 3.864624910110259
20.374 -4.996698951721191 7.604822635650635 -3.9376238346099854 10.01908396946565 0.37404580152671774 -47.786259541984734 107.7 19.14 70.38 3.589875029902135 1.9223925363806178 3.884758586072907
20.402 -5.101744556427002 7.475415992736816 -3.9267900705337526 10.112977099236641 -0.6129770992366411 -46.86641221374047 107.46 20.82 69.17999999999999 3.5961534967777395 1.9213634651416776 3.9060601830914004
20.417 -5.241266679763794 7.3390661716461185 -3.928585720062256 10.30381679389313 -1.6564885496183206 -46.070229007633586 107.4 22.560000000000002 68.28 3.6025211355320033 1.9210464445629314 3.9233216034397644
20.433 -5.361096429824829 7.199963045120239 -3.921462965011597 10.49083969465649 -2.469465648854962 -45.22290076335878 106.67999999999999 24.6 67.44000000000001 3.6055324745355164 1.9223137869118478 3.9380972243056833
20.463 -5.47290563583374 7.029017066955566 -3.931458759307861 10.74732824427481 -3.043511450381679 -44.38931297709924 106.61999999999998 26.7 66.78 3.611076615079078 1.9263395650628545 3.9500633904576055
20.478 -5.542995882034302 6.847297143936157 -3.9184702157974245 10.804580152671756 -3.351908396946565 -43.6267175572519 106.31999999999998 28.320000000000004 65.88000000000001 3.6151774815349618 1.930046048641748 3.9641619466965166
20.493 -5.676293087005615 6.699515056610108 -3.9063196182250977 10.841984732824425 -3.6175572519083965 -43.082442748091594 106.55999999999999 29.880000000000003 65.03999999999999 3.6135322396652327 1.9310723827186944 3.9737871043895963
20.522 -5.810907077789307 6.556940317153931 -3.8905179023742678 10.934351145038168 -3.5381679389312977 -42.35572519083969 106.38 31.5 64.02 3.6129846742032874 1.9310723827186944 3.9830732987679283
20.537 -5.928103256225586 6.429269504547119 -3.869568634033203 11.187022900763358 -2.9610687022900763 -41.70305343511451 105.9 33.3 62.94 3.610973041200178 1.9305182681422017 3.9918201998683984
20.553 -6.008847713470459 6.258742475509644 -3.8763322591781617 11.458015267175572 -2.103053435114504 -41.131297709923665 105.05999999999999 35.459999999999994 62.09999999999999 3.611155668724976 1.9273528991592286 3.998225696191951
20.583 -6.0903702735900875 6.1249066352844235 -3.862326169013977 11.218320610687021 -1.183969465648855 -40.65801526717557 105.23999999999998 36.839999999999996 61.44 3.6104247344334874 1.9261643609804497 4.00525720417709
20.598 -6.149926042556762 5.976286554336548 -3.842813420295715 10.69770992366412 -0.14274809160305368 -40.29847328244275 104.7 38.58 60.65999999999999 3.6091441095758476 1.9243404882250092 4.015251969943281
20.627 -6.223487901687622 5.861364889144897 -3.836229348182678 10.231297709923663 1.1740458015267177 -40.00992366412214 104.46 40.14 60.17999999999999 3.6077724107404685 1.926952274520947 4.02737170812358
20.643 -6.3076441287994385 5.750932359695435 -3.8414966106414794 9.885496183206108 2.899236641221374 -39.56488549618321 104.75999999999999 40.92 59.64 3.605853889442545 1.9319244921158945 4.03521259548115
20.657 -6.361513662338257 5.64265456199646 -3.835032248497009 9.314503816793893 4.832824427480916 -39.009923664122134 105.71999999999998 42.239999999999995 58.55999999999999 3.605123096566453 1.9305845552145702 4.045996664200148
20.673 -6.464584064483643 5.572504472732544 -3.850774121284485 8.462595419847329 6.780916030534351 -38.44198473282442 106.01999999999998 44.1 58.260000000000005 3.6036609432192606 1.9300334527261616 4.055767955931999
20.703 -6.49373345375061 5.490802335739136 -3.8625655651092528 7.360305343511452 8.93740458015267 -37.67022900763359 106.02000000000001 45.18 57.779999999999994 3.6030226703511863 1.9353840573009176 4.066536253315446
20.718 -6.534734153747559 5.39383716583252 -3.892014241218567 6.480916030534351 11.054961832061068 -37.06717557251908 105.96 46.68 57.48 3.601838443725433 1.948579089808011 4.0764434112159735
20.733 -6.557898044586182 5.269997072219849 -3.9200862646102905 5.5396946564885505 13.198473282442748 -36.34885496183206 106.38 47.94 56.94 3.59956282351778 1.9623370430065274 4.08435380217667
20.763 -6.59381103515625 5.208406257629394 -3.9238571405410765 4.436641221374047 15.161068702290077 -35.6763358778626 107.46 49.26 56.339999999999996 3.5972850212183 1.9749353212705838 4.091989238260463
20.777 -6.657077789306641 5.1366400718688965 -3.945225381851196 3.7206106870229005 17.06793893129771 -35.033587786259545 107.51999999999998 50.879999999999995 55.8 3.5943724990139168 1.9870648687972168 4.097702365502006
20.793 -6.696103286743164 5.031654357910156 -3.9995138883590697 3.081679389312977 19.114503816793892 -34.04732824427481 108.35999999999999 52.31999999999999 55.08 3.590913870069077 1.9982656908820704 4.098725618581637
20.822 -6.663661861419678 4.903564548492431 -4.014417815208435 2.0297709923664122 20.97175572519084 -32.9 109.67999999999999 53.75999999999999 54.720000000000006 3.5885456366628787 2.0026802833501742 4.098623125650202
20.838 -6.6208654880523685 4.771464443206787 -4.05063009262085 0.8244274809160302 22.30534351145038 -31.99770992366412 109.92 55.43999999999998 54.36 3.5872709265690466 2.002207890792734 4.102702863026976
20.868 -6.61757345199585 4.672344493865967 -4.088159227371216 -0.4954198473282444 23.24961832061069 -31.225954198473282 109.8 57.48 54.120000000000005 3.5855397996039757 2.0032327195623263 4.1067051861160255
20.883 -6.597282600402832 4.544613838195801 -4.135265135765076 -1.5862595419847327 23.94732824427481 -30.645038167938925 110.4 58.31999999999999 53.52 3.5834458293416462 2.0081820849818657 4.111112444469812
20.942 -6.561309719085694 4.44842677116394 -4.154059624671936 -2.674809160305343 24.235114503816796 -30.22595419847328 110.7 59.58 52.86 3.581626901088428 2.0160831156865067 4.114080268459541
20.943 -6.512887001037598 4.3916243553161625 -4.161840796470642 -3.6572519083969466 24.161068702290073 -29.68702290076336 111.35999999999999 60.239999999999995 52.56 3.5802641358517584 2.014050978700433 4.115207407370123
20.958 -6.474460077285767 4.2974125146865845 -4.2025422096252445 -3.844274809160306 23.876335877862594 -29.246564885496184 111.53999999999999 61.260000000000005 52.379999999999995 3.5785418894557663 2.011548112777949 4.115309822802677
20.959 -6.420351123809814 4.1808747291564945 -4.24210638999939 -3.872519083969466 23.494656488549616 -28.899236641221375 111.6 62.04 52.44 3.5751905526766814 2.012095893807655 4.1143859862970675
20.972 -6.3707911491394045 4.11018590927124 -4.287237119674683 -4.063358778625954 22.776335877862593 -28.606870229007637 111.6 62.879999999999995 52.2 3.5729274256621553 2.012956961766729 4.114591517329072
21.003 -6.327755355834961 4.0713399887084964 -4.304116249084473 -4.006106870229008 21.80610687022901 -28.431297709923662 111.35999999999999 64.43999999999998 53.160000000000004 3.5702144746800997 2.017184797525204 4.112038187407646
21.018 -6.299264335632325 3.976529622077942 -4.364689540863037 -3.599236641221375 20.94885496183206 -28.383969465648857 110.93999999999998 65.22 52.620000000000005 3.5658729016288375 2.0254128662202544 4.106642593935455
21.033 -6.245933485031128 3.899915170669556 -4.395634603500366 -3.5793893129770993 20.166412213740454 -28.145038167938928 111.23999999999998 65.4 52.44 3.5608976938265315 2.0365394446024387 4.097519592743987
21.078 -6.194039154052734 3.859273600578308 -4.4414835453033445 -3.5458015267175576 19.31832061068702 -27.82290076335878 111.53999999999999 65.58000000000001 52.61999999999999 3.555651592982219 2.053668931384126 4.08713373123207
21.079 -6.118442249298096 3.8613685369491577 -4.452616596221924 -3.373282442748091 18.70763358778626 -27.367175572519084 111.83999999999999 66.6 52.44 3.5505911453446553 2.0634310775183295 4.078568069881325
21.093 -6.110840654373169 3.8491580963134764 -4.5110351085662845 -2.567175572519084 18.268702290076337 -26.82137404580153 111.83999999999999 67.68 52.44 3.5459838316690253 2.063041012070897 4.073058992085396
21.123 -6.064812135696411 3.7568017721176146 -4.594772291183472 -1.7809160305343508 17.999236641221376 -26.161068702290077 112.67999999999999 68.4 52.31999999999999 3.5419185689325934 2.0631192282710713 4.07070579825387
21.137 -6.002742433547974 3.7087980270385743 -4.650676918029785 -1.6503816793893127 17.667938931297712 -25.419083969465653 112.85999999999999 69.78 52.019999999999996 3.5395717431151743 2.0621793713159255 4.068662369408787
21.152 -5.9708396911621096 3.698562836647034 -4.694490814208985 -1.6984732824427482 17.264122137404577 -24.3793893129771 113.22 70.5 51.660000000000004 3.5383097171399536 2.057790068948887 4.063061764203151
21.182 -5.928402471542358 3.6506189346313476 -4.7404594898223875 -1.5068702290076335 17.04351145038168 -22.96412213740458 113.75999999999999 70.92 51.71999999999999 3.536776828829872 2.051985025900549 4.053813364459517
21.198 -5.90320348739624 3.5448550462722777 -4.815996551513672 -1.3328244274809158 16.848091603053433 -21.401526717557253 114.0 70.56 51.0 3.536055939474335 2.0441432973755806 4.048452388501801
21.213 -5.841792201995849 3.5039740324020388 -4.874654483795166 -1.7343511450381677 16.470229007633584 -19.531297709923663 115.08000000000001 71.4 50.879999999999995 3.534617355122567 2.035049693628406 4.046837385170283
21.243 -5.814737749099732 3.5178604125976562 -4.924693298339844 -2.0862595419847327 15.766412213740457 -17.4412213740458 115.14000000000001 72.42 50.94 3.5316565202182866 2.0228199611286026 4.050867042876137
21.258 -5.813121700286866 3.4931402921676638 -4.973235750198365 -1.8145038167938932 15.100763358778625 -15.390839694656488 114.96000000000001 72.96 50.99999999999999 3.5291440712488322 2.0046656455773237 4.054198415970858
21.272 -5.8101887702941895 3.411916971206665 -5.047037029266358 -1.248091603053435 14.30916030534351 -13.44885496183206 114.84 73.32 50.879999999999995 3.5273494689228775 1.9890086522624628 4.056932128207027
21.303 -5.736327648162842 3.3365594863891603 -5.084865427017212 -1.2557251908396947 13.374809160305347 -11.595419847328245 115.67999999999999 73.79999999999998 50.76 3.5267204944275603 1.9764626426797363 4.058963866554827
21.317 -5.745186185836792 3.3081881999969482 -5.126524543762207 -1.4862595419847329 12.017557251908398 -10.127480916030535 115.13999999999999 74.34 50.339999999999996 3.523760742531594 1.9660908240387358 4.059474274406407
21.332 -5.770804166793823 3.281014013290405 -5.179496240615845 -1.664885496183206 10.470229007633588 -8.722137404580153 116.16 74.4 49.92 3.5225017496201176 1.9571206665620142 4.060699101012484
21.363 -5.741654777526856 3.225707936286926 -5.214631128311157 -1.8877862595419845 8.848854961832062 -7.4206106870229025 116.21999999999998 74.58 49.14 3.5207045106172834 1.950264561942614 4.064968974325366
21.378 -5.741116094589233 3.1953614234924315 -5.24581561088562 -2.2786259541984735 6.728244274809161 -6.406870229007633 115.91999999999999 74.4 48.72000000000001 3.5194457497583445 1.9451380317034068 4.072883280204506
21.392 -5.746981906890869 3.257012128829956 -5.227619695663452 -2.609923664122138 4.437404580152672 -5.620610687022899 116.16 74.4 48.00000000000001 3.5158571764852966 1.9419847999943194 4.080592729404369
21.422 -5.809889554977417 3.302681541442871 -5.2182224750518795 -2.061832061068702 2.142748091603054 -4.917557251908397 115.38 74.70000000000002 48.06000000000001 3.513528444436939 1.9385937741473183 4.0867843118422575
21.438 -5.850052261352539 3.267007923126221 -5.236837387084961 -1.0381679389312974 -0.02213740458015252 -4.431297709923664 115.38000000000002 74.94000000000001 47.7 3.51326015994153 1.9377260946814485 4.08891578775898
21.453 -5.8889580249786375 3.262997627258301 -5.255093145370483 -0.7290076335877862 -2.3549618320610692 -4.016793893129771 115.5 74.7 46.86 3.512276627532889 1.9359891392362496 4.088510545725241
21.483 -5.953421926498413 3.3068115234375 -5.255931091308594 -0.9145038167938931 -4.636641221374045 -3.506870229007634 115.8 74.99999999999999 46.32 3.5129936803226043 1.9329886480812497 4.086382755725305
21.498 -6.039613199234009 3.32662353515625 -5.266405725479126 -0.649618320610687 -6.696946564885495 -3.0175572519083964 115.37999999999997 74.69999999999999 46.5 3.5102178680760168 1.930935514257656 4.080719011146654
21.513 -6.092345476150513 3.350026845932007 -5.2614377498626705 -0.16412213740458026 -8.207633587786258 -2.3427480916030534 116.03999999999996 75.0 47.040000000000006 3.5105756779675565 1.9299080737751626 4.074736366578082
21.543 -6.147292423248291 3.382348561286926 -5.246593713760376 0.12671755725190842 -9.250381679389312 -1.5809160305343506 115.91999999999999 74.4 47.64 3.5074422611708824 1.9319612075987564 4.06905161181234
21.558 -6.22863540649414 3.4286763668060303 -5.251621532440185 0.4076335877862595 -9.982442748091604 -0.9267175572519084 115.92 74.03999999999999 48.24 3.503778321934976 1.9360650279670977 4.059655758711838
21.573 -6.299264335632325 3.4378341913223265 -5.254733991622925 0.6282442748091603 -10.299999999999999 -0.21832061068702294 116.04 74.28 48.24 3.501359802406025 1.9408768804565333 4.050336902884617
21.603 -6.340384769439697 3.390608549118042 -5.256828927993775 0.5175572519083971 -10.45496183206107 0.7152671755725191 116.46000000000001 74.93999999999998 48.78000000000001 3.502164947939318 1.9431640234289502 4.0438351595385384
21.618 -6.350141143798828 3.371754217147827 -5.235759925842285 -0.027480916030534354 -10.529770992366412 1.5778625954198473 116.76000000000002 74.52 48.96 3.5039553004503583 1.9469485676113685 4.0392585804321675
21.634 -6.339666509628296 3.40694899559021 -5.189432144165039 -0.5801526717557252 -10.406106870229006 2.312977099236641 117.23999999999998 74.51999999999998 49.68 3.505926122557645 1.9507290207192671 4.037025881411218
21.663 -6.286694812774658 3.4038365364074705 -5.1194017887115475 -0.6083969465648855 -10.263358778625953 3.10381679389313 116.88 74.75999999999999 50.279999999999994 3.5066412245611693 1.9575010204899848 4.037532496501795
21.678 -6.2158863067626955 3.360740900039673 -5.042428207397461 -0.6068702290076337 -10.352671755725192 3.8061068702290077 115.97999999999999 74.58 50.94 3.5072695066647617 1.965769121207409 4.039761885717708
21.693 -6.135261583328247 3.3520020723342894 -4.945522880554199 -1.0213740458015268 -10.735877862595421 4.465648854961833 116.03999999999999 74.52 51.12 3.5108541493315797 1.9709720974916283 4.044611724671837
21.723 -6.05236234664917 3.3369784593582152 -4.833354520797729 -1.4969465648854963 -11.457251908396946 4.9977099236641225 115.67999999999999 74.52 51.239999999999995 3.514176313056719 1.9749961185351494 4.0478457138344135
21.738 -5.9594074249267575 3.297294569015503 -4.702451539039612 -1.9717557251908395 -12.587786259541986 5.49236641221374 115.38 74.82 51.3 3.519019153156605 1.978067337340282 4.050982879747805
21.752 -5.9007494926452635 3.2795774698257447 -4.562151336669922 -2.2282442748091604 -14.12290076335878 6.026717557251908 114.96 74.88 52.31999999999999 3.525201087017662 1.9793264486400097 4.05915421276295
21.785 -5.800013494491577 3.2724547386169434 -4.41167573928833 -1.916030534351145 -15.480152671755727 6.583206106870229 115.31999999999998 75.24 53.15999999999999 3.5296892927733254 1.9794051273439988 4.071661654153713
21.797 -5.693112373352051 3.27257444858551 -4.263354921340943 -1.441984732824427 -16.800763358778628 7.118320610687022 114.78000000000002 74.33999999999999 53.46 3.5311239236419043 1.9796414099437118 4.0793940905658745
21.813 -5.658995008468628 3.3130364418029785 -4.135743975639343 -1.0389312977099237 -18.418320610687026 7.635877862595419 114.54 73.62 54.17999999999999 3.531931715071097 1.979011704920681 4.085918532277121
21.843 -5.671684312820434 3.318842387199402 -4.052964448928833 -0.6267175572519083 -20.154198473282445 8.26793893129771 113.63999999999999 73.32 53.760000000000005 3.5329201039861844 1.9779105889178907 4.092447868066315
21.858 -5.68652834892273 3.3214760065078734 -3.968449115753174 -0.5954198473282446 -21.78015267175573 9.032824427480916 113.46000000000001 73.02 54.17999999999999 3.5362410496478534 1.9786951245841273 4.098062482263808
21.873 -5.722620916366577 3.3600226640701294 -3.8985384464263917 -0.5938931297709924 -23.423664122137403 10.014503816793894 113.88 72.48 54.959999999999994 3.5381307621694114 1.9848752948554214 4.1025580782184
21.903 -5.789598703384399 3.3958159685134888 -3.852150797843933 -0.6 -25.278625954198475 11.535114503816795 114.12 72.36 55.43999999999998 3.5395720078040163 1.9909125790502273 4.109321983705305
21.918 -5.8738147735595705 3.4281975507736204 -3.8266525745391844 -0.7572519083969466 -27.170992366412214 13.518320610687024 113.34 71.82 55.85999999999999 3.539932519296724 1.9980531543643523 4.113093377780997
21.948 -5.971677780151367 3.495714044570923 -3.823899245262146 -0.8007633587786259 -28.753435114503816 15.664122137404581 112.98000000000002 71.22 56.46 3.54047358819719 2.0037779575491568 4.11779332543781
21.962 -6.049309778213501 3.560716652870178 -3.8269518613815308 -0.7511450381679389 -29.98778625954199 18.31145038167939 113.1 70.85999999999999 56.1 3.5410148585500956 2.0085646306457883 4.122713693630156
21.977 -6.151242876052857 3.65253427028656 -3.833236646652222 -1.0229007633587786 -31.444274809160305 21.59236641221374 112.32000000000001 69.24 56.760000000000005 3.541556229745704 2.0121774544279942 4.120037702170814
21.993 -6.27651948928833 3.733757567405701 -3.8646007061004637 -1.2366412213740456 -32.819083969465645 25.031297709923667 111.78 68.7 57.54 3.544167287168026 2.015715046563064 4.120654451832674
22.023 -6.377135801315307 3.7878665208816527 -3.8872259140014647 -1.4465648854961832 -33.57099236641222 28.388549618320617 111.18000000000002 68.34 57.779999999999994 3.5466890076196926 2.017838721067349 4.1212715146645085
22.038 -6.452313709259033 3.938222360610962 -3.8407783985137938 -1.3564885496183208 -33.55954198473283 31.88549618320611 111.72 66.6 58.919999999999995 3.5490332125069477 2.0176026101031685 4.121683098906389
22.053 -6.567534637451172 4.105457353591919 -3.8253357887268065 -0.3427480916030536 -33.11603053435115 35.914503816793896 111.84 65.4 59.39999999999999 3.551109055284867 2.012965425922526 4.121991591090559
22.082 -6.6196683883667 4.138377618789673 -3.8482004165649415 0.9816793893129769 -31.741984732824427 39.53282442748092 111.78000000000002 63.9 59.94 3.5526442311364645 2.0032503225108362 4.122711406408636
22.098 -6.665098333358765 4.219301652908325 -3.8348527431488035 1.3526717557251906 -29.64045801526717 42.16564885496183 110.93999999999998 61.25999999999999 60.05999999999999 3.5535471903891156 1.9951668113990746 4.123746168013561
22.112 -6.791691732406616 4.516122794151306 -3.7802649259567263 1.4312977099236641 -27.19465648854962 44.83053435114503 110.82000000000001 59.1 60.9 3.5552632965964532 1.98605589904918 4.128484283098823
22.157 -6.894343137741089 4.779125833511353 -3.7228639364242553 3.2488549618320604 -23.88854961832061 47.716793893129775 110.76000000000002 57.720000000000006 61.08 3.5562568303403177 1.9780483062783198 4.130235077996333
22.159 -6.854120540618896 4.827548551559448 -3.7095162630081178 5.87557251908397 -19.442748091603054 49.62824427480916 110.16 55.32000000000001 62.039999999999985 3.5576126645849975 1.9694793109220115 4.130338223373953
22.172 -6.808451175689697 4.845983934402466 -3.7268742322921753 7.118320610687022 -14.976335877862596 50.44809160305344 110.04 54.239999999999995 61.44 3.5587877205355527 1.9620825823458659 4.131571098292107
22.203 -6.85058913230896 5.170517992973328 -3.650618886947632 6.870992366412213 -11.006870229007633 51.37099236641221 109.97999999999999 52.019999999999996 61.61999999999999 3.5605060785046576 1.9558636182918008 4.13177689039401
22.218 -6.865732479095459 5.47242681980133 -3.5926792144775392 8.061068702290076 -6.583969465648856 52.55572519083969 110.22 49.85999999999999 61.379999999999995 3.562315386367755 1.951216946829654 4.1292119649573005
22.232 -6.7766681671142575 5.497027277946472 -3.6260783195495607 10.209923664122137 -1.6839694656488557 53.29465648854962 109.8 48.11999999999999 61.2 3.5639449882690384 1.949325975164837 4.123792019166876
22.263 -6.623918104171753 5.460096716880798 -3.672585678100586 10.147328244274808 2.392366412213741 53.505343511450384 109.14000000000001 45.9 60.54 3.564035444949122 1.950664262335494 4.120819705056519
22.278 -6.552989864349366 5.761526727676392 -3.6141671419143675 7.874045801526717 4.837404580152672 53.989312977099225 108.53999999999999 43.74 59.339999999999996 3.5547182629502148 1.9506642623354935 4.11713131875576
22.293 -6.513246154785156 6.095936822891235 -3.586633825302124 7.202290076335876 7.082442748091603 54.81297709923664 108.17999999999999 42.3 59.33999999999999 3.5513856691478707 1.9521599961160554 4.099391350219678
22.323 -6.323505687713623 6.117783927917481 -3.634517860412598 8.102290076335876 9.693129770992368 55.635114503816794 107.58 39.89999999999999 58.73999999999999 3.5489488073182165 1.9646305417204453 4.085639403362413
22.338 -6.095757246017456 6.061041355133057 -3.7228639125823975 6.701526717557252 11.035114503816795 56.20229007633587 106.67999999999999 36.48 58.43999999999998 3.5448971379088645 1.980440301609957 4.0772630432550105
22.353 -5.984726142883301 6.308841228485107 -3.719033193588257 2.557251908396946 10.577862595419848 56.93587786259543 106.55999999999999 34.43999999999999 57.83999999999999 3.539317358093432 1.999619403050125 4.071323543839069
22.383 -5.9484539985656735 6.7098101615905765 -3.6773142337799074 -0.46870229007633596 9.797709923664122 57.77557251908397 106.8 31.919999999999995 58.44 3.5337386091864764 2.0178708095306637 4.065297554483715
22.397 -5.811385917663574 6.779541254043579 -3.741299295425415 -0.9465648854961835 9.757251908396945 58.28625954198473 106.73999999999998 29.7 58.86 3.528512058443068 2.035107980206629 4.058054926441992
22.412 -5.614103698730469 6.776847791671753 -3.825515341758728 -2.381679389312977 9.387786259541983 58.35648854961831 106.31999999999998 27.24 59.160000000000004 3.5244505905622896 2.05015967387883 4.052367352963076
22.443 -5.523543024063111 7.051402854919433 -3.8388630390167235 -5.748091603053435 7.889312977099236 58.305343511450374 106.43999999999998 24.599999999999998 59.88000000000001 3.516535105766555 2.0618463788329597 4.046016654661382
22.458 -5.463388729095459 7.440939426422119 -3.824976682662964 -7.664885496183207 6.742748091603053 58.08702290076335 106.8 21.84 61.44000000000001 3.509707890452463 2.06804348267573 4.032357388279604
22.473 -5.37594051361084 7.586985683441162 -3.8934508562088013 -6.9900763358778635 6.90381679389313 57.44580152671756 107.1 19.38 62.94 3.5091756642535876 2.0712646675440514 4.019702723402302
22.503 -5.238333749771118 7.661565113067627 -3.967012715339661 -6.558778625954199 7.325954198473283 56.659541984732826 107.16 16.799999999999997 63.239999999999995 3.503020506883516 2.072129595234599 4.021094200223261
22.518 -5.106054067611694 7.797136735916138 -4.021361088752746 -7.393129770992367 7.310687022900763 55.33893129770992 107.94000000000001 14.580000000000002 64.02 3.495870512909382 2.0606841388102772 4.019993685060909
22.533 -5.0424880027771 8.034881019592286 -4.035247445106506 -8.17557251908397 7.470992366412214 53.49007633587786 109.32000000000001 13.080000000000002 64.91999999999999 3.4908746218564914 2.0442436891144657 4.01727268731209
22.563 -4.998015737533569 8.229350090026855 -4.083849716186523 -7.704580152671755 8.249618320610686 51.937404580152666 109.97999999999999 11.22 65.82 3.486864050038079 2.026563568857134 4.010817233265065
22.578 -4.849635076522827 8.273523044586181 -4.1373601198196415 -7.017557251908397 9.964885496183205 50.78015267175573 109.8 9.0 66.6 3.4827654524569645 2.0107576722464495 4.005879065146785
22.593 -4.671925473213196 8.309316396713257 -4.195120239257813 -7.340458015267176 11.58473282442748 49.48549618320611 110.28 7.2 67.32000000000001 3.47848174151383 1.9987972828715441 3.999159518257251
22.623 -4.573344206809997 8.480621528625488 -4.197334861755371 -8.27175572519084 12.760305343511451 48.24351145038168 111.35999999999999 4.92 68.4 3.472407600898898 1.9896486886543951 3.9931514918373887
22.638 -4.4466310977935795 8.58961753845215 -4.227681350708008 -8.319847328244276 14.13053435114504 47.174045801526724 111.84 2.88 69.24 3.4702707488481375 1.9832320353445287 3.9912551577539297
22.653 -4.291367101669311 8.628882503509521 -4.263115549087525 -8.235114503816792 15.793893129770993 46.10458015267175 112.5 1.1400000000000001 70.26 3.4682231155115657 1.977349560026159 3.9947276958926516
22.683 -4.092349100112915 8.716270923614502 -4.268203210830689 -8.76030534351145 17.174809160305344 45.47099236641221 112.2 3.552713678800501E-16 71.16 3.469465854172654 1.9746003918745447 3.9977059126153955
22.697 -3.9105693340301513 8.843343162536621 -4.278079271316528 -9.349618320610684 17.921374045801524 45.08167938931298 113.52000000000001 -1.5599999999999998 73.2 3.470975294723753 1.9732633731871716 3.9971089987396136
22.712 -3.7258566856384276 9.004473018646241 -4.268322896957398 -9.236641221374045 18.596946564885496 44.60687022900763 114.23999999999998 -2.3999999999999995 74.52000000000001 3.473376901484541 1.9739723961585418 3.996410183507424
22.742 -3.4389116287231447 9.152674102783203 -4.238275671005249 -8.099999999999998 19.083969465648856 44.09312977099236 114.23999999999998 -4.08 75.96000000000001 3.4757793630474474 1.9732623544586025 3.994606077835775
22.758 -3.2009279489517213 9.221627044677735 -4.284423923492431 -6.295419847328245 18.689312977099238 43.209923664122144 113.88 -6.239999999999999 77.28 3.478181824610354 1.9707363056694391 3.991117818753158
22.773 -3.001012086868286 9.286390209197998 -4.329973602294922 -4.874809160305343 17.556488549618322 42.03893129770992 114.3 -7.499999999999998 78.66 3.480850991424392 1.966867727184536 3.9878249571527484
22.803 -2.7959487080574035 9.383654594421387 -4.335360527038574 -3.993129770992366 15.89770992366412 40.68091603053435 114.59999999999998 -9.359999999999998 79.44 3.4834346396092486 1.959693341118994 3.9863353265287294
22.817 -2.5843611359596252 9.411247730255127 -4.365168333053589 -3.418320610687023 13.508396946564886 39.23664122137404 114.35999999999997 -10.079999999999998 80.28 3.4875354389624107 1.9526051629698824 3.97738427543991
22.833 -2.3991097688674925 9.412863826751709 -4.378635740280151 -3.418320610687023 10.469465648854962 37.60152671755725 113.63999999999999 -10.919999999999998 80.99999999999999 3.4911019798635463 1.9555827771556964 3.969590110123309
22.863 -2.2219987154006957 9.401730728149413 -4.376241540908813 -3.6931297709923663 7.084732824427481 35.64503816793893 113.04 -11.879999999999997 81.72 3.4950265904560993 1.960134509065749 3.9607178232599667
22.877 -2.0700866103172304 9.359473037719727 -4.373847341537475 -4.262595419847328 3.4145038167938937 33.36717557251909 113.4 -13.199999999999998 82.19999999999999 3.4985049019583223 1.9647648889139044 3.949316544680427
22.893 -1.943792474269867 9.274957656860352 -4.353197383880615 -5.196946564885495 -0.3664122137404579 30.848091603053433 112.86000000000001 -14.459999999999999 82.38 3.5014480811654174 1.970024674002722 3.9353336023597167
22.923 -1.8746599078178405 9.200318336486816 -4.319439148902893 -6.5732824427480905 -4.144274809160305 28.396946564885496 112.50000000000003 -15.779999999999998 82.62 3.5029661670526187 1.9761492064150765 3.920245247704004
22.938 -1.899619460105896 9.139505577087402 -4.295975971221924 -8.08091603053435 -7.175572519083969 26.14961832061069 112.32000000000001 -16.919999999999998 83.03999999999999 3.504484800510636 1.9829915489242178 3.9033848547111893
22.952 -1.802414882183075 9.038949108123779 -4.1907508134841915 -9.178625954198473 -8.837404580152672 23.945801526717553 112.55999999999999 -16.919999999999998 83.52 3.5054669134627963 1.9931356330788852 3.886361206824536
22.983 -1.7255610227584839 8.931150245666505 -4.116351008415222 -9.913740458015265 -10.272519083969467 21.443511450381678 112.67999999999998 -17.4 83.52000000000001 3.506270460235001 2.005556893923507 3.8755672644022865
22.998 -1.7213711738586426 8.859922790527344 -4.0603266954422 -10.6206106870229 -11.368702290076335 18.95954198473282 112.97999999999999 -17.459999999999997 83.94 3.5063597914637357 2.0173562052410765 3.863256902258945
23.012 -1.7193361043930053 8.846694850921631 -3.976828932762146 -11.035877862595418 -11.313740458015268 16.57251908396946 113.16 -18.359999999999996 83.88000000000001 3.5058229792521076 2.0265613956519455 3.8650125240339137
23.043 -1.7256807446479798 8.849388313293456 -3.893809962272644 -10.958015267175572 -10.301526717557252 14.46030534351145 114.05999999999999 -18.54 84.30000000000001 3.505465169360568 2.02444650030617 3.865991224183504
23.058 -1.7236456632614137 8.869320106506347 -3.826473021507263 -10.187786259541983 -8.713740458015266 12.50381679389313 114.83999999999999 -19.08 83.88000000000001 3.5050176228716623 2.021937527523206 3.868142887062016
23.073 -1.7276559591293335 8.867404747009278 -3.788345384597778 -8.83969465648855 -6.7824427480916025 10.565648854961832 115.25999999999999 -19.740000000000002 83.7 3.504659748106075 2.0194285547402413 3.8694055189614778
23.103 -1.7118542194366455 8.843702220916748 -3.7608120441436768 -7.57175572519084 -4.555725190839693 8.704580152671756 115.38 -19.74 83.7 3.504659748106075 2.016919581957277 3.872107706983081
23.117 -1.6968904614448548 8.849568080902099 -3.7387255430221558 -6.727480916030534 -2.390839694656488 6.812213740458015 115.98000000000002 -20.22 83.93999999999998 3.504838653039202 2.0132333479945985 3.8760729106041225
23.132 -1.6612767100334167 8.849568080902099 -3.715741205215454 -6.027480916030533 -0.6709923664122137 5.032824427480916 115.62 -20.34 83.94 3.5051966577047025 2.0101717678637465 3.88226884508745
23.163 -1.6889297366142273 8.870098400115968 -3.720409893989563 -5.578625954198472 0.429007633587786 3.534351145038168 115.98000000000002 -20.82 83.94 3.506270282811028 2.0046011113931437 3.892401626609357
23.178 -1.6903064012527467 8.905652236938476 -3.697245979309082 -5.037404580152671 1.4374045801526716 2.376335877862595 116.15999999999997 -21.36 83.88 3.5077916669879974 1.9970720718171606 3.8926924120664843
23.193 -1.6541539549827575 8.925284671783448 -3.667617750167847 -4.202290076335878 2.2213740458015265 1.43587786259542 115.8 -21.48 84.23999999999998 3.5094023985175413 1.9908749679743902 3.892596109417582
23.223 -1.6138116598129273 8.905891609191894 -3.6411019563674927 -3.2496183206106877 2.4709923664122138 0.6740458015267177 116.4 -21.36 85.08 3.5105662317936903 1.9849053071982279 3.884367881040126
23.238 -1.5526398062705993 8.881470775604248 -3.5952529907226562 -2.5175572519083973 2.2908396946564884 0.05877862595419851 116.28 -21.84 84.96 3.5118197048125928 1.9800336005321792 3.8747756329766716
23.253 -1.5199589610099793 8.856211948394776 -3.548745632171631 -2.170992366412214 1.7580152671755722 -0.3854961832061069 116.33999999999996 -22.259999999999998 85.25999999999999 3.513432781851815 1.976180358668514 3.8625002045627523
23.283 -1.5016433119773864 8.852560806274415 -3.48595769405365 -2.2030534351145037 1.1351145038167938 -0.5992366412213742 116.63999999999999 -21.96 85.91999999999999 3.5152247638241634 1.9711445215324095 3.8532617400954976
23.298 -1.4684836268424988 8.877879428863526 -3.410959315299988 -2.2396946564885494 0.6763358778625954 -0.586259541984733 116.76000000000002 -21.96 86.28 3.5169273014360405 1.9661875710435694 3.8448249000551273
23.313 -1.4146140933036804 8.880752468109131 -3.3496078968048097 -1.9167938931297712 0.43740458015267175 -0.46183206106870234 116.46000000000001 -22.020000000000003 86.46000000000001 3.5185403784752625 1.9639854974782243 3.835691772692981
23.342 -1.3702016592025756 8.860222148895264 -3.3144131183624266 -1.6290076335877863 0.3534351145038168 -0.3381679389312978 117.3 -21.78 86.58 3.5196159581683757 1.9620182069778314 3.825763075810592
23.357 -1.3285425543785094 8.852321243286132 -3.29238646030426 -1.7625954198473281 0.44732824427480916 -0.2549618320610687 117.05999999999999 -21.78 86.7 3.5215004635973024 1.9608375554152477 3.8178297307187576
23.373 -1.2862848877906798 8.859384155273437 -3.276405167579651 -2.1557251908396946 0.6465648854961831 -0.18625954198473282 117.05999999999999 -22.020000000000003 87.06 3.5232963822171186 1.9606801418357307 3.8171515362515414
23.403 -1.2576143264770507 8.882188987731933 -3.269042992591858 -2.3595419847328243 0.9633587786259543 -0.200763358778626 116.82000000000001 -22.38 87.17999999999999 3.5250923008369357 1.9618594992220761 3.8197592510825134
23.418 -1.244506061077118 8.894519138336182 -3.2981924057006835 -2.2900763358778624 1.349618320610687 -0.18778625954198475 116.22 -22.740000000000002 86.94000000000001 3.5267083303559197 1.9679074940411325 3.8208153096543045
23.433 -1.2291831731796266 8.893621349334717 -3.335482096672058 -2.0992366412213737 1.787022900763359 -0.11450381679389313 116.1 -22.26 86.82000000000002 3.5288646228363225 1.9727007987223146 3.822928595411045
23.463 -1.210927379131317 8.897811222076417 -3.3523013591766357 -1.9908396946564886 2.0763358778625958 0.07022900763358778 116.09999999999998 -21.78 87.18 3.530573100254275 1.977103350928911 3.827046014608913
23.478 -1.197519850730896 8.899786472320557 -3.3731309175491333 -1.731297709923664 2.0755725190839702 0.2633587786259542 115.85999999999999 -22.14 87.06 3.5317414114717898 1.9804895775228855 3.8292416246112944
23.493 -1.1933898448944091 8.888054943084716 -3.389291787147522 -1.4068702290076336 1.9030534351145043 0.5068702290076337 115.97999999999998 -22.26 87.17999999999998 3.5329997087641916 1.9826957157058718 3.8320995819672374
23.523 -1.1941081047058106 8.888473892211914 -3.373909044265747 -1.2603053435114504 1.54351145038168 0.8908396946564885 116.33999999999999 -22.26 87.17999999999998 3.5343480087644004 1.9833253703948597 3.8336244787586353
23.538 -1.202188527584076 8.90894432067871 -3.3438618183135986 -1.06793893129771 1.0106870229007636 1.3519083969465648 116.69999999999997 -22.26 87.05999999999999 3.5362359788629605 1.9815118985169629 3.834960788944586
23.553 -1.21529678106308 8.922710990905761 -3.3099838733673095 -0.5877862595419848 0.32671755725190843 1.9419847328244277 116.75999999999999 -22.080000000000002 87.48 3.5379473005310205 1.9776446800296459 3.834960788944585
23.583 -1.2177508354187012 8.918102169036866 -3.2787993907928468 -0.08931297709923658 -0.3893129770992368 2.6778625954198474 116.93999999999998 -22.020000000000003 87.06 3.5394790503486853 1.9725141516038587 3.831585674384909
23.597 -1.2249932885169983 8.895716381072997 -3.256712865829468 0.0977099236641221 -1.2137404580152673 3.485496183206107 117.35999999999997 -22.08 86.52000000000001 3.541733302388335 1.9647821731684616 3.8284967661617406
23.612 -1.214099681377411 8.881171607971192 -3.231573748588562 -0.03969465648854962 -2.151908396946565 4.2 117.6 -21.96 86.64000000000001 3.5438060573903543 1.9536783236088369 3.8284967661617415
23.643 -1.2109273552894593 8.87542552947998 -3.224451017379761 -0.3679389312977099 -3.2038167938931297 4.70381679389313 117.66000000000001 -22.860000000000003 86.46000000000001 3.5453392308726963 1.9451756533584021 3.8302334947199506
23.657 -1.2070966362953186 8.878059101104736 -3.2341475248336793 -0.6664122137404581 -4.147328244274809 4.918320610687023 117.3 -22.860000000000003 86.58 3.5468729753593506 1.9360332616232117 3.832935682741554
23.673 -1.2036250472068786 8.888174533843994 -3.257550835609436 -0.8770992366412214 -4.874045801526718 4.956488549618321 117.23999999999998 -23.160000000000004 86.52 3.5491276467723374 1.9284558116319424 3.837456966083934
23.703 -1.202068817615509 8.896793651580811 -3.2965763330459597 -0.9236641221374047 -5.354198473282444 4.823664122137405 117.42 -23.94 86.1 3.5508405571438133 1.9253815425510319 3.8404298781121304
23.718 -1.2015899777412415 8.889910316467285 -3.3501465797424315 -0.8458015267175572 -5.536641221374047 4.500000000000001 117.42 -24.059999999999995 85.86 3.5521926024726227 1.922308045970821 3.8434956645903986
23.733 -1.2002731680870056 8.876802062988281 -3.3944393157958985 -0.9610687022900762 -5.487022900763359 4.0488549618320615 117.06000000000002 -24.659999999999997 86.22000000000001 3.553184470383689 1.9228603482579831 3.8452197837605993
23.763 -1.2006322979927062 8.882608032226562 -3.410899448394775 -1.3274809160305343 -5.174809160305344 3.4702290076335878 116.99999999999997 -25.439999999999998 85.44000000000001 3.5537261445738295 1.92428289560197 3.8468525952175256
23.777 -1.2151172280311584 8.898050594329835 -3.4208353996276855 -1.6419847328244273 -4.6709923664122135 2.780152671755725 117.53999999999999 -25.619999999999997 86.22 3.553996956351279 1.928704748870604 3.8462766269895154
23.793 -1.2149376630783082 8.924865627288819 -3.408744692802429 -1.76412213740458 -3.8274809160305336 2.0030534351145044 117.53999999999999 -25.859999999999996 86.58000000000001 3.552372839966888 1.9441899772752298 3.8438785960778703
23.823 -1.220803451538086 8.943181324005128 -3.3843836784362793 -1.633587786259542 -2.783206106870228 1.1954198473282445 117.60000000000002 -26.4 86.16 3.55074993230322 1.9610775125530975 3.842247580376057
23.838 -1.2228983759880065 8.953955173492432 -3.35152325630188 -1.3587786259541985 -1.669465648854962 0.4366412213740456 117.9 -26.46 86.34 3.549216758820878 1.974587876551506 3.838493402730271
23.853 -1.2319364905357362 8.947610569000243 -3.328000235557556 -1.1572519083969464 -0.5931297709923665 -0.19694656488549617 118.74000000000001 -26.579999999999995 86.10000000000001 3.5474128562700677 1.988662633841265 3.835022240624076
23.883 -1.2372037291526794 8.935400199890136 -3.3048961877822878 -1.1786259541984734 0.44885496183206125 -0.7038167938931299 119.57999999999997 -26.1 86.10000000000001 3.5456082816893577 2.0016511706173397 3.8318428195048555
23.898 -1.2277466416358949 8.93665714263916 -3.2674867868423463 -1.3908396946564885 1.3167938931297711 -1.087786259541985 119.69999999999997 -25.380000000000003 86.46000000000001 3.5444356375088852 2.009515205023974 3.830593649287868
23.912 -1.2322956204414368 8.947550773620605 -3.2413899898529053 -1.6145038167938932 1.8267175572519083 -1.3328244274809158 119.64000000000001 -25.32 86.76000000000002 3.543714077937634 2.0154958327959114 3.830401405844497
23.943 -1.2170325875282288 8.946712875366211 -3.2248101472854613 -1.6404580152671755 2.1923664122137407 -1.4396946564885496 119.76000000000002 -25.200000000000003 86.52000000000001 3.5430826546011005 2.0202954081481765 3.8314583956862136
23.957 -1.199255633354187 8.939769649505616 -3.233189845085144 -1.5595419847328247 2.332824427480916 -1.5221374045801526 120.3 -25.14 86.82000000000001 3.542180200728839 2.0272193850019136 3.831747175629519
23.973 -1.175672745704651 8.935699558258056 -3.242826509475708 -1.572519083969466 2.2656488549618317 -1.6015267175572518 120.0 -24.84 86.03999999999999 3.5415485420926025 2.0303652292984893 3.8328998743120835
24.003 -1.1628637671470643 8.930013275146484 -3.247734618186951 -1.669465648854962 2.045038167938931 -1.6770992366412212 120.05999999999999 -24.18 85.74 3.5424501562550077 2.021589948474684 3.8352979052237286
24.018 -1.14610435962677 8.932048320770264 -3.2567727327346803 -1.8435114503816794 1.7832061068702292 -1.76412213740458 119.28 -24.0 86.16 3.543892472171978 2.008891324014842 3.8374097950897217
24.033 -1.1392808914184571 8.938931655883788 -3.264374327659607 -2.0 1.4954198473282443 -1.8389312977099237 119.33999999999999 -24.06 86.34 3.545154732723123 1.997592622181515 3.83923470289682
24.077 -1.1365275502204895 8.955691051483154 -3.267426919937134 -2.081679389312977 1.2946564885496183 -1.862595419847328 118.97999999999999 -24.419999999999998 85.97999999999999 3.546687621033205 1.9862858648972506 3.8405813009478584
24.078 -1.1215637922286987 8.985917854309083 -3.2527624368667603 -2.017557251908397 1.1709923664122137 -1.8587786259541983 118.67999999999999 -24.72 86.03999999999999 3.548040420647292 1.9765413749877863 3.842698324124858
24.092 -1.1185710310935975 8.994716548919678 -3.256712865829468 -1.6847328244274813 1.047328244274809 -1.8931297709923662 118.79999999999998 -24.839999999999996 85.79999999999998 3.549393724088172 1.9677293211792979 3.8450072944325626
24.123 -1.102051043510437 8.977657890319824 -3.2528223037719726 -1.3381679389312977 1.0763358778625953 -1.954198473282443 118.67999999999999 -24.839999999999996 85.43999999999998 3.550295841688212 1.9623799783682234 3.8465476273016734
24.138 -1.0981604695320129 8.969637298583985 -3.2510864973068236 -1.3045801526717555 1.0236641221374048 -2.0770992366412218 118.43999999999998 -24.479999999999997 85.43999999999997 3.5510175356129055 1.9590778552064054 3.846547627301674
24.153 -1.0977414846420288 8.974006748199463 -3.2394147634506227 -1.4427480916030535 0.9931297709923665 -2.1832061068702293 118.25999999999999 -24.419999999999998 85.49999999999999 3.5512880951864836 1.9549135288091288 3.844434341544934
24.183 -1.0999561190605163 8.974724960327148 -3.2358833074569704 -1.4335877862595419 1.0381679389312979 -2.1954198473282447 118.61999999999998 -25.019999999999996 85.97999999999999 3.551558705123147 1.9510584853511486 3.8436655371547515
24.197 -1.103128433227539 8.979992198944093 -3.2486324310302734 -1.2603053435114502 1.0717557251908398 -2.1435114503816797 118.97999999999999 -25.499999999999996 86.1 3.551558705123147 1.947670311021166 3.8453037755398753
24.213 -1.1113884210586549 8.985379123687744 -3.25377995967865 -0.9564885496183205 1.1190839694656487 -1.984732824427481 119.57999999999997 -25.619999999999997 86.22 3.5517392968698465 1.9450645151638533 3.845881527525429
24.243 -1.1145607352256774 8.991604042053222 -3.2668283462524412 -0.6068702290076335 1.1931297709923663 -1.752671755725191 119.7 -25.259999999999998 86.1 3.5517392968698474 1.9419032569216477 3.8456890714972296
24.257 -1.11061030626297 8.979932308197021 -3.269701385498047 -0.2877862595419848 1.2908396946564884 -1.5297709923664122 119.82000000000001 -24.9 85.97999999999999 3.5511075204477542 1.944741396191097 3.844438520992709
24.272 -1.1101314663887023 8.947790145874023 -3.2790387630462647 -0.15954198473282452 1.2969465648854963 -1.370229007633588 119.46 -25.139999999999997 86.1 3.550295387759989 1.947816183972516 3.844149227846008
24.302 -1.1110891461372376 8.940727233886719 -3.2749686241149902 -0.33893129770992375 1.2633587786259541 -1.2893129770992369 119.1 -25.020000000000003 85.97999999999999 3.5494829520774878 1.9495534476250298 3.84521162578823
24.317 -1.1186907291412354 8.951022243499756 -3.269461965560913 -0.4862595419847329 1.1870229007633588 -1.2595419847328246 119.4 -25.560000000000002 85.92 3.5490316832693742 1.9490800251934495 3.846563920236684
24.333 -1.1249755024909973 8.958803367614745 -3.2658706665039063 -0.3755725190839695 1.2114503816793893 -1.2366412213740456 120.0 -26.4 86.16 3.5488511589325524 1.9461616807350797 3.8495566323763333
24.363 -1.1270105719566346 8.956708431243896 -3.2705992221832276 -0.1923664122137405 1.2610687022900762 -1.2229007633587785 119.82000000000001 -25.98 85.98 3.549031615963217 1.9434809929067953 3.853987108846
24.377 -1.1263521671295167 8.951441192626953 -3.2667685031890867 -0.14732824427480923 1.231297709923664 -1.2778625954198473 119.52000000000001 -25.8 85.80000000000001 3.5486708362810964 1.9458429758236448 3.8533155152281457
24.393 -1.1221024632453918 8.943600177764893 -3.2594661951065063 -0.2587786259541985 1.165648854961832 -1.3229007633587786 119.22 -25.859999999999996 86.22000000000001 3.5479494109597822 1.951509700925183 3.849949368812074
24.422 -1.1214440584182739 8.940547561645507 -3.2538996934890747 -0.48473282442748095 1.0694656488549619 -1.380916030534351 119.1 -25.380000000000003 86.1 3.5467767667793098 1.9593058766136071 3.8479305838605575
24.438 -1.113423478603363 8.933604431152343 -3.2437243461608887 -0.7076335877862596 0.9786259541984734 -1.4458015267175572 118.97999999999999 -25.5 86.1 3.5460550728546165 1.9664035176912722 3.846393989769003
24.452 -1.1033678293228149 8.93863229751587 -3.2395344972610474 -0.8335877862595419 0.7946564885496185 -1.5679389312977101 118.73999999999998 -25.620000000000005 86.46000000000001 3.545784563605318 1.9666396475027343 3.8456262009364806
24.482 -1.1088146328926087 8.952578449249268 -3.2376790046691895 -0.8091603053435115 0.6259541984732824 -1.6916030534351143 118.73999999999998 -25.26 86.7 3.5459649198709897 1.9647486758379167 3.845529812753773
24.497 -1.1045649290084838 8.94832878112793 -3.2424674034118652 -0.7137404580152673 0.46030534351145025 -1.7679389312977096 118.67999999999998 -25.32 86.88 3.5460551231788977 1.963959431587257 3.845336455318376
24.513 -1.1047444939613342 8.944917106628418 -3.2485726118087768 -0.7770992366412214 0.2847328244274808 -1.8152671755725192 118.43999999999998 -24.6 86.75999999999999 3.5461453432874395 1.9630118365433606 3.8451430113098413
24.543 -1.115159273147583 8.942283439636231 -3.2512062311172487 -1.0068702290076337 0.0770992366412214 -1.7717557251908396 118.26000000000002 -23.7 87.05999999999999 3.5461453432874386 1.9638014987227677 3.8444654257432114
24.558 -1.1100117444992066 8.945216369628906 -3.241509699821472 -1.2694656488549618 -0.04122137404580154 -1.6786259541984734 118.32000000000001 -24.240000000000002 87.72 3.5460551063653147 1.965615745102442 3.8442718516372545
24.573 -1.1134833335876464 8.953416538238525 -3.240133023262024 -1.4465648854961832 -0.12519083969465652 -1.5610687022900762 118.13999999999999 -23.82 87.89999999999999 3.545964953381688 1.9676583520413549 3.847350488030415
24.603 -1.1139023184776307 8.972450447082519 -3.2287007093429567 -1.4824427480916031 -0.09618320610687026 -1.4893129770992366 118.01999999999998 -23.82 87.29999999999998 3.545784764540597 1.9711065899190328 3.8505235790213193
24.617 -1.115578258037567 8.975562953948975 -3.2303167819976806 -1.3656488549618322 -0.05496183206106873 -1.4862595419847326 118.08 -24.240000000000002 87.72 3.5454245204109887 1.9739272971124997 3.853893452584825
24.633 -1.1240178227424622 8.973827075958251 -3.235224890708923 -1.2587786259541986 0.04274809160305344 -1.4893129770992366 117.83999999999999 -24.12 88.08 3.544883953784536 1.9749482561321519 3.8576484620746903
24.663 -1.1333552122116088 8.97179193496704 -3.2387563467025755 -1.299236641221374 0.19770992366412213 -1.4534351145038167 117.65999999999997 -24.18 88.02 3.544703698051093 1.975263008272502 3.8613075928436005
24.678 -1.134312891960144 8.982685565948486 -3.238397216796875 -1.453435114503817 0.34656488549618314 -1.384732824427481 118.08 -23.88 87.72 3.543982674859099 1.9821011588425594 3.863045870632564
24.692 -1.1396399855613708 9.001360321044922 -3.233010268211365 -1.5351145038167942 0.5045801526717557 -1.2725190839694656 117.96000000000001 -23.520000000000003 87.47999999999999 3.542901340309615 1.9913747085092137 3.86323922806796
24.723 -1.1397596955299378 9.006388092041016 -3.2307956218719482 -1.4435114503816797 0.6587786259541984 -1.1328244274809163 118.25999999999999 -24.06 88.02 3.541729785651591 2.0017488582291754 3.8638198203201606
24.738 -1.1274295568466186 9.008602809906005 -3.2307956218719482 -1.2839694656488552 0.7786259541984734 -1.0801526717557253 117.78000000000002 -24.3 87.53999999999999 3.540198035833926 2.0092187573336133 3.8641100838624154
24.753 -1.1238981127738952 9.00590934753418 -3.229538679122925 -1.134351145038168 0.7534351145038167 -1.1083969465648855 117.47999999999999 -23.759999999999998 86.88000000000001 3.5385766338375513 2.013621984662939 3.8645941820864183
24.782 -1.1277886867523192 9.006867027282714 -3.2249298334121703 -0.9793893129770993 0.7244274809160306 -1.1732824427480917 117.72 -24.479999999999997 86.4 3.5374961007601526 2.0121297013926243 3.8657543278064153
24.797 -1.1245565176010133 8.986396598815919 -3.2301372289657593 -0.8580152671755725 0.7083969465648854 -1.2267175572519085 117.96 -24.72 86.4 3.536596156332375 2.0068747456904785 3.866913954845623
24.814 -1.1137227654457091 8.987174701690673 -3.2234933376312256 -0.8473282442748091 0.6801526717557251 -1.2633587786259541 117.9 -25.02 86.10000000000001 3.535786580318703 2.0024053931945973 3.8667206838567814
24.843 -1.1158176898956298 9.003934192657471 -3.214215803146362 -0.7427480916030536 0.5702290076335877 -1.3244274809160306 118.32000000000001 -25.2 86.16 3.534707244815069 2.0044444868582545 3.867301276108981
24.858 -1.114919865131378 9.008782482147216 -3.2067339181900025 -0.401526717557252 0.5022900763358779 -1.3580152671755727 118.8 -25.32 86.03999999999999 3.532998137050883 2.009546152307311 3.8684632431994883
24.873 -1.10887451171875 8.993040657043457 -3.2126595735549928 -0.0541984732824428 0.4557251908396946 -1.3717557251908397 118.55999999999999 -25.2 86.28 3.5317389119072318 2.0072716964858963 3.86923806147418
24.902 -1.1036072731018067 8.979034614562988 -3.213916516304016 0.11755725190839694 0.400763358778626 -1.4091603053435116 118.61999999999998 -25.5 85.97999999999999 3.530929485243149 2.0010724159001527 3.870303078266205
24.918 -1.1012130737304688 8.97472505569458 -3.2157121658325196 0.13664122137404575 0.31679389312977096 -1.4916030534351146 118.31999999999998 -25.44 85.91999999999999 3.5303897182331143 1.9926713010913233 3.871175435068083
24.933 -1.1068394422531127 8.977837467193604 -3.2090084075927736 0.1427480916030534 0.2595419847328244 -1.5793893129770993 118.73999999999998 -25.74 85.97999999999999 3.5303897182331143 1.9848066586937183 3.8720473995741513
24.962 -1.1125855207443238 8.98843173980713 -3.2093076705932617 0.20839694656488553 0.25801526717557244 -1.6244274809160306 118.73999999999998 -26.1 85.97999999999999 3.5307495628636567 1.9777202065478268 3.8726290360383766
24.978 -1.1115081310272217 8.98831205368042 -3.214215803146362 0.33053435114503826 0.30687022900763355 -1.6297709923664125 118.79999999999998 -25.8 86.4 3.5313795819983596 1.9718074088073787 3.873404202638117
24.992 -1.1188702940940858 9.000702095031738 -3.208948540687561 0.4229007633587787 0.3557251908396946 -1.6587786259541986 118.85999999999999 -25.74 86.70000000000002 3.532459715267229 1.9648633353632348 3.870703217821698
25.022 -1.128267526626587 8.99244213104248 -3.2100857734680175 0.47175572519083986 0.465648854961832 -1.6595419847328245 118.86000000000001 -25.139999999999997 86.70000000000002 3.537973556859923 1.956260667138627 3.868871430847624
25.038 -1.1215039134025573 8.974126434326172 -3.211223030090332 0.30458015267175576 0.6969465648854962 -1.6709923664122137 118.55999999999999 -24.96 86.64000000000001 3.544212903422725 1.9442004628440201 3.8664574205057898
25.053 -1.1148001432418824 8.967841625213623 -3.2142756462097166 -0.11984732824427487 0.9290076335877864 -1.690839694656488 118.02000000000001 -25.74 86.34 3.5506307043066565 1.9310383180494455 3.863365754021065
25.083 -1.116895067691803 8.968799304962157 -3.2061952114105225 -0.5068702290076336 1.1862595419847328 -1.7343511450381677 118.08 -26.04 86.28 3.555143038461633 1.921174214939048 3.8601785391960988
25.099 -1.121025061607361 8.98047103881836 -3.2048185586929323 -0.7587786259541985 1.454198473282443 -1.780916030534351 118.67999999999999 -26.04 86.88000000000001 3.556763240101619 1.9137460508832955 3.8570875630339616
25.113 -1.115937387943268 8.99603338241577 -3.201167416572571 -0.8198473282442749 1.7396946564885496 -1.835114503816794 118.44000000000001 -26.04 86.88000000000001 3.5582039518330157 1.9076544444254584 3.8528393407629467
25.157 -1.1011531949043274 8.995674228668213 -3.2042200326919557 -0.7396946564885496 1.9778625954198474 -1.8633587786259542 118.08 -25.919999999999998 86.76 3.560096817734201 1.902585357839477 3.848881218230887
25.158 -1.097741460800171 8.985618591308594 -3.215353083610535 -0.7465648854961832 2.1122137404580155 -1.8648854961832062 118.73999999999998 -25.74 87.17999999999999 3.5627137016252513 1.8979088990773985 3.844922212828206