62.494 -0.943854171037674 9.510666847229004 -1.6692972779273987 -0.4206106870229007 -0.9061068702290076 -1.612977099236641 140.28 -40.32000000000001 70.79999999999998 3.414013150028076 1.8900543309694036 7.315522094504063
62.509 -0.9474454760551453 9.515814399719238 -1.65888249874115 -0.4022900763358779 -0.8267175572519084 -1.525954198473282 140.16000000000003 -40.440000000000005 70.91999999999999 3.41357372020488 1.892193920887586 7.317996347273718
62.539 -0.9506776452064514 9.509350109100343 -1.653555405139923 -0.31603053435114503 -0.6465648854961832 -1.4419847328244273 140.34 -40.5 70.38 3.412958518368062 1.8962319231296836 7.319230532220422
62.554 -0.9512163400650024 9.491393566131592 -1.6437391757965087 -0.3129770992366413 -0.38702290076335866 -1.380152671755725 140.16000000000003 -40.56 70.32000000000001 3.412519088544866 1.8995613593303324 7.320719129003424
62.569 -0.960254454612732 9.491154193878174 -1.6347010612487793 -0.48320610687022897 -0.13435114503816797 -1.36793893129771 139.85999999999999 -40.62 70.38000000000001 3.4120795838308227 1.9017035078314581 7.320719129003424
62.599 -0.9753977835178376 9.505040550231934 -1.6306309223175048 -0.568702290076336 0.1511450381679389 -1.3862595419847326 140.1 -40.74 70.14 3.4133972018709593 1.901782902686336 7.318726182986941
62.614 -0.9828796625137329 9.511923885345459 -1.6264410614967346 -0.49847328244274813 0.5480916030534351 -1.417557251908397 140.1 -41.580000000000005 70.74 3.4142753893657733 1.9005919769217772 7.314742988095974
62.629 -0.9824606776237488 9.508991050720216 -1.6264410614967346 -0.4175572519083969 0.8908396946564885 -1.4625954198473283 139.61999999999998 -41.58 70.86 3.4154169366109137 1.900115035734198 7.310986930822968
62.659 -0.985692846775055 9.508452320098877 -1.627159333229065 -0.4244274809160305 1.1221374045801527 -1.5152671755725189 139.92 -41.28 70.8 3.416207103999411 1.9004330639065876 7.311485507265161
62.674 -0.9931747257709503 9.504442119598389 -1.6269797682762146 -0.5122137404580152 1.3419847328244274 -1.5427480916030532 140.04 -41.39999999999999 70.91999999999999 3.4165583788289937 1.9009897618090765 7.310242044399663
62.689 -0.9888651549816132 9.501269817352295 -1.6256629586219788 -0.5984732824427481 1.4961832061068703 -1.5870229007633587 140.21999999999997 -41.94 70.25999999999999 3.416821946938243 1.8997975951916632 7.311981705623829
62.719 -0.9833584904670716 9.496900367736817 -1.6285958528518676 -0.6618320610687023 1.5809160305343513 -1.6381679389312975 140.64 -42.239999999999995 70.32000000000001 3.416821946938243 1.8956716780565412 7.315724901365753
62.734 -0.9752780616283416 9.494266700744628 -1.624765121936798 -0.7213740458015268 1.6068702290076335 -1.661832061068702 140.57999999999998 -42.78 70.38 3.4162952135052684 1.8894875373025486 7.320954667083413
62.749 -0.9739013969898224 9.511026096343993 -1.6357784509658813 -0.7435114503816795 1.5541984732824428 -1.6595419847328245 141.06 -43.14 70.97999999999999 3.4157683906725906 1.8845676143981245 7.318724049194488
62.779 -0.9758766114711761 9.52162036895752 -1.6458341002464294 -0.6374045801526718 1.5099236641221376 -1.6549618320610686 142.38 -43.019999999999996 71.1 3.415153711807508 1.8803569386447954 7.313550930286351
62.794 -0.9688137114048004 9.508990955352782 -1.6570868492126465 -0.5824427480916032 1.4251908396946567 -1.6458015267175576 142.44 -42.720000000000006 71.52 3.4132223509529815 1.877493420365365 7.310828324453995
62.809 -0.9646837174892425 9.503364562988281 -1.6595409035682678 -0.6809160305343512 1.2000000000000002 -1.651908396946565 142.08 -42.720000000000006 71.28 3.411993305154767 1.8755043456502445 7.311571861834961
62.839 -0.9681553065776825 9.510906219482422 -1.659421193599701 -0.7595419847328245 0.9213740458015269 -1.669465648854962 142.56 -43.080000000000005 71.28 3.4106763584257975 1.8741513400876741 7.310080215233529
62.854 -0.9650428473949433 9.51126537322998 -1.6582240819931031 -0.6870229007633589 0.7465648854961834 -1.651145038167939 142.44 -43.2 71.4 3.4094477293227134 1.8720816900507486 7.308338175925838
62.869 -0.9588179230690003 9.504800987243652 -1.6595408916473389 -0.5297709923664121 0.581679389312977 -1.5938931297709922 142.2 -42.84 71.64 3.408394618975001 1.8701712460372562 7.310080215233529
62.899 -0.9540893793106079 9.503005409240723 -1.6572664022445678 -0.4221374045801526 0.433587786259542 -1.5167938931297706 142.5 -42.18 72.41999999999999 3.4077798356840296 1.8687381034920691 7.310080215233529
62.915 -0.9593566238880158 9.499952793121338 -1.6578050971031189 -0.40916030534351144 0.332824427480916 -1.4595419847328244 142.26 -41.82 72.3 3.4073407794119377 1.8672249251077495 7.307580482357102
62.929 -0.9651027083396911 9.505698871612548 -1.6570269823074342 -0.4900763358778626 0.2816793893129771 -1.4732824427480917 142.26 -41.339999999999996 72.17999999999999 3.4076040791057 1.8659501768447946 7.303837286615179
62.959 -0.9707889378070831 9.50372371673584 -1.6525977015495301 -0.581679389312977 0.32137404580152673 -1.5396946564885496 142.14 -41.1 71.58000000000001 3.4076040791057 1.8652333312397573 7.306814491703501
62.975 -0.9669582188129425 9.498875522613526 -1.6456545114517211 -0.6564885496183206 0.4961832061068702 -1.5641221374045802 141.35999999999996 -40.8 71.52000000000001 3.407077791590665 1.8696024551635406 7.310749224371837
62.989 -0.9596559047698975 9.495044803619384 -1.6366163969039917 -0.6770992366412214 0.7977099236641221 -1.562595419847328 141.48 -41.28 71.52000000000001 3.4069025695393136 1.874210633674925 7.3124794330601075
63.019 -0.9545083701610565 9.48786220550537 -1.634760892391205 -0.7198473282442748 1.1847328244274808 -1.5557251908396945 141.89999999999998 -40.86 71.1 3.4067272292953796 1.8769144840655894 7.316220066265297
63.035 -0.9510367810726166 9.483851909637451 -1.6347010374069213 -0.8389312977099236 1.5732824427480916 -1.5496183206106873 141.48 -40.440000000000005 71.03999999999999 3.406201385900289 1.878028904920225 7.320713456235002
63.05 -0.9493009805679321 9.485468006134033 -1.6387113332748413 -0.9603053435114504 1.918320610687023 -1.5671755725190841 142.08 -40.68 70.92 3.406113737963352 1.8777897160319181 7.325461365022288
63.079 -0.9501988053321838 9.493608283996583 -1.644277858734131 -1.016793893129771 2.2541984732824427 -1.601526717557252 141.96 -41.64 70.79999999999998 3.405412849518961 1.8776302837586016 7.326210511469711
63.095 -0.9428964853286743 9.500431728363036 -1.646013653278351 -1.0198473282442748 2.5389312977099237 -1.619847328244275 142.56 -42.239999999999995 70.44 3.404185466470723 1.8770721760935587 7.33047031270016
63.109 -0.9389460504055023 9.503424549102784 -1.6454749584197998 -0.9526717557251908 2.7267175572519085 -1.6137404580152672 142.49999999999997 -42.53999999999999 70.38 3.4026079337021273 1.890983425060178 7.334478155002183
63.138 -0.9333795309066772 9.500371932983398 -1.6410456895828247 -0.8564885496183205 2.855725190839695 -1.5694656488549619 142.14 -41.94 70.38 3.4010301348913488 1.9059168611307489 7.341750019478472
63.154 -0.9291896760463715 9.50013246536255 -1.6382923603057862 -0.8244274809160306 2.896946564885496 -1.5 141.83999999999997 -41.99999999999999 70.55999999999999 3.3997154141625536 1.9202935982192912 7.345757861780496
63.169 -0.9259575009346008 9.499234580993653 -1.631708312034607 -0.8290076335877863 2.863358778625954 -1.451908396946565 141.78 -42.53999999999999 70.25999999999999 3.398839450869905 1.9303770405420173 7.3540101067693175
63.199 -0.9287706851959229 9.504860973358154 -1.6273388981819152 -0.8633587786259543 2.8053435114503817 -1.410687022900763 141.72 -42.36 70.8 3.397701940248285 1.940617249679144 7.361014337350371
63.214 -0.9334992349147797 9.514617347717286 -1.631588613986969 -0.8274809160305343 2.7419847328244273 -1.361832061068702 141.9 -42.9 70.73999999999998 3.3965636660295373 1.9513464586985982 7.365047110506374
63.229 -0.9293692350387573 9.521081733703614 -1.632247018814087 -0.7603053435114504 2.76412213740458 -1.2885496183206109 141.6 -43.32000000000001 71.03999999999999 3.3958633663980593 1.9624079137418255 7.367820586286429
63.259 -0.9223661959171295 9.521321105957032 -1.6294338345527648 -0.7412213740458015 2.8267175572519085 -1.2633587786259541 141.06 -42.9 71.1 3.3952502438442016 1.9736503892267927 7.36857594159509
63.275 -0.9203909814357758 9.521919631958008 -1.6292542695999146 -0.7832061068702291 2.8572519083969468 -1.3076335877862597 141.18 -42.419999999999995 71.1 3.3951626990748336 1.983158748936124 7.37108427597848
63.289 -0.9254188060760498 9.519884586334229 -1.631588613986969 -0.8175572519083969 2.9145038167938933 -1.3778625954198476 140.45999999999998 -42.419999999999995 71.7 3.3951626990748336 1.9918033859105608 7.370580532021037
63.319 -0.9146449029445648 9.516053867340087 -1.6348207950592042 -0.8305343511450382 3.041984732824427 -1.4251908396946567 140.88 -41.76 72.48 3.3955128487951916 1.9844013273596333 7.36882167632277
63.334 -0.9053673684597016 9.51168451309204 -1.6448165893554687 -0.8305343511450382 3.157251908396946 -1.463358778625954 141.0 -42.12 72.47999999999999 3.395775483115223 1.9750290001143607 7.367053075942427
63.349 -0.9219472169876098 9.5059983253479 -1.6394296407699585 -0.7755725190839694 3.2412213740458014 -1.5221374045801528 141.12 -42.71999999999999 72.47999999999999 3.396563916328983 1.964626043335879 7.369326993400165
63.379 -0.9071630239486694 9.511385345458985 -1.6314090609550476 -0.7946564885496182 3.3694656488549612 -1.586259541984733 140.99999999999997 -42.6 73.08000000000001 3.3976152494735365 1.9529567060438076 7.367309227174365
63.395 -0.8971073806285859 9.508272838592529 -1.6345813751220704 -0.7679389312977098 3.4267175572519086 -1.66793893129771 141.42 -42.660000000000004 72.41999999999999 3.3995417249609 1.940336447698018 7.36630034584222
63.409 -0.8929773807525635 9.5101881980896 -1.6317083239555359 -0.715267175572519 3.451908396946565 -1.7770992366412215 141.06 -42.540000000000006 72.9 3.401206197726983 1.9292102234137183 7.364530520362744
63.439 -0.8823231816291809 9.501509189605713 -1.63386310338974 -0.648854961832061 3.457251908396947 -1.8786259541984731 141.23999999999998 -42.96 72.72 3.402607740237381 1.9185463671432117 7.363519542888346
63.454 -0.8792107224464416 9.497079944610595 -1.63158860206604 -0.6190839694656488 3.3984732824427484 -1.9488549618320612 141.35999999999999 -43.2 73.08 3.4040102275267614 1.9088174048493094 7.365795035478311
63.469 -0.872087973356247 9.49827709197998 -1.6312893271446227 -0.6129770992366412 3.3213740458015266 -1.9603053435114504 141.48 -43.2 73.08 3.4053249482555557 1.900424325139022 7.369844588913584
63.499 -0.8714894235134125 9.503843593597413 -1.6352996230125427 -0.6183206106870228 3.2412213740458014 -1.9557251908396946 141.66000000000003 -43.02 73.62 3.4068157203251452 1.8933731261324929 7.374148736630879
63.514 -0.8758588373661041 9.506896114349365 -1.6257228136062623 -0.6236641221374046 3.1580152671755726 -1.9580152671755726 141.42000000000002 -43.14 73.5 3.4079553368127975 1.888217980643954 7.380214726798653
63.529 -0.8825626015663147 9.511624622344971 -1.6228497624397278 -0.616030534351145 3.0610687022900764 -1.9740458015267177 141.90000000000003 -43.74 73.61999999999999 3.409446108882387 1.8838520144208544 7.38631449405693
63.559 -0.8662820279598236 9.515874290466309 -1.624884831905365 -0.6312977099236641 2.9916030534351146 -1.968702290076336 142.02000000000004 -43.38000000000001 74.1 3.410147944400517 1.880515465343142 7.390136102753631
63.575 -0.8735843420028686 9.507734012603759 -1.639728879928589 -0.6442748091603053 2.838167938931298 -1.9595419847328244 142.26 -43.260000000000005 73.74 3.410674410066742 1.8781304836913915 7.397504164326387
63.589 -0.8752004265785217 9.50605812072754 -1.6388310551643372 -0.7786259541984732 2.706106870229007 -1.965648854961832 142.14 -43.14 74.34 3.411201054172094 1.8762210760792215 7.400539212603848
63.619 -0.8694543421268464 9.503484439849853 -1.6308104872703553 -0.9267175572519083 2.561832061068702 -1.9893129770992366 142.07999999999998 -42.96 74.28 3.4113765724233476 1.8737548801301513 7.407413444961899
63.634 -0.8778340518474579 9.506537055969238 -1.624765121936798 -0.9679389312977099 2.375572519083969 -2.033587786259542 142.98000000000002 -42.3 74.57999999999998 3.411815330936682 1.8725614407025308 7.413521710782514
63.649 -0.8762179613113403 9.507734203338623 -1.6169839739799499 -0.8778625954198473 2.2488549618320612 -2.0870229007633587 143.64000000000001 -42.239999999999995 74.51999999999998 3.4115520758526814 1.8724022727450038 7.415811470707797
63.679 -0.8770559310913086 9.499174880981446 -1.6076465845108032 -0.7442748091603054 2.184732824427481 -2.1236641221374044 143.04000000000002 -42.6 74.63999999999999 3.411376587329265 1.8736747961555615 7.417853207761732
63.695 -0.8689156472682953 9.48804178237915 -1.5966931104660034 -0.6816793893129771 2.117557251908397 -2.161068702290076 142.98 -42.17999999999999 73.38 3.410411481509326 1.882302592024407 7.417853207761732
63.709 -0.8659827530384063 9.493787956237792 -1.5971120953559876 -0.7145038167938931 1.9442748091603055 -2.2725190839694656 142.92 -42.48 73.32 3.410060563846197 1.8891164039497088 7.4188740744532
63.739 -0.8590994238853454 9.507793998718261 -1.5941193461418153 -0.7137404580152672 1.7595419847328244 -2.3999999999999995 142.92 -42.239999999999995 73.91999999999999 3.409358490601131 1.892769594921252 7.413531229598645
63.754 -0.8546701490879058 9.515036487579346 -1.599566149711609 -0.6259541984732825 1.5709923664122136 -2.5091603053435114 142.98 -41.94 73.61999999999999 3.408832024934906 1.8949955749028196 7.391180581645547
63.769 -0.8555081188678741 9.533711242675782 -1.5942989110946655 -0.43740458015267186 1.3977099236641222 -2.664885496183206 142.55999999999997 -41.64 73.79999999999998 3.408393266421571 1.8961095115244717 7.363037738492713
63.799 -0.8525752246379852 9.576387882232666 -1.593281376361847 0.13435114503816795 1.0167938931297709 -3.2206106870229005 142.32 -41.52 74.03999999999999 3.4076035008455663 1.89698527082248 7.334239173452579
63.814 -0.9039907038211823 9.608230686187744 -1.6256030917167663 1.1671755725190838 0.6122137404580155 -4.209160305343511 142.44 -41.52 74.16 3.4071648166218518 1.8994514667715499 7.297362939146825
63.829 -0.8930372297763824 9.600030517578125 -1.6607380032539367 2.3595419847328243 0.47022900763358794 -5.622900763358778 141.48 -41.64 74.28 3.4067260581085166 1.8997699068819887 7.257764193949069
63.858 -0.9339182257652283 9.584827327728272 -1.7281946420669556 3.168702290076336 0.10763358778625949 -7.1618320610687025 140.45999999999998 -41.82 74.58 3.406550628968803 1.8985750299123623 7.212472664647093
63.874 -0.9299079358577729 9.623912715911866 -1.7665018677711486 3.811450381679389 -0.15419847328244274 -8.708396946564886 141.29999999999998 -41.7 74.46000000000001 3.4069894618317584 1.8956289289526331 7.170463720117411
63.889 -0.9820416748523713 9.641988945007324 -1.8541296482086183 5.2129770992366415 -0.4870229007633588 -10.33740458015267 140.64 -41.88 74.88 3.4114793788541236 1.8873194000413605 7.105155402204154
63.919 -1.0043077528476716 9.584228801727296 -1.952531337738037 7.061832061068702 -0.5 -11.594656488549619 140.21999999999997 -40.86 74.58 3.413852713857229 1.8824129616998437 6.994271245359866
63.934 -1.001434713602066 9.50809326171875 -2.0763115644454957 8.464885496183205 -0.6351145038167938 -12.657251908396946 139.56 -40.44 73.8 3.410879411598402 1.8801913606616356 6.851546702053348
63.949 -1.0622474372386932 9.488999462127685 -2.226188600063324 9.090839694656488 -1.048091603053435 -13.600763358778627 139.08 -39.84 73.44 3.4078189138624184 1.8777264850723594 6.705855950047099
63.979 -1.1068993031978607 9.479123306274413 -2.4030004024505613 9.2618320610687 -1.1496183206106871 -14.025954198473283 139.08 -39.72 72.47999999999999 3.406942507885006 1.8763736265107844 6.543041352827895
63.995 -1.109353357553482 9.455899524688721 -2.573647129535675 9.154961832061067 -0.6167938931297711 -13.968702290076337 139.02 -39.42 71.46 3.401881305714243 1.8748602809312895 6.382616679723221
64.009 -1.0919954001903533 9.450392913818359 -2.7410616993904116 9.206106870229007 -0.11679389312977109 -13.506870229007632 138.9 -38.94 71.1 3.394046916588688 1.871676517717912 6.217958321588232
64.039 -1.1100117683410644 9.480679607391357 -2.9237393021583555 9.799236641221373 0.13206106870229006 -12.478625954198472 138.78 -38.699999999999996 70.26000000000002 3.3966850830179967 1.8693645971096575 6.050603700493911
64.054 -1.111567997932434 9.496780586242675 -3.1003116726875306 11.149618320610685 0.6381679389312976 -11.231297709923663 138.72 -37.92 69.0 3.4017084186643864 1.868327402094313 5.8892715823377015
64.069 -1.1103110432624816 9.455779838562012 -3.300766205787659 12.921374045801528 1.1916030534351143 -9.99236641221374 138.18 -37.62 69.17999999999999 3.409851025624044 1.8680081740319703 5.726502108712371
64.099 -1.1018116235733033 9.450093650817871 -3.4750641107559206 14.098473282442749 1.5015267175572518 -8.632061068702289 138.3 -36.9 68.46 3.4141134020535113 1.8652185402293373 5.584242154550941
64.114 -1.126412045955658 9.549452972412109 -3.63332085609436 15.258015267175574 1.6229007633587789 -7.451145038167939 137.57999999999998 -37.5 67.38000000000001 3.4132331142302554 1.8606803528763933 5.486993682832702
64.129 -1.161427241563797 9.660962867736817 -3.762607741355896 17.446564885496183 2.1297709923664123 -6.406106870229007 137.94 -37.86 66.9 3.4284554478796445 1.8560571572469868 5.430635223236704
64.159 -1.1199477016925812 9.703400135040283 -3.9015911340713503 20.950381679389313 2.965648854961832 -5.394656488549617 137.82 -37.980000000000004 66.30000000000001 3.44529502566255 1.8533439948419843 5.38934952974888
64.174 -1.094629019498825 9.736140918731689 -4.039317560195923 25.061068702290076 3.484732824427481 -4.731297709923664 137.57999999999998 -37.86 65.7 3.4565388101677876 1.8503105764770449 5.3565381609983325
64.189 -1.137185949087143 9.733088302612305 -4.187638354301453 29.437404580152666 3.555725190839694 -4.082442748091603 137.16 -38.040000000000006 65.03999999999999 3.4714270406166383 1.848394308051967 5.3145050753087935
64.219 -1.1050437927246093 9.712977027893066 -4.305552768707275 33.55496183206107 3.8770992366412207 -3.42442748091603 136.98 -38.82 63.41999999999998 3.491151146291486 1.8467970485359106 5.28875848820715
64.234 -1.1398794293403625 9.721835613250732 -4.417721128463745 37.15419847328245 4.2175572519083975 -3.0251908396946563 136.74 -38.94 61.86 3.4982540206304504 1.846157922432442 5.271806193782836
64.249 -1.1376049399375916 9.755115032196045 -4.518098044395447 40.60839694656489 4.763358778625954 -2.55267175572519 136.61999999999998 -39.17999999999999 60.3 3.5059292319535844 1.84471920398116 5.260700146677211
64.279 -1.1945869386196137 9.774148941040039 -4.63798770904541 44.1824427480916 5.522137404580152 -1.9427480916030528 136.67999999999998 -39.239999999999995 57.83999999999999 3.5078961230193477 1.8432808264909775 5.252025521416909
64.294 -1.1936292588710784 9.782109642028809 -4.7281293869018555 47.86412213740458 6.896183206106871 -1.3847328244274808 137.04 -39.599999999999994 56.04 3.511027265636121 1.842721558322177 5.248771816957669
64.309 -1.1844714343547822 9.74021110534668 -4.83826265335083 51.50076335877863 8.34885496183206 -0.9091603053435116 137.33999999999997 -39.9 54.419999999999995 3.5204371762624747 1.842002329117069 5.255383296500852
64.339 -1.2069170773029327 9.686042308807373 -4.952765369415284 54.54656488549618 9.83587786259542 -0.4015267175572519 137.21999999999997 -40.02 52.14 3.518822330487596 1.8435201696958163 5.260763261513615
64.354 -1.2280458986759186 9.640492630004882 -5.037639808654785 56.84885496183206 11.570992366412213 0.05496183206106873 137.76 -40.68000000000001 49.44 3.516484194122641 1.8433602363851456 5.265055916111523
64.369 -1.2172121286392212 9.577884197235107 -5.092886018753052 59.119083969465656 13.600763358778627 0.4 138.35999999999999 -40.92 47.16 3.517290657973308 1.8437601417837055 5.282733351072073
64.399 -1.1879430174827577 9.52377529144287 -5.14693512916565 61.3175572519084 15.66564885496183 0.8236641221374047 138.65999999999997 -41.580000000000005 44.58 3.514704695471785 1.8429600890365407 5.2991511875968005
64.414 -1.1941679418087006 9.447280502319336 -5.217504215240479 63.33511450381678 17.601526717557253 1.3251908396946566 138.71999999999997 -41.519999999999996 42.720000000000006 3.5067766573396555 1.8429600890365407 5.309479088234861
64.429 -1.1496357858180999 9.351632118225098 -5.282147645950317 65.13893129770992 19.617557251908398 1.886259541984733 139.5 -41.339999999999996 40.260000000000005 3.513167041359213 1.8463089910079742 5.309068847315162
64.459 -1.1143213093280793 9.222943782806396 -5.360258483886719 66.79007633587786 21.238931297709925 2.393893129770992 140.1 -41.7 38.1 3.5146985071023593 1.8490240394435002 5.307825276957443
64.474 -1.0463259816169739 9.11562376022339 -5.4053891658782955 67.9648854961832 22.450381679389317 2.7786259541984735 140.34 -42.06 36.66 3.505204001472299 1.8524552225451967 5.301558736420052
64.489 -0.9515754550695419 8.98436164855957 -5.48284158706665 68.93435114503816 23.162595419847328 3.269465648854962 140.82 -42.54 34.5 3.497456905135288 1.852694965407847 5.304954583508392
64.519 -0.9172785133123398 8.838674545288086 -5.574060678482056 69.67099236641222 23.34885496183206 3.6954198473282447 141.53999999999996 -43.26 31.859999999999996 3.4921976133384485 1.8526949654078475 5.295365230231239
64.534 -0.84694884121418 8.70292329788208 -5.673539733886718 70.36335877862595 23.274045801526718 4.261068702290077 142.31999999999996 -43.44 29.4 3.4839367627258704 1.850937152741211 5.282276885653324
64.549 -0.7454945474863053 8.537244510650634 -5.816533470153809 71.28091603053436 22.967938931297706 4.961068702290076 143.27999999999997 -43.559999999999995 27.6 3.484834720438465 1.8512569811127118 5.279552190196678
64.579 -0.6972513854503631 8.37563591003418 -5.989215278625489 71.92213740458016 21.957251908396945 5.580916030534351 143.51999999999998 -43.68 24.96 3.476563607939056 1.850536977330575 5.257927151072544
64.594 -0.6573879301548005 8.245271587371827 -6.143102598190308 72.32366412213742 20.719847328244274 6.173282442748091 144.54000000000002 -43.620000000000005 22.740000000000002 3.469322542162491 1.850056477041217 5.245510294309469
64.609 -0.6081272274255752 8.104133415222169 -6.324882364273071 72.55038167938932 19.454198473282442 6.930534351145037 145.44 -44.28000000000001 20.52 3.465711781408456 1.8493364732590798 5.237224241395735
64.639 -0.5955576688051224 7.955932331085205 -6.503310251235962 72.62519083969465 17.953435114503815 7.879389312977098 146.82 -45.300000000000004 18.54 3.4486163911714387 1.844947690235464 5.234772622633232
64.654 -0.5743091315031051 7.810364866256714 -6.647800302505493 72.75725190839694 16.685496183206105 8.94732824427481 148.61999999999998 -46.02 16.139999999999993 3.4476248918792374 1.8432720237942235 5.224038448889409
64.669 -0.5269039392471313 7.6242156505584715 -6.835206460952759 73.08320610687025 15.667938931297709 10.116030534351145 150.42 -46.620000000000005 13.379999999999999 3.4600845812934105 1.8402406980482102 5.207713328788692
64.699 -0.5346252381801605 7.469430541992187 -7.003638553619385 73.30305343511452 14.722137404580153 11.24351145038168 151.68 -47.76 10.799999999999997 3.467293495076754 1.8394412218250031 5.1840614449082745
64.714 -0.5024830818176269 7.293396806716919 -7.144896459579468 73.55190839694657 14.122137404580153 12.532824427480918 153.66000000000003 -48.3 8.7 3.4748883424878585 1.8387212180428663 5.16215356875477
64.729 -0.4550778865814209 7.109103155136109 -7.257902812957764 73.9412213740458 13.814503816793893 13.464122137404582 155.4 -49.32 6.720000000000001 3.4868352571195467 1.8387212180428663 5.142912006229322
64.759 -0.43957543149590494 6.923911666870117 -7.3543891429901125 74.10992366412214 13.287786259541985 14.109923664122139 156.6 -49.92 4.680000000000001 3.4851305413406686 1.8384813611194404 5.1014157250026155
64.774 -0.42018239870667456 6.712623405456543 -7.4025125980377195 74.09694656488549 12.9206106870229 14.851908396946566 159.35999999999999 -51.71999999999999 3.2400000000000007 3.487340599447608 1.8398407174812452 5.08526797109908
64.789 -0.3901351638138294 6.473801803588867 -7.442555618286133 73.84809160305343 12.919847328244277 15.351908396946564 161.51999999999995 -52.2 1.1999999999999993 3.498958957152376 1.8413610988227855 5.082063632850181
64.819 -0.31860838904976846 6.227617979049683 -7.446565914154053 73.38091603053435 13.187786259541983 15.918320610687022 164.45999999999998 -52.620000000000005 -0.9 3.5026581045335297 1.8425606737725904 5.06958756801518
64.834 -0.27335797920823096 5.963477659225464 -7.465300512313843 72.77251908396946 13.23740458015267 16.463358778625953 166.07999999999998 -53.4 -2.6399999999999997 3.5073193140805516 1.8428808111002433 5.057705916098625
64.849 -0.19021932408213615 5.720226764678955 -7.495766735076904 71.77786259541986 13.161832061068703 16.72442748091603 167.64000000000001 -54.11999999999999 -4.68 3.5067793476296067 1.8406401015807723 5.057438293073276
64.879 -0.12599486336112023 5.463927459716797 -7.5267716407775875 70.43664122137405 12.819083969465648 16.80381679389313 169.62 -54.89999999999999 -6.42 3.5069596368479523 1.8386383719402246 5.071424392318307
64.895 -0.09929951503872872 5.194998741149902 -7.56699423789978 68.54198473282443 12.474045801526717 16.935114503816795 172.38 -55.379999999999995 -7.62 3.510649102810697 1.83703649965536 5.08168280300252
64.909 -0.03800795190036297 4.962940740585327 -7.6082343578338625 66.4175572519084 12.540458015267177 17.163358778625955 174.48 -55.67999999999999 -8.76 3.5094799303508046 1.8358347260970937 5.072632648357839
64.939 0.07841010577976704 4.739082860946655 -7.642172145843506 64.29618320610687 12.500763358778624 17.49083969465649 176.28 -56.15999999999999 -9.84 3.5081281360628487 1.8343128541552491 5.039659014849233
64.954 0.09451111182570457 4.54126193523407 -7.72866268157959 62.75343511450383 12.129770992366414 17.51145038167939 178.26 -57.17999999999999 -11.219999999999999 3.5026944455860787 1.83279173106666 5.023844937651328
64.969 0.10743980184197426 4.32596333026886 -7.879138231277466 62.228244274809164 12.404580152671755 17.445038167938932 180.0 -57.720000000000006 -11.999999999999998 3.510192497416689 1.830791707433395 5.002114297755583
64.999 0.19859902933239937 4.0949228525161745 -8.02410717010498 61.86946564885496 13.014503816793894 17.625954198473284 181.92 -58.56 -13.439999999999998 3.506171092561746 1.8289507941771928 4.9646410605702815
65.014 0.2378040798008442 3.893271231651306 -8.186553716659546 60.932061068702296 12.880916030534351 17.34503816793893 183.48 -58.919999999999995 -14.52 3.502735289520133 1.8261483521953803 4.932366020299632
65.029 0.2799420304596424 3.683180046081543 -8.351514196395874 59.82519083969466 12.86793893129771 16.603053435114504 185.57999999999998 -59.33999999999999 -15.419999999999998 3.492933688846142 1.823984337764005 4.915935596166151
65.059 0.34183214530348777 3.489967942237854 -8.487026023864747 58.97251908396947 13.264122137404579 16.01679389312977 187.32 -59.879999999999995 -15.839999999999998 3.473179034532398 1.8242247816793913 4.895650097946406
65.074 0.394684150069952 3.2407315492630007 -8.61332015991211 58.55954198473281 13.593129770992368 15.674045801526717 189.18 -60.06 -16.740000000000002 3.460363269016535 1.8252664475133227 4.87681650642083
65.089 0.47117889299988747 3.0014909386634825 -8.699631071090698 58.63358778625955 13.84732824427481 15.177862595419848 191.04 -60.6 -17.16 3.442618279854898 1.827428053158744 4.864567589187308
65.119 0.5912481050938367 2.8027722239494324 -8.744881439208985 58.49847328244275 13.842748091603053 14.759541984732826 193.2 -60.839999999999996 -18.24 3.438859874392765 1.8296695825547782 4.879915274531021
65.134 0.6236296873539686 2.5865758061408997 -8.79940938949585 58.49541984732823 13.429007633587787 14.193893129770993 195.42000000000002 -60.9 -19.02 3.4304721272386502 1.8311914544966226 4.918961529776664
65.149 0.6597821339964867 2.287240731716156 -8.804018211364745 58.113740458015265 13.280916030534351 13.582442748091603 197.88 -61.56 -19.8 3.435100380020901 1.8319124279413355 4.959938002741034
65.179 0.8029554009437561 2.043451136350632 -8.729378986358643 55.72290076335878 13.434351145038168 13.238167938931298 199.85999999999999 -61.260000000000005 -20.7 3.4295552064970023 1.8317521620076451 5.004098528037115
65.194 0.8786121726036071 1.9012355625629425 -8.66647129058838 52.96717557251908 12.871755725190841 12.631297709923665 201.54 -62.10000000000001 -20.7 3.425919253134839 1.8326332431766932 5.016043208727539
65.209 0.8860342025756835 1.6577452540397644 -8.63073787689209 51.52061068702291 12.402290076335877 12.072519083969468 203.51999999999998 -62.15999999999999 -21.24 3.429797220240592 1.8332748710461406 5.036004820998424
65.239 0.9803657531738281 1.4148534849286079 -8.506418991088868 50.1412213740458 12.834351145038166 11.844274809160305 205.67999999999998 -62.64 -21.6 3.4411029678506067 1.8343978639097407 5.048516958858545
65.254 1.0232818186283112 1.266652412712574 -8.377311658859252 48.04274809160305 12.90763358778626 11.722137404580153 207.66 -63.05999999999999 -21.78 3.4543350611891177 1.8342375779878668 5.0619132534821585
65.269 1.0050858855247498 1.0242993488907814 -8.34175772666931 45.85725190839695 12.827480916030535 11.251145038167937 209.82 -63.779999999999994 -22.26 3.461325160872087 1.833997342710353 5.069142769032132
65.299 1.1012729406356812 0.8340201690793038 -8.222287130355834 42.893893129770994 13.506106870229008 10.442748091603054 211.74 -64.38 -22.98 3.4723420303285693 1.832877402898864 5.073536521599258
65.314 1.1235390186309815 0.659782136976719 -8.204270792007446 39.81221374045801 13.64198473282443 9.370992366412214 213.23999999999995 -65.16 -22.680000000000003 3.46967476083949 1.8307160617277112 5.053044293443006
65.329 1.1575366735458374 0.44981064945459365 -8.235874223709107 36.56412213740458 14.153435114503816 8.753435114503818 214.32 -65.52 -22.800000000000004 3.4699402908561274 1.8292743780107485 5.037073205456179
65.359 1.306456023454666 0.30693666487932203 -8.2152841091156 33.07557251908397 14.816793893129773 8.900763358778626 215.45999999999998 -66.05999999999999 -22.26 3.4705666286156798 1.8288739364806972 5.015748766438692
65.374 1.3463793337345122 0.23971945196390151 -8.269871950149536 30.59541984732824 14.406870229007634 8.712213740458015 216.47999999999996 -66.84 -21.840000000000003 3.4687909719554413 1.8293546149665296 4.9972230491464105
65.389 1.3605051219463349 0.09409213215112686 -8.328170728683471 29.225954198473282 14.282442748091603 8.558778625954197 217.67999999999998 -67.56 -21.6 3.465883261326931 1.8283933758039694 5.007780702010634
65.419 1.461360865831375 -0.07236474007368088 -8.35025725364685 28.00229007633588 14.406870229007634 8.70229007633588 218.51999999999998 -68.75999999999999 -20.759999999999998 3.4651759834692335 1.8283132077571125 5.00486141428802
65.434 1.5632939994335175 -0.2045246720314026 -8.393951463699342 26.457251908396948 13.647328244274808 8.729007633587786 219.0 -69.0 -20.16 3.465885368716583 1.8281529017997031 5.002401628368132
65.449 1.6250644028186798 -0.33818098455667495 -8.423400115966796 25.06106870229008 12.337404580152672 8.412213740458016 220.13999999999996 -69.78 -19.74 3.4620827177253988 1.8282330497636003 4.990272151662145
65.479 1.6776171326637268 -0.34392706900835035 -8.350197458267212 24.006870229007635 11.138931297709924 8.366412213740459 220.5 -70.25999999999999 -19.02 3.4558841318429208 1.8270305257334414 4.971137593464785
65.494 1.6998233556747437 -0.48572366386651994 -8.386409759521484 23.591603053435115 9.666412213740458 8.522137404580153 221.16 -70.32 -18.36 3.4500377212919586 1.825427257492711 4.948928223134014
65.509 1.710058569908142 -0.6442198112607003 -8.312788057327271 22.731297709923666 8.398473282442747 8.34351145038168 221.76000000000005 -70.92 -17.999999999999996 3.4442186854306898 1.8247854668610308 4.942222050837299
65.539 1.7128119111061095 -0.6196193885290995 -8.161953353881836 21.707633587786262 6.670229007633587 7.898473282442748 222.54000000000002 -71.82 -17.7 3.434918773036164 1.8239831261256654 4.929180742519161
65.555 1.6494254112243651 -0.7406462919199839 -8.127835941314697 21.387786259541983 5.29236641221374 7.074045801526718 223.01999999999998 -71.58 -17.580000000000002 3.42569294175348 1.822700029521534 4.927640684846211
65.569 1.671092939376831 -0.9450512659037485 -8.032367134094239 20.286259541984734 4.68091603053435 6.219083969465649 224.16 -71.75999999999999 -17.4 3.418564178620443 1.8214976562966032 4.925553213768326
65.599 1.6946159720420837 -0.9895834174240008 -7.893862628936768 17.75190839694656 3.4343511450381676 5.362595419847328 225.18 -71.46 -17.339999999999996 3.4180372663159475 1.8215778142901153 4.927727657076156
65.614 1.6637906312942505 -0.9919177618110553 -7.782532215118408 15.36259541984733 2.3702290076335872 4.071755725190839 225.6 -71.75999999999999 -17.759999999999998 3.4145154810376837 1.8214174479412661 4.930137555737107
65.629 1.6077064514160155 -1.060571500309743 -7.741232204437256 13.270992366412212 1.8259541984732823 2.885496183206107 226.92 -72.24 -17.639999999999997 3.413097705796308 1.8218181378494402 4.931818758712623
65.659 1.6151883363723756 -1.1784859370673075 -7.733032083511352 10.8 1.7549618320610687 1.8534351145038168 226.73999999999995 -71.93999999999998 -17.699999999999996 3.4156591499702906 1.8211766719776292 4.934749304207399
65.674 1.6515802025794983 -1.15418478960637 -7.749671745300293 7.772519083969468 1.4656488549618318 0.6282442748091602 227.22000000000003 -71.7 -17.58 3.4177758470722766 1.8210964226453765 4.941871025321835
65.689 1.6664841055870057 -1.1281478476012126 -7.795580530166626 5.0893129770992385 1.067175572519084 -0.38931297709923646 227.1 -72.3 -17.46 3.4203364031564982 1.8211766822461815 4.949766906623945
65.719 1.6891093134880066 -1.152149720140733 -7.906013107299804 2.2992366412213743 0.8641221374045802 -1.287786259541985 227.7 -72.17999999999999 -17.82 3.424827090256472 1.8211766822461812 4.96802108135016
65.734 1.6777368545532227 -1.2221801176667213 -8.02129397392273 -0.8068702290076339 0.7854961832061067 -2.2786259541984735 227.63999999999996 -71.63999999999999 -17.880000000000003 3.430334231956322 1.8218186364070317 4.973844523665948
65.749 1.697728443145752 -1.105522634088993 -8.005791521072387 -3.3549618320610683 0.319083969465649 -3.1 227.93999999999997 -72.05999999999999 -17.82 3.4329782847150128 1.8218989063004845 4.973844523665948
65.779 1.6901268482208252 -1.1237784162163735 -8.024526166915894 -4.105343511450381 -0.47709923664122134 -3.624427480916031 227.34 -71.81999999999998 -18.059999999999995 3.4378962198699226 1.8231813579434377 4.973194654927633
65.794 1.6936583042144775 -1.3028647005558014 -8.097788763046264 -5.229007633587786 -1.119847328244275 -4.239694656488551 226.92000000000002 -72.11999999999998 -18.119999999999997 3.4408009372560544 1.82358199794012 4.978493219383829
65.809 1.715265965461731 -1.2697648644447326 -8.094137620925903 -8.477099236641221 -2.213740458015267 -4.8381679389312975 227.16 -71.75999999999999 -17.64 3.4441460567367796 1.8237423642889694 4.988950523032587
65.84 1.6985065579414367 -1.1063007399439813 -8.039489984512329 -11.34351145038168 -3.8549618320610692 -5.597709923664122 226.68 -71.03999999999999 -18.240000000000002 3.443438655700777 1.822700046511348 4.98380232548456
65.869 1.6352397680282593 -1.014782376587391 -7.990468692779541 -12.464885496183207 -5.526717557251908 -6.612977099236642 226.74 -70.97999999999999 -18.18 3.4416707653309486 1.8229406720300427 4.983930278585343
65.87 1.6051326751708985 -1.0775104597210885 -7.934204959869385 -13.419847328244273 -6.913740458015267 -7.655725190839695 226.37999999999997 -70.14 -18.659999999999997 3.441405697600738 1.8230209213622957 4.983673511839482
65.899 1.5352219820022583 -1.0134057119488715 -7.811741542816162 -15.687022900763358 -8.480152671755725 -8.854961832061068 225.71999999999997 -69.35999999999999 -19.199999999999996 3.4400796657966617 1.823422065818655 4.985092518763738
65.914 1.4764443278312682 -0.8835801288485527 -7.651150465011597 -17.597709923664123 -10.261832061068702 -10.038931297709922 224.4 -68.75999999999999 -18.6 3.4403450567413167 1.823743042706759 4.971761025711904
65.929 1.384806251525879 -0.8362347930669785 -7.540957307815551 -19.263358778625953 -12.021374045801526 -11.243511450381678 224.21999999999997 -68.46 -19.02 3.4421938232257565 1.8231813687561416 4.962189199960875
65.959 1.3262081682682036 -0.8113949507474899 -7.469669961929322 -22.525190839694655 -13.380916030534351 -12.545801526717558 223.08 -67.55999999999999 -20.16 3.4425474005165277 1.8230208186524557 4.953083428620099
65.974 1.2588712394237518 -0.6360196769237518 -7.3946116924285885 -27.252671755725192 -14.871755725190837 -14.024427480916032 222.18 -67.49999999999999 -20.82 3.4434305767535505 1.8216581279217436 4.940199502885302
65.989 1.1700463533401488 -0.37804444432258605 -7.33074631690979 -31.377099236641225 -16.383969465648853 -15.385496183206106 221.51999999999998 -66.47999999999999 -21.36 3.443960482300426 1.8209367955358426 4.929805167836956
66.019 1.0661978602409363 -0.27605145424604416 -7.3589380264282225 -34.13206106870229 -17.678625954198473 -16.48625954198473 220.32000000000002 -66.0 -21.84 3.4428136437436327 1.8203753357132526 4.915424104995202
66.034 1.0038289070129394 -0.2086546778678894 -7.400118255615235 -37.49007633587786 -18.673282442748096 -17.522137404580153 218.51999999999998 -65.64 -22.08 3.4408733390925823 1.8217380264439647 4.913512215786005
66.049 0.9346364855766296 -0.00867898166179657 -7.433637094497681 -42.11908396946565 -19.915267175572517 -18.35801526717557 217.5 -64.98 -22.5 3.43972748906834 1.8224593588298652 4.915436949076691
66.079 0.8459911674261094 0.2676717430353165 -7.442495632171631 -46.16030534351145 -21.30610687022901 -19.23969465648855 215.7 -64.97999999999999 -22.74 3.436118585534276 1.8235016766074867 4.910086379762509
66.094 0.7293336927890778 0.4673481732606888 -7.516656017303466 -48.926717557251905 -22.60992366412214 -19.864885496183206 213.65999999999994 -64.49999999999999 -23.46 3.4321609725320057 1.8243833055135386 4.904316141349111
66.109 0.6269815698266029 0.6280589580535889 -7.615297079086304 -51.83206106870229 -23.56259541984733 -20.38473282442748 212.16 -64.08 -24.959999999999997 3.4265289311947287 1.824784297381083 4.8988923082066815
66.14 0.5637746478430927 0.8115745171904564 -7.706037282943726 -55.579389312977106 -24.60763358778626 -21.013740458015267 210.17999999999998 -63.66000000000001 -25.5 3.4227504388993055 1.8249448268753405 4.89419881843164
66.155 0.44765586210414765 1.1747150644659996 -7.727345705032349 -59.5702290076336 -25.862595419847327 -21.487022900763357 208.13999999999996 -63.660000000000004 -25.38 3.4166851097038333 1.8253461249998426 4.886413355542023
66.169 0.27868508053943514 1.5137340262532235 -7.808090162277222 -62.13435114503817 -26.69465648854962 -21.634351145038167 206.16 -63.0 -25.319999999999997 3.4055789373153287 1.825346124999843 4.873847666611548
66.199 0.165978033374995 1.750400860607624 -7.862258958816528 -64.00763358778626 -26.577862595419845 -21.43893129770992 203.81999999999996 -62.58 -25.979999999999997 3.4004792808800453 1.825346124999843 4.861289050408112
66.214 0.05578490002080798 1.9959262371063233 -7.907988262176514 -66.5351145038168 -26.178625954198473 -21.039694656488546 201.11999999999995 -61.44 -26.52 3.3979301416527115 1.825747218473584 4.855791357559442
66.229 -0.07553706662729383 2.3296180963516235 -7.916607427597046 -69.57022900763359 -25.37709923664122 -20.645038167938928 199.01999999999995 -60.17999999999999 -26.939999999999998 3.3954712070716075 1.8263074931584569 4.8487410814708936
66.26 -0.18423382537439464 2.6184186577796935 -7.926303958892822 -72.15725190839694 -23.991603053435114 -20.085496183206107 196.25999999999996 -59.46 -27.18 3.3932747984366856 1.827348004802289 4.837093347930601
66.274 -0.25803509252145884 2.8693309783935548 -7.940310049057007 -74.91450381679388 -21.963358778625953 -19.38473282442748 193.73999999999998 -58.379999999999995 -27.18 3.392048242738914 1.830225817354868 4.830575944104956
66.289 -0.3249530275352299 3.2127792119979857 -7.9422852993011475 -77.76641221374045 -19.861068702290076 -18.80916030534351 191.57999999999998 -56.94 -26.7 3.391172868020726 1.8335812971548673 4.827283342131924
66.319 -0.37960068034008143 3.581546115875244 -7.960960054397583 -80.15038167938931 -17.59236641221374 -18.022137404580153 188.76 -56.04 -25.68 3.3912603980996145 1.8381355111907705 4.833215851264759
66.334 -0.43754035979509354 3.9582138776779177 -7.9691003322601315 -81.84274809160306 -15.20534351145038 -17.151908396946563 186.11999999999998 -55.08 -24.479999999999997 3.3917859758841025 1.8430924860437332 4.8421604297622824
66.349 -0.46411599963903427 4.2428844451904295 -8.01195650100708 -82.70152671755726 -13.19618320610687 -16.19389312977099 183.66000000000003 -53.82000000000001 -23.22 3.3945900171602936 1.8478889724766845 4.844368031753855
66.379 -0.44783542603254317 4.524442577362061 -8.019498252868653 -84.03969465648855 -11.447328244274809 -15.421374045801528 180.9 -53.220000000000006 -22.380000000000003 3.3998950781568653 1.8522875619623378 4.83836153239137
66.394 -0.4396352842450142 4.829044890403748 -7.997351884841919 -85.68396946564886 -10.258015267175573 -15.041984732824428 178.07999999999998 -51.96 -20.639999999999997 3.3991082295894715 1.8566038509382914 4.824918658806993
66.409 -0.45076832324266436 5.171236157417297 -7.955992031097412 -86.83893129770993 -9.844274809160307 -14.710687022900766 175.8 -51.36 -18.72 3.3977071583216096 1.8605216263258086 4.807480559857689
66.439 -0.4565742567181587 5.469374132156372 -7.974247789382934 -87.36488549618322 -9.77557251908397 -14.331297709923664 172.8 -51.48 -16.08 3.396831783603421 1.8624390162965496 4.7831175083352635
66.454 -0.47812207490205766 5.718610525131226 -7.986518049240113 -87.94122137404581 -9.736641221374047 -14.019847328244277 170.28 -51.0 -13.919999999999998 3.3908171215113834 1.8643557317064752 4.757838208437482
66.469 -0.522654227912426 6.023212862014771 -8.012076139450073 -88.72213740458015 -10.158778625954199 -13.576335877862595 168.18 -50.82000000000001 -11.579999999999998 3.384467345800359 1.8649936052064326 4.740608467665071
66.499 -0.5713762387633323 6.374801397323608 -7.974487161636352 -89.0732824427481 -10.729007633587788 -13.194656488549617 166.07999999999998 -50.88 -9.119999999999997 3.376481036274323 1.865471634595422 4.7187097012531485
66.515 -0.6807912603020668 6.70298662185669 -7.898052310943603 -88.01679389312977 -11.42824427480916 -12.729770992366413 164.4 -50.28 -6.839999999999999 3.375606394592009 1.8653123445174522 4.689256831274998
66.529 -0.6728305414319038 6.904039716720581 -7.833049774169922 -86.33129770992366 -11.4206106870229 -12.000763358778626 162.48 -49.55999999999999 -4.32 3.374380869318878 1.8653920027772664 4.659900043171538
66.56 -0.6999448731541633 7.12161283493042 -7.747097969055176 -85.64885496183206 -11.279389312977099 -11.735114503816794 160.2 -49.07999999999999 -2.3999999999999995 3.3757005110479135 1.86563095111505 4.644835248237724
66.574 -0.764827735722065 7.428010749816894 -7.613800764083862 -84.83664122137405 -11.572519083969464 -11.522137404580153 158.7 -48.05999999999999 0.30000000000000016 3.379384559901234 1.866029420047156 4.643764341728303
66.589 -0.8175001740455627 7.685866260528565 -7.542154312133789 -83.21068702290077 -11.606870229007631 -11.284732824427483 156.83999999999997 -48.11999999999999 2.88 3.379646711399542 1.8660294200471559 4.635602627366131
66.619 -0.83701291680336 7.952640199661255 -7.4299859523773195 -81.31374045801529 -10.866412213740459 -11.46946564885496 154.98 -47.699999999999996 5.34 3.379209646421549 1.8657902040992966 4.6282238118332355
66.634 -0.8513182759284973 8.134539699554443 -7.27699646949768 -78.8671755725191 -10.445801526717556 -11.559541984732824 153.3 -47.1 7.5 3.380874119187632 1.8656306267951919 4.630918417528952
66.649 -0.8760982632637024 8.3572603225708 -7.127897548675537 -76.34122137404582 -10.469465648854962 -11.759541984732824 151.62 -46.5 9.66 3.3872395802712894 1.8642735110314992 4.635131472358514
66.679 -0.8990227401256561 8.585846710205079 -6.939174604415894 -73.80916030534351 -10.290839694656489 -11.907633587786261 150.23999999999998 -46.56 12.36 3.3934143691696868 1.862278206320503 4.624841896314247
66.694 -0.863528698682785 8.673953342437745 -6.774513387680054 -71.06259541984733 -10.057251908396946 -11.882442748091602 148.8 -46.68 14.639999999999997 3.4088004689234426 1.8598048722205174 4.62353760320111
66.709 -0.8073248088359832 8.729319286346435 -6.613862466812134 -69.25877862595419 -10.249618320610688 -12.090076335877862 147.42 -46.86 16.5 3.417703354906885 1.8577308258289111 4.627197051220994
66.739 -0.8339004456996918 8.933664417266845 -6.387071704864502 -67.81374045801526 -11.151908396946563 -12.297709923664122 145.92 -46.68 19.2 3.4263440019272893 1.8557366654421987 4.643460067283424
66.755 -0.8687360763549805 9.031407642364503 -6.239828300476074 -64.86412213740456 -12.072519083969466 -12.10763358778626 145.44 -46.32 21.72 3.425903744985219 1.8527839290871788 4.650373883402685
66.769 -0.8687959313392639 9.021711158752442 -6.1170656204223635 -62.13435114503817 -12.195419847328244 -11.913740458015265 144.6 -46.2 23.639999999999997 3.429703089414038 1.8511886958920498 4.669891668850583
66.799 -0.9088988125324249 9.07947130203247 -5.943845129013061 -60.461832061068705 -12.367938931297711 -11.467175572519084 143.46 -45.42 25.98 3.4412828836828497 1.8494335368361678 4.706466453836733
66.814 -0.9621099472045899 9.15081853866577 -5.761526679992675 -58.92442748091603 -13.046564885496185 -10.427480916030532 142.5 -45.540000000000006 27.779999999999994 3.4533952700723454 1.8487952271715566 4.742362953752908
66.829 -1.0201094806194306 9.199600410461425 -5.615300798416138 -57.222137404580145 -13.412977099236645 -9.277862595419846 142.26000000000002 -45.540000000000006 29.579999999999995 3.464035061906087 1.8477570719591103 4.7800913733404125
66.858 -1.0527304828166961 9.198104095458984 -5.472187423706055 -55.73282442748091 -13.05114503816794 -8.158015267175571 141.54000000000002 -44.82 31.619999999999994 3.4747625905725767 1.8477570719591103 4.817988562972088
66.874 -1.0582371473312377 9.204688167572021 -5.311057662963867 -54.53740458015267 -12.679389312977099 -7.177862595419848 140.82 -44.10000000000001 33.17999999999999 3.4894049920343115 1.8477570719591103 4.8595641916184285
66.889 -1.1209652304649353 9.232939720153809 -5.1740494728088375 -53.58702290076335 -12.413740458015265 -6.354198473282443 140.45999999999998 -42.78 35.099999999999994 3.4942198593542435 1.8482364728592013 4.894815212828901
66.92 -1.176630425453186 9.292914390563965 -5.035844182968139 -52.64885496183206 -11.546564885496185 -5.450381679389312 139.8 -42.11999999999999 37.32 3.495020819481231 1.8481565774520958 4.936343890121207
66.936 -1.2355876445770264 9.288904094696045 -4.963359737396241 -51.448854961832055 -10.167938931297709 -4.448854961832061 139.74 -42.059999999999995 38.7 3.4909468152777405 1.8482364540775365 4.977267514443043
66.949 -1.2474987983703614 9.318532371520996 -4.821203994750976 -50.71603053435114 -8.430534351145038 -3.484732824427481 139.44 -41.76 40.56 3.492180489259856 1.8493551904199765 5.012610237988129
66.979 -1.2736554503440858 9.397780418395996 -4.6676758289337155 -49.751145038167934 -7.233587786259543 -2.3404580152671755 138.72 -41.519999999999996 43.199999999999996 3.4887333805826137 1.8506316663319207 5.026529616871981
66.995 -1.2997522473335266 9.4286057472229 -4.536114430427551 -47.89923664122138 -6.192366412213741 -1.2458015267175573 138.6 -41.76 45.12 3.4804856408053126 1.8512704186152813 5.011681676462382
67.009 -1.294066023826599 9.435309505462646 -4.423407363891601 -46.1145038167939 -4.5595419847328245 -0.6267175572519086 138.78 -41.58 47.459999999999994 3.4698607693179335 1.8507114127554118 4.995552505200234
67.039 -1.2810774803161622 9.48002119064331 -4.291067886352539 -44.627480916030535 -3.0335877862595413 -0.348091603053435 138.54 -40.62 49.379999999999995 3.46380404972109 1.8527861723353307 4.989350368946106
67.054 -1.2677297949790955 9.515156078338624 -4.168305182456971 -42.82824427480916 -2.2053435114503817 -0.18549618320610686 138.78 -40.980000000000004 51.29999999999999 3.45659770260184 1.8557365489740363 4.987527782880507
67.069 -1.314656150341034 9.532454204559325 -4.066611480712891 -40.74503816793893 -1.7419847328244273 -0.2213740458015267 138.48000000000002 -41.04 53.519999999999996 3.440906606934328 1.8592445329762466 5.001346063966186
67.099 -1.319085419178009 9.56136417388916 -3.9369654417037965 -38.599999999999994 -1.1458015267175572 -0.21450381679389313 138.42 -41.58 55.260000000000005 3.4259875330040663 1.8627501584439918 5.014349835711505
67.114 -1.3105859994888305 9.558251762390137 -3.826832151412964 -36.246564885496184 -0.834351145038168 -0.19923664122137424 138.66 -41.339999999999996 57.42 3.4305509195832555 1.8651430221826253 5.025007229802123
67.129 -1.2934076070785523 9.572198009490966 -3.6769551277160644 -34.008396946564886 -0.8916030534351146 -0.16717557251908405 138.11999999999998 -41.16 58.92 3.4438702246026707 1.866499511649026 5.030896499468428
67.159 -1.2901155829429627 9.565613937377929 -3.5578435897827148 -31.664122137404583 -1.3083969465648857 -0.20534351145038182 137.52 -41.28 60.48 3.4580083558600685 1.8676961389376867 5.036508346595074
67.174 -1.3137583255767822 9.532334518432616 -3.463871169090271 -29.418320610687022 -1.8244274809160301 -0.4251908396946565 137.94 -40.98 61.019999999999996 3.4721234868781607 1.8670581931894379 5.0399091074052365
67.189 -1.3172897696495056 9.531197261810302 -3.365349769592285 -27.580916030534347 -2.2114503816793896 -0.5519083969465649 138.17999999999998 -40.86 61.739999999999995 3.464872762536559 1.8668985607610538 5.070104801728638
67.219 -1.3358448266983032 9.534189987182618 -3.255695343017578 -25.619083969465652 -2.8213740458015266 -0.5923664122137404 138.59999999999997 -40.559999999999995 62.879999999999995 3.461640612838489 1.8673777365525719 5.105532762951841
67.235 -1.3767258167266845 9.536344718933105 -3.131675696372986 -23.33053435114504 -3.4251908396946567 -0.5389312977099234 138.59999999999997 -40.8 63.71999999999999 3.4611981400934213 1.8665007094892032 5.124198591467683
67.249 -1.4020444989204406 9.526887607574462 -3.0245351552963258 -20.903053435114504 -3.7458015267175577 -0.3282442748091604 138.66 -40.62 64.97999999999999 3.4697505607970305 1.864428771377964 5.141897337467393
67.279 -1.3810952305793762 9.514856719970703 -2.9167362213134767 -18.450381679389313 -3.7419847328244273 -0.009923664122137433 138.54 -39.89999999999999 65.46000000000001 3.4850815457071533 1.8619590639337638 5.153625105008461
67.295 -1.3928268194198608 9.512522411346435 -2.8392239570617677 -16.168702290076332 -3.879389312977099 0.27099236641221375 138.23999999999998 -39.239999999999995 66.0 3.49696361120032 1.8583735618405783 5.170502088553015
67.309 -1.3870807409286499 9.506058025360108 -2.7453712463378905 -14.050381679389309 -4.009160305343512 0.4671755725190841 138.35999999999999 -39.00000000000001 66.11999999999999 3.5055801824474044 1.856699420193657 5.179655790551406
67.339 -1.418444776535034 9.4877423286438 -2.6750415563583374 -12.17557251908397 -4.229007633587787 0.29160305343511456 138.66 -38.94000000000001 66.53999999999999 3.5103157995847396 1.855263054101816 5.1766305615924395
67.354 -1.4291588306427 9.470264625549316 -2.6011205911636353 -10.593129770992366 -4.21145038167939 -0.07786259541984726 138.95999999999998 -37.92 67.2 3.517358800108822 1.8541462661476777 5.180421150352293
67.369 -1.4279018759727478 9.461466026306152 -2.502000641822815 -9.262595419847328 -3.9908396946564886 -0.531297709923664 138.54000000000002 -37.62 67.5 3.5229199469836923 1.853268134155164 5.198477203687837
67.399 -1.4290989756584167 9.447220516204833 -2.4174254655838014 -8.0 -3.83587786259542 -1.1557251908396946 138.78 -37.26 68.82000000000001 3.540748841098268 1.8522296140206653 5.214370168016989
67.414 -1.4352041959762574 9.433693313598633 -2.3277626156806948 -6.79618320610687 -3.6435114503816792 -1.7427480916030536 138.35999999999999 -36.839999999999996 68.88 3.5516616259376144 1.8509510572870866 5.229662727229324
67.429 -1.4273631930351258 9.404903030395507 -2.2740726351737974 -5.748091603053434 -3.4458015267175575 -2.1068702290076335 138.06 -36.78 69.41999999999999 3.5513963275236335 1.8500729252945731 5.248499233100217
67.459 -1.426345658302307 9.393829822540283 -2.196979343891144 -4.890076335877863 -3.2099236641221376 -2.365648854961832 138.18 -36.540000000000006 69.06 3.5431089745502353 1.8498334627978372 5.261557419844562
67.475 -1.4549563765525817 9.379165363311767 -2.1417929887771607 -4.205343511450382 -3.0175572519083973 -2.5877862595419847 137.57999999999998 -37.14 69.29999999999998 3.5323376758500897 1.8511888709011888 5.261973553521973
67.489 -1.4484321832656861 9.359592723846436 -2.075294029712677 -3.6038167938931296 -2.6435114503816797 -2.794656488549618 137.57999999999998 -37.379999999999995 69.53999999999999 3.5285230119503184 1.8535811907069217 5.256072933371085
67.519 -1.483626937866211 9.358694934844971 -2.033814489841461 -3.2015267175572517 -2.2954198473282443 -2.963358778625954 137.22 -37.26 69.53999999999999 3.5150759246692296 1.8557329404218084 5.255371187415471
67.534 -1.4875773668289185 9.3670147895813 -1.9920356750488282 -2.7564885496183207 -1.6656488549618325 -2.9114503816793893 137.16000000000003 -37.08 69.47999999999999 3.494205994620219 1.8562120602767842 5.259364386460152
67.549 -1.4747683882713318 9.371563816070557 -1.9568408966064452 -2.3366412213740455 -1.0496183206106868 -2.815267175572519 136.98 -38.099999999999994 69.41999999999999 3.474349973005738 1.8553333129713223 5.273948254063008
67.579 -1.4700996994972229 9.375693798065186 -1.9345149636268615 -1.9 -0.532824427480916 -2.763358778625954 136.79999999999998 -38.4 69.72 3.4578548078026783 1.854374055336115 5.28603618971236
67.595 -1.4721946239471435 9.393650341033936 -1.9102138161659241 -1.3854961832061068 -0.014503816793893098 -2.718320610687023 135.83999999999997 -38.16 68.52 3.4502763380785675 1.853894197637412 5.2916359428629285
67.609 -1.4624382495880126 9.399575996398926 -1.913027000427246 -0.8022900763358779 0.4931297709923664 -2.633587786259542 135.6 -38.16 68.4 3.4467306272989204 1.8538941976374115 5.291073326946522
67.639 -1.4510657906532287 9.425912284851075 -1.9020136833190917 -0.2977099236641221 0.968702290076336 -2.622137404580153 135.6 -37.919999999999995 68.52 3.4456708155459026 1.8535745971133746 5.277948680947576
67.654 -1.4447211623191833 9.447041130065918 -1.896028184890747 0.27786259541984737 1.284732824427481 -2.6358778625954202 135.0 -37.56 68.88000000000001 3.4437301759117553 1.8547710877630965 5.264754112102244
67.669 -1.4274829030036926 9.442252731323242 -1.8889652848243714 0.9587786259541986 1.4893129770992366 -2.616030534351145 136.02 -37.379999999999995 68.46000000000001 3.4432899944645023 1.8538943568959714 5.255033280420372
67.699 -1.4295778274536133 9.433873081207276 -1.8886660099029542 1.4351145038167938 1.4587786259541986 -2.623664122137405 136.44 -37.32 68.52 3.4444402236769007 1.8526194666098252 5.255451528198437
67.714 -1.4034211754798889 9.43064088821411 -1.8744205117225647 1.834351145038168 1.3465648854961834 -2.7496183206106872 136.44 -37.2 68.63999999999999 3.444173237080096 1.8503080660018498 5.261247096368434
67.729 -1.3825916290283202 9.413941383361816 -1.8699313879013062 2.2763358778625955 0.9603053435114507 -2.941221374045802 135.95999999999998 -36.959999999999994 68.88 3.4515960798480174 1.8511058619922847 5.275947015706899
67.759 -1.4036606073379516 9.402987957000732 -1.8561048746109008 2.7068702290076336 0.4328244274809161 -2.9778625954198477 135.9 -36.42 68.46000000000001 3.4566635114040665 1.8531013972518842 5.287620433470372
67.774 -1.4131775617599487 9.407357311248779 -1.8333001017570496 3.0061068702290075 0.013740458015267265 -2.8282442748091605 136.32 -36.11999999999999 68.52000000000001 3.461652246137633 1.8560548152738032 5.294696065447653
67.789 -1.4307150959968566 9.39514684677124 -1.8160618543624878 3.2526717557251907 -0.30458015267175564 -2.5465648854961835 137.04 -36.839999999999996 68.88 3.4679744957511125 1.8586101509927933 5.314274354041833
67.819 -1.4302961111068726 9.364441204071046 -1.7879898309707642 3.3847328244274815 -0.5190839694656487 -2.238931297709924 136.97999999999996 -37.019999999999996 68.69999999999999 3.473213239574826 1.8614835783264596 5.332883189782416
67.834 -1.4396335005760192 9.33170051574707 -1.7586608529090881 3.304580152671756 -0.7274809160305342 -1.988549618320611 137.39999999999998 -37.199999999999996 68.28 3.4816652496513605 1.863638013874444 5.365296776503774
67.849 -1.4769830465316773 9.312846183776855 -1.7414824485778808 2.9343511450381676 -0.8450381679389313 -1.7725190839694662 137.7 -37.86 67.98000000000002 3.4904575616223745 1.8637177076387932 5.404158832817104
67.878 -1.4927847743034364 9.32350034713745 -1.7189769506454469 2.345038167938931 -0.6282442748091601 -1.545801526717557 137.28 -37.559999999999995 68.28 3.4991556721036496 1.8733864834521061 5.4499298660769675
67.895 -1.5049952030181886 9.324757289886474 -1.7061081171035766 1.8931297709923665 -0.16030534351145037 -1.2877862595419847 137.1 -37.62 68.22 3.5042303222867885 1.882818820278852 5.486328757827716
67.909 -1.5376760601997375 9.315000915527344 -1.6904260993003846 1.4618320610687023 0.4587786259541985 -0.9404580152671755 137.1 -38.21999999999999 68.22 3.5033413943986558 1.8923385001989594 5.51666321705037
67.939 -1.578437340259552 9.320268154144287 -1.6822858095169066 0.9648854961832061 1.3885496183206107 -0.5938931297709924 137.7 -37.98 67.97999999999999 3.5029854439576207 1.9012171530685247 5.5473984069470275
67.954 -1.579395020008087 9.32338056564331 -1.6952743530273438 0.5007633587786258 2.668702290076336 -0.4458015267175572 137.57999999999998 -37.739999999999995 68.34 3.499690232931569 1.9119833767982601 5.573383843404667
67.969 -1.5779585003852845 9.318352794647216 -1.7146075248718262 0.11450381679389302 3.9488549618320605 -0.5076335877862596 137.16 -37.56 68.52 3.494524245437603 1.9232938634682966 5.59971797271829
67.999 -1.5720927000045777 9.328827476501464 -1.7428591012954713 -0.21374045801526717 5.005343511450382 -0.7137404580152673 137.33999999999997 -36.9 68.58 3.490419026976851 1.9355539418515335 5.6202851287084075
68.014 -1.5811308026313782 9.35552282333374 -1.7714099645614625 -0.4015267175572519 5.927480916030534 -0.9832061068702289 136.98 -36.660000000000004 68.58 3.4834166749718563 1.94796428875259 5.6394570716638635
68.029 -1.5693992137908936 9.36324405670166 -1.805228066444397 -0.32824427480916035 6.790839694656489 -1.2229007633587785 136.50000000000003 -36.54 69.05999999999999 3.471622977023155 1.9614758044115639 5.644448098719919
68.059 -1.5294160485267638 9.348579597473144 -1.8504784941673278 -0.15648854961832062 7.429007633587787 -1.4427480916030535 135.72 -36.239999999999995 69.0 3.459933367972827 1.9727905187227326 5.64460025113108
68.074 -1.5136741757392884 9.33942174911499 -1.9001581788063049 -0.06412213740458013 7.519083969465649 -1.7045801526717557 135.36 -36.12 69.11999999999999 3.4486020239958144 1.9736569601713427 5.649395576900111
68.089 -1.5036783814430237 9.33158073425293 -1.929367434978485 -0.11908396946564884 7.241984732824427 -1.8992366412213741 134.57999999999998 -36.059999999999995 69.3 3.437801930457083 1.9737357797616064 5.658001822884507
68.119 -1.4790181040763855 9.352470207214356 -1.9564219117164612 -0.16335877862595422 6.758015267175573 -2.046564885496183 134.76000000000002 -35.64 69.47999999999999 3.430483314738088 1.9717617014017734 5.668881142896401
68.134 -1.449509572982788 9.361268901824952 -1.9681535005569457 -0.03664122137404581 6.124427480916031 -2.0870229007633587 134.82 -36.18 70.02 3.4216647874865487 1.9681268957257703 5.67991346127183
68.149 -1.437837839126587 9.360849952697754 -1.9625869870185852 0.18702290076335878 5.379389312977099 -1.8389312977099237 135.23999999999998 -37.199999999999996 69.96 3.412428303756274 1.961018082154664 5.6960465841595225
68.179 -1.4027029275894165 9.339122581481934 -1.9554043889045716 0.27404580152671754 4.73587786259542 -1.3954198473282442 135.48 -37.8 69.96000000000001 3.4043403375297436 1.9515373448369835 5.710152728646191
68.194 -1.3925874352455139 9.318711948394775 -1.9460669994354247 -0.012977099236641098 4.148091603053435 -0.8969465648854961 135.35999999999999 -37.92 69.96 3.3940463389142943 1.940710566409767 5.720741343683793
68.209 -1.3754090428352357 9.3218243598938 -1.931641936302185 -0.5106870229007633 3.731297709923664 -0.3167938931297711 135.48000000000002 -38.16 70.32 3.388181674277695 1.9279018395583445 5.738211018554265
68.239 -1.3645154237747192 9.335770606994629 -1.9196110725402833 -0.9320610687022899 3.5114503816793894 0.25954198473282447 135.54000000000002 -38.459999999999994 70.14000000000001 3.3925831739028802 1.9134336208679374 5.770070941047661
68.254 -1.360205852985382 9.350195598602294 -1.8970457077026368 -1.1824427480916029 3.5404580152671756 0.782442748091603 135.96 -38.39999999999999 70.67999999999999 3.3925831739028802 1.9010023730357861 5.80710387732452
68.269 -1.3494319438934326 9.355941677093506 -1.879268765449524 -1.3229007633587786 3.838167938931298 1.282442748091603 136.14000000000001 -38.58 70.38 3.3958327672022834 1.889828846109252 5.840571519197769
68.299 -1.3271060109138488 9.361747550964356 -1.872983992099762 -1.4229007633587787 4.319847328244275 1.6320610687022903 136.26 -38.82 70.61999999999999 3.39987798385515 1.8786408598931317 5.867557252156928
68.315 -1.297956609725952 9.359712409973145 -1.8735825419425964 -1.548091603053435 4.806870229007634 1.8152671755725194 136.2 -38.64 71.03999999999999 3.403480115733644 1.870216511027396 5.894503277851932
68.329 -1.280658495426178 9.368391418457032 -1.8845958709716797 -1.7419847328244273 5.023664122137404 1.8450381679389316 136.01999999999998 -38.81999999999999 70.5 3.4064614227608394 1.8629764335461598 5.912496404600097
68.359 -1.279042410850525 9.392931938171387 -1.9038093447685243 -1.777862595419847 4.9587786259541975 1.633587786259542 136.07999999999998 -38.16 70.56 3.409346550644918 1.857003659756429 5.921695081900756
68.374 -1.295921528339386 9.415796566009522 -1.9241001963615418 -1.4419847328244275 4.683206106870228 1.2946564885496186 135.9 -38.21999999999999 70.74000000000001 3.4149594648712887 1.8520604820181816 5.932320975010388
68.389 -1.2820950031280518 9.416514873504639 -1.9312828063964844 -0.8595419847328245 4.322137404580152 0.9305343511450384 135.54 -38.33999999999999 70.74000000000001 3.4199487713211356 1.8483917898791347 5.9483141328752644
68.419 -1.2723984837532043 9.421303272247314 -1.9351733803749085 -0.35954198473282417 3.6175572519083965 0.5244274809160305 135.47999999999996 -37.67999999999999 70.91999999999999 3.424670332857501 1.8458367518075813 5.964624449388706
68.434 -1.2811971664428712 9.425971984863281 -1.945707869529724 -0.018320610687022974 2.692366412213741 0.12519083969465652 135.53999999999996 -37.61999999999999 71.22 3.4208827834703173 1.8437593320938028 5.977529121175067
68.449 -1.281316876411438 9.419328117370606 -1.953309464454651 0.22290076335877868 1.7366412213740456 -0.25190839694656486 135.9 -37.61999999999999 70.61999999999999 3.422461115011681 1.8423211244671358 5.988866718815826
68.479 -1.2880206465721131 9.407656383514404 -1.949718165397644 0.3694656488549618 0.6778625954198472 -0.6030534351145038 136.68 -38.03999999999999 71.28 3.4211412475232605 1.8416023183680543 5.99213589694296
68.494 -1.2990938305854798 9.411367416381836 -1.944211494922638 0.516793893129771 -0.37786259541984746 -0.8076335877862595 137.39999999999998 -38.03999999999999 71.03999999999999 3.416745763530758 1.840962430926313 5.999218308030685
68.51 -1.324951207637787 9.403227138519288 -1.9455881595611573 0.8946564885496183 -1.3061068702290075 -0.9396946564885494 137.45999999999998 -38.22 70.50000000000001 3.4058399561840167 1.840882488165627 6.007969277912333
68.539 -1.3277643918991089 9.384253025054932 -1.945947289466858 1.3793893129770993 -1.9671755725190838 -1.0343511450381677 137.28 -37.919999999999995 71.03999999999999 3.404434854941763 1.8404825346087108 6.023342068692928
68.554 -1.325489890575409 9.353068542480468 -1.9511546611785888 1.615267175572519 -2.5061068702290075 -1.1045801526717558 136.97999999999996 -37.5 70.85999999999999 3.403733966497371 1.8396022094179263 6.039110047675008
68.569 -1.3161525011062623 9.344389533996582 -1.942056703567505 1.5450381679389313 -2.959541984732824 -1.1770992366412212 137.09999999999997 -37.14 70.37999999999998 3.395510551560018 1.8384810398862534 6.059226820242399
68.599 -1.3249511957168578 9.346005630493163 -1.944630467891693 1.5 -3.296946564885496 -1.2732824427480913 137.16000000000003 -37.68 69.96 3.3901728941981863 1.836879758804152 6.080659140612754
68.614 -1.328841781616211 9.323679733276368 -1.9576190114021301 1.5206106870229008 -3.2839694656488545 -1.333587786259542 137.64000000000004 -38.160000000000004 69.35999999999999 3.3848423684289464 1.8357588648303804 6.1012110543313876