46.6700000000000 -1.62925422191620 8.58321285247803 -3.58950686454773 -1.68702290076336 -1.18320610687023 -0.0610687022900763 252 70.8000000000000 -121.200000000000 0.841300000145693 0.867492865611799 0.868724741637250
46.6850000000000 -1.67015516757965 8.57044378916423 -3.65714303652445 -1.52926208651400 -1.19847328244275 -0.333333333333333 251 71.4000000000000 -119.800000000000 0.842140648660214 0.867081786796977 0.869134915423938
46.7010000000000 -1.69150348504384 8.57283814748128 -3.68347922960917 -1.32569974554707 -0.811704834605598 -0.895674300254453 251.600000000000 72.0000000000000 -118.800000000000 0.842140648660214 0.867492412138794 0.869134915423938
46.7290000000000 -1.71923633416494 8.66561349232992 -3.68926525115967 -0.676844783715013 -0.656488549618321 -1.97455470737914 250.800000000000 71.2000000000000 -117.200000000000 0.842561220256740 0.867081333323972 0.869954813347417
46.7460000000000 -1.74796676635742 8.72327391306559 -3.69964019457499 1.60050890585242 -0.679389312977099 -3.55216284987277 249.800000000000 69.4000000000000 -116.600000000000 0.841720571742219 0.868313211267299 0.869954813347417
46.7590000000000 -1.74038513501485 8.70970662434896 -3.80817739168803 5.22900763358779 -0.890585241730280 -5.75572519083969 250 69.6000000000000 -116.400000000000 0.842561220256740 0.867902585925482 0.870774711270895
46.7890000000000 -1.77869236469269 8.60096995035807 -3.99273037910461 8.50381679389313 -0.391857506361323 -8.49872773536896 251.200000000000 71.6000000000000 -117.600000000000 0.841719580172154 0.869134463868809 0.869954813347417
46.8050000000000 -1.80622569719950 8.43118127187093 -4.16112256050110 9.66666666666667 0.371501272264631 -10.9007633587786 252.600000000000 73.4000000000000 -117.800000000000 0.842979813123693 0.867902585925482 0.870364537484207
46.8350000000000 -1.82577832539876 8.44434960683187 -4.25948429107666 8.66412213740458 0.862595419847328 -12.7608142493639 251.800000000000 72.6000000000000 -118.600000000000 0.842139164609172 0.869133109190778 0.869134014218912
46.8500000000000 -1.93451499938965 8.31566143035889 -4.45760456720988 8.01526717557252 0.272264631043257 -13.5089058524173 251 73.0000000000000 -120.200000000000 0.843820466048770 0.867901231247450 0.869953912142390
46.8650000000000 -1.95247149467468 8.30847835540772 -4.66809463500977 3.98473282442748 1.83969465648855 -12.9236641221374 255 70.2000000000000 -120.600000000000 0.838772091856926 0.871184435407686 0.867492865611799
46.8810000000000 -1.95706037680308 8.31645901997884 -4.70360867182414 2.82442748091603 2.67684478371501 -12.7989821882952 253.600000000000 70.4000000000000 -119.600000000000 0.840035299549708 0.869131299109101 0.868723388877095
46.9090000000000 -1.97501687208811 8.28034655253092 -4.78760528564453 0.964376590330789 4.22646310432570 -12.9872773536896 253 71.8000000000000 -119 0.840456867157904 0.867900775843805 0.868312310062272
46.9220000000000 -1.94848112265269 8.36194896697998 -4.81094884872437 -1.23409669211196 6.27989821882952 -14.0203562340967 251.800000000000 73.4000000000000 -117.800000000000 0.840878434766100 0.865435647979585 0.868722935404089
46.9360000000000 -1.89341449737549 8.44794082641602 -4.81234550476074 -0.730279898218830 7.27735368956743 -15.6208651399491 253.200000000000 74.8000000000000 -116.400000000000 0.839193158100628 0.865847182198053 0.867492412138794
46.9670000000000 -1.97721155484517 8.48744519551595 -4.91589466730754 2.05089058524173 7.41730279898219 -17.3562340966921 251.800000000000 75.4000000000000 -115.800000000000 0.839193158100628 0.865436103383230 0.867492412138794
46.9820000000000 -2.08495060602824 8.38708813985189 -5.14713462193807 3.95674300254453 8.77353689567430 -19.1399491094148 251.400000000000 73.4000000000000 -115.800000000000 0.838771590492432 0.865848094948865 0.867081786796977
46.9970000000000 -2.17732683817546 8.41502030690511 -5.35403347015381 3.78117048346056 11.7938931297710 -21.8091603053435 251.200000000000 72.4000000000000 -116.800000000000 0.838771590492432 0.865436560730398 0.866259173763687
47.0270000000000 -2.19408623377482 8.52116330464681 -5.41747983296712 3.49363867684478 14.7506361323155 -24.3307888040712 253.400000000000 69.8000000000000 -118.200000000000 0.838771590492432 0.864613034946296 0.866259173763687
47.0430000000000 -2.28865726788839 8.63389046986898 -5.47454166412354 6.54707379134860 16.5470737913486 -26.4173027989822 254.600000000000 73.0000000000000 -118.600000000000 0.838349521519742 0.865024569164763 0.865436560730398
47.0580000000000 -2.51570749282837 8.70052909851074 -5.67844772338867 12.1679389312977 22.0839694656489 -29.7099236641221 255.600000000000 74.4000000000000 -117.600000000000 0.838772091856926 0.863789051815026 0.867492865611799
47.0900000000000 -2.47261182467143 8.65982755025228 -5.68862311045329 12.5979643765903 23.7201017811705 -29.8854961832061 254.600000000000 74.6000000000000 -117.400000000000 0.838772091856926 0.864201043380661 0.867081786796977
47.1050000000000 -2.46323450406392 8.51457913716634 -5.76463905970256 14.0636132315522 26.6870229007634 -29.9898218829517 253.400000000000 74.2000000000000 -115.400000000000 0.839193659465122 0.865024569164763 0.866670707982155
47.1350000000000 -2.37464904785156 8.37152544657389 -5.85861158370972 15.6666666666667 30.7837150127227 -30.2849872773537 251.400000000000 74.2000000000000 -115.800000000000 0.839615227073318 0.865848094948865 0.866670707982155
47.1490000000000 -2.32137807210286 8.37052790323893 -5.91228167215983 16.9974554707379 33.5852417302799 -30.1272264631043 251.400000000000 72.6000000000000 -116.600000000000 0.840036794681514 0.866259629167333 0.867081786796977
47.1640000000000 -2.46303502718608 8.38788604736328 -5.94540150960286 18.8651399491094 35.8651399491094 -29.4580152671756 252.600000000000 73 -119.800000000000 0.840036794681514 0.866670707982155 0.867081786796977
47.1800000000000 -2.47301085789998 8.33581225077311 -5.98610289891561 21.5114503816794 39.0610687022901 -27.7353689567430 254 72.8000000000000 -120.400000000000 0.840878434766100 0.867081786796977 0.867492412138794
47.2110000000000 -2.32856070995331 8.26219050089518 -6.07129653294881 24.1475826972010 42.4478371501272 -25.7786259541985 253.400000000000 74.2000000000000 -121.800000000000 0.840878434766100 0.867492865611799 0.868313211267299
47.2250000000000 -2.03507149219513 8.16442712148031 -6.12895679473877 26.3129770992366 44.6437659033079 -23.6335877862595 252.600000000000 73.4000000000000 -118.600000000000 0.841720074850686 0.867492865611799 0.869545089210626
47.2400000000000 -1.93950291474660 8.12153100967407 -6.18901141484578 28.8905852417303 45.0127226463104 -21.1959287531807 251.800000000000 72.2000000000000 -117.400000000000 0.841299503254160 0.867903490953616 0.869545089210626
47.2690000000000 -2.18770170211792 7.92839908599854 -6.43142414093018 34.1374045801527 44.8931297709924 -14.4885496183206 258 66 -112.800000000000 0.842561714935271 0.866259629167333 0.871184435407686
47.2840000000000 -2.03786460558573 7.95772806803385 -6.42583767573039 34.6946564885496 44.7837150127226 -13.5114503816794 257.800000000000 67 -113.400000000000 0.841720074850686 0.867901231247450 0.870364537484207
47.3000000000000 -1.97102650006612 7.95852613449097 -6.49706522623698 36.8931297709924 44.0152671755725 -11.3307888040712 257.400000000000 68.6000000000000 -114.200000000000 0.842559736205698 0.868312310062273 0.871182644366491
47.3280000000000 -1.86388599872589 7.91722615559896 -6.59023968378703 40.6870229007634 42.9389312977099 -7.07633587786259 257.200000000000 70.4000000000000 -114.400000000000 0.842139164609172 0.869953912142390 0.870362746443012
47.3440000000000 -1.91436374187469 7.82026100158691 -6.77259810765584 44.9033078880407 41.5725190839695 -2.53689567430025 258.200000000000 70.6000000000000 -114.600000000000 0.843400881611752 0.868723388877095 0.871182644366491
47.3590000000000 -1.85091741879781 7.84500106175741 -6.78357156117757 47.2875318066158 40.5597964376590 1.94910941475827 260 70.4000000000000 -114.000000000000 0.841719580172154 0.869953912142390 0.869134014218912
47.3900000000000 -1.68571750322978 7.82325363159180 -6.77539126078288 49.3358778625954 39.4885496183206 5.61577608142494 262.800000000000 69.6000000000000 -114.800000000000 0.842140151768680 0.868312310062272 0.870363188521985
47.4050000000000 -1.59932672977448 7.78374926249186 -6.79813623428345 51.9516539440204 37.9618320610687 8.21374045801527 264.600000000000 67.8000000000000 -113.800000000000 0.840456867157904 0.868722935404089 0.868310052223400
47.4200000000000 -1.46584995587667 7.60637871424357 -6.95076656341553 54.9669211195929 36.6488549618321 9.91603053435114 267.200000000000 66.4000000000000 -112.800000000000 0.840877935645964 0.866669799105504 0.869949851868291
47.4500000000000 -1.44689587752024 7.48447402318319 -7.10818545023600 55.7506361323155 34.6946564885496 10.8218829516539 268.800000000000 65.2000000000000 -112.400000000000 0.839614727953182 0.867080877920327 0.868310052223400
47.4640000000000 -1.62446582317352 7.49684429168701 -7.28076744079590 54.2824427480916 26.9618320610687 14.2061068702290 271.800000000000 64.2000000000000 -118.200000000000 0.840036794681514 0.865025026511930 0.867492865611799
47.4790000000000 -1.65778513749441 7.45354906717936 -7.30391136805217 56.3918575063613 26.6539440203562 15.2544529262087 271 65 -117.400000000000 0.840036794681514 0.865436560730398 0.867081786796977
47.5100000000000 -1.58655766646067 7.39529005686442 -7.34381469090780 60.5801526717557 26.8244274809160 17.1094147582697 272 64 -117.600000000000 0.839193158100628 0.865848094948865 0.866259173763687
47.5240000000000 -1.52311134338379 7.19677082697551 -7.38571325937907 65.9821882951654 26.3256997455471 19.5063613231552 275.600000000000 63.6000000000000 -116.400000000000 0.839193158100628 0.865023652513903 0.865848094948865
47.5410000000000 -1.31381821632385 6.94637727737427 -7.35977602005005 70.8473282442748 24.9618320610687 21.0432569974555 280.400000000000 61.6000000000000 -116 0.838349521519742 0.865023652513903 0.865436560730398
47.5700000000000 -1.36150272687276 6.59343210856120 -7.44995768864950 73.2620865139949 21.7811704834606 21.8982188295165 282.400000000000 60.8000000000000 -116.400000000000 0.838771590492432 0.864200126729800 0.865848094948865
47.5840000000000 -1.26673221588135 6.34104331334432 -7.48946189880371 72.5623409669211 18.4071246819338 23.3740458015267 284.200000000000 59.8000000000000 -117 0.837927953911546 0.864612577599128 0.865848094948865
47.6010000000000 -1.30523896217346 6.10242112477620 -7.54492759704590 70.5063613231552 14.8320610687023 24.8447837150127 286.400000000000 59.2000000000000 -118.400000000000 0.838350022884236 0.864201043380661 0.866670707982155
47.6290000000000 -1.18313467502594 5.82369613647461 -7.53535079956055 68.7760814249364 11.2417302798982 26.1984732824427 290.200000000000 59 -116.200000000000 0.837927953911546 0.865024569164763 0.866670707982155
47.6440000000000 -1.17834627628326 5.65510431925456 -7.67461363474528 66.9694656488550 8.72519083969466 26.3256997455471 292.800000000000 58.4000000000000 -116 0.838350022884236 0.865436560730398 0.866670707982155
47.6590000000000 -1.00257194042206 6.13633918762207 -7.70693540573120 67.8778625954198 7.06106870229008 25.8320610687023 298.200000000000 57 -117 0.838772091856926 0.866259629167333 0.866259629167333
47.6890000000000 -1.09175594647725 5.69700304667155 -7.71631272633870 72.7760814249364 6.41984732824427 25.5776081424936 300.800000000000 58 -118 0.839193659465122 0.866259629167333 0.866670707982155
47.7050000000000 -1.13145979245504 5.03061676025391 -7.70254596074422 76.4987277353689 6.03562340966921 25.3155216284987 302.200000000000 56.6000000000000 -118.200000000000 0.839193659465122 0.866259629167333 0.867081786796977
47.7190000000000 -1.04945838451386 4.53222370147705 -7.70254596074422 75.0254452926209 5.18829516539440 25.3256997455471 304.600000000000 56.2000000000000 -117.400000000000 0.840456867157904 0.866259629167333 0.868313664740304
47.7500000000000 -0.954687913258871 4.60105705261231 -7.62014547983805 67.5776081424937 3.61068702290076 25.3053435114504 304.800000000000 54.8000000000000 -117.600000000000 0.840877935645964 0.867081333323972 0.868724290082121
47.7650000000000 -1.15639940897624 4.57272577285767 -7.54652388890584 65.2035623409669 2.38931297709924 23.7124681933842 308.400000000000 57.2000000000000 -117.600000000000 0.841720571742219 0.867492412138794 0.869954813347417
47.7950000000000 -1.16238492727280 4.24890995025635 -7.50462532043457 66.7888040712468 3.95165394402036 21.1094147582697 311.600000000000 57.2000000000000 -118 0.840457364049438 0.868314116295433 0.869954813347417
47.8100000000000 -1.00317051013311 3.70901743570964 -7.67820501327515 66.6997455470738 6.34096692111959 18.5852417302799 314.400000000000 56.8000000000000 -117.600000000000 0.841298012563958 0.867903490953616 0.870774711270895
47.8250000000000 -0.768937766551971 3.68647201855977 -7.71232239405314 61.6997455470738 7.19592875318066 17.5903307888041 316 54.4000000000000 -118.400000000000 0.840876944075899 0.868724290082121 0.869954813347417
47.8400000000000 -0.885256052017212 3.34968765576681 -7.84599860509237 60.6335877862595 7.06870229007634 16.4147582697201 318.600000000000 55.4000000000000 -117.800000000000 0.842560228686675 0.868313664740304 0.870773813863802
47.8680000000000 -0.639850378036499 2.79044198989868 -7.96251630783081 55.2824427480916 13.5725190839695 11.6793893129771 323.400000000000 53.4000000000000 -119.400000000000 0.841300000145693 0.871184435407686 0.868724741637250
47.8840000000000 -0.669977426528931 2.91374341646830 -7.87672408421834 54.2417302798982 13.3180661577608 10.8244274809160 326.800000000000 54 -118.800000000000 0.842140648660214 0.869542833327568 0.869544639560729
47.8990000000000 -0.764149367809296 2.73617347081502 -7.79512166976929 55.5496183206107 12.0788804071247 10.0458015267176 327.600000000000 54.8000000000000 -116.400000000000 0.841719580172154 0.869542833327568 0.869134014218912
47.9300000000000 -0.704892883698146 2.34532006581624 -7.80429951349894 55.4325699745547 11.1704834605598 9.32061068702290 329.400000000000 56.6000000000000 -115.400000000000 0.842140151768680 0.867489697028983 0.869953912142390
47.9440000000000 -0.504178971052170 1.94309417406718 -7.98107147216797 50.8218829516539 10.3256997455471 9.58524173027990 328.600000000000 57 -115.400000000000 0.840456867157904 0.867900775843805 0.868723388877095
47.9590000000000 -0.163005230327447 1.96364442507426 -8.05888303120931 40.9541984732824 9.58778625954198 8.64122137404580 331 56.2000000000000 -117 0.841298507242490 0.865847639545220 0.869544188005600
47.9890000000000 -0.247400847574075 1.93730823198954 -8.12013451258341 35.3689567430025 7.15521628498728 6.53435114503817 332.600000000000 53.8000000000000 -115.800000000000 0.840035299549708 0.866670252578510 0.868313664740304
48.0040000000000 -0.275532719989618 1.90099616845449 -8.08900976181030 34.6692111959288 6.07379134860051 5.30279898218830 335.400000000000 53.8000000000000 -113.400000000000 0.840877935645964 0.865847639545220 0.867902585925482
48.0200000000000 -0.338779548803965 1.72681800524394 -8.11873785654704 37.5903307888041 6.27226463104326 5.47073791348601 336.800000000000 52.4000000000000 -113.200000000000 0.839614727953182 0.865847639545220 0.867081786796977
48.0500000000000 -0.244408090909322 1.66915762424469 -8.14806683858236 39.0407124681934 7.27989821882952 6.23918575063613 337 53.4000000000000 -112.200000000000 0.839614727953182 0.865436560730398 0.866670707982155
48.0660000000000 -0.100556470453739 1.02651393413544 -8.25580596923828 42.2213740458015 4.19847328244275 4.19083969465649 340.200000000000 55.8000000000000 -113.400000000000 0.840036794681514 0.862551699207043 0.867492865611799
48.0800000000000 -0.156421179572741 0.966858426729838 -8.31625970204671 40.6513994910941 3.47582697201018 3.62849872773537 340.200000000000 55.4000000000000 -112.600000000000 0.839193158100628 0.862964150076370 0.867081786796977
48.1110000000000 -0.0692323322097461 0.821211179097494 -8.28174336751302 37.6997455470738 2.85750636132316 2.39949109414758 341.600000000000 54.8000000000000 -111.600000000000 0.838771590492432 0.863376600945698 0.867081786796977
48.1240000000000 0.0909796605507533 0.645835916201274 -8.21111456553141 34.3664122137405 1.91094147582697 0.931297709923664 343 52.2000000000000 -109.400000000000 0.837927953911546 0.863789051815026 0.866259173763687
48.1370000000000 0.229045296708743 0.596156219641368 -8.04571501413981 31.8269720101781 1.08396946564886 -0.155216284987277 343.600000000000 50.8000000000000 -108.400000000000 0.838350022884236 0.864201043380661 0.866259173763687
48.1700000000000 0.0642444094022115 0.512558668851852 -8.07444540659587 30.3053435114504 -0.127226463104326 -0.648854961832061 344.200000000000 51 -107.800000000000 0.837927953911546 0.864613034946296 0.866259173763687
48.1840000000000 -0.00139661629994710 0.440732618172963 -8.09679126739502 26.3486005089059 -0.455470737913486 -1.06106870229008 345.600000000000 52.4000000000000 -107.600000000000 0.838771590492432 0.865436560730398 0.866670707982155
48.1980000000000 -0.0249396016200384 0.238422582546870 -8.17380460103353 20.8702290076336 -1.04071246819338 -1.84987277353690 346.600000000000 51.8000000000000 -107.400000000000 0.839193158100628 0.865848094948865 0.867081786796977
48.2260000000000 0.0287304222583771 0.215478152036667 -8.09140412012736 15.5572519083969 -1.35368956743003 -2.67175572519084 344.600000000000 51.4000000000000 -107.400000000000 0.840457863169574 0.866259629167333 0.867492412138794
48.2420000000000 -0.0602540746331215 0.253984898328781 -8.06047900517782 15.3715012722646 -0.577608142493639 -3.00508905852417 342.800000000000 50.8000000000000 -108.400000000000 0.840457863169574 0.866670707982155 0.868314116295433
48.2560000000000 0.404021531343460 -0.0251391176134348 -8.01219558715820 24.0610687022901 7.06106870229008 -2.31297709923664 351 52.2000000000000 -111 0.841300000145693 0.867492865611799 0.868724741637250
48.2870000000000 0.425569345553716 -0.165000405162573 -7.96091985702515 22.2366412213740 6.48091603053435 -2.60050890585242 349.800000000000 52.2000000000000 -109.400000000000 0.840878931657633 0.867903490953616 0.869134915423938
48.3020000000000 0.421579013268153 -0.297280051435034 -7.92540597915649 17.0916030534351 4.72773536895674 -2.70992366412214 348.200000000000 51.4000000000000 -108.200000000000 0.841299503254160 0.867903490953616 0.869545089210626
48.3160000000000 0.241215820113818 -0.194329380989075 -7.86116170883179 10.1043256997455 2.63104325699746 -2.60305343511450 347.800000000000 51 -106.200000000000 0.841299503254160 0.868724290082121 0.869545089210626
48.3460000000000 0.101753573864698 -0.0472854884186139 -7.81666946411133 5.48854961832061 2.10178117048346 -2.07124681933842 348.200000000000 50.6000000000000 -106.200000000000 0.842141143338745 0.867902585925482 0.869954813347417
48.3610000000000 0.101354540636142 0.121904766885564 -7.73746124903361 4.17302798982188 3.53689567430025 -2.20865139949109 348.200000000000 52.6000000000000 -106.600000000000 0.841720571742219 0.869133109190778 0.869134014218912
48.3760000000000 0.159014898041884 -0.0632468299785008 -7.72289657592773 4.35877862595420 4.57251908396947 -2.85750636132316 348.200000000000 51 -107 0.842980804693758 0.867901231247450 0.870363188521985
48.4060000000000 0.291893096019824 -0.173579625785351 -7.64009714126587 2.55979643765903 4.42748091603054 -4.18320610687023 348.200000000000 50.2000000000000 -107 0.842139164609172 0.869542833327568 0.869132665256690
48.4220000000000 0.338979066660007 -0.342171331246694 -7.58383353551229 -1.86768447837150 3.18066157760814 -5.56997455470738 348.800000000000 47.6000000000000 -106 0.842979813123693 0.867901231247450 0.870363188521986
48.4370000000000 0.504977057377497 -0.197322125236193 -7.52078612645467 -8.28244274809160 2.03307888040713 -6.61068702290076 349.200000000000 50.8000000000000 -104.800000000000 0.840876944075899 0.869133109190778 0.868312310062272
48.4680000000000 0.146644860506058 -0.180762231349945 -7.90804815292358 -15.6564885496183 -2.34351145038168 -7.68702290076336 341.400000000000 54.6000000000000 -103.800000000000 0.843821945689256 0.863789051815026 0.871184435407686
48.4830000000000 0.185949673255285 -0.102152608335018 -7.93039401372274 -15.5623409669211 -2.24681933842239 -7.64122137404580 343.800000000000 55 -105 0.842138661078479 0.865434281755767 0.869953912142390
48.4960000000000 0.289299378792445 -0.0440932161485155 -7.95613177617391 -14.8625954198473 -2.01017811704835 -7.23155216284987 343.400000000000 53.8000000000000 -105.400000000000 0.840876944075899 0.866257807539869 0.868723388877095
48.5260000000000 0.329402257998784 -0.103549226808051 -8.04471715291341 -14.6590330788804 -2.47073791348601 -6.31806615776081 344.400000000000 54 -106.400000000000 0.839193659465122 0.866669799105504 0.867081786796977
48.5430000000000 0.320623517036438 -0.0827994790549080 -8.15505011876424 -17.6844783715013 -3.64376590330789 -5.21882951653944 344 52.4000000000000 -107.600000000000 0.839193659465122 0.865848094948865 0.866259173763687
48.5570000000000 0.243809546033541 0.0995588873823484 -8.30807940165202 -22.3867684478372 -5.02544529262087 -4.77099236641221 344.400000000000 52.8000000000000 -108 0.839193659465122 0.865024569164763 0.865848094948865
48.5870000000000 0.141656937698523 0.360925910373529 -8.40424664815267 -25.6412213740458 -5.78371501272265 -5.38676844783715 343.800000000000 51.4000000000000 -108.200000000000 0.838771590492432 0.865436103383230 0.865436560730398
48.6030000000000 0.0373096441229185 0.397836521267891 -8.59857590993246 -25.7099236641221 -5.73282442748092 -6.54707379134860 341.600000000000 52.8000000000000 -108.800000000000 0.839193158100628 0.864200126729800 0.866259173763687
48.6170000000000 -0.0301270385583242 0.427564516663551 -8.69693787892660 -26.1450381679389 -5.41475826972010 -7.62340966921120 342.800000000000 52 -110.400000000000 0.838349521519742 0.864612118295435 0.865435647979585
48.6480000000000 0.0163603772719701 0.639650896191597 -8.79270585378011 -27.3409669211196 -4.88040712468193 -7.92875318066158 342.400000000000 52.8000000000000 -112 0.838771590492432 0.864200584076968 0.865847182198053
48.6620000000000 -0.111330382525921 0.654215633869171 -8.90942287445068 -21.6183206106870 -4.51145038167939 -8.29007633587786 337.800000000000 52.2000000000000 -112.200000000000 0.838772091856926 0.866259629167333 0.867492865611799
48.6760000000000 -0.154226496815681 0.681150396664937 -8.94792970021566 -21.8982188295165 -4.11450381679389 -8.64885496183206 339.200000000000 51.2000000000000 -112.400000000000 0.838772091856926 0.865436103383230 0.867081786796977
48.7080000000000 -0.0444922521710396 0.799064815044403 -8.92059612274170 -23.9338422391858 -3.09414758269720 -8.85496183206107 338.800000000000 51.2000000000000 -112.400000000000 0.838772091856926 0.865436103383230 0.866259173763687
48.7230000000000 0.0412999788920085 0.978430430094401 -8.90423583984375 -26.2468193384224 -3.30788804071247 -9.13994910941476 339.600000000000 52 -113.200000000000 0.839614727953182 0.865847182198053 0.866259173763687
48.7360000000000 0.0614511768023173 1.08457338809967 -8.85974343617757 -28.2722646310433 -4.79134860050891 -9.06615776081425 337.400000000000 54.2000000000000 -115 0.840036295561378 0.866670707982155 0.867080877920327
48.7700000000000 -0.0845951239267985 1.14303183555603 -8.90184148152669 -29.8676844783715 -6.69720101781171 -9.07633587786260 336.000000000000 55.6000000000000 -115.600000000000 0.840457863169574 0.866670707982155 0.868724290082121
48.7840000000000 -0.206499894460042 1.34713753064473 -8.96149698893229 -32.7201017811705 -7.01526717557252 -8.79898218829517 333.800000000000 55.4000000000000 -115.400000000000 0.840036794681514 0.867081333323972 0.868724290082121
48.8000000000000 -0.236227899789810 1.67055428028107 -8.98424212137858 -33.7480916030534 -6.59796437659033 -8.67938931297710 332 54 -115.200000000000 0.841298511684095 0.867492412138794 0.869134463868809
48.8300000000000 -0.311246226231257 1.84173969427745 -8.98763370513916 -30.9974554707379 -6.59033078880407 -9.21628498727735 331.800000000000 53.8000000000000 -117.400000000000 0.841298511684095 0.869134014218912 0.869134463868809
48.8450000000000 -0.363320112228394 1.88264063994090 -8.95551141103109 -26.6870229007634 -6.40203562340967 -10.0585241730280 332.400000000000 53.6000000000000 -116.800000000000 0.842560228686675 0.868723388877095 0.870774263513700
48.8600000000000 -0.129286885261536 1.78846871852875 -8.85675048828125 -25.4732824427481 -5.40458015267176 -10.9160305343511 331.200000000000 54 -115.200000000000 0.840036794681514 0.869955262997314 0.868724741637250
48.8910000000000 -0.167594114939372 1.86069377263387 -8.87909634908040 -26.0152671755725 -6.38676844783715 -11.1221374045802 330.200000000000 54.6000000000000 -115.400000000000 0.841718096121112 0.869545089210626 0.869953915940324
48.9050000000000 -0.290895501772563 1.94010142485301 -8.95491282145182 -25.7862595419847 -8.04580152671756 -11.6743002544529 328.800000000000 52.8000000000000 -116.400000000000 0.842139164609172 0.869954813347417 0.869543290598507
48.9200000000000 -0.463876585165660 2.00314871470133 -9.05646705627441 -26.6361323155216 -9.68956743002544 -12.4402035623410 328 53.2000000000000 -118 0.843400881611752 0.868722935404089 0.870363188521986
48.9500000000000 -0.451905578374863 2.11846947669983 -9.03033034006755 -29.0941475826972 -10.0127226463104 -12.8524173027990 326.200000000000 53.4000000000000 -119 0.841719580172154 0.869133109190778 0.868312310062272
48.9650000000000 -0.482830693324407 2.30441919962565 -8.99182351430257 -31.1577608142494 -11.1068702290076 -13.0152671755725 325.200000000000 55.6000000000000 -120 0.842140151768680 0.867079972892192 0.869952109707163
48.9800000000000 -0.548272202412287 2.40557424227397 -9.00359503428141 -30.0992366412214 -13.0381679389313 -12.6819338422392 323.200000000000 55.2000000000000 -119.600000000000 0.840456867157904 0.868311850835520 0.868721586441868
49.0100000000000 -0.680551846822103 2.43530217806498 -9.08838971455892 -28.7455470737913 -14.6590330788804 -12.4020356234097 323.200000000000 54 -119.600000000000 0.841298507242490 0.866256447108090 0.869953464385195
49.0250000000000 -0.549469297130903 2.56578612327576 -8.99022738138835 -29.8524173027990 -14.9541984732824 -11.8091603053435 322 52.4000000000000 -120 0.840035299549708 0.867079060141380 0.867902585925482
49.0400000000000 -0.540690546234449 2.78246132532756 -8.83001518249512 -30.5470737913486 -15.3511450381679 -11.3969465648855 321.400000000000 52.6000000000000 -121 0.840456867157904 0.865847182198053 0.867902585925482
49.0700000000000 -0.831386566162109 2.58274507522583 -9.03870964050293 -21.5725190839695 -16.3816793893130 -10.8549618320611 318.600000000000 57 -123 0.838772091856926 0.865025026511930 0.866259629167333
49.0850000000000 -0.801259517669678 2.56498805681864 -9.05187797546387 -23.1908396946565 -15.8702290076336 -10.7531806615776 318.600000000000 57.8000000000000 -124.600000000000 0.838350022884236 0.865436560730398 0.865848094948865
49.0990000000000 -0.741603990395864 2.70265467961629 -8.93935044606527 -26.3460559796438 -15.6768447837150 -10.1984732824427 319 58.2000000000000 -123.400000000000 0.839192658980492 0.864612118295435 0.865848094948865
49.1300000000000 -0.755171120166779 2.87284255027771 -8.80407810211182 -28.2035623409669 -16.5419847328244 -9.28753180661578 317.800000000000 58.6000000000000 -123.400000000000 0.838348017410347 0.864200126729800 0.865848094948865
49.1450000000000 -0.923962334791819 3.07116230328878 -8.69594001770020 -27.1653944020356 -17.9974554707379 -8.13231552162850 316.600000000000 59 -123.800000000000 0.838770086383038 0.863376600945698 0.866259629167333
49.1600000000000 -1.15121197700500 3.08313330014547 -8.70412031809489 -25.9949109414758 -18.0763358778626 -7.74554707379135 313.200000000000 59.2000000000000 -126 0.837927450286782 0.864201043380661 0.865848094948865
49.1900000000000 -1.11509943008423 3.15875013669332 -8.61453723907471 -28.2162849872774 -16.5521628498728 -7.97964376590331 310.200000000000 59.4000000000000 -126.200000000000 0.838772091856926 0.864201043380661 0.866259173763687
49.2050000000000 -1.11549846331279 3.28085438410441 -8.52435557047526 -31.5597964376590 -16.2519083969466 -8.43002544529262 310.200000000000 59 -124.600000000000 0.839193659465122 0.864613034946296 0.866259173763687
49.2350000000000 -1.17675010363261 3.45443399747213 -8.42280165354411 -32.9694656488550 -17.4554707379135 -8.09414758269720 311.200000000000 59.2000000000000 -124 0.839615227073318 0.865024569164763 0.866670707982155
49.2500000000000 -1.39601910114288 3.61883584658305 -8.36035283406576 -32.1272264631043 -18.1704834605598 -7.26972010178117 310.800000000000 59.6000000000000 -127.200000000000 0.840036794681514 0.865436560730398 0.866259629167333
49.2650000000000 -1.51672673225403 3.77565598487854 -8.36474227905273 -29.7557251908397 -13.0152671755725 -7 310.800000000000 62.4000000000000 -130.800000000000 0.841300000145693 0.865025026511930 0.868724741637250
49.2800000000000 -1.45467702547709 3.76328595479329 -8.28912544250488 -30.1399491094148 -12.3740458015267 -6.70737913486005 309.800000000000 63.4000000000000 -130.200000000000 0.840878931657633 0.865847639545220 0.868724741637250
49.3100000000000 -1.41537221272786 3.76667777697245 -8.22029209136963 -30.8295165394402 -12.0916030534351 -6.25445292620865 307.800000000000 62.6000000000000 -129.400000000000 0.840457863169574 0.866670252578510 0.869134915423938
49.3250000000000 -1.41357656319936 3.85227044423421 -8.15305487314860 -32.3180661577608 -12.0025445292621 -5.77862595419847 303.600000000000 61.6000000000000 -128 0.840036794681514 0.867903490953616 0.869954813347417
49.3400000000000 -1.51672673225403 3.97198057174683 -8.10277652740479 -34.4936386768448 -11.9516539440204 -5.35623409669211 301.200000000000 60.8000000000000 -125.600000000000 0.841298511684095 0.867903490953616 0.870364987134105
49.3700000000000 -1.58097116152445 4.04899406433106 -8.06466897328695 -37.3587786259542 -10.7964376590331 -4.66666666666667 298.200000000000 61.8000000000000 -124.600000000000 0.841719580172154 0.868314116295433 0.869544188005600
49.3850000000000 -1.60192044576009 4.12161827087402 -7.98785495758057 -40.2977099236641 -9.14249363867685 -3.45801526717557 297 61.8000000000000 -126.200000000000 0.842981297174735 0.867903490953616 0.869953464385195
49.4000000000000 -1.61189631621043 4.11224095026652 -8.16382884979248 -42.8167938931298 -7.88804071246819 -1.76844783715013 294.800000000000 62 -129.200000000000 0.842140648660214 0.868724290082121 0.869953464385195
49.4310000000000 -1.62047553062439 4.39854749043783 -8.15165805816650 -46.4274809160305 -5.63867684478371 -0.862595419847328 293.800000000000 62.2000000000000 -130.200000000000 0.843400881611752 0.868313664740304 0.871593264030086
49.4450000000000 -1.60611029465993 4.66909233729045 -8.22328472137451 -47.6055979643766 -3.06361323155216 -1.16030534351145 294.200000000000 65 -129.400000000000 0.842139164609172 0.869134463868809 0.869953464385195
49.4600000000000 -1.61129772663116 5.25227975845337 -8.16422748565674 -43.3358778625954 -0.129770992366412 -3.68702290076336 294.600000000000 61.8000000000000 -125.400000000000 0.843821945689256 0.866259629167333 0.872412264546471
49.4900000000000 -1.64481655756633 5.23292668660482 -8.21251074473063 -42.1552162849873 -0.244274809160305 -3.66412213740458 293.400000000000 62.6000000000000 -127.400000000000 0.842560228686675 0.867491507110660 0.870772464901581
49.5050000000000 -1.62626151243846 5.27961365381877 -8.28433704376221 -40.5572519083970 0.117048346055980 -3.98982188295165 290.200000000000 63.8000000000000 -127 0.842979813123693 0.867079972892192 0.870363188521986
49.5200000000000 -1.61947794755300 5.35383399327596 -8.36194928487142 -38.7735368956743 0.770992366412214 -4.70483460559796 288.600000000000 63.8000000000000 -127.400000000000 0.841296528512916 0.868311850835520 0.868723388877095
49.5500000000000 -1.55902433395386 5.53539435068766 -8.29171943664551 -37.6997455470738 1.51653944020356 -5.38422391857506 286.600000000000 61 -125.400000000000 0.841717597000976 0.866668438673725 0.869134014218912
49.5650000000000 -1.58635811010997 5.44481372833252 -8.34898058573405 -35.9312977099237 1.03307888040712 -5.44274809160305 286.600000000000 60.6000000000000 -125.400000000000 0.839614727953182 0.867079972892192 0.867492412138794
49.5800000000000 -1.54246441523234 5.55035813649495 -8.29351488749186 -35.9567430025445 0.384223918575064 -5.21882951653944 284.600000000000 59.4000000000000 -125.800000000000 0.839614727953182 0.865436560730398 0.867492412138794
49.6100000000000 -1.57937502861023 5.63974157969157 -8.24682776133219 -35.8778625954199 -0.709923664122138 -5.04325699745547 282.600000000000 61 -125.400000000000 0.838772091856926 0.864612118295435 0.866670707982155
49.6250000000000 -1.53149100144704 6.00864823659261 -7.93338696161906 -34.1043256997455 -2.04325699745547 -4.61832061068702 281.600000000000 60.8000000000000 -126.800000000000 0.838772091856926 0.864200584076968 0.866670707982155
49.6410000000000 -1.62107404073079 5.91108449300130 -7.85497681299845 -27.7633587786260 -4.22391857506361 -3.55979643765903 279.800000000000 61.8000000000000 -127 0.838772091856926 0.864200584076968 0.866670707982155
49.6710000000000 -1.53348624706268 5.79217243194580 -7.75242519378662 -24.7404580152672 -2.96183206106870 -1.97709923664122 277.800000000000 61.8000000000000 -121.800000000000 0.836238167146494 0.865025026511930 0.865025026511930
49.6850000000000 -1.51612826188405 5.85502020517985 -7.72429323196411 -25.1882951653944 -3.18320610687023 -2.34605597964377 279.200000000000 62 -122.400000000000 0.837082808716638 0.864613034946296 0.865847639545220
49.7010000000000 -1.53149104118347 6.01922257741292 -7.54991547266642 -24.2926208651400 -5.48854961832061 -2.38676844783715 277.800000000000 61.8000000000000 -123 0.837927450286782 0.865024569164763 0.866259173763687
49.7300000000000 -1.62805716196696 6.04476070404053 -7.43838548660278 -21.0559796437659 -9.64376590330789 -1.33842239185751 276.400000000000 61.6000000000000 -124 0.839193659465122 0.865024569164763 0.866670707982155
49.7460000000000 -1.70048177242279 6.03458531697591 -7.32027165095011 -17.9236641221374 -12.5139949109415 -0.447837150127226 274.800000000000 60.8000000000000 -124.400000000000 0.839615227073318 0.865848094948865 0.866670707982155
49.7610000000000 -1.73819045225779 5.90589698155721 -7.36157162984212 -17.5292620865140 -12.4936386768448 -0.366412213740458 275.800000000000 60.6000000000000 -124.200000000000 0.840036794681514 0.865436560730398 0.867492412138794
49.7910000000000 -1.61449003219605 6.04296509424845 -7.17103306452433 -19.3435114503817 -11.5241730279898 -0.809160305343512 276.200000000000 61.4000000000000 -122.600000000000 0.840036794681514 0.865848094948865 0.868314116295433
49.8050000000000 -1.66636439164480 6.22612158457438 -6.94258626302083 -18.1145038167939 -13.6386768447837 0.259541984732824 274.400000000000 62 -122.800000000000 0.839615227073318 0.865848094948865 0.868724741637250
49.8350000000000 -1.80622565746307 6.19519646962484 -6.79454485575358 -13.6386768447837 -17.1653944020356 2.95674300254453 273.600000000000 62.4000000000000 -123.200000000000 0.840036295561378 0.867081333323972 0.869134915423938
49.8650000000000 -2.08993852138519 6.08047421773275 -6.80013132095337 -10.9414758269720 -17.8473282442748 4.59541984732824 272 64 -125.600000000000 0.840877935645964 0.867492412138794 0.869545089210626
49.8790000000000 -1.47961664199829 6.24048662185669 -6.51103162765503 -18.6259541984733 -10.0381679389313 2.37404580152672 276.600000000000 65.4000000000000 -124.200000000000 0.840036794681514 0.868724741637250 0.868724741637250
49.8820000000000 -1.66317208607992 6.30094019571940 -6.41666014989217 -18.7608142493639 -11.3511450381679 2.29516539440204 276 65.2000000000000 -124 0.841298511684095 0.868724741637250 0.869544639560729
49.9100000000000 -1.85490775108337 6.21554708480835 -6.43641233444214 -17.3358778625954 -13.6717557251908 3.03816793893130 275.600000000000 65.2000000000000 -125.600000000000 0.840876944075899 0.869134915423938 0.869544639560729
49.9250000000000 -2.13243563969930 6.12815872828166 -6.57268222173055 -17.2213740458015 -15.5954198473282 3.57251908396947 274.200000000000 65 -125.400000000000 0.842138661078479 0.868313211267299 0.870773813863802
49.9400000000000 -2.17114194234212 6.10421673456828 -6.69718074798584 -20.4936386768448 -14.1221374045802 3.83969465648855 273.200000000000 65.2000000000000 -124.800000000000 0.841298012563958 0.868723385053987 0.869953915940324
49.9700000000000 -2.13981779416402 6.39152081807454 -6.56769434611003 -25.5776081424936 -11.1450381679389 3.29262086513995 271.800000000000 65 -123.400000000000 0.843400881611752 0.867902585925482 0.871183090243398
49.9850000000000 -2.08914049466451 6.68082014719645 -6.24128484725952 -26.3129770992366 -9.69720101781171 3.52417302798982 271 65 -122.200000000000 0.842139164609172 0.869134463868809 0.869543290598507
50.0010000000000 -2.16814915339152 6.65747674306234 -6.21814092000326 -21.2519083969466 -10.0814249363868 4.05089058524173 269.400000000000 65.8000000000000 -123.400000000000 0.842979813123693 0.867491051707015 0.870772464901581
50.0300000000000 -2.26112397511800 6.46633974711100 -6.35401185353597 -18.7557251908397 -8.75826972010178 3.91348600508906 269 66.6000000000000 -121 0.840454875103209 0.868311850835520 0.868721586441868
50.0460000000000 -2.18730278809865 6.52659384409587 -6.41107368469238 -21.5114503816794 -5.24427480916031 2.88804071246819 268.200000000000 68.2000000000000 -122.200000000000 0.841296515187794 0.866668438673725 0.869542385570373
50.0610000000000 -2.03207874298096 7.03715753555298 -6.02261447906494 -24.0305343511450 -5.14503816793893 2.89312977099237 268.200000000000 67.8000000000000 -127.800000000000 0.840036794681514 0.867492865611799 0.868724741637250
50.0910000000000 -2.13123861948649 6.96612946192424 -6.12017822265625 -22.3206106870229 -6.05852417302799 3.63358778625954 265.800000000000 67 -125.800000000000 0.840457863169574 0.866670252578510 0.867903037480611
50.1050000000000 -2.25334286689758 6.83803955713908 -6.30034192403158 -21.3409669211196 -6.02544529262087 4.54707379134860 266.200000000000 65.4000000000000 -124.200000000000 0.840457863169574 0.865847639545220 0.866669799105504
50.1200000000000 -2.22999938329061 6.86736853917440 -6.35600709915161 -22.3511450381679 -4.77608142493639 5.38676844783715 264.400000000000 65.2000000000000 -120.800000000000 0.840036295561378 0.865847639545220 0.866259173763687
50.1510000000000 -2.12066411972046 6.95715109507243 -6.34822591145833 -24.4783715012723 -3.47837150127227 5.24936386768448 265.400000000000 66.2000000000000 -120.200000000000 0.839193659465122 0.865435647979585 0.866670252578510
50.1660000000000 -2.02170379956563 7.10020462671916 -6.18262688318888 -25.0661577608143 -3.61577608142494 4.84987277353690 264 68 -118.800000000000 0.838350022884236 0.865435647979585 0.867081786796977
50.1810000000000 -2.09851773579915 7.02159500122070 -6.17923514048259 -22.6844783715013 -5.23409669211196 4.89312977099237 264.600000000000 67.8000000000000 -120.200000000000 0.838771590492432 0.864613034946296 0.867081786796977
50.2110000000000 -2.16834863026937 6.92881965637207 -6.14831002553304 -21.7989821882952 -6.23918575063613 5.77608142493639 264.400000000000 68.8000000000000 -119.600000000000 0.838771590492432 0.865025026511930 0.866670707982155
50.2250000000000 -2.17213948567708 6.90986569722494 -6.17803812026978 -22.9185750636132 -6.67430025445293 6.72773536895674 264.200000000000 67.4000000000000 -119.800000000000 0.839193659465122 0.864613034946296 0.867492412138794
50.2400000000000 -2.21343946456909 7.10259882609050 -6.10780811309814 -25.1323155216285 -6.88040712468193 6.99491094147583 263.400000000000 65.4000000000000 -119.800000000000 0.838350022884236 0.864613034946296 0.866669799105504
50.2700000000000 -2.27389311790466 7.45674133300781 -5.74728107452393 -20.8396946564886 -8.15267175572519 7.43511450381679 261 64.2000000000000 -119.400000000000 0.838772091856926 0.866259629167333 0.867492865611799
50.2850000000000 -2.29364530245463 7.42402060826619 -5.72752888997396 -18.1603053435115 -8.75572519083969 7.84478371501272 259.600000000000 65.2000000000000 -120 0.839193659465122 0.866259629167333 0.867492865611799
50.3010000000000 -2.32716409365336 7.33882681528727 -5.81751108169556 -14.8142493638677 -9.17557251908397 8.36641221374046 258 65.6000000000000 -121.200000000000 0.840036295561378 0.866259629167333 0.867903490953616
50.3300000000000 -2.28446745872498 7.43599144617717 -5.80992952982585 -12.4147582697201 -8.86513994910941 7.89312977099237 258.400000000000 66 -120.400000000000 0.840878931657633 0.866670707982155 0.868314116295433
50.3450000000000 -2.26311914126078 7.49903869628906 -5.85502036412557 -12.1704834605598 -8.63358778625954 6.29262086513995 259.200000000000 66 -120.800000000000 0.841300000145693 0.866670707982155 0.868314116295433
50.3600000000000 -2.14520470301310 7.59600400924683 -5.71775277455648 -12.1704834605598 -9.16030534351145 3.95928753180662 261.200000000000 68.4000000000000 -118.800000000000 0.841720571742219 0.867492412138794 0.868724290082121
50.3900000000000 -2.15717569986979 7.46212816238403 -5.75765609741211 -11.8244274809160 -10.9770992366412 1.93129770992366 260.200000000000 69.8000000000000 -120.200000000000 0.842141143338745 0.867903037480611 0.869544188005600
50.4050000000000 -2.09672212600708 7.41524171829224 -5.67525561650594 -13.3027989821883 -11.9821882951654 0.320610687022901 259.800000000000 71.4000000000000 -121.400000000000 0.842141143338745 0.868724741637250 0.869954813347417
50.4210000000000 -2.15937042236328 7.44477017720540 -5.56412474314372 -14.6972010178117 -12.5699745547074 -0.399491094147583 258.200000000000 70.2000000000000 -123 0.842980804693758 0.868314116295433 0.870773813863802
50.4500000000000 -2.19308876991272 7.45015716552734 -5.38515822092692 -13.2849872773537 -12.8931297709924 0.264631043256998 257.400000000000 71 -121.800000000000 0.842560233097232 0.869134014218912 0.869953915940324
50.4660000000000 -2.30681324005127 7.18978786468506 -5.47553920745850 -6.10687022900763 -13.2366412213740 4.58778625954199 259.800000000000 65.4000000000000 -124.200000000000 0.845080699000308 0.866259629167333 0.872412264546471
50.4810000000000 -2.25354226430257 7.25602738062541 -5.41628281275431 -6.78625954198473 -12.6055979643766 4.79643765903308 258.600000000000 67 -123 0.843820466048770 0.867081333323972 0.870772464901581
50.5100000000000 -2.23219402631124 7.39529005686442 -5.32729832331340 -7.58524173027990 -12.0203562340967 4.79898218829517 258.200000000000 67.8000000000000 -121.800000000000 0.843820466048770 0.867081333323972 0.870772464901581
50.5240000000000 -2.27688582738241 7.54033867518107 -5.20898485183716 -7.74300254452926 -11.6895674300254 5.07124681933842 257.200000000000 68.8000000000000 -121.200000000000 0.841717597000976 0.868313211267299 0.869543290598507
50.5380000000000 -2.38622109095256 7.54253339767456 -5.26105864842733 -7.17811704834606 -11.8651399491094 5.70737913486005 256.800000000000 68 -121.600000000000 0.842977829952514 0.867079972892192 0.870773813863802
50.5690000000000 -2.40357899665833 7.49265416463216 -5.32889445622762 -7.81933842239186 -11.2290076335878 6.66412213740458 255 67.4000000000000 -122.600000000000 0.840874960904720 0.867901677048831 0.868722935404089
50.5840000000000 -2.33674089113871 7.51918999354045 -5.35922098159790 -10.5368956743003 -9.88804071246820 7.28498727735369 253 69.4000000000000 -123.800000000000 0.842138168597502 0.867080877920327 0.869133109190778
50.5980000000000 -2.25912880897522 7.72608884175619 -5.23771524429321 -13.1857506361323 -8.72010178117048 7.12468193384224 253.400000000000 70.6000000000000 -123.800000000000 0.840035299549708 0.867492412138794 0.867902585925482
50.6300000000000 -2.28845779101054 7.83801778157552 -5.13057470321655 -12.4402035623410 -8.75063613231552 6.71246819338422 253.400000000000 73 -124.600000000000 0.840035299549708 0.866670707982155 0.868313664740304
50.6450000000000 -2.35090653101603 7.80190515518189 -5.09246699015300 -10.0636132315522 -8.86005089058524 6.40458015267176 254.200000000000 70.6000000000000 -123.400000000000 0.838772091856926 0.865023652513903 0.867081786796977
50.6610000000000 -2.19668006896973 7.53455257415772 -5.09964942932129 -10.8473282442748 -6.02290076335878 5.76335877862595 255 66.6000000000000 -121.800000000000 0.836238167146494 0.863789051815026 0.866259629167333
50.6900000000000 -2.21343946456909 7.61435937881470 -5.04996983210246 -11.8753180661578 -5.74300254452926 5.57760814249364 254.600000000000 67.4000000000000 -122.200000000000 0.837504376324834 0.863789051815026 0.866670707982155
50.7050000000000 -2.23398971557617 7.73107671737671 -4.96976407368978 -12.7302798982188 -5.59796437659033 5.54452926208651 254.200000000000 69 -121 0.837926948922288 0.864201043380661 0.866259173763687
50.7190000000000 -2.28765972455343 7.78793907165527 -4.90053176879883 -12.5394402035623 -5.55979643765903 5.60559796437659 253.800000000000 67.8000000000000 -120.600000000000 0.838771590492432 0.864201043380661 0.867491051707015
50.7500000000000 -2.28506604830424 7.71691099802653 -4.91469748814901 -11.5725190839695 -5.21374045801527 5.77862595419847 255.400000000000 69.0000000000000 -119.800000000000 0.837927953911546 0.865024569164763 0.867079972892192
50.7650000000000 -2.29504187901815 7.68897867202759 -4.92806514104207 -12.6183206106870 -3.96183206106870 5.77862595419847 256.200000000000 67.4000000000000 -119.800000000000 0.838771590492432 0.865024569164763 0.867079972892192
50.7790000000000 -2.18949747085571 7.79432360331218 -4.84446763992310 -15.5216284987277 -2.63104325699746 5.83969465648855 256.400000000000 69.6000000000000 -119.200000000000 0.838771590492432 0.865848094948865 0.865848094948865
50.8100000000000 -2.16415882110596 7.96550893783569 -4.73174063364665 -17.6335877862595 -2.64376590330789 5.90585241730280 253.400000000000 69.8000000000000 -119.400000000000 0.839615227073318 0.865024569164763 0.866669799105504
50.8250000000000 -2.16296172142029 8.01498905817668 -4.72036822636922 -17.4376590330789 -3.57251908396947 5.48600508905852 251.600000000000 70.4000000000000 -119.600000000000 0.839193659465122 0.865436103383230 0.867492412138794
50.8400000000000 -2.24695833524068 8.04671208063761 -4.76486047108968 -17.1603053435115 -3.55979643765903 4.29770992366412 252.600000000000 69.8000000000000 -120.200000000000 0.839615227073318 0.865847182198053 0.868314116295433
50.8700000000000 -2.27090024948120 8.27256584167481 -4.55975723266602 -18.3664122137405 -0.0763358778625954 2.03053435114504 252 70.8000000000000 -122.400000000000 0.840036794681514 0.868724741637250 0.869955262997314
50.8850000000000 -2.18650468190511 8.26957289377848 -4.52663739522298 -17.0127226463104 -0.422391857506361 2.31297709923664 251.200000000000 70.8000000000000 -122.400000000000 0.840878434766100 0.867903037480611 0.869545089210626
50.9000000000000 -2.13243563969930 8.18916734059652 -4.53741121292114 -14.0305343511450 -0.966921119592875 2.86768447837150 251.800000000000 69.4000000000000 -118.600000000000 0.841299503254160 0.867903037480611 0.868724290082121
50.9290000000000 -2.10210911432902 8.04332033793132 -4.59148025512695 -11.2239185750636 -0.737913486005089 3.72264631043257 251.600000000000 70.0000000000000 -117.600000000000 0.842561220256740 0.867492412138794 0.869543290598507
50.9440000000000 -2.07278013229370 7.99743143717448 -4.58629290262858 -10.7684478371501 0.684478371501272 4.29516539440204 253.000000000000 68.6000000000000 -116.200000000000 0.842140648660214 0.868724290082121 0.869953464385195
50.9580000000000 -2.00614154338837 8.06227461496989 -4.49631086985270 -11.7837150127226 1.90839694656489 4.73282442748092 252.000000000000 68.8000000000000 -119.200000000000 0.843400881611752 0.868313664740304 0.871593264030086
50.9900000000000 -1.94149808088938 8.19654941558838 -4.39814853668213 -12.0356234096692 1.63104325699746 5.09414758269720 252.600000000000 69.4000000000000 -119.400000000000 0.842560233097232 0.869544188005600 0.870364089727012
51.0050000000000 -2.00833618640900 8.21610228220622 -4.42009528477987 -11.4834605597964 0.569974554707379 5.54707379134860 250.600000000000 71 -119 0.843820466048770 0.868312310062272 0.871183090243398
51.0200000000000 -2.05442452430725 8.20433076222738 -4.43884992599487 -11.9287531806616 0.552162849872774 6.09160305343511 250.400000000000 71.2000000000000 -119.600000000000 0.842139164609172 0.869133109190778 0.869953915940324
51.0510000000000 -1.99576659997304 8.20712407430013 -4.40353552500407 -13.4554707379135 1.43256997455471 6.79134860050891 247.800000000000 68.2000000000000 -118.600000000000 0.843399397560710 0.867079972892192 0.871183090243398
51.0650000000000 -1.80642521381378 8.52036571502686 -3.98514866828918 -14.8854961832061 1.52671755725191 8.97709923664122 249.600000000000 67.2000000000000 -120 0.840036794681514 0.871184435407686 0.867492865611799
51.0810000000000 -1.88264060020447 8.52694956461589 -4.03901815414429 -13.9669211195929 1.23155216284987 9.32061068702290 251.600000000000 68.8000000000000 -120 0.840878434766100 0.869131299109101 0.868723388877095
51.1100000000000 -1.90578452746073 8.51976680755615 -4.08410890897115 -12.4529262086514 1.40712468193384 9.90076335877863 252 70.4000000000000 -119.200000000000 0.840878434766100 0.868311401185622 0.868312310062272
51.1260000000000 -1.93491395314535 8.48205788930257 -4.11842584609985 -10.6743002544529 2.14503816793893 10.2697201017812 252.400000000000 69.2000000000000 -118.400000000000 0.840878434766100 0.866258264887037 0.868722935404089
51.1410000000000 -1.82198746999105 8.47068564097087 -4.07233746846517 -10.0636132315522 3.22900763358779 10.0025445292621 251 68.2000000000000 -116.600000000000 0.839615227073318 0.866258264887037 0.867081333323972
51.1710000000000 -1.78806960582733 8.48764451344808 -4.02964091300964 -10.2137404580153 3.24681933842239 9.25954198473283 251.000000000000 66.6000000000000 -116.600000000000 0.839193659465122 0.865025026511930 0.867492412138794
51.1850000000000 -1.71484696865082 8.55707645416260 -4.00749452908834 -10.7786259541985 2.36641221374046 8.23664122137405 251.400000000000 68.2000000000000 -114.600000000000 0.838772091856926 0.864613034946296 0.867081786796977
51.2010000000000 -1.75295468171438 8.63309224446615 -3.96779076258341 -10.6921119592875 1.14758269720102 7.06870229007634 249.800000000000 67 -115.400000000000 0.838350022884236 0.864613034946296 0.866670252578510
51.2310000000000 -1.73938755194346 8.62670771280924 -3.96918741861979 -9.84478371501272 0.183206106870229 6.34605597964377 250 67.2000000000000 -114.400000000000 0.838350022884236 0.864201043380661 0.866670252578510
51.2450000000000 -1.72302714983622 8.56445852915446 -3.92309904098511 -8.85750636132316 -0.384223918575064 6.20865139949109 250.200000000000 67.4000000000000 -114.600000000000 0.837927953911546 0.865024569164763 0.866259173763687
51.2600000000000 -1.69509482383728 8.38090324401856 -4.01328039169312 -9.26717557251909 -0.320610687022901 6.30534351145038 248.400000000000 64.8000000000000 -110.400000000000 0.840036794681514 0.863789051815026 0.866259629167333
51.2890000000000 -1.65399436155955 8.38948249816895 -3.92210125923157 -9.80407124681934 -0.282442748091603 6.37913486005089 247.400000000000 66.2000000000000 -111 0.839615227073318 0.864612577599128 0.865848094948865
51.3190000000000 -1.63643685976664 8.41581853230794 -3.80897529919942 -10.6590330788804 -0.989821882951654 6.75063613231552 247.800000000000 67 -112.600000000000 0.839193659465122 0.865024569164763 0.866259173763687
51.3220000000000 -1.62925426165263 8.47128423055013 -3.70782033602397 -10.9211195928753 -2.25445292620865 7.42239185750636 248 66.8000000000000 -114.400000000000 0.838772091856926 0.865436560730398 0.866670252578510
51.3480000000000 -1.71764020125071 8.56226380666097 -3.74612760543823 -10.1730279898219 -3.41730279898219 8.13994910941476 250 66.8000000000000 -114.400000000000 0.839193659465122 0.865436560730398 0.867492865611799
51.3630000000000 -1.70686630407969 8.59897486368815 -3.76109139124552 -9.12977099236641 -2.99491094147583 8.70737913486005 250.600000000000 66.6000000000000 -112.600000000000 0.840036295561378 0.866259173763687 0.867903490953616
51.3760000000000 -1.67434505621592 8.64127222696940 -3.75350975990295 -8.91857506361323 -2.12213740458015 8.84223918575064 251 65.4000000000000 -112.200000000000 0.840878931657633 0.866670707982155 0.868314116295433
51.4070000000000 -1.57518521944682 8.67319488525391 -3.67450110117594 -9.16030534351145 -1.98727735368957 8.66666666666667 250.600000000000 65.8000000000000 -113.800000000000 0.841300000145693 0.867081786796977 0.868724741637250
51.4230000000000 -1.51872197786967 8.74661731719971 -3.62083109219869 -9.09669211195929 -3.35368956743003 8.16793893129771 248.600000000000 63.8000000000000 -114.200000000000 0.842140648660214 0.867492412138794 0.869134915423938
51.4370000000000 -1.49677511056264 8.77275403340658 -3.55299536387126 -8.52162849872773 -4.66157760814249 7.68193384223919 249.600000000000 65.6000000000000 -114 0.842140648660214 0.868314116295433 0.868724290082121
51.4670000000000 -1.50415718555450 8.75858879089356 -3.45483303070068 -6.83206106870229 -4.58015267175573 6.58778625954199 249 70.2000000000000 -113.400000000000 0.845080699000308 0.866259629167333 0.871184435407686
51.4820000000000 -1.50395766894023 8.72626686096191 -3.47578231493632 -6.54198473282443 -4.63613231552163 6.41984732824427 248 68.4000000000000 -112 0.843820466048770 0.867491507110660 0.870364537484207
51.4970000000000 -1.50994316736857 8.72107919057210 -3.48256587982178 -6.36386768447837 -4.72773536895674 6.05852417302799 246.200000000000 66.2000000000000 -111 0.843820466048770 0.867902585925482 0.870364537484207
51.5270000000000 -1.50734945138295 8.74302577972412 -3.45662871996562 -6.26972010178117 -5.00254452926209 5.38167938931298 246.600000000000 66.6000000000000 -112.200000000000 0.842560233097232 0.869134463868809 0.869544639560729
51.5430000000000 -1.56740403175354 8.75978533426921 -3.46939778327942 -6.24173027989822 -5.61323155216285 4.35114503816794 247.800000000000 65 -113.400000000000 0.843400881611752 0.868313664740304 0.871182644366491
51.5570000000000 -1.56880064805349 8.78033574422201 -3.45603020985921 -6.54961832061069 -5.73791348600509 3.08142493638677 248.400000000000 64.0000000000000 -114.400000000000 0.841298012563958 0.869544188005600 0.869952121101195
51.5890000000000 -1.67554215590159 8.75000921885173 -3.49593353271484 -6.75826972010178 -5.83206106870229 1.89821882951654 247.400000000000 62.2000000000000 -115.400000000000 0.842558245515497 0.867900775843805 0.870772019024674
51.6040000000000 -1.60172092914581 8.80128510793050 -3.42670122782389 -7.34351145038168 -5.09160305343511 1.57760814249364 246.800000000000 64.4000000000000 -115.600000000000 0.840874960904720 0.868311401185622 0.868723388877095
51.6170000000000 -1.60611033439636 8.83640003204346 -3.37662243843079 -6.82442748091603 -4.68956743002545 1.78625954198473 248 66.4000000000000 -117.200000000000 0.842138168597502 0.866258264887037 0.869544188005600
51.6480000000000 -1.51632777849833 8.83959229787191 -3.33512298266093 -5.73791348600509 -3.89312977099237 2.24936386768448 248.600000000000 66.6000000000000 -114.600000000000 0.840456867157904 0.867080877920327 0.867902585925482
51.6630000000000 -1.47542679309845 8.55927085876465 -3.41712427139282 -4.42748091603053 -2.31297709923664 1.90076335877863 246.600000000000 70.2000000000000 -117 0.840036794681514 0.865025026511930 0.869955262997314
51.6790000000000 -1.44549926122030 8.59538332621257 -3.41313393910726 -5.25445292620865 -2.23918575063613 1.72519083969466 247 68.2000000000000 -116.600000000000 0.839615227073318 0.865025026511930 0.869134463868809
51.7100000000000 -1.50834707419078 8.67938009897868 -3.42370835940043 -6.61068702290076 -2.64885496183206 1.56488549618321 246.800000000000 66.4000000000000 -114.800000000000 0.839193659465122 0.865025026511930 0.867491051707015
51.7240000000000 -1.55643061796824 8.82083765665690 -3.39398042360942 -7.90585241730280 -3.07379134860051 1.69720101781171 247 64.6000000000000 -113.800000000000 0.838772091856926 0.865025026511930 0.866259173763687
51.7380000000000 -1.59473784764608 8.93536059061686 -3.33133220672607 -7.84223918575064 -3.30534351145038 2.34096692111959 246.800000000000 64 -114 0.838772091856926 0.865025026511930 0.865024569164763
51.7710000000000 -1.58955037593842 8.97646077473958 -3.25771053632100 -6.27989821882952 -2.76335877862595 2.94656488549618 248 64.8000000000000 -114 0.839193659465122 0.864200584076968 0.865847182198053
51.8000000000000 -1.49976782004039 8.88568051656087 -3.24015299479167 -4.78117048346056 -1.58524173027990 3.27226463104326 247.400000000000 65 -113.400000000000 0.838771590492432 0.864612118295435 0.865435647979585
51.8030000000000 -1.42195626099904 8.82323169708252 -3.23716020584106 -4.57506361323155 -0.623409669211196 3.01526717557252 246.400000000000 64 -110.800000000000 0.838771590492432 0.864612118295435 0.866259173763687
51.8300000000000 -1.32898143927256 8.83759721120199 -3.22419158617655 -5.53435114503817 -0.587786259541985 2.40458015267176 245.200000000000 63.6000000000000 -111.200000000000 0.838350022884236 0.865024569164763 0.865848094948865
51.8450000000000 -1.38863694667816 8.93595918019613 -3.24194860458374 -6.07888040712468 -1.47073791348601 1.54707379134860 246 63.6000000000000 -112 0.838772091856926 0.864613034946296 0.866670707982155
51.8620000000000 -1.33297181129456 9.03272438049316 -3.09330868721008 -4.91603053435115 -0.778625954198473 0.419847328244275 246 64.8000000000000 -115.200000000000 0.840036794681514 0.866259629167333 0.866259629167333
51.9060000000000 -1.37586792310079 9.03232542673747 -3.15236560503642 -4.38931297709924 -0.664122137404580 -0.0610687022900763 246.200000000000 65 -113.800000000000 0.840457863169574 0.866259629167333 0.867081333323972
51.9070000000000 -1.40958627065023 8.99860699971517 -3.19127138455709 -3.26208651399491 -0.430025445292621 -1.06615776081425 247.400000000000 65.4000000000000 -113 0.840878931657633 0.866670707982155 0.867903037480611
51.9330000000000 -1.41876403490702 8.97167237599691 -3.25471766789754 -2.09923664122137 -0.104325699745547 -2.44020356234097 248.800000000000 65.2000000000000 -112.400000000000 0.841300000145693 0.867492412138794 0.868724741637250
51.9470000000000 -1.37846163908641 8.96089839935303 -3.21281917889913 -1.71755725190840 0.106870229007634 -3.45801526717557 248.400000000000 66.4000000000000 -112.800000000000 0.841300000145693 0.867903490953616 0.868724741637250
51.9620000000000 -1.37227662404378 8.98464107513428 -3.20463895797730 -1.87786259541985 0.0127226463104326 -3.90330788804071 248 67.2000000000000 -112.800000000000 0.842140648660214 0.867903490953616 0.869953915940324
51.9770000000000 -1.45088624954224 8.98962879180908 -3.19625926017761 -1.86768447837150 0.0610687022900764 -3.86259541984733 245.600000000000 67.6000000000000 -113.200000000000 0.842140648660214 0.868313664740304 0.870364089727012
52.0070000000000 -1.47702296574910 8.93037223815918 -3.22119887669881 -1.51653944020356 0.776081424936387 -3.47073791348601 246.200000000000 66.6000000000000 -113 0.842981297174735 0.867902585925482 0.871593264030086
52.0220000000000 -1.50256109237671 8.86034170786540 -3.21142252286275 -1.36641221374046 1.93129770992366 -2.91857506361323 245.800000000000 65.4000000000000 -113.800000000000 0.841719580172154 0.869133109190778 0.870364089727012
52.0360000000000 -1.43692004680634 8.83919302622477 -3.16194240252177 -1.65903307888041 2.94402035623410 -2.38422391857506 247.400000000000 67.4000000000000 -113 0.842560228686675 0.867901231247450 0.871183090243398
52.0660000000000 -1.39641809463501 9.05786323547363 -3.05799412727356 -2.48091603053435 3.48091603053435 -2.21374045801527 247.800000000000 65.4000000000000 -109.800000000000 0.838772091856926 0.869955262997314 0.868724741637250
52.0820000000000 -1.41038429737091 9.06504599253337 -3.07615017890930 -2.00508905852417 3.66157760814249 -2.38931297709924 248 66 -111.200000000000 0.840455376467703 0.868723385053987 0.869953915940324
52.0970000000000 -1.40399976571401 9.06065686543783 -3.08293374379476 -1.15776081424936 4.03562340966921 -2.68447837150127 248.200000000000 67.4000000000000 -111.800000000000 0.840455376467703 0.868723385053987 0.869543290598507
52.1260000000000 -1.38424762090047 9.00040276845296 -3.11485640207926 -0.279898218829517 4.50127226463104 -3.16030534351145 248.400000000000 70.4000000000000 -112.800000000000 0.842138661078479 0.867491507110660 0.869953464385195
52.1420000000000 -1.39342538515727 8.94613424936930 -3.12962063153585 -0.251908396946565 4.81933842239186 -3.54961832061069 247.800000000000 69.8000000000000 -112.200000000000 0.840876944075899 0.868313211267299 0.867902585925482
52.1570000000000 -1.39402393500010 8.93595886230469 -3.14318776130676 -0.854961832061069 5.05089058524173 -3.87531806615776 247.400000000000 69 -111.400000000000 0.841719580172154 0.866669799105504 0.868313211267299
52.1870000000000 -1.38863698641459 8.95990117390951 -3.10647670427958 -1.38422391857506 5.08396946564886 -4.03816793893130 248.600000000000 65.8000000000000 -112.200000000000 0.840036295561378 0.866669799105504 0.867492412138794
52.2030000000000 -1.36369736989339 8.94593493143717 -3.06477769215902 -1.24936386768448 4.86768447837150 -4.09669211195929 248.600000000000 65 -112.600000000000 0.839614727953182 0.865024569164763 0.867903490953616
52.2160000000000 -1.38045680522919 8.90583197275798 -3.04921539624532 -0.898218829516539 4.40203562340967 -3.91857506361323 248 63.6000000000000 -112.800000000000 0.839193659465122 0.865024569164763 0.867492865611799
52.2470000000000 -1.39781475067139 8.89565658569336 -3.11066659291585 -0.641221374045802 3.97964376590331 -3.56997455470738 247 62.2000000000000 -113.800000000000 0.838771590492432 0.864613034946296 0.866670252578510
52.2620000000000 -1.44430220127106 8.92259120941162 -3.15795207023621 -1.39694656488550 3.79389312977099 -2.50381679389313 245.400000000000 65.4000000000000 -113.400000000000 0.838772091856926 0.863789051815026 0.868724741637250
52.2760000000000 -1.41956210136414 8.92678101857503 -3.13381052017212 -1.62086513994911 3.72010178117048 -2.07888040712468 245 65 -112.200000000000 0.838350022884236 0.864201043380661 0.867491503262143
52.3060000000000 -1.41437466939290 8.91261545817057 -3.12782502174377 -1.63613231552163 3.03562340966921 -1.56743002544529 245.400000000000 64.6000000000000 -110.200000000000 0.838771590492432 0.864613034946296 0.866258264887037
52.3210000000000 -1.37646647294362 8.89326222737630 -3.10288540522257 -1.24427480916031 1.95165394402036 -1.18829516539440 246 64 -111.600000000000 0.838349521519742 0.865436560730398 0.865436560730398
52.3360000000000 -1.38265148798625 8.85096454620361 -3.14258925120036 -0.549618320610687 0.839694656488550 -1.44783715012723 247.800000000000 64.2000000000000 -111.800000000000 0.838771590492432 0.865024569164763 0.866259173763687
52.3670000000000 -1.36070462067922 8.87510585784912 -3.12802449862162 -0.188295165394402 0.508905852417303 -1.76844783715013 246.600000000000 65.0000000000000 -112.600000000000 0.838771590492432 0.865024569164763 0.866670707982155
52.3820000000000 -1.36988238493601 8.90722815195719 -3.12802449862162 -0.137404580152672 0.363867684478372 -1.40712468193384 248.200000000000 65.4000000000000 -112.600000000000 0.839615227073318 0.865024569164763 0.867081786796977
52.3970000000000 -1.36050510406494 8.96209557851156 -3.09310905138652 0.160305343511450 0.0890585241730280 -0.391857506361323 247.800000000000 64.6000000000000 -114.200000000000 0.840457863169574 0.866259173763687 0.867492412138794
52.4290000000000 -1.37287513415019 8.89505799611410 -3.12064234415690 0.684478371501272 -0.623409669211196 0.804071246819338 247.600000000000 66 -115.200000000000 0.840878931657633 0.866670707982155 0.868314116295433
52.4440000000000 -1.37107948462168 8.84637578328451 -3.15037035942078 0.371501272264631 -1.22900763358779 1.17557251908397 244.200000000000 65.8000000000000 -112.200000000000 0.840878931657633 0.867492412138794 0.868314116295433
52.4590000000000 -1.27790510654449 8.98065090179443 -3.12203907966614 -1.96946564885496 -2.90839694656489 -0.458015267175573 248.400000000000 68.4000000000000 -108 0.842561714935271 0.867492865611799 0.869955262997314
52.4890000000000 -1.32858240604401 8.98404248555501 -3.11944532394409 -1.57251908396947 -3.40712468193384 -0.732824427480916 247.800000000000 67 -109.400000000000 0.842141143338745 0.867903490953616 0.869545089210626
52.5040000000000 -1.39143021901449 8.96010049184164 -3.13800032933553 -0.880407124681934 -3.93384223918575 -0.900763358778626 246.800000000000 64.8000000000000 -110 0.842561220256740 0.867903490953616 0.869954813347417
52.5330000000000 -1.44789350032806 8.92658170064290 -3.15096886952718 -0.279898218829517 -4.11450381679389 -0.826972010178117 246.400000000000 62 -111.600000000000 0.841719580172154 0.868724290082121 0.869954813347417
52.5500000000000 -1.44849205017090 8.86951986948649 -3.16154328982035 -0.351145038167939 -3.60305343511450 -0.318066157760814 246 61.6000000000000 -112.800000000000 0.842560228686675 0.868313664740304 0.871183987650490
52.5640000000000 -1.43412685394287 8.88947137196859 -3.13700278600057 -0.987277353689568 -3.08396946564885 0.295165394402036 245.400000000000 62.6000000000000 -112.600000000000 0.841719580172154 0.869134463868809 0.870364089727012
52.5780000000000 -1.44629736741384 8.91421127319336 -3.14518300692240 -1.31552162849873 -2.94910941475827 0.707379134860051 246 65.2000000000000 -112.800000000000 0.842981297174735 0.868313664740304 0.871183090243398
52.6110000000000 -1.43731908003489 8.98304462432861 -3.12183952331543 -1.08396946564886 -2.86768447837150 0.903307888040713 245.600000000000 66 -112.800000000000 0.841719580172154 0.869544188005600 0.869543290598507
52.6240000000000 -1.44689587752024 8.96389102935791 -3.11365930239360 -0.351145038167939 -2.59796437659033 0.763358778625954 247.200000000000 65.6000000000000 -114 0.842979813123693 0.868312310062272 0.870772464901581
52.6390000000000 -1.47702292601268 8.95810508728027 -3.09809700647990 -0.195928753180662 -2.15776081424936 0.590330788804071 247.600000000000 65.2000000000000 -114 0.841296528512916 0.869133109190778 0.868721586441868
52.6700000000000 -1.52929627895355 8.86991882324219 -3.05260705947876 -1.76335877862595 -1.29007633587786 0.961832061068702 244.800000000000 66 -115.200000000000 0.842561714935271 0.865025026511930 0.869955262997314
52.6860000000000 -1.45747025807699 8.91141827901205 -3.05300609270732 -1.88549618320611 -1.16284987277354 0.954198473282443 243.800000000000 65.8000000000000 -115.800000000000 0.841298507242490 0.865436560730398 0.868311850835520
52.7160000000000 -1.36988238493601 8.94872792561849 -3.01190567016602 -1.81679389312977 -1.21119592875318 0.740458015267176 245.600000000000 64.4000000000000 -112.800000000000 0.840035299549708 0.865848094948865 0.868311850835520
52.7300000000000 -1.36110365390778 8.99082597096761 -3.04263130823771 -1.67684478371501 -1.46055979643766 0.203562340966921 245.800000000000 64.2000000000000 -110.200000000000 0.839193659465122 0.866259629167333 0.867079972892192
52.7460000000000 -1.43811714649200 8.97626113891602 -3.06098691622416 -1.54961832061069 -1.73282442748092 -0.460559796437659 246.600000000000 64.6000000000000 -109 0.839193659465122 0.865848094948865 0.867491507110660
52.7610000000000 -1.50814755757650 8.97845586140951 -3.09330860773722 -1.61832061068702 -1.74554707379135 -1.15267175572519 245.400000000000 65.4000000000000 -111.800000000000 0.838771590492432 0.865436560730398 0.866670707982155
52.7910000000000 -1.48420556386312 8.93675676981608 -3.07375597953796 -1.88804071246819 -1.50890585241730 -1.57506361323155 244.800000000000 66 -114.400000000000 0.837927953911546 0.865025026511930 0.866259173763687
52.8060000000000 -1.46804467837016 8.92857678731283 -3.08772214253744 -2.25445292620865 -1.47582697201018 -1.66412213740458 246.200000000000 65 -114.200000000000 0.838349521519742 0.864200584076968 0.866670252578510
52.8210000000000 -1.42036016782125 8.94413916269938 -3.08373181025187 -2.76844783715013 -1.57760814249364 -1.32824427480916 245.600000000000 66.4000000000000 -113.200000000000 0.838349521519742 0.864200584076968 0.865847639545220
52.8510000000000 -1.38903601964315 9.00040308634440 -3.02487428983053 -2.80152671755725 -1.82697201017812 -0.966921119592875 246.000000000000 64.4000000000000 -111.600000000000 0.838771590492432 0.863788592511333 0.866259173763687
52.8660000000000 -1.46764564514160 8.82502746582031 -3.01011013984680 -1.16793893129771 -1.82442748091603 -0.961832061068702 244.800000000000 66 -115.200000000000 0.840036794681514 0.863789051815026 0.866259629167333