18.704 2.9169756412506103 -7.7505096912384035 5.985444450378418 0.7648854961832059 -2.90763358778626 -1.7076335877862594 330.36 -56.279999999999994 30.359999999999996 4.113965105751087 1.4825508865025754 5.807982094898523
18.719 2.929365634918213 -7.739556217193604 5.992746734619141 1.0282442748091603 -3.081679389312977 -1.4381679389312978 330.48 -56.15999999999999 30.24 4.1137597309056275 1.4825508865025756 5.807818734977359
18.749 2.937146782875061 -7.747038078308106 6.001605272293091 1.3916030534351145 -3.0381679389312977 -1.2625954198473281 330.42 -55.739999999999995 30.419999999999995 4.113965209837557 1.4823768944987346 5.808145834147771
18.764 2.939540982246399 -7.759667491912841 6.009565973281861 1.505343511450382 -2.8305343511450385 -1.151145038167939 330.12 -55.56 30.24 4.113554564081726 1.482463804141631 5.8114032353224685
18.779 2.9337350368499755 -7.767029666900635 5.996397829055786 1.1893129770992368 -2.472519083969466 -0.9748091603053435 329.76 -55.32000000000001 30.359999999999996 4.113554564081726 1.4819419761359178 5.814499912261259
18.809 2.9218238830566405 -7.745781135559082 5.989394807815552 0.6572519083969465 -2.0366412213740466 -0.7648854961832061 329.21999999999997 -55.260000000000005 29.580000000000002 4.113246618749967 1.4815941897166622 5.81759515686886
18.824 2.916017937660217 -7.720641994476319 5.989155387878418 0.2267175572519084 -1.500763358778626 -0.6458015267175571 328.98 -55.98 29.939999999999998 4.113349241222719 1.480985130282669 5.820041027666597
18.839 2.9145814180374146 -7.71525502204895 5.969103908538818 -0.08854961832061066 -0.9748091603053435 -0.7167938931297709 328.2 -55.92 29.879999999999995 4.113246618749966 1.4801159087155609 5.821343378023139
18.869 2.906740403175354 -7.706635904312134 5.958030748367309 -0.4427480916030535 -0.5587786259541986 -0.9450381679389313 327.96 -55.92 29.880000000000003 4.11345183774949 1.479506152132775 5.821996363563977
18.884 2.8899211406707765 -7.706935214996338 5.943007135391236 -0.6801526717557251 -0.25343511450381684 -1.280916030534351 327.65999999999997 -55.739999999999995 30.18 4.114376376328981 1.4795931853349422 5.823467287264141
18.899 2.889741587638855 -7.714895915985108 5.940912199020386 -0.9396946564885497 0.01832061068702291 -1.5992366412213739 327.53999999999996 -55.38000000000001 30.660000000000004 4.115609563848577 1.4795931853349424 5.824614532806666
18.93 2.8882452249526978 -7.723455190658569 5.933729600906372 -1.1931297709923663 0.216793893129771 -1.9244274809160307 327.6 -55.08 30.839999999999996 4.116431688355897 1.4788105535779938 5.825268427628186
18.959 2.8980015993118284 -7.732852458953857 5.92918062210083 -1.3450381679389314 0.3893129770992366 -2.241221374045802 327.9599999999999 -55.8 29.76 4.116431688355897 1.4784622713287137 5.8270729239839145
18.96 2.9082368135452272 -7.745122766494751 5.927325105667114 -1.2687022900763358 0.5106870229007633 -2.5847328244274808 328.08 -56.28000000000001 30.0 4.116431688355897 1.4778533852496858 5.829206506325545
18.989 2.9314605712890627 -7.760385799407959 5.9410319328308105 -1.0381679389312977 0.5954198473282443 -2.950381679389313 328.49999999999994 -56.339999999999996 29.339999999999996 4.116021250319091 1.4782013693635199 5.832991915950186
19.004 2.9492375373840334 -7.77104001045227 5.95509786605835 -0.6396946564885495 0.6450381679389312 -3.210687022900763 329.03999999999996 -55.92 29.759999999999998 4.115508526767795 1.4776789457222794 5.836940989157606
19.019 2.9625253677368164 -7.795640468597412 5.951686096191406 -0.14732824427480912 0.5916030534351144 -3.3366412213740455 329.15999999999997 -55.08 29.159999999999997 4.11479071366407 1.4775047047386725 5.841055572074927
19.049 2.9718627452850344 -7.805336999893188 5.958270168304443 0.1954198473282443 0.4473282442748091 -3.2809160305343505 329.4 -54.839999999999996 29.159999999999997 4.114277990112774 1.4776787463251295 5.846313675433445
19.079 2.978925657272339 -7.802164697647095 5.952045249938965 0.34580152671755726 0.23206106870229 -2.9870229007633586 329.75999999999993 -55.20000000000001 29.04 4.113867655822174 1.478375511292205 5.851415789665782
19.08 2.9784468173980714 -7.776187610626221 5.951087570190429 0.44122137404580153 -0.002290076335877944 -2.5068702290076335 330.11999999999995 -55.080000000000005 28.440000000000005 4.112635405424834 1.478114337018861 5.855534222312781
19.109 2.989220714569092 -7.7655932903289795 5.941271352767944 0.6931297709923664 -0.23435114503816798 -1.978625954198473 330.47999999999996 -55.080000000000005 28.2 4.11109450608739 1.4783753622248696 5.859164377581048
19.124 2.99562520980835 -7.743806076049805 5.940912246704102 0.8549618320610686 -0.5076335877862597 -1.493893129770992 330.36 -55.55999999999999 28.079999999999995 4.10975939885185 1.4788973386610014 5.863941778391841
19.139 2.9794643402099608 -7.712142753601074 5.930078458786011 0.9022900763358777 -0.8297709923664123 -1.0977099236641223 330.36 -55.31999999999999 28.439999999999998 4.108733043544229 1.4795935060709309 5.86708058245238
19.17 2.9730598449707033 -7.671680736541748 5.9292405128479 0.9198473282442745 -1.0961832061068701 -0.6923664122137405 330.47999999999996 -55.08 28.32 4.108220319992934 1.48002854825808 5.870056278333124
19.184 2.9636027574539185 -7.647319746017456 5.923015594482422 1.0061068702290072 -1.2480916030534353 -0.2641221374045803 330.78 -54.9 28.5 4.1079127635680734 1.4798546057307032 5.871548673858507
19.199 2.9571383953094483 -7.672638416290283 5.916431522369384 0.7916030534351141 -1.29618320610687 0.13053435114503825 330.65999999999997 -55.260000000000005 28.02 4.107605439809118 1.4809853976090221 5.873706392077225
19.229 2.9468433380126955 -7.670004796981812 5.923913431167603 0.012213740458015288 -1.2648854961832061 0.5190839694656489 330.24 -55.2 27.72 4.107605439809118 1.4821161894873414 5.875199490745433
19.244 2.932059144973755 -7.6452248096466064 5.9243324279785154 -0.7893129770992366 -1.1114503816793895 0.8702290076335878 330.78000000000003 -55.5 27.659999999999997 4.107912996233978 1.4825508609960354 5.877691517584712
19.259 2.927929139137268 -7.627567529678345 5.930916452407837 -1.2381679389312976 -0.8129770992366412 0.9885496183206106 330.17999999999995 -54.65999999999999 28.26 4.108118111525056 1.4834195914832133 5.879686548009331
19.289 2.9389424562454223 -7.631517934799194 5.946179485321045 -1.4297709923664121 -0.5106870229007634 0.783969465648855 330.6 -54.71999999999999 28.440000000000005 4.1084258233429045 1.4842024456495406 5.881847321859963
19.304 2.9357102870941163 -7.655040979385376 5.949232053756714 -1.5374045801526717 -0.26030534351145035 0.33893129770992364 330.47999999999996 -54.6 28.560000000000002 4.108528368034319 1.48481064201064 5.88317671247531
19.319 2.933794903755188 -7.671860218048096 5.957731485366821 -1.6961832061068702 -0.012213740458015243 -0.1580152671755725 330.71999999999997 -54.0 27.959999999999997 4.108528368034319 1.4850712973314564 5.885172685322397
19.349 2.929784631729126 -7.692031335830689 5.965392971038819 -1.6786259541984734 0.25725190839694656 -0.5870229007633588 330.3 -53.81999999999999 28.139999999999997 4.10863088683633 1.4854187887921755 5.886336176332266
19.364 2.9329569578170775 -7.757393074035645 5.963238191604614 -1.6053435114503816 0.5778625954198473 -0.883969465648855 329.99999999999994 -53.52 27.96 4.109143610387624 1.485853214501877 5.888501037895158
19.379 2.9326576709747316 -7.796837568283081 5.960784149169922 -1.8931297709923662 0.7610687022900763 -1.0946564885496182 329.69999999999993 -53.339999999999996 28.26 4.109451166812486 1.486548394482528 5.8896661789189535
19.409 2.916436958312988 -7.767628288269043 5.953840970993042 -2.133587786259542 0.7946564885496182 -1.3053435114503817 329.94 -53.46 27.9 4.1102712141227356 1.4861139687728264 5.890165997249415
19.424 2.9188910007476805 -7.767149448394775 5.937141418457031 -1.787786259541985 0.8114503816793894 -1.5709923664122136 330.3 -53.459999999999994 28.139999999999997 4.110989027226461 1.4863743310229256 5.891999535883479
19.439 2.9334956407546997 -7.791690015792847 5.932053756713867 -1.2931297709923666 0.6816793893129771 -1.9175572519083972 330.12 -52.55999999999999 28.2 4.111502139684656 1.4866348394948823 5.891499717553017
19.47 2.930742311477661 -7.810304975509643 5.919663763046264 -1.001526717557252 0.35114503816793896 -2.2488549618320612 330.36 -53.04 27.840000000000003 4.111297024393577 1.486721578361712 5.890168442099586
19.484 2.922721743583679 -7.8208993434906 5.900031328201294 -0.8885496183206106 0.002290076335877922 -2.3984732824427484 329.69999999999993 -52.86 27.78 4.111194427866806 1.4878488738771476 5.889502175200697
19.499 2.915239858627319 -7.811322546005249 5.8917115211486815 -0.8862595419847329 -0.32519083969465645 -2.33206106870229 329.64 -53.04 27.72 4.11129699846647 1.488282568470053 5.890335600354222
19.529 2.9138033390045166 -7.814195585250855 5.871660041809082 -0.8091603053435114 -0.6244274809160306 -2.161068702290076 329.34 -52.98 27.78 4.11129699846647 1.4887165057268845 5.890168836452942
19.544 2.9257144927978516 -7.81706862449646 5.862143087387085 -0.8320610687022899 -0.9053435114503816 -2.0412213740458016 329.58 -53.339999999999996 27.419999999999995 4.111604710284319 1.488890104869823 5.8896697266123335
19.559 2.9242181062698362 -7.779719018936158 5.858731365203857 -0.8816793893129772 -1.2450381679389313 -2.0877862595419847 329.58 -53.339999999999996 27.54 4.111399543157884 1.489063704012762 5.888502378253205
19.589 2.9337350606918333 -7.7581113338470455 5.8572948455810545 -0.5694656488549616 -1.5389312977099237 -2.2496183206106872 329.03999999999996 -53.52 27.24 4.1111944796644595 1.4897573259222785 5.887836111354314
19.604 2.9633633136749267 -7.779778861999512 5.864836597442627 -0.1641221374045802 -1.7702290076335878 -2.477862595419847 328.43999999999994 -53.04 27.360000000000003 4.110989312538026 1.4907122579684575 5.886837183183244
19.619 2.976411724090576 -7.795760154724121 5.8760294914245605 -0.02900763358778625 -1.9541984732824431 -2.702290076335878 328.08 -53.04 27.72 4.110373966513977 1.4909724020548354 5.8850036445491805
19.649 2.9894601106643677 -7.811681604385376 5.8880603313446045 -0.03740458015267175 -2.0587786259541985 -2.8114503816793897 328.08 -53.760000000000005 27.359999999999996 4.109758309364369 1.4914927631035908 5.88334268902901
19.664 3.019627046585083 -7.831134462356568 5.906435823440551 -0.013740458015267165 -1.993129770992366 -2.8427480916030534 328.2 -53.52 27.0 4.10965579056236 1.4922723305885208 5.883508823458645
19.679 3.0570962905883787 -7.868962812423706 5.930258131027221 -0.06259541984732825 -1.8786259541984731 -2.9343511450381685 328.08000000000004 -53.4 27.119999999999997 4.110169032844962 1.4924454004033294 5.882014316506902
19.709 3.0872632265090942 -7.904157543182373 5.964555072784424 -0.15038167938931296 -1.779389312977099 -3.187786259541985 328.14 -53.339999999999996 27.18 4.110476900282104 1.4928784928539027 5.87918868284456
19.724 3.1215601682662966 -7.931331729888916 5.999570274353028 -0.0893129770992366 -1.6610687022900763 -3.562595419847328 328.26 -53.46 27.3 4.1106820155731825 1.4934849905240246 5.878189754673489
19.739 3.16489520072937 -7.9536576747894285 6.0376979351043705 0.2374045801526718 -1.581679389312977 -4.003053435114504 327.96 -53.15999999999999 27.720000000000006 4.110271784953324 1.4941784195414822 5.877691351310334
19.769 3.220979380607605 -7.999506616592408 6.082409620285034 0.6427480916030535 -1.5190839694656488 -4.501526717557253 328.08000000000004 -53.519999999999996 27.240000000000002 4.1100667214599 1.494785254051632 5.877691351310334
19.784 3.269940805435181 -8.04260220527649 6.136937522888184 1.0450381679389313 -1.483206106870229 -4.995419847328245 328.74000000000007 -53.58 26.939999999999998 4.110271784953323 1.4946119931908708 5.879526627580908
19.799 3.311480188369751 -8.08043065071106 6.18308572769165 1.5694656488549619 -1.3709923664122137 -5.370992366412214 329.1 -53.81999999999999 27.419999999999998 4.110169240261909 1.4955640107493573 5.882029281922857
19.829 3.350326108932495 -8.131726408004761 6.235279321670532 2.1419847328244273 -1.2152671755725188 -5.605343511450381 329.1 -53.94 27.299999999999994 4.110476796686769 1.496256672304322 5.884866971560403
19.844 3.3707366943359376 -8.192958116531372 6.279691743850708 2.4687022900763362 -0.9572519083969466 -5.725954198473282 328.5 -53.81999999999999 27.78 4.110579341378183 1.4987597495389102 5.88819675478272
19.859 3.3940202951431275 -8.204988956451416 6.322069120407105 2.4274809160305346 -0.7198473282442748 -5.687786259541985 328.02000000000004 -54.06 27.659999999999997 4.110989571998042 1.499105604832015 5.891536011672453
19.889 3.439091157913208 -8.211213874816895 6.359298944473267 2.5022900763358775 -0.5893129770992367 -5.644274809160305 327.71999999999997 -54.36 27.839999999999996 4.110476329715441 1.4997969389853822 5.8994115426323335
19.904 3.4923621654510497 -8.217079639434814 6.373065567016601 2.6053435114503816 -0.6419847328244275 -5.790839694656489 328.32 -54.36 27.6 4.110476329715441 1.5004022689737158 5.906265309301526
19.919 3.5173815727233886 -8.23174409866333 6.3817445755004885 2.593129770992367 -0.8824427480916031 -6.193129770992367 328.38 -54.78000000000001 27.659999999999997 4.110784197152584 1.500921194081629 5.9112885338123515
19.949 3.5081040620803834 -8.235095977783203 6.384617614746094 2.461068702290077 -1.2419847328244276 -6.7702290076335885 328.26 -54.660000000000004 27.18 4.1115023731042015 1.5010943115051796 5.918331210688151
19.964 3.485299301147461 -8.234796714782714 6.373963403701782 2.318320610687023 -1.49618320610687 -7.406870229007633 327.71999999999997 -54.48 27.120000000000005 4.11222054905582 1.5016999733397294 5.925224249491555
19.979 3.445854830741882 -8.239704895019532 6.337451839447022 2.0847328244274808 -1.551908396946565 -8.067938931297709 326.88 -54.48 27.24 4.112939088383771 1.5018732342004903 5.930958167423498
20.009 3.4054526805877687 -8.22210750579834 6.297348976135254 1.8076335877862597 -1.4748091603053435 -8.755725190839694 325.86 -54.9 27.3 4.114274195619312 1.5005743094484651 5.935677923283733
20.024 3.3829471826553346 -8.17727608680725 6.246771430969238 1.8770992366412211 -1.3137404580152672 -9.613740458015267 325.74 -55.379999999999995 27.660000000000004 4.115301070603515 1.4997082426739525 5.940232382290201
20.039 3.388214421272278 -8.123167085647584 6.197510766983032 2.4641221374045803 -1.1786259541984734 -10.782442748091603 325.62 -55.620000000000005 27.54 4.116430776309441 1.4971184989835136 5.94460871826009
20.069 3.378338360786438 -8.132564401626587 6.151961088180542 3.4709923664122138 -1.1374045801526718 -12.264885496183204 325.26000000000005 -55.61999999999999 27.419999999999998 4.117663963829036 1.4955591389486473 5.947810617440647
20.084 3.3451188087463377 -8.104013586044312 6.120058345794678 4.406870229007633 -1.1114503816793895 -13.680152671755724 324.78000000000003 -55.86 27.18 4.118999747875402 1.493393644732702 5.948658901111162
20.099 3.3160891056060793 -8.078934383392333 6.112516641616821 5.640458015267177 -0.9870229007633589 -14.806106870229007 323.09999999999997 -56.58 27.419999999999998 4.119924755356413 1.4914002902476162 5.949842506622823
20.129 3.331890845298767 -8.092341995239257 6.112696170806885 7.068702290076335 -0.8061068702290075 -15.63435114503817 322.14 -56.93999999999998 27.899999999999995 4.1207468798637334 1.4891453565291166 5.950686722498672
20.144 3.3449392318725586 -8.112273693084717 6.112097597122192 8.044274809160305 -0.714503816793893 -16.11374045801527 321.96 -57.84000000000001 28.439999999999998 4.121260642389743 1.4877577194844505 5.948491755171155
20.159 3.3683425426483153 -8.058763313293458 6.122811651229858 8.761832061068702 -0.8709923664122137 -16.238931297709925 321.66 -58.02 28.74 4.1214660692595 1.4862847878569099 5.944944319112363
20.189 3.4560301542282104 -8.025005054473876 6.158545112609863 9.844274809160305 -1.3473282442748091 -16.177099236641222 321.54 -58.379999999999995 29.459999999999997 4.121466069259499 1.4855043542038215 5.942234369468551
20.204 3.544196629524231 -8.018181562423706 6.203855371475219 10.693893129770991 -2.311450381679389 -16.051908396946565 321.17999999999995 -58.5 29.579999999999995 4.120849319597641 1.4854175668044545 5.940035183777195
20.22 3.590823698043823 -7.978377962112427 6.25138030052185 10.910687022900763 -3.7068702290076336 -15.595419847328248 320.5799999999999 -58.260000000000005 29.339999999999996 4.120232882650244 1.4854175668044547 5.9374976590966195
20.249 3.6366726636886595 -7.9228325366973875 6.299922704696655 11.054198473282444 -5.258015267175573 -14.596946564885496 319.9799999999999 -57.89999999999999 29.22 4.1195136149811225 1.4851574227180766 5.934630060872609
20.264 3.709815526008606 -7.877941226959228 6.344993543624878 11.444274809160305 -6.874045801526718 -13.180152671755726 319.62 -58.260000000000005 29.580000000000002 4.118691073217359 1.4855046211080782 5.933615785656028
20.279 3.7873278141021727 -7.842207765579223 6.380906581878662 11.673282442748093 -8.606106870229008 -11.491603053435115 319.26 -58.61999999999999 29.939999999999998 4.118382424277256 1.4859389243123693 5.931414484706177
20.309 3.854545021057129 -7.769005012512207 6.42585768699646 11.65648854961832 -10.499236641221374 -9.73587786259542 319.2 -58.08 29.759999999999998 4.118279541303566 1.4865469491650098 5.928883041309237
20.325 3.892612838745117 -7.667430973052978 6.461591148376465 11.727480916030533 -12.40763358778626 -7.923664122137405 319.14 -58.379999999999995 29.82 4.118485333405469 1.4874161707321174 5.926524319071926
20.339 3.93959903717041 -7.561547422409058 6.482001733779907 12.132824427480916 -14.03053435114504 -6.146564885496182 318.65999999999997 -58.499999999999986 29.459999999999997 4.1174584584212655 1.4892361860878003 5.925851688175434
20.369 3.984131193161011 -7.529884099960327 6.494511461257934 12.680152671755724 -15.319847328244274 -4.379389312977098 317.88 -58.44 29.28 4.116329895588775 1.48984352856418 5.9260198057059155
20.384 3.9413947105407714 -7.475296306610107 6.491758155822754 12.713740458015268 -16.156488549618317 -2.4809160305343507 317.28 -58.2 28.439999999999998 4.117667715988555 1.490017127707119 5.926357410973615
20.399 3.8981793880462647 -7.364384889602661 6.47972731590271 12.606870229007635 -16.206106870229004 -0.4091603053435109 317.15999999999997 -57.83999999999999 28.32 4.119211355577925 1.4897566192351621 5.926694854463771
20.429 3.919128656387329 -7.279211139678955 6.477213382720947 12.65267175572519 -15.615267175572521 1.6954198473282442 316.97999999999996 -58.5 27.9 4.120548156689426 1.489235821389848 5.9261895366854604
20.444 3.9460035800933837 -7.196132326126099 6.492775726318359 12.481679389312976 -14.747328244274808 3.72442748091603 317.15999999999997 -59.28000000000001 27.48 4.121987971737812 1.4884540745222217 5.92618953668546
20.459 3.9580344200134276 -7.091146564483642 6.482181406021118 12.009923664122137 -13.787786259541985 5.544274809160305 317.52000000000004 -59.279999999999994 27.360000000000003 4.1226047213996715 1.4878462208114034 5.9236665583220205
20.489 3.9404370307922365 -6.984125757217408 6.480924463272094 11.714503816793894 -12.712977099236642 6.853435114503817 317.46 -59.339999999999996 27.179999999999996 4.123119267135953 1.4873249833581297 5.920641146489244
20.504 3.9175724029541015 -6.928041601181031 6.46500301361084 11.866412213740459 -11.374809160305345 7.866412213740458 317.4 -59.4 27.119999999999997 4.123119267135953 1.4869776874868061 5.91980136041055
20.519 3.901052403450012 -6.898952054977417 6.4317834854125975 11.977099236641221 -9.830534351145037 8.778625954198473 317.28 -58.67999999999999 26.52 4.123119267135953 1.486369491125707 5.919465686298191
20.549 3.881360101699829 -6.848853397369385 6.411971473693848 11.663358778625954 -8.398473282442747 9.565648854961832 317.88 -58.31999999999999 26.520000000000003 4.124866506284261 1.4845494757700242 5.917789709399463
20.564 3.7984009981155396 -6.78043909072876 6.4026939392089846 11.418320610687022 -6.976335877862596 10.180916030534352 318.9 -58.5 27.060000000000002 4.126817819736606 1.4837683876157242 5.916447011423526
20.579 3.798161578178406 -6.740216493606567 6.3972471237182615 11.37557251908397 -5.482442748091604 10.731297709923663 319.08000000000004 -59.15999999999999 27.72 4.126096905526692 1.4828123786492498 5.914426218474307
20.61 3.8061821460723877 -6.72375636100769 6.396169710159302 11.099236641221374 -4.401526717557252 11.11526717557252 319.56000000000006 -59.52 28.079999999999995 4.125581704497265 1.4827254935598115 5.91257426862269
20.624 3.7607521772384644 -6.782653713226319 6.403771305084229 10.96793893129771 -3.6404580152671757 11.161832061068704 319.62 -59.58 28.619999999999997 4.125787758620917 1.4826386084703735 5.91123028934883
20.639 3.7230434894561766 -6.832512950897216 6.394314193725586 10.675572519083968 -2.838931297709924 11.129770992366414 319.80000000000007 -59.519999999999996 29.4 4.126200077058544 1.4828994112700777 5.912576838571023
20.669 3.6859333753585815 -6.842568588256836 6.408499813079834 10.268702290076336 -1.944274809160305 11.073282442748091 319.32 -59.279999999999994 29.759999999999998 4.12743640313809 1.4823774348339458 5.91442525304493
20.684 3.6548686027526855 -6.890153312683106 6.436990785598755 10.086259541984733 -0.8480916030534352 11.170229007633587 319.97999999999996 -59.21999999999999 30.059999999999995 4.127951604167518 1.4819423926467965 5.9182956911936335
20.699 3.6400245666503905 -6.940611124038696 6.44004340171814 9.551908396946564 0.5564885496183206 11.658015267175571 320.99999999999994 -59.64 30.839999999999996 4.128878494095028 1.4813336795516454 5.919977271120063
20.729 3.6199132680892943 -6.974309492111206 6.446447896957397 8.261068702290075 1.887022900763359 12.312977099236642 321.17999999999995 -59.459999999999994 31.499999999999993 4.129599591920635 1.4814206384594708 5.92233373818164
20.745 3.57969069480896 -6.970119667053223 6.472903823852539 6.7083969465648865 3.245801526717557 12.970229007633588 321.59999999999997 -59.279999999999994 32.04 4.130011805243963 1.481594433191805 5.927046725072055
20.759 3.567420411109924 -6.972334289550782 6.483976984024048 5.365648854961831 4.7824427480916025 13.64351145038168 322.0199999999999 -58.98 32.58 4.130320768381347 1.4822888308048072 5.931938561883125
20.79 3.5361162185668946 -6.956532526016235 6.478649854660034 4.1 6.23206106870229 14.129770992366412 322.38 -58.86 33.18 4.131247894386348 1.4828975438999583 5.93565225393594
20.805 3.456927990913391 -6.928280925750732 6.470150470733643 3.4534351145038165 7.525190839694656 14.245038167938933 323.09999999999997 -58.5 33.419999999999995 4.131556936216098 1.4829844289893965 5.939026714385439
20.819 3.4027591705322267 -6.850229978561401 6.455725431442261 3.439694656488549 8.890839694656488 14.13969465648855 323.94 -58.25999999999999 34.62 4.131763095415775 1.4833318225507912 5.9418888278608515
20.849 3.3493086099624634 -6.771879720687866 6.423822689056396 4.016030534351144 9.910687022900763 13.516793893129769 323.94 -57.660000000000004 34.98 4.131763095415775 1.4852377145475735 5.943748781948889
20.864 3.2514456033706667 -6.710707902908325 6.402035474777222 4.996946564885496 10.583206106870227 12.646564885496185 324.66 -57.9 35.82 4.131247500064062 1.486714355236752 5.9459458564363015
20.879 3.141312313079834 -6.714478778839111 6.380547523498535 6.447328244274809 11.036641221374046 11.972519083969466 325.26 -57.54 36.54 4.131041340864386 1.4884508512939996 5.9434168374080265
20.909 3.0702643632888793 -6.726988458633423 6.388268852233887 7.483969465648855 11.059541984732823 11.62824427480916 325.14 -57.18000000000001 36.78000000000001 4.1320737183698935 1.4905329046207652 5.938562213444587
20.924 3.01011004447937 -6.706278610229492 6.433818531036377 7.926717557251908 10.605343511450382 11.823664122137405 326.34000000000003 -57.779999999999994 37.74 4.133726793125511 1.491834358490863 5.928736464041798
20.939 2.960909199714661 -6.727646827697754 6.490261840820312 8.238931297709922 9.840458015267178 12.770992366412212 326.21999999999997 -57.9 38.7 4.135276351913436 1.4926152280115754 5.91657876075873
20.969 2.919728946685791 -6.79683928489685 6.51079216003418 8.078625954198472 8.632824427480916 14.216030534351145 326.15999999999997 -57.59999999999999 39.60000000000001 4.136824721684532 1.4925285133333253 5.905049178838231
20.984 2.8207287073135374 -6.81683087348938 6.533836364746094 7.40916030534351 7.197709923664123 15.812977099236642 327.12 -57.0 40.080000000000005 4.138374677388969 1.4928758092046486 5.894517327782863
20.999 2.7711687326431274 -6.842987537384033 6.58016414642334 6.6832061068702275 5.922900763358778 17.50687022900763 327.65999999999997 -57.18000000000001 41.46 4.139509857413529 1.4935700122695106 5.881535932698109
21.029 2.7497406244277953 -6.827305507659912 6.620087432861328 5.425190839694656 4.651145038167939 19.098473282442747 328.49999999999994 -56.7 41.46 4.140438878238415 1.4938303016428678 5.86729010337559
21.044 2.6558879137039186 -6.8196440696716305 6.6761716365814205 3.93206106870229 3.6633587786259545 20.325954198473283 330.05999999999995 -57.06 42.42 4.1403357591872325 1.4925320925808376 5.853818855670055
21.06 2.5564088463783263 -6.868126630783081 6.678027153015137 2.6137404580152674 3.4534351145038165 21.032061068702287 330.96 -56.64 42.96 4.140645037438091 1.4922720209054394 5.843626236218003
21.089 2.4881741046905517 -6.8359246253967285 6.675094270706177 0.7083969465648853 3.7587786259541986 21.24274809160305 331.38 -56.58 43.019999999999996 4.1409543156889494 1.4916653549951424 5.837134557709311
21.104 2.3858818411827087 -6.804919719696045 6.677189207077026 -1.2717557251908396 4.2145038167938935 20.39007633587786 332.1 -56.21999999999999 43.98 4.139715778983765 1.491319310278963 5.834649565688972
21.119 2.2841282725334167 -6.7155561447143555 6.6825761795043945 -2.9274809160305346 5.235114503816794 18.48931297709924 332.64 -55.32000000000001 44.04 4.138268968656951 1.490972788455044 5.836130800773118
21.149 2.239476406574249 -6.6579756259918215 6.677847623825073 -3.7969465648854963 6.66412213740458 15.483206106870231 333.35999999999996 -55.32000000000001 44.39999999999999 4.136410210482581 1.4915787835541585 5.838594925861988
21.164 2.1772271513938906 -6.589381742477417 6.687005424499512 -4.6198473282442745 8.389312977099237 11.48091603053435 334.2 -55.2 44.519999999999996 4.134655839068502 1.4920987105976253 5.836300962424601
21.179 2.122399938106537 -6.565559434890747 6.673657751083374 -5.284732824427481 10.595419847328245 6.885496183206108 334.38 -54.9 45.540000000000006 4.132281666487279 1.4925322842470143 5.835642790308124
21.209 2.038183903694153 -6.536709308624268 6.633016157150268 -5.924427480916029 13.371755725190841 2.299999999999998 334.8 -54.24000000000001 45.239999999999995 4.130837444632966 1.4925322842470146 5.8404134956674545
21.224 1.9894020557403564 -6.454348754882813 6.643730211257934 -6.202290076335877 16.866412213740457 -1.9641221374045799 334.92 -54.48 45.599999999999994 4.129187325982474 1.4927923559224128 5.848791884603296
21.239 2.0332757949829103 -6.514562940597534 6.665158271789551 -5.451908396946564 20.635114503816794 -5.7931297709923655 334.91999999999996 -54.239999999999995 46.31999999999999 4.128260436054965 1.4930524275978112 5.8537213453318575
21.269 2.1453842997550963 -6.5323399066925045 6.735009098052979 -5.43206106870229 23.94503816793893 -8.87328244274809 334.68 -54.839999999999996 46.8 4.126921934892102 1.4977872023472705 5.846709643680883
21.284 2.237022376060486 -6.506961393356323 6.785107755661011 -5.796946564885494 26.45267175572519 -11.486259541984733 334.56 -55.08 47.76 4.125480655183479 1.5006370901240866 5.821109162508351
21.299 2.3189040780067445 -6.497025442123413 6.821379899978638 -5.799999999999999 28.40992366412214 -13.161068702290077 334.32 -55.56 48.72 4.124040474369712 1.5012424201124204 5.776654110303111
21.329 2.416228377819061 -6.541378021240234 6.813299465179443 -5.773282442748091 29.53435114503817 -13.685496183206107 333.6 -56.4 49.92 4.12208519550608 1.5026262278033946 5.71770544084723
21.359 2.484044134616852 -6.488166856765747 6.798455429077149 -6.332824427480916 29.82213740458015 -13.217557251908394 333.47999999999996 -56.04 50.519999999999996 4.120029878927465 1.5027127034151824 5.64751829042464
21.36 2.560538876056671 -6.420111656188965 6.782773399353028 -5.9900763358778635 29.310687022900765 -11.96946564885496 333.48 -56.64 51.839999999999996 4.118078071060395 1.5027127034151824 5.5784557476629235
21.389 2.6463710188865663 -6.411731958389282 6.7939064502716064 -4.677099236641221 28.020610687022902 -10.002290076335877 333.3 -57.29999999999999 52.379999999999995 4.1156154322667335 1.5032321992247142 5.503488315186795
21.404 2.7553670406341553 -6.46661901473999 6.826288032531738 -3.3274809160305345 25.59236641221374 -7.58854961832061 332.64 -58.31999999999999 53.52 4.11274234909253 1.5039248607796787 5.430568623339573
21.419 2.7920581817626955 -6.5620279788970945 6.850469493865967 -2.6106870229007635 21.73435114503817 -4.796946564885495 332.28 -58.32000000000001 54.120000000000005 4.11017742365582 1.5048766167627354 5.358213841132726
21.449 2.757342267036438 -6.594589138031006 6.856155729293823 -2.754198473282443 16.9618320610687 -1.5732824427480916 331.86 -58.61999999999999 54.540000000000006 4.108022889327547 1.5050498776234966 5.285760088677963
21.464 2.677914619445801 -6.6300232887268065 6.862560224533081 -2.8503816793893133 11.94351145038168 1.796946564885496 331.92 -58.44 55.2 4.106279185286086 1.500921600544159 5.221295166013672
21.479 2.606028699874878 -6.689459323883057 6.859328031539917 -2.886259541984733 7.139694656488553 5.116793893129771 332.40000000000003 -58.32000000000001 55.55999999999999 4.104740623650911 1.4984185233095704 5.177355868199418
21.509 2.523309028148651 -6.733093690872193 6.8541206359863285 -3.0229007633587788 2.8595419847328247 8.004580152671755 332.58 -57.419999999999995 55.85999999999999 4.102692050660349 1.4980727624256283 5.143370360429895
21.524 2.3777415633201597 -6.759669351577759 6.847356986999512 -2.654961832061069 -0.41908396946564774 10.012977099236641 332.93999999999994 -57.419999999999995 55.85999999999999 4.100950545633276 1.4969488820512655 5.12354741791977
21.539 2.218826425075531 -6.8540607452392575 6.844184637069702 -1.4931297709923665 -2.6244274809160304 11.038931297709926 333.29999999999995 -57.29999999999999 56.339999999999996 4.099620148594331 1.496429672201124 5.1104036498428815
21.569 2.107974898815155 -6.922235631942749 6.876087379455567 -0.6083969465648853 -3.9419847328244275 11.214503816793895 333.06 -56.94 55.61999999999999 4.098392244486822 1.4961698168330553 5.105464496393149
21.584 2.0337546348571776 -6.989512729644775 6.9240312576293945 -0.283206106870229 -4.794656488549618 10.498473282442749 333.59999999999997 -57.11999999999999 55.2 4.097983252050285 1.496083293815143 5.109075422670176
21.599 1.9411588907241821 -7.005913019180298 6.963296175003052 -0.39389312977099245 -5.067175572519084 8.83587786259542 334.32 -56.75999999999999 55.31999999999999 4.097574464928768 1.4955639411378128 5.109885237155872
21.63 1.8309657454490662 -6.994779968261719 6.958866882324219 -0.47099236641221387 -4.65114503816794 6.562595419847328 334.85999999999996 -56.82000000000001 55.5 4.097574464928768 1.4950451579463755 5.110835208427452
21.644 1.7596185326576232 -6.937199401855469 6.976643848419189 -0.5488549618320611 -3.4030534351145034 3.805343511450382 335.15999999999997 -56.76000000000001 55.44 4.096960976180545 1.496427832668536 5.1082818335639715
21.659 1.7103578329086304 -7.007110118865967 7.003997564315796 -0.37557251908396944 -1.724427480916031 0.5992366412213741 334.85999999999996 -56.34000000000001 55.379999999999995 4.09583666962118 1.4973785479089368 5.104265946193001
21.689 1.6908450961112975 -7.02333083152771 7.005493974685669 -0.9244274809160306 0.30458015267175564 -2.9717557251908397 334.38 -56.46 55.61999999999999 4.093692412876296 1.4985893778718355 5.092008747862371
21.704 1.6896479964256286 -6.936840295791626 7.036319303512573 -1.6778625954198474 2.3213740458015266 -6.703816793893131 334.02 -57.18000000000001 55.260000000000005 4.092875862301202 1.499539318355643 5.0912156175408985
21.719 1.7145476937294006 -6.950906229019165 7.080971193313599 -1.6625954198473285 4.086259541984733 -10.580152671755723 333.3 -57.419999999999995 55.14 4.091854918184006 1.5006631987300059 5.091612109790047
21.749 1.7497424602508544 -7.016507387161255 7.097610902786255 -1.954961832061069 5.700763358778626 -14.058015267175573 333.0 -57.959999999999994 54.96 4.0908344851200305 1.502476735423639 5.098721837641378
21.764 1.80217547416687 -7.053497791290283 7.112335252761841 -2.9732824427480917 6.854961832061069 -16.799236641221373 332.52 -58.2 55.2 4.087983671392891 1.5036875653865378 5.091762843223612
21.779 1.8430564761161805 -7.0088459014892575 7.116225814819336 -4.0114503816793885 7.477862595419848 -18.638931297709924 331.61999999999995 -57.660000000000004 55.25999999999999 4.084625031082684 1.504206348577975 5.069355032067394
21.809 1.9336770176887512 -7.004296922683716 7.089231204986572 -4.420610687022901 7.894656488549617 -19.46030534351145 330.7199999999999 -58.08 55.08 4.0813693850225325 1.505675641739113 5.0493812697615486
21.824 2.039560580253601 -7.140886116027832 7.07289080619812 -4.56030534351145 7.755725190839695 -19.5793893129771 329.75999999999993 -58.55999999999999 54.71999999999999 4.077805411975676 1.5067123629432113 5.031877183891566
21.839 2.1270686626434325 -7.202057981491089 7.033087205886841 -5.280152671755724 6.821374045801529 -18.964885496183207 328.85999999999996 -58.98 54.54 4.074346284594452 1.5065398565898607 5.014110483412016
21.87 2.237980043888092 -7.11754264831543 6.977601623535156 -6.080152671755726 5.3877862595419845 -17.561832061068703 328.91999999999996 -59.519999999999996 54.6 4.0711943389229726 1.5073156164528312 5.002840461827499
21.884 2.3189040660858153 -7.142921209335327 6.96179986000061 -5.807633587786261 3.402290076335878 -15.590839694656486 328.62 -59.7 54.42 4.068757458509796 1.508177687588027 4.992383158178741
21.899 2.376424753665924 -7.212353038787842 6.913975715637207 -5.166412213740459 1.2396946564885494 -13.244274809160306 328.49999999999994 -60.54 54.17999999999999 4.066114881703665 1.5082639060455354 4.984804835812524
21.929 2.475245440006256 -7.234858512878418 6.857711982727051 -4.736641221374046 -0.989312977099237 -10.529007633587785 328.74 -60.539999999999985 53.7 4.063067262727861 1.5088674359359207 4.975793984180049
21.944 2.5493459701538086 -7.237851238250732 6.8069549083709715 -4.196946564885496 -3.5885496183206103 -7.708396946564885 328.14 -60.539999999999985 53.220000000000006 4.06042599739609 1.5080914683444255 4.959798547796296
21.959 2.5747245073318483 -7.2578428268432615 6.758053350448608 -3.569465648854962 -6.0053435114503815 -5.008396946564886 328.08 -60.720000000000006 53.04 4.059412641572331 1.5092117132846785 4.952843430822738
21.989 2.6244640350341797 -7.287351369857788 6.71813006401062 -3.185496183206107 -8.003816793893131 -2.4870229007633595 328.26 -60.9 52.5 4.05890615148767 1.5098158928845438 4.958829953932932
22.004 2.647149085998535 -7.287471103668213 6.70627875328064 -3.0091603053435114 -9.832824427480917 -0.4916030534351143 327.9599999999999 -60.96 51.48 4.058804828487739 1.509902111342052 4.968678547875131
22.019 2.6846781969070435 -7.216423177719117 6.670964241027832 -2.6076335877862595 -10.900763358778628 0.7610687022900764 328.0199999999999 -60.9 51.18 4.0585007844116845 1.5102469391090998 4.974813964807228
22.049 2.7396849632263183 -7.2186378002166744 6.643730211257934 -1.6496183206106871 -11.263358778625953 1.4748091603053435 328.26 -60.419999999999995 50.459999999999994 4.058196965346238 1.5115384990634888 4.9888505749567935
22.064 2.7805061101913453 -7.250061702728272 6.629604387283325 -0.8381679389312975 -11.346564885496182 1.7885496183206109 328.19999999999993 -60.0 49.32 4.058500934364214 1.511193947382767 5.000520171136137
22.079 2.8184541940689085 -7.214208507537842 6.62296051979065 -0.3427480916030534 -11.0206106870229 2.0687022900763354 328.56 -60.23999999999999 48.6 4.05880475342966 1.5108493957020448 5.016521366215772
22.109 2.866577649116516 -7.221031999588012 6.616196870803833 0.16717557251908394 -10.340458015267174 2.5282442748091603 328.14 -59.21999999999999 48.42 4.05890607642959 1.5110217634243797 5.020813642201366
22.124 2.8929138660430906 -7.217021751403808 6.623379468917847 0.1175572519083969 -9.583969465648854 3.2564885496183207 328.49999999999994 -58.499999999999986 48.3 4.05961516267532 1.5107632463393004 5.037712375372701
22.139 2.9375058889389036 -7.1734472751617435 6.632178163528442 -0.23053435114503812 -8.677099236641222 4.126717557251909 328.91999999999996 -58.55999999999999 47.76 4.0602231758785035 1.5107632463393004 5.055841650263393
22.169 2.9953857183456423 -7.129513692855835 6.628347444534302 -0.3251908396946565 -7.7 5.035114503816795 329.40000000000003 -58.8 46.44 4.061033660236838 1.5109352486707368 5.0752329691047615
22.184 3.001371216773987 -7.102997922897339 6.608176279067993 -0.057251908396946535 -6.815267175572518 5.751145038167939 329.94000000000005 -58.98 46.26 4.061742921490945 1.5127410538765682 5.098987048707716
22.199 2.9820380449295043 -7.081150817871094 6.577111530303955 0.1381679389312979 -5.922137404580153 6.495419847328245 330.12 -58.2 46.199999999999996 4.062148363679603 1.5142890863941676 5.114009927200712
22.229 2.9492973566055296 -7.072292280197144 6.591656303405761 -0.016793893129770997 -5.251908396946566 7.344274809160305 330.54 -57.89999999999999 45.89999999999999 4.062756677333688 1.5157505393889827 5.1279698683357315
22.244 2.8827385663986207 -7.07606315612793 6.60775728225708 -0.45114503816793894 -4.6709923664122135 7.937404580152672 330.9 -57.9 45.54 4.063668810053218 1.5155786274396104 5.136825018893153
22.267 2.8035503387451173 -7.044519567489624 6.615418720245361 -1.0396946564885494 -3.823664122137405 8.15267175572519 331.26 -58.14 45.779999999999994 4.06397300440926 1.5164393225053097 5.1432794367269326
22.289 2.722925615310669 -7.01261682510376 6.591775941848755 -1.5832061068702292 -2.7916030534351144 7.7763358778625955 331.43999999999994 -58.08 46.08 4.064682791452655 1.5178153492310167 5.154219031677273
22.304 2.6315868377685545 -7.037396812438965 6.591536521911621 -2.197709923664122 -1.7824427480916025 6.63206106870229 332.28 -57.96 45.71999999999999 4.0650883338279815 1.5197054116346602 5.164034079082787
22.319 2.550363540649414 -7.028598117828369 6.614700412750244 -3.3076335877862597 -0.5435114503816791 4.856488549618321 332.64 -57.96 45.480000000000004 4.065291155127184 1.5214249983829835 5.161743476555577
22.349 2.441008377075195 -7.024946975708008 6.61446099281311 -4.552671755725191 1.0122137404580154 2.613740458015267 332.28 -57.36 45.839999999999996 4.065595499981917 1.5224592081441641 5.168767399096981
22.364 2.3321320533752443 -7.083784484863282 6.610989379882812 -5.92824427480916 3.082442748091603 0.19770992366412213 331.85999999999996 -56.94 46.26 4.066102867019795 1.5224592081441641 5.175562136653599
22.379 2.2403144240379333 -7.1528572082519535 6.612006902694702 -8.006106870229008 5.62824427480916 -2.061832061068702 331.56 -56.760000000000005 46.31999999999999 4.066813356902111 1.5213425070794904 5.175150794779432
22.409 2.1834521174430845 -7.143400096893311 6.6278684616088865 -10.368702290076337 8.418320610687022 -4.112977099236642 332.28 -57.120000000000005 46.2 4.067523846784427 1.5197082561043822 5.175561978981903
22.424 2.1549012541770933 -7.104554176330566 6.599856328964234 -12.093129770992366 11.286259541984732 -5.941984732824428 332.4 -57.36 46.44 4.068234688853552 1.5181606307641748 5.180107731075966
22.439 2.1764490723609926 -7.092164182662964 6.562446928024292 -13.105343511450382 14.014503816793894 -7.387022900763357 332.03999999999996 -57.36 46.92 4.0685391844260055 1.5172997075700168 5.186135121636541
22.469 2.187761676311493 -7.114609813690185 6.516238832473755 -13.526717557251908 16.11832061068702 -8.599236641221372 331.56 -57.0 46.67999999999999 4.068640632704833 1.5169557028110243 5.184645693259276
22.484 2.1956026673316957 -7.169197607040405 6.492596101760864 -13.587022900763358 17.520610687022902 -9.404580152671755 331.32000000000005 -56.64 46.8 4.0687421312228915 1.5160103084731178 5.182321874405383
22.499 2.204221785068512 -7.144238042831421 6.440282821655273 -13.554961832061071 18.258015267175573 -9.58473282442748 331.5 -56.81999999999999 47.339999999999996 4.0687421312228915 1.514636799209861 5.187468233183377
22.529 2.209848153591156 -7.125383710861206 6.359717941284179 -12.761832061068702 18.198473282442748 -9.268702290076337 330.84000000000003 -56.999999999999986 47.64 4.068945052891029 1.513434040226281 5.193973887522154
22.544 2.2654534935951234 -7.172190380096436 6.304711151123047 -11.331297709923664 17.357251908396947 -8.454198473282442 330.78 -57.779999999999994 48.54 4.068539309923689 1.5144649752597814 5.199056943561229
22.559 2.2944831967353823 -7.159441232681274 6.250602197647095 -9.876335877862596 15.281679389312979 -7.395419847328244 331.32 -57.71999999999999 49.08 4.068031942885811 1.5149804414907915 5.196459731782386
22.589 2.3090878248214723 -7.034882879257202 6.166745281219482 -8.017557251908396 12.21908396946565 -6.4282442748091615 331.19999999999993 -58.19999999999999 48.84 4.067321453003494 1.5165256418240267 5.1952285371877664
22.604 2.327283763885498 -7.029136800765992 6.110062551498413 -5.139694656488549 8.368702290076339 -5.484732824427481 330.71999999999997 -58.44 49.32000000000001 4.066813834586603 1.5170426073391994 5.196878019939116
22.619 2.35912663936615 -7.106469535827637 6.1093442916870115 -2.451145038167939 3.865648854961832 -4.525954198473283 330.41999999999996 -57.54 49.739999999999995 4.066102992517479 1.5169564119622572 5.196739416463344
22.649 2.303820562362671 -7.09276270866394 6.045718383789063 -1.083206106870229 -1.232824427480916 -3.7419847328244282 330.48 -57.120000000000005 49.67999999999999 4.065798496945025 1.5171287796845918 5.204560805428099
22.664 2.2151153922080993 -7.013215351104736 6.023931169509888 -0.06793893129770981 -6.087786259541986 -2.994656488549618 331.08000000000004 -57.239999999999995 49.67999999999999 4.065798496945025 1.5170427217656854 5.220730185635356
22.679 2.167650353908539 -7.045956087112427 6.026744365692139 1.432824427480916 -10.119083969465649 -2.5885496183206103 331.02 -57.3 49.26 4.066001569440517 1.5171287796845918 5.2367533880967105
22.709 2.1362863063812254 -7.122450828552246 6.004597997665405 2.478625954198473 -13.128244274809159 -2.619083969465649 330.65999999999997 -57.419999999999995 48.419999999999995 4.066407513291798 1.5165260541988126 5.25151354904502
22.724 2.0528483748435975 -7.164528894424438 5.979458856582641 2.855725190839695 -15.149618320610688 -2.8908396946564885 330.78 -57.9 48.3 4.067016881971613 1.5154915677569438 5.268315776249725
22.739 2.0051438927650453 -7.159620761871338 6.011002492904663 3.048091603053435 -16.036641221374047 -3.3480916030534345 330.96 -57.71999999999999 46.92 4.068438743933714 1.5132537303859956 5.281852375720618
22.77 1.9857508540153503 -7.206247854232788 6.05110535621643 3.4526717557251905 -15.680152671755726 -3.9931297709923657 331.14 -58.019999999999996 46.38 4.069352457468263 1.5113596822837014 5.302168900906176
22.784 2.0226215720176697 -7.315902280807495 6.06433334350586 3.506870229007634 -14.403816793893133 -4.552671755725191 330.78000000000003 -57.9 46.379999999999995 4.070266171002811 1.508521198209443 5.321963585492395
22.799 2.0101717352867126 -7.403829336166382 6.0287196159362795 2.706106870229008 -13.01145038167939 -5.3396946564885495 330.96 -57.239999999999995 45.6 4.07087538863568 1.5074000530944054 5.34106616915261
22.829 1.9445107579231262 -7.397305107116699 5.993644571304321 1.5458015267175576 -11.432824427480915 -6.461068702290076 330.78000000000003 -57.54 44.22 4.071687880379687 1.506796036440607 5.356355945926086
22.844 1.9269133806228638 -7.424479293823242 5.987898492813111 1.1022900763358774 -9.4412213740458 -7.614503816793894 330.84 -58.44 44.04 4.072602047055561 1.5061060100411463 5.36449751233712
22.859 1.9642030715942382 -7.533355617523194 5.954499387741089 0.8351145038167941 -7.575572519083968 -8.768702290076336 330.36 -58.2 43.92 4.0738213902527525 1.505157858198872 5.375116697333275
22.889 2.0220230340957643 -7.560649490356445 5.948872995376587 -0.4923664122137403 -6.272519083969465 -9.63587786259542 329.82 -57.9 43.5 4.074634689047085 1.5045549725152227 5.38406426609881
22.904 2.0581156373023988 -7.528567171096801 5.963058614730835 -2.019083969465649 -5.781679389312976 -10.290076335877863 329.28 -58.08 42.96 4.075447785858702 1.505157698001002 5.386060252740418
22.919 2.142930245399475 -7.522461986541748 5.975807762145996 -2.906106870229008 -5.736641221374045 -11.1 328.97999999999996 -58.02 42.18 4.075651110465451 1.5057615520550702 5.387496907619321
22.949 2.1960216760635376 -7.529584741592407 5.950010204315186 -3.5335877862595426 -6.216030534351145 -12.264885496183206 328.74 -57.9 41.46 4.07504113649827 1.506796315766533 5.388360296843855
22.964 2.241691064834595 -7.572620534896851 5.946478748321534 -4.240458015267175 -7.237404580152672 -13.474809160305345 327.9 -57.9 40.5 4.074939512062015 1.5073139744436592 5.389371066740537
22.979 2.261922073364258 -7.531799411773681 6.011720752716064 -5.200763358778626 -8.708396946564886 -14.596183206106868 327.41999999999996 -57.3 39.42 4.075041161736896 1.5076593596957264 5.390383071766598
23.01 2.2965182781219484 -7.432140779495239 6.071515941619873 -5.861832061068702 -9.79618320610687 -15.4206106870229 326.75999999999993 -58.08 39.0 4.075142786173151 1.5081772977083872 5.385331190713097
23.024 2.3778014183044434 -7.461469745635986 6.087437343597412 -5.799236641221375 -10.39236641221374 -15.780916030534348 326.21999999999997 -58.620000000000005 38.7 4.075041136498269 1.5080909163048122 5.379164642494086
23.039 2.4765023827552795 -7.490379762649536 6.129635143280029 -5.883969465648855 -10.970229007633588 -15.732061068702288 326.21999999999997 -57.90000000000001 37.86 4.07443146539485 1.5085223565244297 5.377147610678164
23.069 2.579512906074524 -7.404727172851563 6.153637027740478 -6.33587786259542 -11.519847328244275 -15.309923664122142 325.98 -58.379999999999995 37.14 4.073821339830529 1.5084360219248354 5.367661267463875
23.084 2.649543309211731 -7.395748949050903 6.140289354324341 -5.842748091603053 -12.285496183206106 -14.783206106870233 325.73999999999995 -58.739999999999995 36.419999999999995 4.072804968540705 1.5081772971139762 5.358001847146349
23.099 2.7216686248779296 -7.3917985439300535 6.130293560028076 -4.961832061068702 -13.154198473282444 -14.110687022900763 325.61999999999995 -58.37999999999998 35.33999999999999 4.071991871729088 1.5071433634459486 5.36000910757339
23.129 2.769911789894104 -7.340143632888794 6.099647760391235 -4.362595419847329 -14.326717557251907 -12.914503816793893 325.19999999999993 -58.08 34.43999999999999 4.071382200625668 1.5068847080242933 5.3582858176760615
23.144 2.809655523300171 -7.332721614837647 6.074329090118408 -3.611450381679389 -15.769465648854961 -11.082442748091603 324.7199999999999 -57.720000000000006 33.480000000000004 4.071382200625667 1.5061089481613228 5.3514367351872
23.159 2.867655062675476 -7.2705322265625 6.0385956287384035 -2.661832061068702 -17.186259541984732 -8.91297709923664 324.23999999999995 -57.71999999999999 32.64 4.071179027395658 1.505850223350464 5.347696862681364
23.19 2.928647351264954 -7.3425976753234865 5.972575521469116 -1.2442748091603053 -18.358015267175574 -6.73587786259542 324.4799999999999 -58.19999999999999 31.55999999999999 4.070671031224105 1.5060227761110576 5.345244122652978
23.204 2.9905973196029665 -7.440340948104859 5.918167304992676 -0.4847328244274811 -19.383969465648857 -4.580916030534351 324.9 -57.540000000000006 29.819999999999993 4.070264684727435 1.505763912078239 5.340970393227502
23.219 3.0215423822402956 -7.3947912693023685 5.888359498977661 -0.20000000000000004 -20.516030534351145 -2.7557251908396947 325.02 -56.7 28.860000000000003 4.069959887061168 1.5066266778579473 5.348296116256339
23.249 3.091752362251282 -7.407061529159546 5.875191402435303 0.950381679389313 -21.387786259541986 -1.509923664122138 324.71999999999997 -56.64 27.360000000000003 4.069858363396083 1.5065404362707429 5.3548206591722325
23.264 3.171060299873352 -7.590098285675049 5.857175016403199 2.4709923664122138 -22.055725190839695 -0.8801526717557255 324.65999999999997 -55.85999999999999 26.22 4.069452117670583 1.5069718764903606 5.367820442949232
23.279 3.182073640823364 -7.672638416290283 5.8377221584320065 2.76030534351145 -22.389312977099237 -0.48778625954198473 324.59999999999997 -55.2 24.72 4.069858363396083 1.5066265846474207 5.381152596656603
23.309 3.219243621826172 -7.720642137527466 5.865255498886109 2.7053435114503817 -22.014503816793898 -0.251908396946565 324.84 -55.2 23.759999999999998 4.070468034499502 1.5061947945149332 5.3932918551873215
23.324 3.2878973484039307 -7.8872785568237305 5.906435775756836 2.685496183206107 -20.79312977099237 -0.2969465648854963 325.14 -54.42 22.379999999999995 4.071179405810147 1.505417571230118 5.412271346047885
23.339 3.3510444164276123 -7.980353116989136 5.910027074813843 1.5221374045801523 -18.888549618320614 -0.5083969465648855 325.32 -54.120000000000005 21.479999999999997 4.071789379777329 1.5055038592245655 5.436845127016861
23.369 3.425324535369873 -8.021533346176147 5.906495666503906 -0.2419847328244275 -16.737404580152678 -0.8358778625954202 325.8 -54.0 20.159999999999997 4.072399202257568 1.505676365577916 5.451003294610429
23.384 3.504033899307251 -8.022431182861329 5.92546968460083 -1.8557251908396946 -14.5175572519084 -1.3427480916030536 325.98 -53.580000000000005 19.499999999999996 4.072805548754239 1.5058488256226288 5.462547889926882
23.399 3.5562274932861326 -8.059182167053223 5.915234470367432 -2.9114503816793897 -12.354198473282443 -2.0396946564885496 325.98 -53.34000000000001 19.019999999999996 4.073415219857659 1.506193931242652 5.486565848840163
23.429 3.6606147050857545 -8.110956764221191 5.898774337768555 -4.117557251908397 -10.180152671755724 -2.5236641221374048 326.04 -52.92 18.36 4.073720017523925 1.5062800806053962 5.498071053699094
23.444 3.7493797302246095 -8.076779556274413 5.90757303237915 -5.772519083969465 -8.320610687022901 -2.7427480916030538 325.92 -52.44 17.28 4.074227887685682 1.5067110577351883 5.506961617261973
23.459 3.8250365257263184 -7.970357275009155 5.927983617782592 -6.945038167938931 -6.644274809160305 -2.7938931297709924 326.64 -52.67999999999999 16.32 4.074939082454187 1.507400161876346 5.51394474511423
23.489 3.9098511219024656 -7.946774339675903 5.901288270950317 -7.206106870229009 -5.069465648854962 -2.6755725190839694 327.6 -52.44 15.48 4.0750407068904435 1.5082626956152234 5.519751383520069
23.504 3.9564781904220583 -7.972332429885864 5.851907873153687 -7.718320610687021 -4.0580152671755725 -2.1480916030534347 327.65999999999997 -52.25999999999999 15.179999999999998 4.074837382283694 1.5092980156380966 5.520496120542775
23.519 3.9823954105377197 -7.916547536849976 5.837422943115234 -8.445801526717558 -3.668702290076336 -1.2900763358778624 327.41999999999996 -52.14 14.7 4.075040858597786 1.5103338943445666 5.51524527786172
23.549 4.03004002571106 -7.901404237747192 5.831317710876465 -8.54351145038168 -3.40763358778626 -0.24961832061068706 327.96 -51.959999999999994 14.52 4.074735757957721 1.5109372626693893 5.503038038728209
23.564 4.066970586776733 -7.921814870834351 5.820962762832641 -8.578625954198474 -3.0824427480916032 0.950381679389313 328.68 -51.239999999999995 14.16 4.07432910870749 1.5113681246408617 5.49933458050669
23.579 4.083191299438477 -7.936120223999024 5.813241481781006 -9.012977099236641 -2.7427480916030538 2.4335877862595416 328.8 -51.12 13.2 4.074430758382372 1.511971010324511 5.49461289174777
23.609 4.143884301185608 -7.932588815689087 5.845204067230225 -9.53587786259542 -2.2511450381679388 4.048091603053435 329.1 -50.82 12.42 4.074125809339367 1.5141196589079977 5.483573590653396
23.624 4.145560240745544 -7.951562881469727 5.854900598526001 -10.129007633587786 -1.6106870229007637 5.588549618320611 329.69999999999993 -51.059999999999995 12.059999999999999 4.073821011673102 1.5158378941231319 5.478069373180055
23.639 4.115333437919617 -8.051221561431884 5.84723916053772 -10.731297709923663 -0.6832061068702292 7.183206106870228 330.36 -50.879999999999995 11.639999999999999 4.073922661347983 1.5164403002322107 5.473448046253399
23.669 4.0561367750167845 -8.158122682571411 5.846880006790161 -11.98320610687023 0.32519083969465673 8.971755725190839 330.17999999999995 -50.220000000000006 10.739999999999998 4.073820986416116 1.5168702496920923 5.469716472127125
23.684 4.019146347045899 -8.150640821456909 5.861065626144409 -13.777862595419847 1.3290076335877863 10.710687022900762 330.12 -49.8 10.08 4.073922636090998 1.5179881220321811 5.4676210574393
23.7 3.9942466497421263 -8.18200488090515 5.856396913528442 -14.743511450381678 2.448854961832061 12.058015267175572 330.71999999999997 -49.32 9.48 4.074227660904972 1.5182464327118446 5.468367365339523
23.729 3.9435494422912596 -8.274540758132934 5.82018461227417 -15.41679389312977 3.5862595419847323 13.17404580152672 331.74 -49.26 9.059999999999999 4.073820809451787 1.5185048808488664 5.468963531305751
23.744 3.8626254320144655 -8.343733167648315 5.759850740432739 -16.419847328244277 4.361832061068702 13.992366412213737 331.91999999999996 -48.71999999999999 8.280000000000001 4.073820809451787 1.518246432711845 5.475759566483854
23.759 3.7335779428482057 -8.36827368736267 5.71920919418335 -17.21526717557252 4.794656488549618 14.398473282442747 331.56 -48.48 7.92 4.074024083562925 1.518246432711845 5.480656362883
23.789 3.6072838068008424 -8.433635425567626 5.657378911972046 -17.322137404580154 5.084732824427482 14.272519083969462 331.73999999999995 -47.339999999999996 7.9799999999999995 4.073922433888043 1.5174710869834827 5.491068124031036
23.805 3.476799821853638 -8.492173624038696 5.590820074081421 -17.148854961832065 5.1770992366412205 13.767175572519083 331.62 -46.98 7.979999999999999 4.074227382931048 1.5154948522344467 5.4972913440867615
23.819 3.3838449239730837 -8.49833869934082 5.540781259536743 -16.648091603053437 5.025190839694656 12.800763358778628 331.74 -46.379999999999995 7.019999999999999 4.074532180597314 1.5135180999342333 5.501299472086943
23.849 3.291249179840088 -8.487325286865234 5.485415315628051 -15.38702290076336 4.7221374045801525 11.074809160305346 331.68 -46.56 6.839999999999999 4.0741257332561664 1.5124847166953626 5.502783638411492
23.864 3.2040403842926026 -8.532096862792969 5.423644924163819 -13.480152671755727 4.534351145038168 8.634351145038169 331.86 -46.98 6.539999999999999 4.073617737084614 1.5116242492741667 5.502635190881577
23.879 3.1144972324371336 -8.624333477020263 5.362592792510986 -11.678625954198473 4.606870229007634 6.01526717557252 331.98 -47.099999999999994 6.299999999999999 4.073211289743467 1.510678606906663 5.499071671502384
23.909 3.027527856826782 -8.704060363769532 5.307167005538941 -10.515267175572518 5.085496183206106 3.6778625954198483 332.22 -46.61999999999999 5.9399999999999995 4.072906264929493 1.510506422655884 5.493585899823502
23.924 2.9966426610946657 -8.738776302337646 5.2798731327056885 -9.769465648854961 5.938931297709923 1.6740458015267166 331.86 -45.779999999999994 5.9399999999999995 4.073313116382677 1.5106786069066627 5.495080724826698
23.939 3.0307600498199463 -8.74206838607788 5.294717168807983 -9.022900763358777 6.9404580152671755 0.003816793893128889 331.98 -46.26 5.7 4.073719967835862 1.5105924115297205 5.498227187628343
23.969 3.141192603111267 -8.762538814544678 5.287594413757324 -8.429007633587787 7.725954198473282 -1.380916030534351 331.86 -46.019999999999996 5.46 4.074126819289047 1.5104201357380913 5.504255042001252
23.984 3.2527623891830446 -8.682033729553222 5.298009204864502 -7.796946564885497 7.828244274809161 -2.6908396946564888 332.64 -46.2 5.16 4.074635320417114 1.5106787911597463 5.510652512667525
23.999 3.355952501296997 -8.614098262786865 5.307226896286011 -6.554198473282442 7.417557251908397 -3.9328244274809157 332.94 -46.62 4.38 4.074737020624341 1.510937239296768 5.517596442979677
24.029 3.3960553884506224 -8.64875431060791 5.28166880607605 -5.192366412213739 6.651908396946564 -4.76793893129771 333.12 -46.919999999999995 4.4399999999999995 4.075042045438316 1.5113679863544325 5.526057286777684
24.044 3.388034796714783 -8.657732582092285 5.230971574783325 -4.839694656488549 5.709160305343512 -4.457251908396946 333.17999999999995 -46.61999999999999 4.499999999999999 4.075651867918556 1.5121433320827946 5.53220831768639
24.059 3.3784579992294312 -8.591532897949218 5.182668542861938 -5.255725190839695 4.9389312977099245 -2.7381679389312987 332.94 -46.379999999999995 4.9799999999999995 4.076566715543293 1.5122294814455388 5.540314990722705
24.09 3.408445382118225 -8.500493335723878 5.150765800476075 -5.585496183206106 4.404580152671756 -0.1022900763358777 333.06000000000006 -46.14 5.58 4.077176538023533 1.5119711021102091 5.552794567761614
24.104 3.4557907342910767 -8.358696746826173 5.11892294883728 -5.68473282442748 3.6419847328244273 2.7229007633587785 332.46 -46.620000000000005 5.58 4.07778681529528 1.51179882631858 5.568589725721561
24.119 3.478595495223999 -8.197686672210693 5.085104846954346 -5.190839694656488 2.565648854961832 5.057251908396947 332.58000000000004 -46.86 5.22 4.077685064482161 1.5117127456115016 5.579080004077303
24.149 3.426880717277527 -8.1080237865448 5.040931844711304 -3.801526717557252 1.3114503816793897 6.64732824427481 333.18 -46.50000000000001 4.9799999999999995 4.0777868406258415 1.512315631295151 5.58807299186225
24.164 3.3254862785339356 -8.07031512260437 5.007472848892212 -1.907633587786259 0.21145038167938926 7.732061068702291 334.02 -46.14 5.46 4.078092245122296 1.5122294589497582 5.595600097206271
24.179 3.2035017251968383 -8.154172086715699 4.964257526397705 -0.35572519083969456 -0.3679389312977098 8.782442748091604 333.9 -46.14 5.220000000000001 4.0782958227586485 1.5125740106304801 5.597913290959005
24.209 3.0819361209869385 -8.248024797439575 4.936903762817383 -0.17022900763358778 -0.5022900763358777 9.993129770992367 334.19999999999993 -45.72 5.5200000000000005 4.0786010752164215 1.5122293671165163 5.602980253140488
24.224 3.010768461227417 -8.258020639419556 4.934329986572266 -0.982442748091603 -0.25114503816793887 11.290839694656489 334.62 -45.54 5.58 4.079008129166866 1.5124875409215737 5.60682384692764
24.239 2.9768306493759153 -8.264365339279175 4.943188571929932 -1.6809160305343511 0.12900763358778625 12.120610687022902 335.28000000000003 -45.12 5.4 4.0793133816246385 1.5119708506148668 5.614472963635338
24.269 2.959352970123291 -8.308598184585572 4.943787145614624 -2.0801526717557253 0.2984732824427482 11.998473282442749 335.82 -44.7 4.86 4.079415157768321 1.5121430805874518 5.62137355928302
24.284 2.917753720283508 -8.330026292800904 4.943667411804199 -2.4389312977099236 0.07099236641221376 10.932824427480917 336.12 -44.519999999999996 4.08 4.079924038578867 1.5129176033077587 5.62708203834544
24.299 2.855983304977417 -8.375157022476197 4.950490856170655 -2.438167938931298 -0.22977099236641224 9.338167938931297 337.08 -43.8 4.32 4.080025840071538 1.5134341564481457 5.630949215154182
24.329 2.7902026176452637 -8.484392499923706 4.934509563446045 -2.4099236641221373 -0.3900763358778626 7.816030534351144 337.85999999999996 -43.49999999999999 4.38 4.08033116852101 1.5130034093904814 5.634049059975319
24.344 2.740702509880066 -8.55184907913208 4.919306373596191 -3.0366412213740457 -0.3564885496183206 6.6755725190839685 337.37999999999994 -43.739999999999995 4.5 4.08043297001368 1.5119691996293008 5.6360617413170555
24.359 2.699043393135071 -8.55376443862915 4.89584321975708 -3.9229007633587782 -0.19389312977099235 5.890076335877863 337.26 -43.86 4.38 4.080534822259669 1.51179678579485 5.636683344689932
24.389 2.691441798210144 -8.537364101409912 4.88680510520935 -4.459541984732825 0.018320610687022842 5.2251908396946565 337.5 -43.38 4.860000000000001 4.080738501365761 1.51179678579485 5.6390118014424475
24.404 2.677136445045471 -8.505401515960694 4.863282060623169 -4.444274809160306 0.1267175572519084 4.419847328244275 337.68 -43.32 4.799999999999999 4.081043981964524 1.512571719145036 5.642586838631756
24.419 2.631886053085327 -8.501870059967041 4.837484550476074 -3.9 0.13816793893129767 3.4251908396946567 337.26 -42.78 4.859999999999999 4.081247661070615 1.5130874553758633 5.647098493177019
24.449 2.5953744888305663 -8.529104042053223 4.819827270507813 -3.454961832061069 0.2419847328244275 2.4992366412213736 336.84000000000003 -42.720000000000006 5.159999999999999 4.081553141669379 1.5138621831930792 5.652082380577837
24.464 2.572210597991943 -8.518090724945068 4.809412479400635 -3.32442748091603 0.36870229007633587 1.8351145038167935 336.78 -42.89999999999999 5.58 4.0818586222681414 1.514206369485601 5.657701684895796
24.479 2.55754611492157 -8.510130023956298 4.797381639480591 -3.018320610687023 0.5137404580152671 1.4290076335877857 337.26 -42.779999999999994 5.82 4.082266183752177 1.5137763068077021 5.662083853685773
24.509 2.5656864166259767 -8.532455921173096 4.780203247070313 -2.6916030534351143 0.5885496183206108 1.0702290076335879 336.78000000000003 -43.14 5.459999999999999 4.082673643581797 1.5140342763876222 5.668044375010554
24.524 2.5617958307266235 -8.510848236083984 4.769549036026001 -2.5374045801526712 0.3786259541984731 0.5977099236641223 336.5400000000001 -43.14 5.339999999999999 4.083284985900299 1.5147231972503439 5.673061494233265
24.539 2.5543738126754763 -8.512643909454345 4.750634860992432 -2.16030534351145 -0.09847328244274803 0.10610687022900755 337.14 -42.78 5.1 4.083692445729919 1.5160154445220335 5.6799601392010235
24.569 2.552578163146973 -8.534131908416748 4.737167453765869 -1.8572519083969463 -0.6664122137404581 -0.3984732824427481 337.14 -42.54 4.38 4.084100108942329 1.5170485534221834 5.681050587575621
24.585 2.5397093296051025 -8.532575702667236 4.7205277442932125 -1.6862595419847328 -1.2374045801526719 -0.8862595419847328 337.38 -42.9 4.14 4.084405818180376 1.5182516270816686 5.68860666717065
24.599 2.5398290395736693 -8.555081176757813 4.70921516418457 -1.3427480916030536 -1.6236641221374046 -1.2290076335877864 336.78000000000003 -42.3 3.78 4.08491546084552 1.5186813508250314 5.695707897011989
24.629 2.5436597585678102 -8.592670154571532 4.681621980667114 -1.116793893129771 -1.851908396946565 -1.4427480916030535 337.26 -42.9 3.66 4.085221170083566 1.5190247262490821 5.700436668029243
24.645 2.539410042762756 -8.57752685546875 4.651993751525879 -1.003053435114504 -2.0717557251908394 -1.6587786259541986 337.68 -42.96 3.9599999999999995 4.085628833295977 1.519454337492841 5.706288489049966
24.659 2.5324069976806642 -8.601947689056397 4.634037256240845 -0.4557251908396946 -2.2122137404580156 -1.9969465648854965 337.38 -42.540000000000006 3.66 4.085934542534024 1.5200557935678232 5.7112001466999684
24.689 2.5494656801223754 -8.616612148284911 4.628410863876343 0.04045801526717563 -2.184732824427481 -2.498473282442748 337.8 -42.480000000000004 3.84 4.085832614019505 1.5209153552282486 5.716755580627373
24.719 2.555570888519287 -8.592071628570556 4.621228265762329 0.535114503816794 -2.0045801526717555 -3.012977099236641 338.15999999999997 -42.36 3.599999999999999 4.085730710946322 1.5222021848049252 5.722657722552197
24.72 2.5965715885162353 -8.600092220306397 4.6242210388183596 1.2923664122137404 -1.5862595419847323 -3.501526717557252 338.09999999999997 -42.29999999999999 3.8999999999999995 4.085424925384257 1.5238325961217647 5.730965980728383
24.749 2.6300904035568236 -8.583213138580323 4.63984317779541 1.8938931297709924 -1.1038167938931298 -4.137404580152672 337.43999999999994 -41.999999999999986 3.839999999999999 4.0852211446607285 1.5256332362482035 5.731758527083689
24.764 2.6448147535324096 -8.575312232971191 4.646726512908936 2.4961832061068705 -0.5541984732824428 -4.874045801526718 336.9599999999999 -42.35999999999999 3.839999999999999 4.0852211446607285 1.5262343783231613 5.744304668986856
24.779 2.6561872243881224 -8.569446468353272 4.660014343261719 2.9862595419847326 0.08549618320610705 -5.458778625954198 336.65999999999997 -42.419999999999995 4.02 4.085425078087825 1.5255474480486533 5.751376326075618
24.809 2.684618377685547 -8.560947036743164 4.671745920181275 3.2648854961832066 0.7206106870229009 -5.811450381679389 337.02 -42.540000000000006 4.379999999999999 4.085323098635092 1.5249456766387535 5.758786347743988
24.824 2.726097917556763 -8.535388851165772 4.708437061309814 3.431297709923664 1.287786259541985 -5.969465648854962 336.90000000000003 -42.660000000000004 4.26 4.085425052609455 1.524774033546322 5.767461391770285
24.839 2.776914858818054 -8.522340488433837 4.750575017929077 3.5664122137404584 1.8244274809160306 -5.950381679389313 336.36 -42.96 3.84 4.085323098635092 1.5245163342519357 5.7747119720477595
24.869 2.8146235227584837 -8.48044195175171 4.786428165435791 3.500763358778626 2.2267175572519085 -5.713740458015268 336.71999999999997 -42.6 3.9599999999999995 4.0852211701205725 1.5240008680209254 5.782781157331328
24.884 2.829048585891724 -8.453686809539795 4.8109088897705075 3.443511450381679 2.4671755725190843 -5.251908396946566 336.0 -43.08 3.9599999999999995 4.085323098635091 1.5233994119459435 5.791036324240659
24.899 2.836829733848572 -8.435012054443359 4.835688877105713 3.3145038167938927 2.6030534351145036 -4.614503816793894 335.88 -42.959999999999994 4.08 4.0850175418786545 1.5226279140292747 5.797530246458741
24.929 2.8303653955459596 -8.409334182739258 4.859511184692383 3.057251908396947 2.618320610687023 -3.817557251908397 335.7 -43.13999999999999 4.02 4.084711985122218 1.5210835151998994 5.80471666785442
24.944 2.816898012161255 -8.386948394775391 4.88087944984436 2.8305343511450385 2.591603053435114 -2.8175572519083962 335.94 -43.13999999999999 4.38 4.084813862772564 1.5191108727420244 5.819461519479395
24.959 2.8199506282806395 -8.371864891052246 4.909011316299439 2.680916030534352 2.451908396946565 -1.710687022900763 336.53999999999996 -42.779999999999994 5.1 4.084915842225297 1.5180796679891677 5.828965629872543
24.989 2.8277317762374876 -8.37270278930664 4.932833623886109 2.5641221374045804 2.2007633587786257 -0.6923664122137405 336.3 -42.419999999999995 4.859999999999999 4.084813862772564 1.5180796679891677 5.837344018808383
25.004 2.8077401876449586 -8.35103530883789 4.943787097930908 2.399236641221374 1.8206106870229006 0.09389312977099215 337.02 -42.42 5.46 4.085221933639154 1.5188531717306868 5.846079532958909
25.02 2.7782915115356444 -8.336430740356445 4.960366916656494 2.412213740458015 1.435114503816794 0.6259541984732826 337.25999999999993 -41.94 5.7 4.085323913091887 1.5187673167434355 5.8546401921509785
25.049 2.749022388458252 -8.342715454101562 4.970242977142334 2.490076335877862 1.116030534351145 0.8923664122137405 337.97999999999996 -41.58 5.220000000000001 4.08542586706625 1.5191108710250734 5.863375706301503
25.064 2.7268760204315186 -8.34151840209961 4.980837297439575 2.3801526717557246 0.9549618320610687 0.9786259541984734 338.04 -42.00000000000001 5.52 4.085731729007865 1.5196263372560832 5.872135823060073
25.079 2.705926752090454 -8.352771091461182 4.9937659740448 2.210687022900763 0.9244274809160306 0.9427480916030536 338.22 -41.82 5.58 4.0860376673846 1.5203994364234967 5.879416799776538
25.109 2.704550099372864 -8.360612106323241 5.00956768989563 1.9083969465648853 1.0106870229007634 0.7007633587786259 337.9800000000001 -41.82 5.82 4.086649009703102 1.5209996444468257 5.886032719273649
25.124 2.6888680696487426 -8.350975513458252 5.01651086807251 1.565648854961832 1.1244274809160306 0.20305343511450386 338.1 -42.17999999999999 5.459999999999999 4.087362331474337 1.5220300417546757 5.889681683724547
25.154 2.6919805288314818 -8.358517265319824 5.017528390884399 1.2793893129770992 1.3244274809160306 -0.4366412213740457 338.1 -42.54 5.819999999999999 4.088076187902994 1.5234035510179322 5.894010424242422
25.17 2.6986244201660154 -8.353908443450928 5.012919569015503 0.8778625954198475 1.515267175572519 -1.0969465648854961 338.28 -42.6 5.76 4.088076187902994 1.5248634755534032 5.897012903664548
25.184 2.6868329763412477 -8.323502159118652 5.014236354827881 0.4351145038167939 1.6610687022900763 -1.7458015267175573 338.4 -42.839999999999996 6.119999999999999 4.0879742339286285 1.5259790152367398 5.899348159832755
25.199 2.688628625869751 -8.322544479370118 5.024411725997925 0.09694656488549623 1.9213740458015267 -2.216793893129771 337.38 -43.379999999999995 5.94 4.087362280573157 1.5266650559375499 5.902701728950074
25.23 2.7022755622863768 -8.330984020233155 5.016690444946289 -0.23053435114503826 2.159541984732824 -2.4595419847328244 337.32 -43.2 6.0 4.087056418631542 1.53042218171494 5.906724109698231
25.26 2.724242377281189 -8.328889083862304 5.016510915756226 -0.6061068702290074 2.2900763358778624 -2.487022900763359 337.08 -43.32 6.720000000000001 4.086750633069476 1.5334984630293946 5.911597269021005
25.261 2.7347768783569335 -8.32811098098755 5.0115429878234865 -0.9206106870229007 2.2183206106870226 -2.436641221374046 337.08000000000004 -43.199999999999996 6.4799999999999995 4.086240990404334 1.5358935149980881 5.915467707169707
25.289 2.751656007766724 -8.336430835723878 5.004061126708985 -1.1603053435114503 1.9877862595419848 -2.2717557251908405 337.32000000000005 -43.44 6.24 4.085833123513079 1.536407912606467 5.918490233290629
25.304 2.7473464250564574 -8.344032382965088 4.983890008926392 -1.2900763358778626 1.5335877862595424 -1.9618320610687028 337.38 -43.019999999999996 6.18 4.0854254603006686 1.536579202499807 5.92184540024254
25.319 2.7477654218673706 -8.366897010803223 4.97515115737915 -1.2862595419847325 1.047328244274809 -1.5969465648854964 337.50000000000006 -43.14 6.779999999999999 4.084915817635526 1.5364076925589205 5.926375983170055
25.349 2.7528531074523928 -8.382758522033692 4.973894214630127 -1.2351145038167937 0.5129770992366411 -1.2396946564885494 338.28 -42.36 6.119999999999999 4.0841000835565255 1.5364076925589205 5.9273825263189215
25.364 2.7396251440048216 -8.399098968505859 4.968746662139893 -1.1282442748091603 -0.03435114503816785 -0.9419847328244277 338.52 -42.6 5.88 4.083692318541727 1.5358073296838752 5.928557106764377
25.379 2.7276541233062743 -8.429625034332275 4.965095520019531 -0.950381679389313 -0.4908396946564887 -0.7099236641221374 338.64 -42.72 5.879999999999999 4.083590390027209 1.535550230215933 5.929730568745538
25.409 2.718616008758545 -8.452848815917969 4.949712753295898 -0.7061068702290078 -0.8625954198473282 -0.6198473282442748 339.24 -42.239999999999995 5.76 4.083692318541727 1.5351216208071041 5.92721240217684
25.424 2.7042508125305176 -8.479005432128906 4.937861442565918 -0.6328244274809162 -1.0977099236641223 -0.7229007633587787 338.76000000000005 -42.36 5.4 4.083488537818198 1.5318792912498336 5.925195467850948
25.439 2.684498643875122 -8.477568912506104 4.93732271194458 -0.600763358778626 -1.1480916030534352 -0.9595419847328245 338.46000000000004 -42.42 4.9799999999999995 4.083590440891382 1.5288030099353789 5.921827463171584
25.469 2.6868329763412477 -8.46254529953003 4.932893419265747 -0.36946564885496186 -0.9755725190839695 -1.2427480916030533 338.2800000000001 -42.6 4.5600000000000005 4.083692318541727 1.5263221029794338 5.919298444143309
25.484 2.6852168798446656 -8.438304042816162 4.92427430152893 0.04961832061068698 -0.7061068702290078 -1.712977099236641 337.8 -42.36 4.92 4.083590415468544 1.525292507996986 5.919467125463369
25.499 2.6979660272598265 -8.428607559204101 4.928224706649781 0.5778625954198473 -0.36183206106870247 -2.3770992366412216 337.8 -42.959999999999994 5.279999999999999 4.083794196192072 1.5243493224155846 5.920649028232534