67.4640000000000 -0.331596940755844 8.88787555694580 4.87160205841064 -2.03053435114504 3.14503816793893 -0.870229007633588 254.400000000000 76.8000000000000 98.4000000000000 0.841300000145693 0.867492865611799 0.867492865611799
67.4790000000000 -0.334390173355738 8.89665412902832 4.87499380111694 -2.14503816793893 3.24681933842239 -0.987277353689568 255.600000000000 77.2000000000000 96.4000000000000 0.842140648660214 0.867081786796977 0.868313664740304
67.5240000000000 -0.322419166564941 8.92099507649740 4.87619082132975 -2.27226463104326 3.28753180661578 -1.23664122137405 256.400000000000 76 95.2000000000000 0.842140648660214 0.867492412138794 0.868724290082121
67.5270000000000 -0.330399841070175 8.93117046356201 4.87100330988566 -2.25699745547074 3.27735368956743 -1.60050890585242 257.800000000000 75.4000000000000 93.4000000000000 0.842981297174735 0.867081333323972 0.869954813347417
67.5390000000000 -0.327407091856003 8.94294198354085 4.87140226364136 -2.27735368956743 3.04071246819338 -1.84223918575064 258.200000000000 75 95.4000000000000 0.842140648660214 0.868313211267299 0.869544639560729
67.5700000000000 -0.347957322994868 8.96209557851156 4.88177712758382 -2.20610687022901 2.66666666666667 -1.94402035623410 259 76.6000000000000 93.4000000000000 0.842981297174735 0.867491507110660 0.870364537484207
67.5840000000000 -0.329801291227341 8.99441719055176 4.89374812444051 -1.96183206106870 2.20610687022901 -1.96437659033079 257.200000000000 76.4000000000000 94 0.841719580172154 0.868723385053987 0.869954813347417
67.5990000000000 -0.308452993631363 8.98504002888998 4.90172894795736 -1.52162849872774 1.73791348600509 -1.90330788804071 256.400000000000 75.6000000000000 93.2000000000000 0.842979813123693 0.867491507110660 0.871183987650490
67.6290000000000 -0.292092611392339 8.93895181020101 4.89374828338623 -1.55979643765903 1.22137404580153 -1.65903307888041 258.200000000000 76.2000000000000 94.6000000000000 0.842139164609172 0.868723385053987 0.869953464385195
67.6450000000000 -0.304063618183136 8.91860103607178 4.90252701441447 -2.09414758269720 0.625954198473283 -1.29770992366412 259.400000000000 76.2000000000000 94.2000000000000 0.843820466048770 0.867491507110660 0.870363188521986
67.6590000000000 -0.301669418811798 8.96089839935303 4.87459468841553 -0.923664122137405 -0.160305343511450 -1.43511450381679 258.600000000000 77.4000000000000 95.4000000000000 0.840036794681514 0.871184435407686 0.867492865611799
67.6900000000000 -0.299474736054738 8.91820176442464 4.86342175801595 -0.636132315521629 -0.231552162849873 -1.56997455470738 259.200000000000 77.6000000000000 96.4000000000000 0.841298511684095 0.869131299109101 0.868723388877095
67.7020000000000 -0.284710486729940 8.88348579406738 4.86262369155884 -0.936386768447837 -0.503816793893130 -1.55979643765903 259.200000000000 79.2000000000000 94.4000000000000 0.841298511684095 0.867900775843805 0.868312310062272
67.7180000000000 -0.282715320587158 8.88887278238932 4.87439521153768 -1.92111959287532 -0.989821882951654 -1.38931297709924 260.200000000000 80.2000000000000 94.2000000000000 0.841719580172154 0.865435647979585 0.869133109190778
67.7500000000000 -0.297679076592128 8.95750649770101 4.92307726542155 -3.01526717557252 -1.33333333333333 -0.989821882951654 260.400000000000 80 92 0.840457863169574 0.866258261012875 0.867902585925482
67.7650000000000 -0.318229307730993 8.96768188476563 4.95001204808553 -2.80916030534351 -1.21374045801527 -0.727735368956743 260.800000000000 78.4000000000000 94.4000000000000 0.840457863169574 0.865435647979585 0.867491051707015
67.7790000000000 -0.312642832597097 8.92558383941650 4.95739412307739 -1.88549618320611 -0.735368956743003 -0.567430025445293 260.200000000000 77.4000000000000 94.2000000000000 0.840036794681514 0.865435647979585 0.866670252578510
67.8100000000000 -0.283513377110163 8.87111600240072 4.94063472747803 -1.62849872773537 -0.292620865139949 -0.445292620865140 259.200000000000 77.6000000000000 97.6000000000000 0.839193158100628 0.864613034946296 0.865435647979585
67.8240000000000 -0.285309036572774 8.88248856862386 4.93564685185750 -2.24427480916031 -0.0610687022900763 -0.386768447837150 258.600000000000 77.0000000000000 97.8000000000000 0.839193158100628 0.864201043380661 0.865435647979585
67.8550000000000 -0.280720154444377 8.93176905314128 4.94642082850138 -2.54198473282443 0.206106870229008 -0.483460559796438 258 77.6000000000000 98 0.838349521519742 0.865024569164763 0.864613034946296
67.8690000000000 -0.296282470226288 8.91121864318848 4.94582223892212 -0.503816793893130 1.21374045801527 -1.37404580152672 262.200000000000 77.4000000000000 96.6000000000000 0.840036794681514 0.863789051815026 0.866259629167333
67.8800000000000 -0.281917254130046 8.89824994405111 4.94163242975871 -0.391857506361323 1.33842239185751 -1.51908396946565 260.200000000000 75.4000000000000 96.2000000000000 0.840036794681514 0.864201043380661 0.865848094948865
67.8960000000000 -0.284510970115662 8.90782674153646 4.93165651957194 -0.437659033078880 1.53180661577608 -1.66666666666667 258 75.2000000000000 95.6000000000000 0.839615227073318 0.865024569164763 0.865848094948865
67.9260000000000 -0.282515794038773 8.92119439442953 4.91788991292318 -0.536895674300255 1.82442748091603 -1.78117048346056 256.800000000000 73.6000000000000 95.6000000000000 0.839615227073318 0.865848094948865 0.866259173763687
67.9400000000000 -0.289698402086894 8.96907869974772 4.93006038665772 -0.860050890585242 2.02035623409669 -1.67175572519084 258.600000000000 75.8000000000000 96.2000000000000 0.839615227073318 0.865848094948865 0.867081786796977
67.9560000000000 -0.274934152762095 8.97486464182536 4.98911746342977 -1.02544529262087 2.09669211195929 -1.44020356234097 260.800000000000 75.2000000000000 96.8000000000000 0.840036794681514 0.866259173763687 0.867081786796977
67.9870000000000 -0.260169913371404 8.98504002888998 5.08548402786255 -1.22646310432570 2 -1.13486005089059 258.800000000000 76.4000000000000 96.8000000000000 0.840878434766100 0.866259173763687 0.867492412138794
68.0010000000000 -0.245405669013659 8.97426605224609 5.19781192143758 -1.39440203562341 1.65139949109415 -0.872773536895674 258 75.6000000000000 96 0.840878434766100 0.867081786796977 0.868313211267299
68.0160000000000 -0.200115357836088 9.00898202260335 5.31432962417603 -1.92875318066158 0.910941475826972 -0.676844783715013 257.600000000000 75.6000000000000 94 0.841720074850686 0.866670707982155 0.869545089210626
68.0480000000000 -0.169389769434929 9.01077779134115 5.43842903772990 -3.08651399491094 -0.223918575063613 -0.534351145038168 261 76.6000000000000 93 0.841299503254160 0.867902585925482 0.869134463868809
68.0600000000000 -0.0748188048601151 9.16620159149170 5.81072759628296 -9.05343511450382 -2.96183206106870 0.587786259541985 259.800000000000 79.8000000000000 93 0.843821945689256 0.868724741637250 0.871184435407686
68.0770000000000 -0.0895830492178599 9.11592324574789 5.81850878397624 -11.1577608142494 -3.43256997455471 1.10941475826972 259.800000000000 78.6000000000000 96.6000000000000 0.842560228686675 0.869134915423938 0.870364537484207
68.1090000000000 -0.0855927119652430 9.04649130503337 5.86200348536174 -15.4096692111959 -4.27735368956743 2.25699745547074 258.800000000000 77.2000000000000 98 0.842979813123693 0.868724290082121 0.870773813863802
68.1220000000000 -0.0762154211600622 9.03192647298177 5.97373294830322 -20.6310432569975 -5.23409669211196 3.81170483460560 260.200000000000 76.2000000000000 100.600000000000 0.841718096121112 0.869134463868809 0.869953915940324
68.1390000000000 -0.0652419949571292 8.96688397725423 6.09364255269369 -24.4987277353690 -5.66412213740458 4.99745547073791 259.800000000000 73.8000000000000 98.2000000000000 0.842979813123693 0.868313664740304 0.871183090243398
68.1700000000000 -0.0470859659835696 8.83240954081217 6.16925938924154 -27.8346055979644 -5.59287531806616 5.87531806615776 261.200000000000 73.2000000000000 98 0.841719580172154 0.869544188005600 0.869543290598507
68.1850000000000 0.00897825726618370 8.59737873077393 6.13474289576213 -32.4351145038168 -5.38931297709924 6.77099236641221 260.400000000000 72.4000000000000 98.4000000000000 0.842981297174735 0.867900775843805 0.870363188521986
68.1980000000000 0.0632468285039067 8.58201599121094 6.19739119211833 -38.3918575063613 -5.16793893129771 7.73791348600509 262.200000000000 73 99.4000000000000 0.841719580172154 0.868311401185622 0.868312310062272
68.2290000000000 0.0720255679140488 8.69594001770020 6.29076496760051 -43.6157760814249 -4.80152671755725 8.44274809160305 261.200000000000 74 100.400000000000 0.842560228686675 0.866258264887037 0.869542833327568
68.2430000000000 0.0323217227123678 8.80986404418945 6.48589245478312 -46.7302798982188 -4.05343511450382 8.53435114503817 262.800000000000 73.6000000000000 101.600000000000 0.841298511684095 0.867080877920327 0.867901231247450
68.2580000000000 -0.0472854822874069 8.59937381744385 6.76721096038818 -49.8015267175573 -1.83969465648855 8.00763358778626 262.200000000000 71.4000000000000 107.400000000000 0.840036794681514 0.865025026511930 0.868724741637250
68.2880000000000 -0.0387062598019838 8.56545607248942 6.78776121139526 -50.4961832061069 -1.54707379134860 7.98727735368957 261.600000000000 70.8000000000000 106.400000000000 0.840036794681514 0.865436560730398 0.867903037480611
68.3040000000000 -0.0301270373165607 8.51657454172770 6.81828737258911 -52.0585241730280 -1.04580152671756 7.77608142493639 263.800000000000 71.4000000000000 107.800000000000 0.839615227073318 0.865848094948865 0.866669799105504
68.3180000000000 -0.0393048115074635 8.45871480305990 6.89470243453980 -54.5419847328244 -0.422391857506361 7.48854961832061 264.600000000000 70.6000000000000 108.200000000000 0.840036295561378 0.865023652513903 0.865848094948865
68.3490000000000 -0.0849941590180000 8.29830328623454 6.95375951131185 -56.8295165394402 -0.0279898218829517 7.05343511450382 267.600000000000 70.8000000000000 110 0.839192658980492 0.864612118295435 0.865436560730398
68.3630000000000 -0.0638453774154186 8.10975980758667 7.05252027511597 -59.2239185750636 0.173027989821883 6.56997455470738 267.200000000000 69.6000000000000 110.800000000000 0.839192658980492 0.863376141642005 0.865848094948865
68.3800000000000 -0.0313241370022297 7.96770381927490 7.16305255889893 -61.0458015267176 0.274809160305344 5.97964376590331 269.600000000000 69.2000000000000 111.600000000000 0.838350022884236 0.863788592511333 0.865848094948865
68.4090000000000 0.0600545592606068 7.90784867604574 7.36137215296427 -62.4580152671756 0.371501272264631 5.46055979643766 270.600000000000 67.4000000000000 113.400000000000 0.839193659465122 0.863788592511333 0.866670707982155
68.4240000000000 0.0875878781080246 7.89847151438395 7.51081021626790 -63.3587786259542 0.206106870229008 5.14249363867685 273 66.6000000000000 114.200000000000 0.839193659465122 0.864613034946296 0.866670707982155
68.4390000000000 0.113724579413732 7.77437194188436 7.61415990193685 -64.0839694656489 -0.251908396946565 4.83969465648855 275.200000000000 67.2000000000000 117.200000000000 0.839193659465122 0.865025026511930 0.867081786796977
68.4690000000000 0.299275219440460 7.58123970031738 7.87752199172974 -65.2748091603053 -2.12977099236641 4.07633587786260 283.200000000000 69.6000000000000 118.800000000000 0.838772091856926 0.865025026511930 0.867492865611799
68.4840000000000 0.308852026859919 7.48267841339111 7.92241319020589 -65.1017811704835 -2.40203562340967 3.75572519083969 282 69.2000000000000 119.200000000000 0.839193659465122 0.865436560730398 0.867492865611799
68.4990000000000 0.299873769283295 7.31548325220744 8.03154897689819 -65.4122137404580 -3.10687022900763 3.45801526717557 282.800000000000 68.8000000000000 120 0.840036295561378 0.865848094948865 0.867492865611799
68.5290000000000 0.295683910449346 7.09820938110352 8.12691815694173 -66.0585241730280 -4.32569974554707 3.19592875318066 283.400000000000 67.8000000000000 119.400000000000 0.841299503254160 0.866259629167333 0.868723388877095
68.5450000000000 0.298078109820684 6.92981719970703 8.21310965220133 -67.0254452926209 -5.67684478371501 3.25445292620865 285.200000000000 67.6000000000000 118.800000000000 0.841720571742219 0.867081333323972 0.869134014218912
68.5590000000000 0.365913828214010 6.73289410273234 8.34359359741211 -67.6055979643766 -6.89821882951654 3.29770992366412 287.400000000000 65.0000000000000 119.400000000000 0.841720571742219 0.867492412138794 0.869954813347417
68.5890000000000 0.419783373673757 6.59303283691406 8.54390843709310 -67.6106870229008 -7.73282442748092 3.60050890585242 289.600000000000 64.4000000000000 122.400000000000 0.841300000145693 0.868724290082121 0.869545089210626
68.6040000000000 0.475847591956457 6.41845560073853 8.68915653228760 -66.7989821882952 -8.09923664122137 3.97964376590331 292.400000000000 62 123.200000000000 0.842140648660214 0.868313664740304 0.870364987134105
68.6180000000000 0.481633573770523 6.25924126307170 8.77215544382731 -65.3333333333333 -8.01272264631043 4.33587786259542 293.800000000000 61.8000000000000 123.800000000000 0.842140648660214 0.869134463868809 0.869954813347417
68.6490000000000 0.537498275438945 6.05294100443522 8.79170799255371 -64.2798982188295 -7.60559796437659 4.33587786259542 296.400000000000 61.2000000000000 123.600000000000 0.842981297174735 0.868313664740304 0.870773813863802
68.6630000000000 0.640448927879334 5.70957231521606 9.11113452911377 -64.8396946564886 -6.33587786259542 3.65648854961832 298.200000000000 64.2000000000000 133.800000000000 0.842561714935271 0.869955262997314 0.867492865611799
68.6790000000000 0.638852794965108 5.72014681498210 9.17657597859701 -65.4325699745547 -6.07888040712468 3.76335877862595 299 63.8000000000000 131.400000000000 0.842981791853266 0.868723385053987 0.869132665256690
68.7100000000000 0.616307397683462 5.57629521687826 9.28291829427083 -65.6208651399491 -5.48854961832061 3.76844783715013 300.800000000000 61.6000000000000 128.400000000000 0.842140151768681 0.869133109190778 0.868721586441868
68.7240000000000 0.609723349412282 5.33009147644043 9.38646761576335 -65.8524173027990 -4.51399491094148 3.70229007633588 302.800000000000 59.6000000000000 126 0.842140151768680 0.867489697028983 0.869952109707163
68.7400000000000 0.629475514094035 5.04178969065348 9.49161307017008 -65.6030534351145 -3.44020356234097 3.68447837150127 303.800000000000 57.0000000000000 126.600000000000 0.840878434766100 0.867900775843805 0.867901231247450
68.7700000000000 0.669578393300374 4.85484250386556 9.58877786000570 -65.8778625954199 -2.33333333333333 3.98727735368957 305 57.8000000000000 128.200000000000 0.842140151768681 0.865435647979585 0.869133109190778
68.7820000000000 0.703097224235535 4.66071271896362 9.69053141276042 -65.9465648854962 -1.14503816793893 4.47073791348601 306.200000000000 59 129 0.840876944075899 0.866258261012875 0.867902585925482
68.7980000000000 0.689131061236064 4.41450897852580 9.72903823852539 -65.9312977099237 0.0890585241730280 4.81933842239186 309.600000000000 58.4000000000000 129.600000000000 0.840876944075899 0.865435647979585 0.867902585925482
68.8300000000000 0.726640224456787 4.24631627400716 9.81243642171224 -66.1374045801527 1.25699745547074 5.22900763358779 312.200000000000 57.4000000000000 129.800000000000 0.839615227073318 0.865847639545220 0.867081786796977
68.8450000000000 0.750382721424103 4.12740421295166 9.93134848276774 -65.8880407124682 2.25190839694657 5.45547073791349 314.800000000000 56 128.800000000000 0.839193158100628 0.865436560730398 0.866670707982155
68.8600000000000 0.844554662704468 3.58950686454773 10.0783920288086 -65.1755725190840 3.62595419847328 5.96183206106870 318 56.4000000000000 127.200000000000 0.840036794681514 0.863789051815026 0.866259629167333
68.8900000000000 0.847946445147196 3.45603013038635 10.0857741038005 -65.4834605597964 3.62086513994911 6.16793893129771 319 56.6000000000000 126.600000000000 0.839193158100628 0.863789051815026 0.866259629167333
68.9050000000000 0.826598147551219 3.32634425163269 10.1051273345947 -66.3689567430025 3.58015267175573 6.62595419847328 319.600000000000 57.2000000000000 127.600000000000 0.839193158100628 0.863789051815026 0.866670707982155
68.9180000000000 0.827595730622610 3.16134389241536 10.1454296112061 -67.1450381679389 3.50381679389313 7.35877862595420 321.200000000000 58 127.200000000000 0.838771590492432 0.863789051815026 0.866259173763687
68.9490000000000 0.806646466255188 3.15236560503642 10.2342147827148 -67.2748091603053 3.36132315521628 7.91348600508906 321.200000000000 58 128 0.839615227073318 0.864201043380661 0.866259173763687
68.9640000000000 0.817819396654765 2.92631300290426 10.3277880350749 -66.5521628498728 3.07888040712468 8.40458015267176 323.600000000000 56.8000000000000 127.200000000000 0.839193659465122 0.864613034946296 0.866259173763687
68.9780000000000 0.794874966144562 2.60788416862488 10.3443479537964 -66.6463104325700 2.33842239185751 9.09923664122137 325.400000000000 55.8000000000000 127 0.839615227073318 0.865025026511930 0.866670707982155
69.0090000000000 0.771930535634359 2.20845154921214 10.3263912200928 -67.2951653944020 1.27480916030534 10.0178117048346 327.200000000000 55.2000000000000 125.600000000000 0.839615227073318 0.865436560730398 0.867081786796977
69.0240000000000 0.762952287991842 2.04644389947255 10.3555205663045 -67.9083969465649 0.0916030534351145 10.8575063613232 328.600000000000 54.6000000000000 123.800000000000 0.840457863169574 0.865436560730398 0.867492412138794
69.0380000000000 0.782504936059316 1.85131645202637 10.3505328496297 -67.0814249363868 -0.829516539440204 11.1806615776081 330.200000000000 55 122.200000000000 0.840457863169574 0.866259173763687 0.868314116295433
69.0680000000000 0.806247413158417 1.28448915481567 10.2645416259766 -63.9083969465649 -2.80152671755725 11.2824427480916 336.600000000000 55.8000000000000 119.400000000000 0.841300000145693 0.866259629167333 0.869955262997314
69.0840000000000 0.810038228829702 1.24039594332377 10.2974618275960 -63.7531806615776 -3.24936386768448 11.2722646310433 336.400000000000 55.6000000000000 120 0.841300000145693 0.867081333323972 0.869545089210626
69.0990000000000 0.809439678986867 1.10991197824478 10.3249950408936 -63.4351145038168 -4.03816793893130 11.1653944020356 336.600000000000 54.2000000000000 119.000000000000 0.841720571742219 0.867492412138794 0.869954813347417
69.1290000000000 0.785298148790995 0.853333373864492 10.3259925842285 -63.3333333333333 -5.12722646310433 11.1374045801527 337.200000000000 54.4000000000000 119.600000000000 0.841720571742219 0.868724290082121 0.869544639560729
69.1440000000000 0.748986105124156 0.598749945561091 10.2866878509521 -63.5012722646310 -5.92620865139949 11.3206106870229 339.600000000000 54.8000000000000 120.000000000000 0.842980804693758 0.867902585925482 0.870364537484207
69.1580000000000 0.736017505327861 0.449710885683696 10.2848920822144 -63.1374045801527 -6.12213740458015 11.6310432569975 340.800000000000 56.4000000000000 119.600000000000 0.842560233097232 0.868723385053987 0.869134014218912
69.1880000000000 0.744596719741821 0.311445745329062 10.3142210642497 -60.9491094147583 -5.60559796437659 11.5903307888041 342.400000000000 55.2000000000000 117.600000000000 0.843820466048770 0.867491507110660 0.869953912142390
69.2050000000000 0.756168683369955 0.0768139784534772 10.2912766138713 -58.2239185750636 -4.53689567430025 11.2035623409669 342 53.6000000000000 114.800000000000 0.842139164609172 0.868723385053987 0.868723388877095
69.2190000000000 0.812432428201040 -0.114123610158761 10.2693297068278 -57.4452926208651 -3.53180661577608 10.9033078880407 343.600000000000 54.4000000000000 115.600000000000 0.842979813123693 0.867079972892192 0.869953912142390
69.2490000000000 0.745195269584656 -0.249595522880554 10.2673343022664 -56.6157760814249 -2.16284987277354 10.1094147582697 343.400000000000 54.6000000000000 115.800000000000 0.841298511684095 0.868311850835520 0.868312310062272
69.2650000000000 0.721253275871277 -0.873883605003357 10.4046020507813 -47.1984732824427 2.59541984732824 5.78625954198473 349.200000000000 54 111.600000000000 0.842561714935271 0.863789051815026 0.871184435407686
69.2800000000000 0.735019922256470 -1.07080670197805 10.2803030014038 -47.6234096692112 3.02290076335878 5.53435114503817 347.800000000000 55 111 0.841298507242490 0.865434281755767 0.869542833327568
69.3100000000000 0.737414121627808 -1.29187134901683 10.1422373453776 -49.5903307888041 3.50381679389313 5.61323155216285 347.600000000000 55.2000000000000 110.800000000000 0.840456867157904 0.866257807539869 0.868312310062273
69.3250000000000 0.686537325382233 -1.39821382363637 10.0394862492879 -52.7124681933842 4.13740458015267 5.83206106870229 347.200000000000 55.6000000000000 109.600000000000 0.839615227073318 0.867081333323972 0.867081786796977
69.3390000000000 0.660400629043579 -1.34953173001607 10.0572433471680 -55.0763358778626 4.70992366412214 6.45801526717557 347.200000000000 55.6000000000000 111.200000000000 0.840036794681514 0.865848094948865 0.866670252578510
69.3690000000000 0.664191444714864 -1.18912021319071 10.1641842524211 -53.5521628498728 5.66666666666667 6.38931297709924 348.200000000000 55.8000000000000 110.200000000000 0.839615227073318 0.865024569164763 0.866259173763687
69.3850000000000 0.724246005217234 -1.39761527379354 10.1935132344564 -46.9949109414758 6.91603053435115 5.25190839694657 349.800000000000 55.4000000000000 109.400000000000 0.838771590492432 0.865024569164763 0.865848094948865
69.3990000000000 0.778115550676982 -1.74098372459412 10.1767536799113 -39.6183206106870 7.53689567430025 3.29770992366412 354 55.2000000000000 104.400000000000 0.839192658980492 0.864200126729800 0.866259629167333
69.4300000000000 0.818816979726156 -2.17194004853567 10.0813846588135 -35.9134860050891 6.88295165394402 1.41221374045802 354.800000000000 55.2000000000000 103.600000000000 0.839192658980492 0.864612118295435 0.865436103383230
69.4440000000000 0.828792830308278 -2.29663801193237 10.0690145492554 -37.4274809160305 4.95928753180662 0.402035623409669 355.400000000000 54.6000000000000 102.600000000000 0.839614727953182 0.864200584076968 0.865436103383230
69.4590000000000 0.741603970527649 -1.90099620819092 10.5105457305908 -38.9236641221374 1.36641221374046 -0.358778625954198 354.600000000000 55.8000000000000 101.400000000000 0.838772091856926 0.866259629167333 0.867492865611799
69.4900000000000 0.769536316394806 -2.15218782424927 10.4237559636434 -37.2697201017812 1.36641221374046 -0.435114503816794 354.200000000000 55.4000000000000 102.200000000000 0.838772091856926 0.865436103383230 0.867492865611799
69.5040000000000 0.792081713676453 -2.49016928672791 10.3008534113566 -36.5139949109415 0.872773536895674 0.0610687022900764 354 56.4000000000000 103.200000000000 0.838772091856926 0.865436103383230 0.866670252578510
69.5190000000000 0.757365783055623 -2.84989809989929 10.1613909403483 -36.2315521628499 0.0127226463104326 1.08142493638677 354.600000000000 55.8000000000000 102.600000000000 0.839614727953182 0.865436103383230 0.866670252578510
69.5490000000000 0.748587052027384 -2.91573866208394 10.1093168258667 -38.1781170483461 -0.870229007633588 2.66921119592875 356.800000000000 56.8000000000000 101.200000000000 0.840457364049438 0.866259629167333 0.867491051707015
69.5650000000000 0.736217021942139 -2.92272170384725 10.0803871154785 -38.2493638676845 -1.01781170483461 3.55979643765903 358.200000000000 57.4000000000000 99.8000000000000 0.841300000145693 0.865848094948865 0.869134463868809
69.5800000000000 0.806646466255188 -2.94267336527507 10.1192928949992 -37.8244274809160 -0.562340966921120 4.11195928753181 360.800000000000 57.2000000000000 98.4000000000000 0.840878931657633 0.866669799105504 0.869545089210626
69.6100000000000 0.825800081094106 -3.05939070383708 10.0905625025431 -37.8015267175573 -0.0178117048346056 4.64376590330789 360.600000000000 55.8000000000000 96.6000000000000 0.841719580172154 0.867080877920327 0.869545089210626
69.6250000000000 0.802656114101410 -3.17451190948486 10.0255200068156 -40.0966921119593 0.338422391857506 5.68193384223919 363 54.2000000000000 95.4000000000000 0.841719580172154 0.868724290082121 0.869134915423938
69.6400000000000 0.726440687974294 -3.24174904823303 9.93214639027914 -41.8676844783715 0.872773536895674 6.48600508905853 363.600000000000 54 94.8000000000000 0.842981297174735 0.868313664740304 0.870364089727012
69.6700000000000 0.760159015655518 -3.23995351791382 9.88984870910645 -38.6793893129771 3.48854961832061 6.49618320610687 362.400000000000 57.6000000000000 97.2000000000000 0.842561714935271 0.869955262997314 0.868724741637250
69.6890000000000 0.735418935616811 -3.37023798624674 9.83398405710856 -37.8346055979644 3.74809160305344 6.31297709923664 362.400000000000 56.4000000000000 96.8000000000000 0.843401376290284 0.869134463868809 0.869953915940324
69.7000000000000 0.709481755892436 -3.58132672309876 9.74061012268066 -37.1272264631043 3.91094147582697 6.05343511450382 362.400000000000 56 95.6000000000000 0.842980804693758 0.869134463868809 0.869953915940324
69.7290000000000 0.633864899476369 -3.80737924575806 9.67277431488037 -36.4987277353690 4.05343511450382 5.56234096692112 362.200000000000 56.6000000000000 93.4000000000000 0.843400881611752 0.867902585925482 0.870773813863802
69.7450000000000 0.584584256013235 -3.96998548507690 9.63506571451823 -36.2544529262087 4.00254452926209 4.99491094147583 363.400000000000 57.8000000000000 91 0.841719580172154 0.868313211267299 0.868722935404089
69.7580000000000 0.528520027796427 -4.09548163414002 9.63726043701172 -34.2213740458015 4.09414758269720 4.10178117048346 363.400000000000 55.8000000000000 88.6000000000000 0.842560228686675 0.866669799105504 0.869952109707163
69.7890000000000 0.550666391849518 -4.28821484247843 9.55366293589274 -32.1832061068702 4.05597964376590 3.24173027989822 363 55.4000000000000 85.8000000000000 0.840876944075899 0.867491503262143 0.868721586441868
69.8040000000000 0.554856240749359 -4.46618382136027 9.48602644602458 -31.9363867684478 3.40712468193384 2.95674300254453 363 55 84.2000000000000 0.841718584160485 0.865846273321402 0.869953464385195
69.8190000000000 0.592764437198639 -4.41231425603231 9.45151011149089 -34.7124681933842 2.06361323155216 3.50890585241730 365.400000000000 57.4000000000000 83 0.840035299549708 0.866668886354692 0.867902585925482
69.8500000000000 0.546476533015569 -4.28322696685791 9.45270729064941 -36.0610687022901 0.903307888040712 3.99491094147583 367.200000000000 57.6000000000000 82.8000000000000 0.840877935645964 0.865847182198053 0.868313211267299
69.8650000000000 0.540491044521332 -4.61123228073120 9.23443603515625 -29.2595419847328 0.305343511450382 3 366.600000000000 57 84.6000000000000 0.838772091856926 0.863789051815026 0.867492865611799
69.8780000000000 0.540092011292776 -4.67028935750326 9.20171515146891 -28.7302798982188 0.0101781170483461 2.87277353689567 367.200000000000 59.2000000000000 83.6000000000000 0.838772091856926 0.864612577599128 0.867081786796977
69.9090000000000 0.526325345039368 -4.71917104721069 9.16699918111165 -29.2722646310433 -0.844783715012723 2.78880407124682 368 58 83.2000000000000 0.839614727953182 0.864200126729800 0.867492412138794
69.9240000000000 0.522933562596639 -4.75328842798869 9.11273066202799 -30.1348600508906 -2.09160305343511 2.69974554707379 368.200000000000 57.4000000000000 82.2000000000000 0.838770086383038 0.864200126729800 0.866669799105504
69.9390000000000 0.555055757363637 -4.78600915273031 9.06245263417562 -30.4605597964377 -3.16539440203562 2.48600508905852 367.800000000000 55.8000000000000 81.4000000000000 0.838770086383038 0.863376600945698 0.867080877920327
69.9700000000000 0.598550419012705 -4.91050767898560 8.97227096557617 -29.4834605597964 -3.89058524173028 2.15012722646310 367.200000000000 58.4000000000000 79.6000000000000 0.837927450286782 0.864201043380661 0.865847639545220
69.9850000000000 0.604934950669607 -5.10922654469808 8.86812305450440 -28.4783715012723 -4.62849872773537 2.12468193384224 368.600000000000 60.2000000000000 79 0.839193659465122 0.864201043380661 0.867080877920327
70 0.590968787670136 -5.18284829457601 8.79390271504720 -28.3740458015267 -5.48091603053435 2.55216284987277 369.400000000000 61.8000000000000 79.4000000000000 0.839193659465122 0.864613034946296 0.866258264887037
70.0300000000000 0.547274609406789 -5.25946267445882 8.73444684346517 -26.9949109414758 -6.09669211195929 2.93893129770992 369.800000000000 60.6000000000000 79.8000000000000 0.839615227073318 0.865024569164763 0.866669799105504
70.0450000000000 0.568622907002767 -5.26644563674927 8.67638746897380 -24.0712468193384 -6.18829516539440 3.03053435114504 370 60.4000000000000 78.4000000000000 0.839615227073318 0.865436560730398 0.865848094948865
70.0600000000000 0.508767843246460 -5.63774633407593 8.53293514251709 -15.5419847328244 -5.53435114503817 2.44274809160305 364.200000000000 58.2000000000000 79.8000000000000 0.841300000145693 0.865025026511930 0.869955262997314
70.0890000000000 0.579396804173788 -5.59425163269043 8.58919874827067 -14.8371501272265 -5.62086513994911 2.31806615776081 366 60 78.8000000000000 0.840878931657633 0.865847639545220 0.869134463868809
70.1040000000000 0.633266349633535 -5.60163386662801 8.64127254486084 -13.9363867684478 -5.83460559796438 1.82951653944020 368.600000000000 61.0000000000000 77.8000000000000 0.840878931657633 0.866670252578510 0.868724290082121
70.1190000000000 0.698707878589630 -5.63315757115682 8.69713719685873 -14.0610687022901 -6.28244274809160 1.45292620865140 369.400000000000 61.4000000000000 76.6000000000000 0.840457863169574 0.867903490953616 0.868314116295433
70.1500000000000 0.664191464583079 -5.59245618184408 8.73823769887289 -14.8804071246819 -6.68702290076336 1.31297709923664 369.800000000000 59.4000000000000 77 0.841299503254160 0.867903490953616 0.869134915423938
70.1640000000000 0.679354747136434 -5.60003773371379 8.77853997548421 -14.6463104325700 -6.68447837150127 1.37659033078880 370.800000000000 59.6000000000000 76.8000000000000 0.841299503254160 0.868314116295433 0.868724290082121
70.1790000000000 0.679753780364990 -5.69839954376221 8.68696180979411 -14.0152671755725 -6.37659033078880 1.51145038167939 370.800000000000 58 76.4000000000000 0.842561220256740 0.867903490953616 0.869953464385195
70.2100000000000 0.674366831779480 -5.86818838119507 8.51617527008057 -14.5572519083969 -6.01526717557252 1.91603053435115 370 58.4000000000000 74.4000000000000 0.842140648660214 0.868724290082121 0.869953464385195
70.2240000000000 0.627679884433746 -5.79855696360270 8.41202767690023 -16.2111959287532 -5.60050890585242 2.67175572519084 368.800000000000 58.8000000000000 74 0.843400881611752 0.867902585925482 0.871183987650490
70.2400000000000 0.629276017347972 -5.53599278132121 8.42798900604248 -14.9465648854962 -4.43765903307888 2.92875318066158 369 59.4000000000000 73.8000000000000 0.842139164609172 0.868723385053987 0.869544188005600
70.2700000000000 0.584783792495728 -6.01603031158447 8.21809768676758 -3.71755725190840 -0.305343511450382 0.221374045801527 369.600000000000 58.8000000000000 72 0.843821945689256 0.866259629167333 0.872412264546471
70.2840000000000 0.614312271277110 -6.02101818720500 8.19674936930339 -4.31552162849873 0.0330788804071247 0.0178117048346056 370.200000000000 58.6000000000000 72.2000000000000 0.842560228686675 0.867491507110660 0.870772464901581
70.2990000000000 0.624886651833852 -5.81092691421509 8.26438554128011 -5.16793893129771 0.676844783715013 -0.414758269720102 370 57.6000000000000 73.6000000000000 0.842560228686675 0.867079972892192 0.870363188521986
70.3290000000000 0.648030598958333 -5.55813916524251 8.35795879364014 -4.39440203562341 1.96183206106870 -1.26463104325700 370 59.2000000000000 75.6000000000000 0.840454875103209 0.867901677048831 0.868312310062272
70.3440000000000 0.643042683601379 -5.50167592366536 8.42699146270752 -0.849872773536896 3.61577608142494 -2.41475826972010 371.200000000000 58 75.6000000000000 0.840875943591268 0.866258264887037 0.868722935404089
70.3580000000000 0.703496277332306 -5.70099322001139 8.40304946899414 2.72519083969466 5.08651399491094 -3.27480916030534 372.600000000000 57.8000000000000 75 0.839192658980492 0.866669799105504 0.867492412138794
70.3890000000000 0.719457606474559 -5.88474814097087 8.40903504689535 4.53435114503817 5.77608142493639 -3.76590330788804 372.800000000000 57.6000000000000 74.8000000000000 0.840036295561378 0.865848094948865 0.867492412138794
70.4050000000000 0.740207354227702 -5.85102987289429 8.48405329386393 4.39949109414758 5.57251908396947 -3.72264631043257 371.400000000000 59 74.6000000000000 0.839615227073318 0.865023652513903 0.866670707982155
70.4190000000000 0.749584635098775 -5.79197295506795 8.58101844787598 5.03816793893130 4.99236641221374 -3.83969465648855 372.200000000000 60.6000000000000 75.0000000000000 0.839615227073318 0.865023652513903 0.866259629167333
70.4490000000000 0.774923284848531 -5.82828505833944 8.60715516408285 5.66921119592875 4.09923664122137 -3.59541984732824 371.600000000000 60 73.6000000000000 0.839193659465122 0.864200126729800 0.866670707982155
70.4640000000000 0.674566328525543 -5.90709400177002 8.58500862121582 5.03816793893130 1.25954198473282 -1.44274809160305 371.400000000000 58.2000000000000 82.2000000000000 0.836238167146494 0.865025026511930 0.863789051815026
70.4790000000000 0.673169712225596 -5.81012884775798 8.59837627410889 5.08142493638677 0.857506361323155 -0.984732824427481 371.200000000000 58.8000000000000 80 0.837082808716638 0.864613034946296 0.865023656413950
70.5100000000000 0.669179379940033 -5.73491112391154 8.59897486368815 5.52671755725191 0.236641221374046 -0.445292620865140 369.600000000000 58.4000000000000 78 0.837505381314092 0.864613034946296 0.865847182198053
70.5240000000000 0.650225281715393 -5.63954210281372 8.62371508280436 6.49618320610687 -0.447837150127226 -0.0254452926208651 369.600000000000 60 76 0.838771590492432 0.864613034946296 0.866259173763687
70.5390000000000 0.621494869391123 -5.61180925369263 8.63508764902751 8.38167938931298 -0.671755725190840 -0.473282442748092 368.600000000000 58.2000000000000 76.6000000000000 0.838771590492432 0.865025026511930 0.866259173763687
70.5690000000000 0.598151405652364 -5.58427588144938 8.67698605855306 10.9567430025445 -0.643765903307888 -1.65394402035623 370.400000000000 59.2000000000000 76 0.840036295561378 0.865025026511930 0.867080877920327
70.5850000000000 0.622891485691071 -5.58946339289347 8.67538992563883 13.2188295165394 -0.641221374045802 -3.36132315521628 368.400000000000 58 76.8000000000000 0.840036295561378 0.865436560730398 0.868314116295433
70.5990000000000 0.627679884433746 -5.60781892140706 8.66641171773275 13.6106870229008 -0.888040712468193 -4.70737913486005 368.800000000000 58.8000000000000 77.2000000000000 0.840457863169574 0.865848094948865 0.868724741637250
70.6280000000000 0.618901133537293 -5.54956007003784 8.69135157267253 12.2773536895674 -1.16539440203562 -5.14758269720102 367.400000000000 59 79 0.840457863169574 0.867081333323972 0.869134915423938
70.6430000000000 0.595557669798533 -5.49549102783203 8.75140603383382 11.1959287531807 -1.09669211195929 -4.81424936386769 368.400000000000 59.6000000000000 78.0000000000000 0.841299503254160 0.867492412138794 0.869134915423938
70.6580000000000 0.712873578071594 -5.62457847595215 8.75559520721436 13.4122137404580 0.190839694656489 -4.02290076335878 367.800000000000 55.8000000000000 77.4000000000000 0.840036794681514 0.867492865611799 0.868724741637250
70.6900000000000 0.708484192689260 -5.60243209203084 8.73604265848796 13.1017811704835 0.236641221374046 -3.94910941475827 368 56.4000000000000 78 0.841298511684095 0.867492865611799 0.869134915423938
70.7030000000000 0.732027173042297 -5.45758279164632 8.73604265848796 12.0687022900763 0.358778625954198 -3.87277353689567 369.200000000000 58.8000000000000 79.2000000000000 0.841298511684095 0.867903490953616 0.868724290082121
70.7190000000000 0.716664373874664 -5.26724370320638 8.75140571594238 11.7786259541985 0.750636132315522 -4.22646310432570 368.800000000000 59.2000000000000 78.8000000000000 0.842979813123693 0.867492412138794 0.869953464385195
70.7490000000000 0.691126227378845 -5.16050211588542 8.75599479675293 13.2544529262087 1.41221374045802 -5.12468193384224 369.200000000000 58.4000000000000 78 0.842559736205698 0.868313211267299 0.869132665256690
70.7640000000000 0.672571162382762 -5.17347081502279 8.72427177429199 16.3307888040712 2.28753180661578 -6.15776081424936 367.200000000000 57.2000000000000 78 0.844241037645296 0.867902585925482 0.870363188521986
70.7800000000000 0.700503508249919 -5.13855536778768 8.69613965352376 18.7862595419847 2.96183206106870 -6.56997455470738 366.200000000000 57.8000000000000 81.4000000000000 0.842559736205698 0.869134463868809 0.868723388877095
70.8090000000000 0.732226689656576 -5.05655399958293 8.71629079182943 20.3994910941476 3.46310432569975 -6.43765903307888 363.200000000000 59.2000000000000 83.2000000000000 0.843399397560710 0.867491051707015 0.870363188521985
70.8240000000000 0.746192872524262 -4.84805885950724 8.87470722198486 22.5597964376590 3.83206106870229 -6.37150127226463 363.400000000000 57.4000000000000 84.2000000000000 0.841296528512916 0.868311850835520 0.869132665256690
70.8390000000000 0.800062417984009 -4.80735747019450 9.08060868581136 26.9465648854962 4.18575063613232 -6.98218829516539 365.600000000000 55.6000000000000 82.8000000000000 0.842138168597502 0.866668438673725 0.869953464385195
70.8700000000000 1.20488202571869 -4.84287166595459 9.38646793365479 35.9694656488550 3.10687022900763 -8.40458015267176 366.600000000000 57 85.8000000000000 0.838772091856926 0.867492865611799 0.868724741637250
70.8850000000000 1.19730039437612 -4.86322228113810 9.37609291076660 34.8473282442748 2.05852417302799 -7.96692111959288 367.200000000000 57.6000000000000 82.8000000000000 0.839614727953182 0.866670252578510 0.867903037480611
70.8990000000000 1.09534730513891 -4.79598506291707 9.41539764404297 31.7379134860051 -0.0178117048346057 -6.75826972010178 367 56.6000000000000 83 0.840036295561378 0.865847639545220 0.866669799105504
70.9290000000000 0.993992765744527 -4.63477547963460 9.53690338134766 28.0992366412214 -2.63613231552163 -4.89821882951654 365.400000000000 56.6000000000000 83.4000000000000 0.839614226588688 0.865436560730398 0.865848094948865
70.9440000000000 0.898424208164215 -4.49331808090210 9.61750825246175 25.8447837150127 -4.43256997455471 -3.01017811704835 364.400000000000 55.6000000000000 86.4000000000000 0.839193158100628 0.865024569164763 0.866259173763687
70.9590000000000 0.849143544832865 -4.50389242172241 9.61471494038900 25.6183206106870 -5.36895674300255 -1.52671755725191 364.400000000000 56.8000000000000 87.6000000000000 0.838349521519742 0.865024569164763 0.866259173763687
70.9900000000000 0.837970594565074 -4.53621403376261 9.56164328257243 24.9669211195929 -5.95928753180662 -0.328244274809160 365.600000000000 56.8000000000000 88.4000000000000 0.839193158100628 0.864613034946296 0.866259173763687
71.0040000000000 0.861114541689555 -4.43286434809367 9.57022253672282 23.4274809160305 -6.21374045801527 0.300254452926209 365.800000000000 56.2000000000000 90.2000000000000 0.838349521519742 0.865025026511930 0.865848094948865
71.0190000000000 0.911791821320852 -4.22137657801310 9.64324569702148 21.2951653944020 -6.22646310432570 0.348600508905852 365.400000000000 53.8000000000000 91 0.838771590492432 0.864200584076968 0.866670707982155
71.0500000000000 0.884857058525085 -4.06495547294617 9.67576694488525 20.4529262086514 -5.62849872773537 -0.414758269720102 365.400000000000 54.6000000000000 91.8000000000000 0.838350022884236 0.864200584076968 0.866259173763687
71.0640000000000 0.776918470859528 -4.00190830230713 9.56064605712891 21.4045801526718 -3.32061068702290 -2.58015267175573 361.200000000000 58.8000000000000 90 0.840036794681514 0.866259629167333 0.867492865611799
71.0790000000000 0.772529085477193 -3.99033625920614 9.54608122507731 21.3765903307888 -2.80152671755725 -2.72519083969466 360 57.2000000000000 90.4000000000000 0.840036794681514 0.865848094948865 0.867492865611799
71.1090000000000 0.727637787659963 -3.93028163909912 9.54468441009522 21.8651399491094 -1.68447837150127 -3.15012722646310 361 56.6000000000000 91 0.839615227073318 0.865436560730398 0.867903490953616
71.1240000000000 0.736616035302480 -3.86384248733521 9.56942431131999 23.4758269720102 0.201017811704835 -3.95928753180662 359.400000000000 56.2000000000000 94.6000000000000 0.840036295561378 0.865847639545220 0.868314116295433
71.1390000000000 0.811634361743927 -3.72158702214559 9.65781021118164 25.8473282442748 2.11450381679389 -5.22646310432570 360.600000000000 57 95.8000000000000 0.840877935645964 0.866670252578510 0.868314116295433
71.1690000000000 0.920570552349091 -3.64178029696147 9.72604497273763 27.9541984732824 3.66666666666667 -6.69465648854962 359.400000000000 56.6000000000000 97 0.842141143338745 0.867903490953616 0.868724290082121
71.1840000000000 0.977033813794454 -3.52187069257100 9.80186144510905 28.5826972010178 4.48091603053435 -8.16284987277354 360.600000000000 55.4000000000000 95.4000000000000 0.842561714935271 0.867903490953616 0.869134463868809
71.1990000000000 0.967057983080546 -3.42051617304484 9.87069479624430 28.9974554707379 4.80152671755725 -9.51145038167939 360.800000000000 55.2000000000000 96.4000000000000 0.842141143338745 0.868314116295433 0.869134463868809
71.2290000000000 0.966658949851990 -3.29502010345459 10.0233252843221 30.0712468193384 4.85496183206107 -10.5826972010178 360.200000000000 55 97 0.842980804693758 0.867903490953616 0.869953464385195
71.2450000000000 1.01793475945791 -3.28364761670431 10.1178963979085 31.1603053435115 4.52671755725191 -10.9847328244275 358.800000000000 55.6000000000000 98.4000000000000 0.842560233097232 0.869134014218912 0.869543290598507
71.2590000000000 1.04267489910126 -3.35427665710449 10.1029329299927 27.5572519083969 2.16793893129771 -8.61068702290076 357 53.4000000000000 97.8000000000000 0.846337981415198 0.866259629167333 0.871184435407686
71.2890000000000 1.05464589595795 -3.26150131225586 10.1378482182821 26.2646310432570 1.64885496183206 -7.84223918575064 357.800000000000 53.8000000000000 98.6000000000000 0.844237585837304 0.867081333323972 0.870364537484207
71.3040000000000 1.05225165685018 -3.15595690409342 10.1508165995280 24.9363867684478 0.776081424936387 -6.71755725190840 357.600000000000 55.2000000000000 99.6000000000000 0.843818491699007 0.867081333323972 0.871182644366491
71.3190000000000 1.06103038787842 -2.98576903343201 10.1835371653239 23.4529262086514 -0.440203562340967 -5.21882951653944 357.200000000000 55.6000000000000 101.600000000000 0.841296528512916 0.868313211267299 0.870362746443012
71.3490000000000 1.07160476843516 -2.88960194587708 10.1641839345296 23.4096692111959 -1.45547073791349 -4.40203562340967 356.800000000000 56.4000000000000 103.200000000000 0.842977829952514 0.866667981326557 0.871182644366491
71.3640000000000 1.07778982321421 -2.78186289469401 10.1655807495117 23.7760814249364 -2.30279898218830 -4.17302798982188 358.400000000000 55.6000000000000 103.600000000000 0.840874960904720 0.867489685483197 0.868722935404089
71.3790000000000 1.09135695298513 -2.71781802177429 10.1274731953939 24.8753180661578 -2.86513994910941 -4.72264631043257 358 55.6000000000000 104.400000000000 0.841717597000976 0.866257807539869 0.868722935404089
71.4100000000000 1.07180432478587 -2.67153008778890 10.0943536758423 26.0279898218830 -3.12722646310433 -5.64376590330789 357 54.6000000000000 104.600000000000 0.839614727953182 0.867081333323972 0.867492412138794
71.4240000000000 1.10412601629893 -2.51351277033488 10.1145048141480 26.5089058524173 -3.23155216284987 -6.26717557251908 355.800000000000 53 106.200000000000 0.839614727953182 0.866259629167333 0.867903490953616
71.4390000000000 1.10053471724192 -2.31239978472392 10.1913188298543 26.8982188295165 -3.06870229007634 -6.46564885496183 354.200000000000 53.4000000000000 105.800000000000 0.838772091856926 0.865023652513903 0.867081786796977
71.4690000000000 1.07858788967133 -2.31220030784607 10.1615905761719 28.8931297709924 -1.90076335877863 -5.78625954198473 353.400000000000 57 111 0.836238167146494 0.865025026511930 0.867492865611799
71.4840000000000 1.08996033668518 -2.26770806312561 10.1699701944987 28.8295165394402 -1.73536895674300 -5.46310432569975 352.800000000000 55.6000000000000 110 0.837504376324834 0.864613034946296 0.867492865611799
71.4990000000000 1.09973665078481 -2.15897138913473 10.2246376673381 28.6870229007634 -1.37404580152672 -5.18829516539440 351.600000000000 53.2000000000000 108.800000000000 0.837926948922288 0.864613034946296 0.866258261012875
71.5300000000000 1.11908976236979 -2.02988402048747 10.2816994984945 28.7964376590331 -0.791348600508906 -5.00763358778626 352.400000000000 51.2000000000000 109.200000000000 0.838771590492432 0.863788592511333 0.866668886354692
71.5430000000000 1.13165930906932 -1.94289469718933 10.3078362147013 28.8015267175573 -0.389312977099237 -5.26208651399491 351.600000000000 50.4000000000000 110 0.837927953911546 0.864200584076968 0.866257807539869
71.5590000000000 1.12248154481252 -1.83176382382711 10.3381627400716 29.7557251908397 -0.0203562340966921 -5.76844783715013 352.800000000000 51.2000000000000 111.200000000000 0.838771590492432 0.864200584076968 0.867081333323972
71.5900000000000 1.14462792873383 -1.69768850008647 10.4187676111857 31.1882951653944 0.396946564885496 -6.41984732824427 351.800000000000 51 110.600000000000 0.838771590492432 0.865025026511930 0.866259629167333
71.6040000000000 1.14502696196238 -1.67055420080821 10.4385197957357 32.7480916030534 0.824427480916031 -7.03053435114504 351.600000000000 50.8000000000000 111.600000000000 0.839615227073318 0.864613034946296 0.867081333323972
71.6200000000000 1.15101246039073 -1.64721075693766 10.3790639241536 32.0152671755725 0.755725190839695 -6.96183206106870 350.800000000000 51.6000000000000 112 0.839193659465122 0.865024569164763 0.867492412138794
71.6500000000000 1.08357576529185 -1.52789974212646 10.3022499084473 29.9465648854962 0.384223918575064 -6.30788804071247 348.200000000000 53 113 0.839615227073318 0.865847182198053 0.868314116295433
71.6650000000000 1.00257194042206 -0.881066203117371 10.5308961868286 31.7557251908397 1.21374045801527 -5.70992366412214 347.400000000000 51 111 0.841300000145693 0.868724741637250 0.868724741637250
71.6790000000000 1.09953713417053 -0.929748296737671 10.5241127014160 33.3664122137405 1.58269720101781 -5.97455470737913 347.600000000000 50 112.800000000000 0.841720571742219 0.868314116295433 0.868724741637250
71.7100000000000 1.16218543052673 -1.01454293727875 10.4850072860718 35.3027989821883 1.85241730279898 -6.63867684478371 347.600000000000 50 113.600000000000 0.841720571742219 0.867903490953616 0.868314116295433
71.7220000000000 1.23321342468262 -1.01773522297541 10.4644571940104 36.4096692111959 1.82697201017812 -7.54198473282443 347 51.8000000000000 115.400000000000 0.842561220256740 0.867492865611799 0.869543290598507
71.7390000000000 1.20368492603302 -0.861314058303833 10.4868030548096 35.6768447837150 1.07124681933842 -8.48091603053435 345.800000000000 54.2000000000000 115.800000000000 0.842561220256740 0.868723388877095 0.869543290598507
71.7700000000000 1.20109121004740 -0.592165897289912 10.5500500996908 34.9872773536896 0.185750636132316 -9.08651399491094 346.600000000000 55.8000000000000 116.600000000000 0.844240547346575 0.868312310062272 0.870773813863802
71.7850000000000 1.18253612518311 -0.416192064682643 10.6029218037923 35.9134860050891 -0.597964376590331 -9.35114503816794 346.600000000000 55 117.400000000000 0.843399898832054 0.869542833327568 0.869544639560729
71.8000000000000 1.19231243928274 -0.334789206584295 10.6111017862956 36.5674300254453 -1.31806615776081 -8.95674300254453 345.400000000000 53.8000000000000 117.400000000000 0.844239560187067 0.867901231247450 0.870364537484207
71.8300000000000 1.21805008252462 -0.295284877220790 10.6248683929443 36.4758269720102 -2.00763358778626 -8.36386768447837 341.600000000000 52 118.400000000000 0.842139164609172 0.869133109190778 0.869134014218912
71.8450000000000 1.26533559958140 -0.196125023066998 10.6440219879150 35.4198473282443 -2.67684478371501 -7.79898218829517 339.400000000000 52.2000000000000 118.200000000000 0.843399397560710 0.867079972892192 0.870363188521985
71.8600000000000 1.30603706836700 0.0442927330732346 10.8050327301025 34.3358778625954 -3.51908396946565 -7.51908396946565 340.800000000000 51.6000000000000 121.200000000000 0.838772091856926 0.871184435407686 0.867492865611799
71.8890000000000 1.33676262696584 0.163005232810974 10.8203954696655 34.0356234096692 -3.51399491094148 -7.37913486005089 341.200000000000 51.6000000000000 120.400000000000 0.840035299549708 0.869131299109101 0.868313664740304
71.9030000000000 1.32179884115855 0.172183004518350 10.7605403264364 33.4096692111959 -3.43256997455471 -7.05597964376590 340.600000000000 51.4000000000000 121 0.840456867157904 0.868311401185622 0.867902585925482
71.9180000000000 1.26633314291636 0.255780550340811 10.6853224436442 32.0788804071247 -3.15267175572519 -6.53435114503817 340 52.8000000000000 121.200000000000 0.841299503254160 0.866258264887037 0.867902585925482
71.9490000000000 1.20647811889648 0.331596933305264 10.6228736241659 31.3587786259542 -2.51145038167939 -6.21119592875318 337.400000000000 53.8000000000000 123 0.840457863169574 0.866258264887037 0.866670707982155
71.9640000000000 1.20348536968231 0.477643231550853 10.6314528783162 31.5801526717557 -1.57251908396947 -6.36132315521629 336.600000000000 53.8000000000000 123.800000000000 0.840036295561378 0.865436560730398 0.867081786796977
71.9790000000000 1.25336460272471 0.646833479404450 10.6334479649862 31.8753180661578 -0.605597964376590 -6.65139949109415 334.400000000000 52 124.400000000000 0.840036295561378 0.865024569164763 0.867081786796977
72.0090000000000 1.30743364493052 0.837372044722239 10.6198806762695 31.9745547073791 0.346055979643766 -7.12722646310433 334.600000000000 52.6000000000000 125 0.838770086383038 0.865024569164763 0.866670252578510
72.0250000000000 1.31940468152364 1.01593961318334 10.6232722600301 31.6743002544529 1.23664122137405 -7.44274809160305 332 54 124.800000000000 0.839191653991234 0.864201043380661 0.866670252578510
72.0400000000000 1.29127279917399 1.07559514045715 10.6142940521240 32.1272264631043 2.17048346055980 -7.80916030534351 331.800000000000 54.2000000000000 125.800000000000 0.837926948922288 0.864613034946296 0.865847639545220
72.0700000000000 1.25396311283112 1.15639936923981 10.5111436843872 32.1221374045802 3.66412213740458 -7.81679389312977 328.200000000000 48.6000000000000 127.800000000000 0.840036794681514 0.863789051815026 0.865025026511930
72.0850000000000 1.26174426078796 1.24378776550293 10.4973770777384 31.7302798982188 3.64885496183206 -7.72519083969466 328.600000000000 50.2000000000000 127.800000000000 0.839615227073318 0.864201043380661 0.865025026511930
72.1000000000000 1.24478534857432 1.36708915233612 10.4678487777710 31.2417302798982 3.61323155216285 -7.50890585241730 328.800000000000 50.4000000000000 127.200000000000 0.839193659465122 0.864201043380661 0.865847639545220
72.1290000000000 1.20707666873932 1.53707750638326 10.4203637440999 31.3867684478372 3.62340966921120 -7.39949109414758 329.200000000000 51.2000000000000 126.400000000000 0.838772091856926 0.864613034946296 0.866670252578510
72.1440000000000 1.19231243928274 1.66536680857341 10.3816576004028 32.7938931297710 3.73282442748092 -7.52417302798982 328.600000000000 51 126.600000000000 0.839193659465122 0.865024569164763 0.867492865611799
72.1600000000000 1.19570422172546 1.67693881193797 10.3465426762899 35.9770992366412 3.91857506361323 -8.20610687022901 328.200000000000 53.8000000000000 125.800000000000 0.840036295561378 0.866259173763687 0.867492865611799
72.1900000000000 1.25775396823883 1.74936338265737 10.3407567342122 37.9236641221374 3.68702290076336 -8.83969465648855 327.400000000000 53 126.600000000000 0.840878931657633 0.866670707982155 0.867903490953616
72.2040000000000 1.23341290156047 1.73898847897847 10.2715244293213 38.2137404580153 2.86259541984733 -9.35623409669211 326.600000000000 51.8000000000000 127.400000000000 0.841300000145693 0.867081786796977 0.868314116295433
72.2200000000000 1.19231243928274 2.00654049714406 10.2338155110677 35.4096692111959 1.50636132315522 -9.11704834605598 326.200000000000 50.2000000000000 130.600000000000 0.842140648660214 0.867081786796977 0.869134915423938
72.2500000000000 1.15141149361928 2.29623893896739 10.2234408060710 34.4274809160305 0.582697201017812 -8.94656488549619 325.800000000000 51 130.200000000000 0.842561220256740 0.867903490953616 0.868724290082121
72.2650000000000 1.09594583511353 2.34931039810181 10.0885677337646 41.6259541984733 0.992366412213740 -9.80916030534351 322.800000000000 50.4000000000000 129.600000000000 0.845080699000308 0.867492865611799 0.871184435407686
72.2790000000000 1.11529894669851 2.38801670074463 10.0664211908976 42.1424936386769 0.994910941475827 -9.80407124681934 321 52.2000000000000 129 0.843820466048770 0.868313664740304 0.870364537484207
72.3100000000000 1.13066172599792 2.53067119916280 10.0402844746908 42.3791348600509 0.928753180661578 -9.78880407124682 320.200000000000 53.8000000000000 129.400000000000 0.844239560187067 0.867902585925482 0.870364537484207
72.3240000000000 1.14622402191162 2.78266096115112 10.0183375676473 42.5216284987277 1.03307888040712 -9.90330788804071 318.800000000000 54.8000000000000 129.600000000000 0.842979327235528 0.868723385053987 0.869544639560729
72.3390000000000 1.09315256277720 3.01310284932454 10.0450728734334 43.9491094147583 1.56234096692112 -10.5674300254453 320.200000000000 52.6000000000000 130.600000000000 0.844239560187067 0.867079972892192 0.870773813863802
72.3700000000000 1.11390233039856 3.23376846313477 10.1350549062093 46.8422391857506 2.54961832061069 -11.6488549618321 319.800000000000 52.6000000000000 129 0.841717597000976 0.868311850835520 0.869132211783685
72.3850000000000 1.16278398036957 3.33851472536723 10.1859315236410 50.0025445292621 3.60305343511450 -12.7913486005089 318 53.6000000000000 129.200000000000 0.842977829952514 0.867079972892192 0.869952109707163
72.4000000000000 1.23780230681101 3.37542533874512 10.1256774266561 49.7379134860051 4.02544529262087 -13.0916030534351 316.600000000000 54.6000000000000 129.800000000000 0.840874960904720 0.868313211267299 0.868312310062273
72.4300000000000 1.18652649720510 3.44804946581523 10.0253203709920 46.9134860050891 3.98473282442748 -12.4885496183206 314.200000000000 53.4000000000000 131 0.842138168597502 0.866669799105504 0.869134014218912
72.4450000000000 1.10292891661326 3.70323157310486 10.0095586776733 43.7506361323155 4 -11.3867684478372 314.200000000000 53 131 0.840456867157904 0.867080877920327 0.867080877920326
72.4580000000000 0.932541549205780 4.03303289413452 10.0323038101196 45.9007633587786 6.22137404580153 -10.7862595419847 306 56.4000000000000 130.800000000000 0.840036794681514 0.865025026511930 0.868724741637250
72.4900000000000 0.959077278772990 4.10525798797607 9.96327082316081 45.8295165394402 6.58778625954199 -10.4325699745547 307.200000000000 57.2000000000000 130.800000000000 0.839615227073318 0.865436560730398 0.868314116295433
72.5200000000000 0.979228476683299 4.23294878005981 9.89324029286703 46.1628498727735 7.24173027989822 -10.1679389312977 307.800000000000 58.6000000000000 130.200000000000 0.839193659465122 0.865436560730398 0.867492412138794
72.5230000000000 0.955685496330261 4.34886805216471 9.76814333597819 46.5216284987277 8.02798982188295 -10.0737913486005 309.200000000000 58.8000000000000 128.400000000000 0.839193659465122 0.865436560730398 0.866670707982155
72.5500000000000 0.926955084005992 4.40493218104045 9.63227240244548 45.5445292620865 8.34351145038168 -10.2010178117048 306.400000000000 56.8000000000000 126.800000000000 0.839193659465122 0.865025026511930 0.865436103383230
72.5640000000000 0.879071056842804 4.56534353892009 9.56204255421956 44.6386768447837 8.44529262086514 -10.3613231552163 304.800000000000 56.8000000000000 127.200000000000 0.839615227073318 0.864200584076968 0.865847182198053
72.5790000000000 0.864705840746562 4.86002985636393 9.56523482004801 44.4707379134860 8.63613231552163 -10.7913486005089 302.200000000000 56.6000000000000 129.400000000000 0.838771590492432 0.864200584076968 0.865435647979585
72.6090000000000 0.841362377007802 5.00368197758993 9.59596061706543 45.6717557251909 8.77862595419847 -11.2468193384224 302.600000000000 59 129.800000000000 0.839193158100628 0.864200584076968 0.866259173763687
72.6240000000000 0.833980242411296 5.00248495737712 9.50258668263753 45.2366412213741 8.24681933842239 -11.1043256997456 301.400000000000 57.8000000000000 130.200000000000 0.838771590492432 0.864613034946296 0.866669799105504
72.6390000000000 0.787492831548055 5.01864576339722 9.34875901540121 43.0127226463104 7.05597964376590 -9.94910941475827 300.800000000000 56.8000000000000 128.400000000000 0.839193659465122 0.864613034946296 0.867492412138794
72.6690000000000 0.686537325382233 5.72752904891968 9.28112316131592 41.4122137404580 4.84732824427481 -7.29007633587786 300 60 126 0.841300000145693 0.866259629167333 0.867492865611799
72.6880000000000 0.718060990174611 5.69959672292074 9.29309399922689 43.2951653944020 4.83969465648855 -7.64376590330789 299 58.2000000000000 129.400000000000 0.841300000145693 0.866259629167333 0.867903490953616
72.6980000000000 0.754971603552500 5.52501948674520 9.19572957356771 44.2900763358779 4.42239185750636 -8.02290076335878 297.800000000000 58.2000000000000 129 0.841720571742219 0.867081333323972 0.868314116295433
72.7290000000000 0.766144553820292 5.47933006286621 9.10953807830811 42.4122137404580 3.26463104325700 -7.75826972010178 296.400000000000 58.8000000000000 130.400000000000 0.842141143338745 0.867492412138794 0.868724741637250
72.7440000000000 0.710878392060598 5.64452997843425 9.00858275095622 38.5954198473282 1.71246819338422 -6.89567430025445 294.800000000000 60.4000000000000 127.600000000000 0.842561714935271 0.867903490953616 0.868314116295433
72.7590000000000 0.640848000844320 5.93462737401327 8.96748256683350 37.0508905852417 0.615776081424937 -6.48346055979644 295.200000000000 60.8000000000000 129.600000000000 0.842981791853266 0.867492865611799 0.869134014218912
72.7900000000000 0.610521435737610 6.01902310053508 8.85794798533122 38.3638676844784 0.282442748091603 -6.98218829516539 294.800000000000 60.4000000000000 128.000000000000 0.842981791853266 0.868313664740304 0.869544188005600
72.8040000000000 0.620896319548289 6.05613311131795 8.71968269348145 38.8575063613232 0.198473282442748 -7.33078880407125 296.600000000000 60.6000000000000 125.800000000000 0.843821453208279 0.867902585925482 0.871183987650490
72.8200000000000 0.618302583694458 6.25405391057332 8.65723387400309 38.4554707379135 0.137404580152672 -7.26972010178117 293.800000000000 60.2000000000000 124.600000000000 0.842980804693758 0.868723385053987 0.870364089727012
72.8500000000000 0.574807922045390 6.42124891281128 8.61154460906982 39.2748091603053 0.251908396946565 -7.36895674300255 291.800000000000 60.2000000000000 124.200000000000 0.843820466048770 0.867491507110660 0.870773813863802
72.8660000000000 0.588375091552734 6.43800830841064 8.52934360504150 40.0458015267176 0.877862595419848 -8.24427480916031 287.400000000000 64.2000000000000 126.600000000000 0.840036794681514 0.869955262997314 0.868724741637250
72.8790000000000 0.654016117254893 6.50205326080322 8.48963960011800 38.7048346055980 0.702290076335878 -7.89567430025445 287.600000000000 63.6000000000000 125.600000000000 0.841718096121112 0.868723385053987 0.869544639560729
72.9100000000000 0.628677467505137 6.68501011530558 8.46290429433187 37.6793893129771 0.554707379134860 -7.67175572519084 288.200000000000 62.2000000000000 124.600000000000 0.841296528512916 0.868723385053987 0.869134014218912
72.9240000000000 0.576404054959615 6.83624394734701 8.43357531229655 37.3944020356234 0.737913486005089 -8.20356234096692 288 62 123.600000000000 0.842558245515497 0.867079972892192 0.869544188005600
72.9390000000000 0.487419545650482 6.88113514582316 8.40644105275472 37.8524173027990 1.31297709923664 -9.21374045801527 286.800000000000 62 124.400000000000 0.840455376467703 0.867901677048831 0.867902585925482
72.9700000000000 0.491210381189982 6.85938787460327 8.33082421620687 36.2544529262087 1.88804071246819 -9.64376590330789 284.600000000000 62.2000000000000 121.800000000000 0.841298012563958 0.866258264887037 0.868313211267299
72.9840000000000 0.449511369069417 6.92263460159302 8.17979001998901 33.0178117048346 2.25445292620865 -8.98218829516540 283 62.6000000000000 120.200000000000 0.840036295561378 0.866258264887037 0.867081333323972
73 0.403822024663289 7.08843310674032 8.13370180130005 30.1246819338422 2.73282442748092 -8.27480916030534 281.000000000000 63.4000000000000 117.800000000000 0.840457863169574 0.864613034946296 0.867492412138794
73.0290000000000 0.350950062274933 7.10080321629842 8.06646458307902 28.5241730279898 3.45801526717557 -7.95674300254453 280.600000000000 64.6000000000000 119 0.840036794681514 0.864201043380661 0.867081786796977
73.0450000000000 0.364716718594233 7.09002939860026 8.03474140167236 26.2900763358779 4.24173027989822 -7.31552162849873 279 64.6000000000000 119.800000000000 0.839615227073318 0.864612577599128 0.866670252578510
73.0750000000000 0.358531713485718 7.48307752609253 7.85537576675415 22.0458015267176 5.39694656488550 -5.47328244274809 280.800000000000 68.4000000000000 121.200000000000 0.838772091856926 0.863789051815026 0.867492865611799
73.0900000000000 0.383271793524424 7.43180163701375 7.83203236262004 22.6539440203562 5.67175572519084 -5.81933842239186 279.600000000000 67.6000000000000 120.800000000000 0.838350022884236 0.864201043380661 0.866670252578510
73.1050000000000 0.382872760295868 7.27996937433879 7.72309621175130 22.9414758269720 5.96946564885496 -6.38422391857506 279.400000000000 67.4000000000000 121.400000000000 0.838771590492432 0.864201043380661 0.865847639545220
73.1200000000000 0.378682901461919 7.33204317092896 7.60578028361003 21.8753180661578 6.09923664122137 -6.88549618320611 278 65.6000000000000 119.600000000000 0.838349521519742 0.865024569164763 0.865436560730398
73.1490000000000 0.328803698221842 7.40805912017822 7.47150548299154 20.9949109414758 6.02798982188295 -7.32824427480916 278.600000000000 65.4000000000000 119 0.838771590492432 0.864612577599128 0.866259173763687
73.1650000000000 0.320623507102331 7.58123970031738 7.43160216013591 20.9389312977099 5.86259541984733 -7.65648854961832 276.800000000000 64.4000000000000 115.600000000000 0.839192658980492 0.865024569164763 0.866670707982155
73.1790000000000 0.316034624973933 7.46432288487752 7.32665634155273 22.1552162849873 5.65394402035623 -7.94910941475827 277 65.4000000000000 115.800000000000 0.840036295561378 0.865024569164763 0.867081786796977
73.2090000000000 0.329402257998784 7.52437750498454 7.23208522796631 21.5852417302799 4.95674300254453 -7.40966921119593 276.800000000000 66 115.600000000000 0.840878931657633 0.865848094948865 0.867902585925482
73.2240000000000 0.292092611392339 7.58483107884725 7.13372341791789 20.9592875318066 4.05852417302799 -6.62340966921120 277.000000000000 65.8000000000000 116.600000000000 0.840878931657633 0.865848094948865 0.868313664740304
73.2390000000000 0.268749147653580 7.75362237294515 7.11496893564860 20.0763358778626 3.12722646310433 -5.67938931297710 277 65 116.600000000000 0.841300000145693 0.866669799105504 0.868313664740304
73.2700000000000 0.214879602193832 7.76978302001953 7.00663137435913 19.8931297709924 1.70229007633588 -4.45038167938931 275.400000000000 67.8000000000000 112.200000000000 0.842561714935271 0.867492865611799 0.869955262997314
73.2840000000000 0.246602773666382 7.79093186060588 6.98029518127441 19.3002544529262 1.35114503816794 -4.11959287531807 273.600000000000 66.4000000000000 112 0.842141143338745 0.867903490953616 0.869545089210626
73.2990000000000 0.238422582546870 7.80749177932739 6.96074247360230 18.8498727735369 0.707379134860051 -3.68956743002545 273.600000000000 66.8000000000000 113.200000000000 0.843399898832054 0.867492412138794 0.870364089727012
73.3290000000000 0.194129851957162 7.80589564641317 6.92602650324504 18.7913486005089 -0.122137404580153 -3.48346055979644 272.600000000000 67.8000000000000 112.200000000000 0.842558258747469 0.868313211267299 0.869953915940324
73.3440000000000 0.174377687275410 7.88969262440999 6.97730223337809 19.2722646310433 -0.783715012722646 -3.78880407124682 274 69.6000000000000 113.600000000000 0.843398907261989 0.867491507110660 0.871183090243398
73.3600000000000 0.157618276774883 7.91163953145345 6.96732648213704 20.0585241730280 -1.26972010178117 -4.32315521628499 273.400000000000 67.4000000000000 113.800000000000 0.841719580172154 0.868723385053987 0.870364089727012
73.3890000000000 0.168990733722846 7.95194196701050 6.94637727737427 19.7201017811705 -1.69211195928753 -4.55470737913486 272.800000000000 66 114.400000000000 0.843400881611752 0.867902585925482 0.871593264030086
73.4050000000000 0.127092204988003 7.95014619827271 6.88911596934001 18.3486005089059 -1.92366412213740 -4.39440203562341 272 66.4000000000000 114.800000000000 0.842560233097232 0.869134463868809 0.869953464385195
73.4190000000000 0.0929748316605886 8.00182104110718 6.84641933441162 16.3129770992366 -1.89567430025445 -4.01272264631043 271.800000000000 67.8000000000000 113.800000000000 0.843820466048770 0.867902585925482 0.870772464901581
73.4500000000000 0.137267562250296 8.08980782826742 6.83764060338338 14.5674300254453 -1.40203562340967 -3.64631043256997 271 68.6000000000000 113.800000000000 0.841717597000976 0.868723385053987 0.868721586441868
73.4640000000000 0.0981622710824013 8.07923316955566 6.76002836227417 14.6030534351145 0.633587786259542 -4.13740458015267 270.600000000000 71.4000000000000 109.800000000000 0.843821945689256 0.863789051815026 0.869955262997314
73.4790000000000 0.113924096028010 8.08761310577393 6.74526421229045 14.0076335877863 0.974554707379135 -4.11195928753181 271 70.6000000000000 110.200000000000 0.842560228686675 0.864612577599128 0.868311850835520
73.5100000000000 0.137866112093131 8.12731711069743 6.69119517008464 12.9618320610687 1.67175572519084 -4.13231552162850 269.400000000000 70.2000000000000 111.800000000000 0.840876944075899 0.865024569164763 0.867901677048831
73.5250000000000 0.167594114939372 8.13150723775228 6.63572947184245 11.9083969465649 2.68193384223919 -4.32061068702290 268.600000000000 68.2000000000000 111 0.839615227073318 0.865848094948865 0.866669799105504
73.5390000000000 0.172382518649101 8.10177930196126 6.57567485173543 11.1984732824427 3.55470737913486 -4.63867684478371 267.800000000000 66.2000000000000 111 0.838771590492432 0.865436560730398 0.867081333323972
73.5700000000000 0.134673842539390 8.05808512369792 6.53178119659424 10.5928753180662 4.15521628498728 -4.91348600508906 270.000000000000 66.4000000000000 110.400000000000 0.839193158100628 0.865024569164763 0.866670707982155
73.5850000000000 0.130683505286773 8.12771638234456 6.48649088541667 9.51145038167939 4.53180661577608 -4.73536895674300 270.200000000000 66.2000000000000 112.200000000000 0.838771590492432 0.864613034946296 0.866259173763687
73.5990000000000 0.108936174462239 8.15684572855632 6.39072275161743 8.79134860050891 4.78880407124682 -4.28753180661578 270.200000000000 68.2000000000000 111.400000000000 0.840036295561378 0.863788592511333 0.866259173763687
73.6300000000000 0.133277222514153 8.20572725931803 6.32308657964071 8.16284987277354 5.02290076335878 -3.58015267175573 267.600000000000 68 110.400000000000 0.839192658980492 0.864200584076968 0.865436560730398
73.6440000000000 0.101354534427325 8.15325419108073 6.20297749837240 8.16539440203562 5.10178117048346 -2.94656488549618 269.200000000000 70.8000000000000 107.600000000000 0.839192658980492 0.863788592511333 0.865848094948865
73.6600000000000 0.00418985309079289 8.30129623413086 6.11299562454224 9.06106870229008 5.03816793893130 -1.92366412213740 269.400000000000 72.6000000000000 111 0.840036794681514 0.863789051815026 0.866259629167333
73.6890000000000 0.0197521637504299 8.26578203837077 6.08107296625773 9.43765903307888 5.03562340966921 -1.89821882951654 268.600000000000 71.8000000000000 108.200000000000 0.840036794681514 0.864201043380661 0.866670707982155
73.7040000000000 0.0612516578597327 8.26338768005371 6.07568597793579 10.2010178117048 4.80407124681934 -2.04071246819338 267.400000000000 70.2000000000000 107.800000000000 0.840036794681514 0.865024569164763 0.867081786796977
73.7190000000000 0.0901815953354041 8.28633213043213 6.06211884816488 11.0178117048346 4.20356234096692 -2.29770992366412 268.200000000000 71 106.200000000000 0.840036794681514 0.865848094948865 0.867903490953616
73.7490000000000 0.0969651664296786 8.37272294362386 6.07728211085002 10.8727735368957 3.27989821882952 -2.62086513994911 269 71.4000000000000 106.600000000000 0.840457863169574 0.866670707982155 0.867903490953616
73.7640000000000 0.0674366801977158 8.41561921437581 6.07349125544230 10.1755725190840 2.27226463104326 -2.77862595419847 269.200000000000 72.0000000000000 106.400000000000 0.841299503254160 0.867081786796977 0.868314116295433
73.7790000000000 0.0736217002073924 8.47148386637370 6.09623606999715 9.16539440203562 1.41984732824428 -2.70229007633588 267 71.8000000000000 107.400000000000 0.841720571742219 0.867492865611799 0.867903490953616
73.8090000000000 0.0418985287348429 8.45252990722656 6.12795925140381 9.03816793893130 0.783715012722646 -2.44274809160305 267.200000000000 70 106.800000000000 0.842561220256740 0.867492865611799 0.869134014218912
73.8240000000000 0.0237424997612834 8.43357563018799 6.16008154551188 8.94910941475827 0.407124681933842 -1.85750636132316 265.800000000000 71.0000000000000 104.600000000000 0.842561220256740 0.868313664740304 0.869134014218912
73.8400000000000 -0.00638453755527735 8.38349692026774 6.14811054865519 8.66666666666667 0.239185750636132 -1.17557251908397 266 70 104 0.843821453208279 0.868313664740304 0.870364537484207
73.8700000000000 0.0137666594237089 8.38090324401856 6.13813447952271 6.62595419847328 0.274809160305344 -0.274809160305344 264 68.4000000000000 105.600000000000 0.840036794681514 0.869955262997314 0.868724741637250
73.8840000000000 -0.00478840370972951 8.40544382731120 6.12855768203735 6.45801526717557 0.312977099236641 -0.376590330788804 264.600000000000 69.8000000000000 106.600000000000 0.841718096121112 0.869134463868809 0.869544639560729
73.8990000000000 -0.0197521640608708 8.46629651387533 6.13055292765300 6.05597964376590 0.493638676844784 -0.661577608142494 264.200000000000 70.2000000000000 107.800000000000 0.842139164609172 0.869134463868809 0.869544639560729
73.9290000000000 -0.0207497480635842 8.46090952555339 6.08626015981038 5.74300254452926 0.865139949109415 -1.19592875318066 265.400000000000 71.4000000000000 107 0.843820466048770 0.867902585925482 0.870773813863802
73.9440000000000 -0.00438936970507105 8.48664697011312 6.06052255630493 5.14758269720102 1.34605597964377 -1.70992366412214 265.800000000000 71.4000000000000 105 0.842560233097232 0.868723385053987 0.869953915940324
73.9600000000000 -0.00319226877763867 8.44375069936117 5.99827321370443 4.43256997455471 1.84223918575064 -2.06615776081425 265.400000000000 72.2000000000000 103.400000000000 0.843820466048770 0.867491507110660 0.870773813863802
73.9900000000000 -0.0472854836843908 8.49023818969727 5.97153806686401 3.01781170483461 2.31297709923664 -2.05343511450382 266.400000000000 70.8000000000000 102.400000000000 0.841717597000976 0.868723385053987 0.868722935404089
74.0050000000000 -0.0782105885446072 8.50600020090739 5.92564916610718 2.04325699745547 2.91603053435115 -1.84987277353690 265.600000000000 70 103.600000000000 0.841717597000976 0.867079972892192 0.869133109190778
74.0200000000000 -0.0620497272660335 8.54710070292155 5.89033476511637 1.98727735368957 3.73027989821883 -1.70992366412214 265.200000000000 68.4000000000000 104.400000000000 0.839614727953182 0.867079972892192 0.867902585925482
74.0500000000000 -0.0281318693111340 8.54989369710287 5.84763813018799 2.90330788804071 4.55216284987277 -1.89821882951654 264.200000000000 70.2000000000000 105.800000000000 0.840036295561378 0.865436560730398 0.868313664740304
74.0650000000000 0.0263362191617489 8.41861152648926 5.75027370452881 2.61068702290076 5.19083969465649 -2.32824427480916 264.600000000000 73.8000000000000 106.200000000000 0.840036794681514 0.866259629167333 0.867492865611799
74.0800000000000 0.00618502125144005 8.46230570475260 5.77680953343709 1.72519083969466 5.02290076335878 -2.20101781170483 263.200000000000 72.4000000000000 104.800000000000 0.839615227073318 0.865848094948865 0.866670252578510
74.1090000000000 -0.0109734243402878 8.54151407877604 5.80593903859456 0.926208651399491 4.80916030534351 -2.07633587786260 263.600000000000 72.0000000000000 103.600000000000 0.839193659465122 0.865024569164763 0.866670252578510
74.1250000000000 -0.0414994973689318 8.58341280619303 5.80394395192464 0.720101781170484 4.49872773536896 -1.95419847328244 263.600000000000 70.8000000000000 103.200000000000 0.838772091856926 0.864613034946296 0.865847639545220
74.1390000000000 -0.0279323542490602 8.58022054036458 5.76723289489746 1.61832061068702 4.26208651399491 -1.83969465648855 264.800000000000 72 103.200000000000 0.838772091856926 0.864201043380661 0.866670252578510
74.1700000000000 -0.0193531315696115 8.51617558797201 5.71735366185506 2.38931297709924 3.84732824427481 -1.62340966921120 265.600000000000 71.6000000000000 102.400000000000 0.838772091856926 0.864201043380661 0.866670252578510
74.1850000000000 0.00279323535505682 8.52415625254313 5.73311551411947 2.19083969465649 3.17048346055980 -1.29262086513995 265.400000000000 73.4000000000000 102.600000000000 0.838772091856926 0.863789051815026 0.867903490953616
74.1980000000000 -0.0133676262339577 8.51837031046549 5.77182165781657 1.82442748091603 2.32569974554707 -1.12977099236641 266.400000000000 73.2000000000000 102 0.838772091856926 0.864201043380661 0.867492412138794
74.2290000000000 -0.0412999797457208 8.54530493418376 5.80893182754517 1.55216284987277 1.53944020356234 -1.10178117048346 263.600000000000 74.4000000000000 102 0.839193659465122 0.865024569164763 0.867492412138794
74.2440000000000 -0.0572613241771857 8.55827331542969 5.80813376108805 1.62849872773537 0.974554707379135 -1.15521628498728 264 72.8000000000000 102.400000000000 0.839615227073318 0.865848094948865 0.867081786796977
74.2590000000000 -0.0861912593245506 8.55328559875488 5.74907684326172 1.75572519083970 0.0687022900763359 -1.15267175572519 264 73.2000000000000 99.6000000000000 0.841300000145693 0.867492865611799 0.867492865611799
74.2880000000000 -0.0891840110222499 8.53173764546712 5.74628353118897 1.38931297709924 -0.134860050890585 -1.15267175572519 264.400000000000 74 101.600000000000 0.841300000145693 0.867492865611799 0.867903490953616
74.3050000000000 -0.0923762793342273 8.53532886505127 5.76902850468953 0.633587786259542 -0.498727735368957 -1.04834605597964 264.800000000000 73.2000000000000 103.200000000000 0.842140648660214 0.867081786796977 0.868724290082121
74.3190000000000 -0.0965661332011223 8.56625398000081 5.80234781901042 -0.101781170483461 -0.972010178117048 -0.885496183206107 266 71.6000000000000 104.400000000000 0.842561220256740 0.867081786796977 0.869134915423938
74.3500000000000 -0.0887849777936935 8.57962163289388 5.81152566274007 -0.259541984732824 -1.36895674300254 -0.763358778625954 266.400000000000 71.6000000000000 103.200000000000 0.843401868771261 0.866670707982155 0.869954813347417
74.3640000000000 -0.0730231516063213 8.56126626332601 5.79436715443929 -0.312977099236641 -1.72010178117048 -0.791348600508906 265.800000000000 72.6000000000000 102.600000000000 0.842561220256740 0.867902585925482 0.869954813347417
74.3790000000000 -0.0726241183777650 8.50819492340088 5.75805505116781 -0.636132315521628 -2.11704834605598 -0.916030534351145 265.400000000000 72.6000000000000 102.600000000000 0.842981297174735 0.867902585925482 0.870774711270895
74.4090000000000 -0.0676361992955208 8.54550457000732 5.77601162592570 -1.34860050890585 -2.46310432569975 -1.03053435114504 265.400000000000 71.4000000000000 101 0.841719580172154 0.869134463868809 0.870364987134105
74.4230000000000 -0.0843956110378106 8.54889615376790 5.75266822179159 -1.49109414758270 -2.62086513994911 -1.22137404580153 265.800000000000 71.0000000000000 102.200000000000 0.842979813123693 0.867902585925482 0.870774711270895
74.4390000000000 -0.0798067239423593 8.55109055836996 5.72852675120036 -1.28753180661578 -2.40203562340967 -1.40203562340967 264.200000000000 73 101.800000000000 0.842139164609172 0.868723385053987 0.869544188005600
74.4690000000000 -0.0933738648891449 8.55986976623535 5.73471164703369 -0.0839694656488550 -1.16030534351145 -1.96183206106870 265.800000000000 79.8000000000000 105 0.845080699000308 0.866259629167333 0.871184435407686
74.4830000000000 -0.0927753150463104 8.53852144877116 5.72693045934041 0.221374045801527 -0.839694656488550 -2.14249363867684 264 76.4000000000000 104.800000000000 0.842977829952514 0.867491507110660 0.869542833327568
74.4990000000000 -0.0822009245554606 8.52076435089111 5.70977195103963 0.404580152671756 -0.201017811704835 -2.46819338422392 263 74.6000000000000 105 0.842138168597502 0.867491507110660 0.869542833327568
74.5300000000000 -0.0608526263386011 8.51138687133789 5.69839954376221 0.302798982188295 0.651399491094148 -2.90076335877863 263.800000000000 72.6000000000000 105 0.840456867157904 0.867902585925482 0.867901231247450
74.5440000000000 -0.0323217225571473 8.54809792836507 5.69780095418294 -0.323155216284987 1.39440203562341 -3.16793893129771 265.200000000000 73.6000000000000 104 0.841299503254160 0.865847182198053 0.869133109190778
74.5600000000000 -0.0291294542451700 8.58520825703939 5.69101746877035 -0.755725190839695 1.98473282442748 -3.35877862595420 265.800000000000 73.4000000000000 103 0.840036295561378 0.866258261012875 0.868313211267299
74.5900000000000 -0.0444922490666310 8.60296535491943 5.68962081273397 -0.755725190839695 2.50381679389313 -3.38167938931298 265 72.2000000000000 102.600000000000 0.840457364049438 0.865847182198053 0.868313211267299
74.6040000000000 -0.0411004633642733 8.58241526285807 5.68164014816284 -0.493638676844784 2.90076335877863 -3.14503816793893 264.800000000000 72.8000000000000 103.200000000000 0.840036295561378 0.865847182198053 0.867903037480611
74.6190000000000 -0.0257376685428123 8.56445852915446 5.70418548583984 -0.376590330788804 3.16284987277354 -2.58524173027990 263.600000000000 73.6000000000000 104.400000000000 0.839614226588688 0.865024569164763 0.866257807539869
74.6490000000000 0.0141656940492491 8.56226380666097 5.71037054061890 -0.351145038167939 3.27226463104326 -1.94147582697201 264 74.8000000000000 103.200000000000 0.839193158100628 0.864201043380661 0.866257807539869
74.6630000000000 0.00478840339928865 8.52335834503174 5.73291587829590 0.145038167938931 3.13740458015267 -1.66412213740458 264.600000000000 70.2000000000000 103.800000000000 0.837505884938855 0.866259629167333 0.865025026511930
74.6790000000000 0.0125695591171583 8.51876926422119 5.73191833496094 -0.0127226463104326 2.93893129770992 -1.66157760814249 264.600000000000 71.8000000000000 103.400000000000 0.837927953911546 0.865436103383230 0.865847639545220
74.7090000000000 0.0237425003821651 8.51138718922933 5.71635611852010 -0.432569974554707 2.58524173027990 -1.60814249363868 264.200000000000 71.4000000000000 103 0.838771590492432 0.865024569164763 0.865847639545220
74.7240000000000 0.0245405676153799 8.53433163960775 5.72573343912760 -0.867684478371501 2.10687022900763 -1.60559796437659 264.800000000000 73.6000000000000 102.400000000000 0.839615227073318 0.865024569164763 0.866259173763687
74.7400000000000 -0.00578598693634073 8.54291089375814 5.73291603724162 -0.852417302798982 1.77353689567430 -1.58269720101781 265 73 101 0.839615227073318 0.865848094948865 0.866259173763687
74.7690000000000 -0.0103748734109104 8.56226380666097 5.76024977366130 -0.506361323155216 1.59033078880407 -1.43256997455471 265.800000000000 75 100.600000000000 0.839615227073318 0.865848094948865 0.867081786796977
74.7840000000000 -0.00418985262513161 8.55228773752848 5.73770443598429 0.114503816793893 1.54707379134860 -1.06106870229008 263.600000000000 72 100.400000000000 0.839615227073318 0.866259173763687 0.867492865611799
74.8000000000000 -0.00758164003491402 8.55069160461426 5.71017106374105 0.674300254452926 1.56488549618321 -0.694656488549618 261.800000000000 72.2000000000000 101.400000000000 0.840878434766100 0.866259173763687 0.867903490953616
74.8310000000000 -0.0375091625998418 8.52196121215820 5.70578161875407 0.885496183206107 1.54452926208651 -0.498727735368957 262.600000000000 72.6000000000000 102.600000000000 0.840878434766100 0.867081786796977 0.868724290082121
74.8420000000000 -0.0700304011503855 8.48963960011800 5.71216615041097 0.432569974554707 1.44783715012723 -0.452926208651399 264 74.4000000000000 103.200000000000 0.841299503254160 0.867081786796977 0.869954813347417
74.8600000000000 -0.0933738648891449 8.59278964996338 5.68982028961182 -1.10687022900763 1.56488549618321 -0.580152671755725 264 70.8000000000000 105.600000000000 0.841300000145693 0.869955262997314 0.868724741637250
74.8880000000000 -0.0911791796485583 8.60156853993734 5.67645263671875 -0.722646310432570 1.68447837150127 -0.753180661577608 263 71 104.200000000000 0.842140648660214 0.869134463868809 0.869134915423938