27.573 -8.574953079223633 -3.7563827276229858 -0.6086659252643585 -0.7549618320610688 1.8702290076335877 -2.647328244274809 200.09999999999997 109.74000000000001 -43.019999999999996 3.1655362798280318 1.345701979075872 3.0517636963000774
27.588 -8.557295894622802 -3.7650617122650147 -0.6108805656433105 -0.9114503816793894 1.7641221374045801 -2.4450381679389315 200.33999999999997 110.21999999999998 -43.260000000000005 3.166039871707649 1.3410361664895771 3.0517636963000774
27.618 -8.547000789642334 -3.755724334716797 -0.6108805656433105 -1.136641221374046 1.5198473282442746 -2.1893129770992363 200.27999999999997 109.32000000000001 -43.32000000000001 3.16587191493304 1.3356300580438194 3.0514337953166284
27.633 -8.548796463012696 -3.751055645942688 -0.6269815683364868 -1.2404580152671758 1.195419847328244 -2.058778625954198 200.16000000000003 108.23999999999998 -43.56 3.1660398949724016 1.3299457224846136 3.0513513251590814
27.648 -8.543469429016113 -3.7478833198547363 -0.6314706921577453 -1.304580152671756 0.9236641221374043 -2.001526717557252 200.52 108.47999999999999 -43.32 3.1658718683388227 1.3263600296059086 3.0513513251590814
27.678 -8.555560111999512 -3.742795634269714 -0.6329670727252961 -1.4038167938931299 0.6984732824427481 -1.9595419847328244 199.92000000000002 108.72 -43.32 3.16570386501314 1.323420829223687 3.0510213019935355
27.694 -8.571361827850343 -3.724001145362854 -0.638653302192688 -1.4267175572519082 0.5488549618320611 -1.8412213740458014 199.56 108.47999999999999 -43.8 3.165451842540996 1.3217637074016753 3.0508563108056954
27.708 -8.565136909484863 -3.741538667678833 -0.6430825769901276 -1.3412213740458017 0.5061068702290077 -1.6870229007633586 199.73999999999995 108.66 -44.339999999999996 3.1652838625016346 1.3212106886593316 3.05069127882799
27.738 -8.555739593505859 -3.7480628728866576 -0.6507440209388733 -1.5145038167938931 0.4755725190839694 -1.548854961832061 200.21999999999997 108.17999999999999 -44.21999999999999 3.165283862501634 1.3202867962092604 3.0502786222203397
27.753 -8.561365985870362 -3.7330392599105835 -0.6524199604988098 -1.768702290076336 0.46106870229007635 -1.535114503816794 199.98 108.05999999999999 -44.459999999999994 3.1653678467024315 1.3177018848883415 3.0508560558689384
27.768 -8.576569175720214 -3.719990849494934 -0.6642114043235778 -1.884732824427481 0.47404580152671755 -1.637404580152672 200.28 108.12 -44.519999999999996 3.165703853375372 1.3168702166245627 3.0514335608269008
27.798 -8.59542350769043 -3.716878390312195 -0.6845621168613434 -1.883969465648855 0.5534351145038168 -1.7977099236641219 199.98000000000002 107.82000000000001 -44.58 3.1661238326221244 1.3155731267478545 3.0516810934920504
27.813 -8.59554328918457 -3.7202302694320677 -0.6861782014369965 -1.881679389312977 0.7022900763358779 -1.8923664122137402 199.61999999999998 108.18000000000002 -44.22 3.166543811868876 1.3150163327306092 3.052341058451754
27.828 -8.601229572296143 -3.720170426368713 -0.6928221106529235 -1.8335877862595418 0.832824427480916 -1.8992366412213741 199.49999999999997 109.02000000000001 -44.099999999999994 3.167048031897619 1.315294559844057 3.0530011049495553
27.858 -8.607095336914062 -3.7207689762115477 -0.6982689201831818 -1.8045801526717553 0.9793893129770993 -1.8061068702290075 199.49999999999997 108.17999999999999 -44.339999999999996 3.1672160585311975 1.3157573369524755 3.0533311281151008
27.873 -8.606975650787353 -3.712628698348999 -0.7056909441947937 -1.6984732824427482 1.0664122137404581 -1.6229007633587789 199.44 108.36000000000001 -44.03999999999999 3.167468081003341 1.315942114755245 3.053826224131591
27.889 -8.606496810913086 -3.729088854789734 -0.7176020920276642 -1.5267175572519085 1.1038167938931296 -1.4396946564885496 199.07999999999998 108.47999999999999 -43.8 3.1675520768419054 1.3155722639409329 3.0543213201480808
27.919 -8.608891010284424 -3.7247792959213255 -0.7171232521533966 -1.5244274809160305 1.079389312977099 -1.219083969465649 198.24 108.71999999999998 -43.79999999999999 3.1679721143314414 1.3148328563152862 3.054651424976731
27.933 -8.628703022003174 -3.7181952476501463 -0.7202955722808838 -1.4366412213740458 0.9885496183206106 -0.931297709923664 198.0 108.6 -43.199999999999996 3.167888106844323 1.3157567487653574 3.054898988265541
27.949 -8.63923749923706 -3.72537784576416 -0.7213729619979858 -1.2511450381679388 0.9183206106870229 -0.5931297709923664 197.88000000000002 108.59999999999998 -43.32 3.1681401293164666 1.3164056833509405 3.0553117472126883
27.978 -8.641930961608887 -3.731782341003418 -0.7174225330352784 -1.1053435114503816 0.8885496183206106 -0.30152671755725186 197.64000000000001 109.08 -43.08 3.168140129316467 1.3175139151568147 3.055476840531527
27.995 -8.644325160980225 -3.734715223312378 -0.713292533159256 -0.9809160305343511 0.847328244274809 -0.11755725190839694 198.06 109.13999999999999 -42.66 3.1682241601330623 1.318256006323831 3.0560547748777003
28.008 -8.661264133453368 -3.7362714529037477 -0.722270792722702 -0.8106870229007634 0.8145038167938932 -0.09236641221374045 197.88000000000002 109.31999999999998 -42.6 3.167972137660919 1.3200145825016996 3.05646758507281
28.038 -8.665573692321777 -3.740341591835022 -0.7172429740428925 -0.6480916030534349 0.8465648854961831 -0.17099236641221371 198.23999999999998 109.08 -42.84 3.1674679176321767 1.320292472212251 3.056715271169012
28.053 -8.678203105926514 -3.73926420211792 -0.723408043384552 -0.43664122137404576 0.8801526717557252 -0.32900763358778623 198.12 109.08 -43.2 3.166880028075641 1.3200149175389249 3.0572106126752265
28.068 -8.679699420928955 -3.749439549446106 -0.7173028290271759 -0.2137404580152671 0.9694656488549619 -0.5419847328244274 198.06 108.66 -43.739999999999995 3.1662082007615835 1.319089546410282 3.0578713144800744
28.098 -8.677724266052246 -3.7500380992889406 -0.7082048654556274 -0.0885496183206107 1.0206106870229008 -0.7755725190839694 198.3 108.66000000000001 -43.86 3.165620473907471 1.3191820646057844 3.0582015831353444
28.114 -8.686044120788575 -3.7556644916534423 -0.7091625452041626 0.08854961832061069 1.0198473282442748 -1.0541984732824428 199.26000000000002 108.3 -43.5 3.164696775002666 1.3196444707546955 3.058284134914345
28.128 -8.674432277679443 -3.772902727127075 -0.6948571860790252 0.2259541984732824 1.0221374045801528 -1.3862595419847328 199.26000000000002 108.66 -43.980000000000004 3.1640251335480367 1.318071643719041 3.0585317902617746
28.158 -8.680238246917725 -3.7888840198516847 -0.6858190774917603 0.23282442748091606 0.9717557251908397 -1.781679389312977 198.84 109.32000000000001 -43.32 3.1631015624216676 1.317329853528605 3.0583666559445724
28.174 -8.69280776977539 -3.804745602607727 -0.6725312530994415 0.20458015267175575 0.8740458015267176 -2.147328244274809 198.9 108.78000000000002 -43.620000000000005 3.1622618943334593 1.3156655048987314 3.0586969656608014
28.189 -8.71291904449463 -3.8144421339035035 -0.666366183757782 0.20305343511450386 0.7885496183206108 -2.445801526717557 199.01999999999998 108.78 -43.980000000000004 3.161002652542553 1.3158506527941112 3.058614372820842
28.219 -8.722196578979492 -3.849457359313965 -0.6487089455127716 0.16106870229007636 0.7221374045801527 -2.8106870229007628 199.32 108.24000000000001 -44.04 3.1600794640403866 1.3143706435200404 3.058614372820842
28.234 -8.75619421005249 -3.8751351594924928 -0.6489483654499054 -0.07633587786259541 0.583969465648855 -3.2900763358778624 199.26 108.05999999999999 -43.620000000000005 3.1589045774156106 1.3140000490449981 3.05844923850364
28.249 -8.785283756256103 -3.912125587463379 -0.6343437373638153 -0.39236641221374047 0.3969465648854961 -3.93206106870229 199.32 108.23999999999998 -42.6 3.1581495537137916 1.3132582588545623 3.0580364283085304
28.278 -8.82598524093628 -3.950971508026123 -0.6403890967369079 -0.6557251908396947 0.15648854961832054 -4.818320610687023 199.73999999999998 108.42 -41.940000000000005 3.157730038469184 1.312701238042422 3.057293184963844
28.294 -8.88141098022461 -3.997478890419006 -0.6486490905284882 -0.8725190839694659 -0.10076335877862592 -5.935114503816794 200.16 108.11999999999998 -42.0 3.1571428786985214 1.3121455700372784 3.056797843457629
28.308 -8.932946109771729 -4.0368036270141605 -0.647152715921402 -1.0877862595419847 -0.3129770992366412 -7.296946564885497 199.68 108.23999999999998 -41.88 3.1567234789161054 1.3110342293027837 3.0570455603338993
28.338 -8.990825939178468 -4.076068544387818 -0.6643311142921448 -1.1061068702290076 -0.5358778625954199 -8.942748091603054 199.68 108.35999999999999 -41.88 3.156220233745959 1.3122379405419675 3.056962998305309
28.354 -9.02003517150879 -4.129339551925659 -0.6795342922210693 -0.8885496183206106 -0.7137404580152673 -10.915267175572518 200.64 107.75999999999999 -41.760000000000005 3.1560524623136637 1.313534507386004 3.0572933080215376
28.368 -9.047448825836181 -4.18757848739624 -0.695216315984726 -0.6297709923664124 -0.9358778625954199 -13.264885496183206 200.82 108.06000000000002 -41.94 3.155968559275503 1.3130700392516197 3.0573759111528265
28.398 -9.080309295654297 -4.255334377288818 -0.6998251557350159 -0.33587786259542 -1.201526717557252 -16.06793893129771 200.7 107.82000000000001 -41.82000000000001 3.155968559275503 1.312421367093021 3.0576237205571326
28.413 -9.103952026367187 -4.318840551376343 -0.7233481884002686 0.061068702290076306 -1.4427480916030535 -19.083969465648856 201.35999999999996 108.24000000000001 -41.760000000000005 3.1562201991234438 1.311770844920232 3.0579541537067105
28.428 -9.102216243743896 -4.402637624740601 -0.7164648592472076 0.6580152671755725 -1.672519083969466 -22.268702290076334 202.07999999999998 108.47999999999999 -41.52 3.15663954125543 1.3113996492048385 3.058367066554228
28.458 -9.109757995605468 -4.457823991775513 -0.7231686234474182 1.4824427480916031 -1.9106870229007633 -25.576335877862597 202.62 109.02000000000001 -41.7 3.1581505278279063 1.3109348003984862 3.0590276861536436
28.473 -9.08162612915039 -4.54581093788147 -0.713771378993988 2.599236641221374 -2.0633587786259544 -28.825954198473283 203.4 109.67999999999999 -41.88 3.1592418703865706 1.3106557766888804 3.05977092949833
28.488 -9.041463375091553 -4.641818380355835 -0.7134122490882874 3.698473282442748 -2.3618320610687027 -32.04045801526718 204.18 110.22 -41.220000000000006 3.1605007644984653 1.3093539237752434 3.0608446373676736
28.518 -8.996332740783691 -4.724119091033936 -0.7098209440708161 4.648091603053436 -2.929007633587786 -35.30229007633587 205.86000000000004 110.22 -41.82 3.161255892164731 1.3089822734024432 3.059854322214602
28.533 -8.962035846710204 -4.790498352050781 -0.6993463158607482 5.523664122137404 -3.653435114503817 -38.55343511450381 207.3 110.58 -41.46 3.162178826176334 1.3065684547640628 3.0598543222146026
28.548 -8.91319408416748 -4.87010555267334 -0.6716334342956543 6.478625954198473 -4.487786259541985 -41.622137404580144 208.26000000000005 111.17999999999999 -41.81999999999999 3.1624305006467894 1.3042479528900173 3.0596891468155754
28.578 -8.827601337432862 -4.9880798816680905 -0.644578954577446 7.5671755725190835 -5.365648854961831 -44.409160305343505 209.64000000000001 111.35999999999999 -41.279999999999994 3.1625983182854664 1.3030358376237978 3.0600196624628686
28.593 -8.71447525024414 -5.140351104736328 -0.6240486770868301 8.348091603053435 -6.433587786259542 -46.85038167938931 211.74 111.9 -40.86 3.162262959708734 1.301919507059118 3.0595241361822922
28.608 -8.620742225646973 -5.231630039215088 -0.5782595694065094 8.63969465648855 -7.749618320610686 -49.13129770992366 213.3 112.14000000000001 -40.5 3.161759783686856 1.301919507059118 3.0587808928376057
28.638 -8.538980197906493 -5.305850267410278 -0.5445013225078583 9.112977099236641 -9.133587786259543 -51.382442748091606 215.04000000000002 112.67999999999999 -39.6 3.1612566076649777 1.300522070448685 3.0570483743902295
28.668 -8.441296768188476 -5.438189744949341 -0.5076904714107513 9.766412213740457 -10.391603053435114 -53.65801526717557 217.32 112.92 -39.239999999999995 3.1599133233765455 1.2999629842250282 3.0550684741774816
28.669 -8.337807369232177 -5.545928812026977 -0.46082397550344467 10.231297709923663 -11.544274809160305 -56.04045801526718 218.94 112.97999999999998 -38.7 3.159241496062489 1.302830007012602 3.0524295774701726
28.698 -8.220730924606324 -5.6549248695373535 -0.4001908183097839 10.794656488549617 -12.536641221374046 -58.56412213740458 221.34 113.1 -37.980000000000004 3.1591574885753704 1.3060709025907937 3.048884634999147
28.713 -8.098985719680787 -5.791873216629028 -0.34805707931518554 11.480152671755725 -13.319083969465648 -61.19312977099237 222.84 113.51999999999998 -36.72 3.159241449532977 1.3083839139171682 3.0478134433423874
28.728 -7.968322134017944 -5.926187896728516 -0.2746747940778732 12.207633587786258 -13.86793893129771 -63.858015267175574 225.48000000000002 113.52000000000001 -36.24 3.1596614287797293 1.3120871038832678 3.045752696660925
28.758 -7.841489362716675 -6.043084812164307 -0.21422120034694672 13.128244274809159 -14.211450381679393 -66.54580152671755 228.05999999999995 113.81999999999998 -35.339999999999996 3.1602490743957943 1.3156051127976007 3.0442679567438646
28.803 -7.695383214950562 -6.175543975830078 -0.14694413244724275 14.292366412213742 -14.436641221374046 -69.48778625954198 231.0 113.75999999999999 -34.08 3.161004827883487 1.3191302393901947 3.042452150796037
28.804 -7.5578961849212645 -6.286156129837036 -0.06685808300971985 15.609160305343513 -14.490839694656486 -72.76335877862594 234.54000000000002 113.81999999999998 -33.18000000000001 3.1624313782880686 1.3224630705696596 3.043608956658404
28.818 -7.4028716564178465 -6.410056066513062 0.007661443948745727 17.16717557251908 -14.329007633587784 -76.1648854961832 237.3 114.42 -32.10000000000001 3.164026198750438 1.3248700567105653 3.043113921857988
28.833 -7.208282947540283 -6.553947591781617 0.10085574388504029 18.750381679389314 -13.838931297709923 -79.58015267175571 240.48000000000002 114.12 -32.04 3.1656210192128067 1.3267313938008827 3.0426197375242845
28.848 -6.9861010074615475 -6.7032859325408936 0.19734207391738892 20.164885496183206 -13.18320610687023 -82.92290076335878 243.59999999999997 113.88 -30.72 3.1654533169287618 1.328126524546285 3.041631969846955
28.878 -6.772777652740478 -6.879618883132935 0.27964275926351545 21.14503816793893 -12.55496183206107 -86.18549618320611 247.92 113.64000000000001 -29.399999999999995 3.1653693907551266 1.325817206169916 3.0409738572967906
28.908 -6.540899229049683 -7.015848970413208 0.37349546551704405 21.536641221374044 -11.71297709923664 -89.28015267175574 251.39999999999995 113.4 -28.080000000000002 3.16360790775438 1.32359982339482 3.040234238265731
28.91 -6.282265615463257 -7.138192653656006 0.4727949798107147 22.153435114503814 -10.508396946564885 -92.1412213740458 255.71999999999997 112.92 -26.879999999999995 3.1622659190569085 1.3206349496381502 3.0380969126505653
28.938 -5.971378517150879 -7.309617519378662 0.5534197241067886 22.772519083969463 -9.019847328244275 -94.66870229007634 259.55999999999995 112.79999999999998 -25.68 3.1615940917428516 1.3172115932596795 3.036124471758978
28.953 -5.658276748657227 -7.451533794403076 0.641825619339943 22.748091603053435 -7.503053435114505 -96.8740458015267 264.23999999999995 111.72 -24.599999999999998 3.161762095068534 1.313226609341188 3.032918661839802
28.968 -5.348407196998596 -7.556758975982666 0.7217919528484344 22.259541984732827 -5.868702290076336 -98.57099236641221 268.44 111.47999999999999 -24.119999999999997 3.1619301683826557 1.3102617355845179 3.028809861488873
28.998 -4.990354347229004 -7.675990200042724 0.8108562499284744 21.731297709923663 -4.081679389312977 -99.6442748091603 272.0400000000001 110.28 -23.279999999999998 3.1622663150324932 1.306742309808953 3.0227996818625504
29.013 -4.619851613044739 -7.789774656295776 0.9001599788665772 21.031297709923663 -2.3870229007633585 -100.12290076335879 276.48 108.35999999999999 -22.32 3.1623503692217483 1.3034027358639664 3.0182786321778594
29.028 -4.253478908538819 -7.891408538818359 0.9771934151649475 20.16030534351145 -0.8671755725190842 -99.98625954198474 280.97999999999996 107.1 -21.3 3.1626866562371787 1.3012608602125912 3.0148293173146716
29.058 -3.8875850439071655 -7.985380983352661 1.0407594740390778 19.31450381679389 0.461068702290076 -99.48625954198474 284.64 105.72 -20.639999999999997 3.1648704045998812 1.2988370832468668 3.012612044965809
29.073 -3.527197813987732 -8.05008430480957 1.1083956718444825 18.581679389312978 1.6030534351145036 -98.64351145038168 288.6 104.28 -20.4 3.1663828568579264 1.296972660568469 3.007614400973148
29.088 -3.164236843585968 -8.1304696559906 1.1791443288326264 18.403816793893128 2.5412213740458016 -97.38091603053434 292.8 102.83999999999999 -20.159999999999997 3.1691532015966 1.2950146063062824 3.0043367178434726
29.118 -2.7841572999954223 -8.250898027420044 1.2346898138523101 18.09007633587786 3.183206106870229 -95.8175572519084 296.58 100.73999999999998 -20.099999999999998 3.172261070371171 1.2937051397906016 3.0010613329734057
29.133 -2.451782238483429 -8.353190279006958 1.3054983258247375 17.263358778625953 3.351145038167939 -94.03053435114504 299.88 98.16 -19.8 3.175205861383234 1.2921147311809045 2.9995038035381336
29.148 -2.140117049217224 -8.444529056549072 1.3760075688362121 16.52442748091603 3.406870229007634 -91.98473282442748 302.76 96.47999999999999 -19.2 3.1778159301643853 1.2912716860779754 2.9959862329909
29.178 -1.8221072196960448 -8.5419132232666 1.4508263707160949 16.0824427480916 3.499236641221374 -89.72748091603052 306.29999999999995 94.25999999999999 -17.82 3.1805959564333444 1.2904307762026739 2.9924719017604047
29.193 -1.5442002534866333 -8.612661838531494 1.5084667801856995 15.712213740458017 3.431297709923664 -87.33740458015265 309.41999999999996 92.22 -16.98 3.1831230724602184 1.2893079042830935 2.988874393659159
29.208 -1.290355023741722 -8.698314380645751 1.5558719754219055 15.885496183206104 3.402290076335878 -84.9442748091603 312.9 90.53999999999999 -16.259999999999998 3.185819044539923 1.289774683695283 2.9855231380361307
29.238 -1.007420226931572 -8.820119380950928 1.6027384757995606 16.33053435114504 3.3992366412213735 -82.60763358778625 315.06 88.97999999999999 -15.540000000000001 3.1882627837934514 1.289493788848937 2.9820907337984393
29.254 -0.748607012629509 -8.946772575378418 1.6468516349792481 16.204580152671756 3.1725190839694655 -80.35114503816793 318.65999999999997 86.7 -14.819999999999999 3.190370048272186 1.2894000376488692 2.978247714329829
29.268 -0.4844068616628647 -9.018419075012208 1.7303494095802308 15.716030534351143 2.7030534351145037 -78.07709923664122 321.0 84.24 -13.919999999999998 3.1925614490849137 1.2891190234720837 2.9780844543940277
29.313 -0.25139117538928984 -9.10305404663086 1.8154034256935119 15.3793893129771 2.2328244274809164 -75.81145038167939 323.4 82.32000000000001 -13.8 3.1949220880447244 1.288931640879087 2.9759620677643346
29.327 -0.027174189686775208 -9.17039098739624 1.8818425297737122 15.06259541984733 1.783969465648855 -73.41526717557252 326.2199999999999 80.7 -12.78 3.197369291805102 1.2906138312384814 2.974493059148688
29.328 0.21487960517406463 -9.22420072555542 1.9364901781082153 14.758778625954198 1.2832061068702292 -71.10229007633588 329.03999999999996 78.96000000000001 -11.16 3.1963580217715517 1.2924837247003638 2.9713882671225678
29.358 0.43855789601802825 -9.242875480651856 1.983715796470642 14.22442748091603 0.6259541984732823 -69.03435114503817 330.84 76.8 -10.2 3.1965268056883356 1.2937937448074521 2.9704911993798313
29.373 0.629315921664238 -9.237967395782471 2.0448277950286866 13.594656488549617 -0.12213740458015279 -67.15725190839694 332.88 74.39999999999999 -9.600000000000001 3.1960203817801434 1.295565311880997 2.9698392623297787
29.388 0.8235455363988876 -9.244910621643067 2.095884156227112 13.206870229007631 -0.8137404580152673 -65.52748091603054 334.5 72.89999999999999 -9.3 3.1950082527754935 1.2967815005649126 2.968291341740138
29.419 1.0740388810634613 -9.27172565460205 2.149574112892151 12.65114503816794 -1.4221374045801527 -64.10839694656488 336.06 71.33999999999999 -8.82 3.1935745038951486 1.296034182591665 2.966906360681551
29.433 1.2767679035663604 -9.252332592010498 2.1990742325782775 11.738931297709925 -2.232824427480916 -62.93129770992367 337.67999999999995 69.35999999999999 -8.16 3.191888097976523 1.296502142575334 2.9656030672611515
29.463 1.4789582312107086 -9.164465427398682 2.279040575027466 11.230534351145039 -2.9015267175572523 -61.75190839694657 339.06 67.38 -8.1 3.1905385918243736 1.297531223231389 2.9646251612768233
29.478 1.6959327638149262 -9.13477725982666 2.3074118852615357 11.578625954198472 -3.151908396946565 -60.526717557251914 340.55999999999995 65.88000000000001 -7.08 3.18893639307164 1.2983731968978496 2.9629131519463128
29.493 1.937388014793396 -9.128133392333984 2.3223756551742554 11.638931297709922 -3.3534351145038173 -59.17175572519085 342.23999999999995 63.60000000000001 -5.76 3.187249269710218 1.2989348681140132 2.9639735621423515
29.508 2.1402966141700746 -9.07953109741211 2.3611018657684326 11.089312977099235 -3.634351145038169 -57.55572519083969 343.8 61.67999999999999 -4.919999999999999 3.1858134788191164 1.2976276028112086 2.9642997500590456
29.538 2.3502082347869875 -9.00183916091919 2.401204752922058 10.654961832061067 -3.6916030534351143 -55.4618320610687 345.0 60.11999999999999 -5.159999999999998 3.186993460829549 1.2958515810286417 2.96397370862179
29.553 2.5945365190505982 -9.00764513015747 2.445617198944092 10.422137404580152 -3.641221374045802 -52.8236641221374 346.62 58.739999999999995 -4.619999999999999 3.186318612704287 1.294916646040814 2.963077744916081
29.583 2.826115667819977 -9.000282955169677 2.481649947166443 9.753435114503814 -3.7030534351145037 -49.68320610687023 347.64000000000004 57.360000000000014 -4.199999999999998 3.1861499007274046 1.292206961680022 2.962833418509976
29.598 3.05536048412323 -8.978495693206787 2.5105000734329224 8.703053435114501 -3.780152671755725 -45.97786259541984 349.02000000000004 55.379999999999995 -2.9400000000000004 3.186571411860956 1.2907091578613574 2.96381067049312
29.613 3.235464310646057 -8.953356647491455 2.5445575952529906 7.325954198473281 -3.944274809160305 -41.70992366412214 349.62 53.339999999999996 -2.4600000000000004 3.1879207266953715 1.2900531778957514 2.967155445027531
29.628 3.379774832725525 -8.915588188171387 2.5783756971359253 5.835877862595419 -3.986259541984732 -36.85725190839695 350.94 52.25999999999999 -2.46 3.1895226985680667 1.2891162611135065 2.9696827037717606
29.658 3.4989462375640867 -8.906190967559814 2.5743654012680053 4.421374045801526 -3.8549618320610683 -31.53587786259542 351.47999999999996 51.59999999999999 -1.6800000000000002 3.19664256383781 1.2883683142505162 2.971313280022975
29.673 3.580887794494629 -8.909363269805908 2.5845407485961913 2.694656488549618 -3.712977099236641 -25.98702290076336 352.19999999999993 50.879999999999995 -1.44 3.2037593246221405 1.286775203798581 2.973596861671724
29.688 3.623743987083435 -8.879854679107666 2.5864561080932615 0.863358778625955 -3.5175572519083977 -20.437404580152673 352.14 50.21999999999999 -1.6199999999999997 3.2089202563379153 1.2854623957969427 2.973107248323369
29.718 3.6619913578033447 -8.879256057739259 2.5933992862701416 -0.4358778625954196 -3.1335877862595423 -15.1 352.02 49.86 -1.38 3.2143440396128042 1.2841473333005886 2.9739233632642756
29.733 3.6595373153686523 -8.885959911346436 2.5956737756729127 -1.3580152671755725 -2.716793893129771 -10.191603053435113 352.38 49.38 -1.1400000000000001 3.219853775783583 1.2835834959836034 2.9743309379226646
29.748 3.6217687845230104 -8.8910475730896 2.5925613164901735 -1.9641221374045803 -2.212213740458015 -5.829770992366411 352.98 49.379999999999995 -1.3800000000000001 3.2218806330576077 1.2829266746704477 2.9748195093528853
29.778 3.5836411237716677 -8.921872901916505 2.580350875854492 -2.3488549618320613 -1.717557251908397 -2.0770992366412213 353.21999999999997 49.739999999999995 -1.86 3.2234853411463447 1.2828326409954338 2.9761235306691125
29.793 3.5087624549865724 -8.947191619873047 2.5938781023025514 -2.677862595419847 -1.3503816793893129 1.0427480916030532 352.74 50.459999999999994 -1.8599999999999999 3.2249207221525986 1.2823624721301248 2.9762050273318046
29.808 3.4188601970672607 -8.959761142730713 2.5840020179748535 -2.7297709923664124 -0.9297709923664123 3.682442748091603 353.04 50.4 -2.4 3.2256810632808537 1.2821746884185483 2.973756116811258
29.838 3.375106143951416 -9.013570785522461 2.561137390136719 -2.72442748091603 -0.5160305343511451 5.909923664122138 352.74 50.1 -1.7399999999999998 3.226187848523818 1.2817987971991545 2.9720431440566393
29.853 3.3229723930358888 -9.045892524719239 2.5614965200424193 -3.1763358778625954 -0.38244274809160306 7.689312977099237 353.03999999999996 50.16 -2.28 3.2207553461984753 1.2808602778206832 2.970738390751497
29.868 3.258209228515625 -9.042301273345947 2.558743190765381 -3.745038167938931 -0.36870229007633587 9.185496183206109 352.56 50.519999999999996 -2.1599999999999997 3.2155786409591287 1.2814238721425648 2.9690250311216486
29.898 3.211462450027466 -9.059479713439941 2.548328399658203 -4.114503816793894 -0.4045801526717557 10.551908396946565 352.8 51.12 -2.3999999999999995 3.2121893149159506 1.2818936350412735 2.9679653362115266
29.913 3.153522753715515 -9.053374481201171 2.529833197593689 -4.62442748091603 -0.6053435114503817 11.850381679389313 352.25999999999993 51.419999999999995 -2.8199999999999994 3.2076941743167695 1.2830213149446312 2.9667415092877554
29.928 3.1055788516998293 -9.061035919189454 2.5082255363464356 -5.234351145038168 -0.8641221374045802 13.27709923664122 351.23999999999995 52.2 -2.88 3.2029442365352607 1.2851748894353343 2.9658451456897614
29.958 3.0743345260620116 -9.063310432434083 2.4652496099472048 -6.038167938931298 -1.1786259541984734 15.0412213740458 350.1 52.379999999999995 -2.6999999999999997 3.2021833502103547 1.2866733289719827 2.9651937893194136
29.973 3.034231662750244 -9.040625381469727 2.432748317718506 -6.918320610687023 -1.500763358778626 17.200763358778623 349.44 52.56 -2.2799999999999994 3.201422682259282 1.2877990718362975 2.96331998906422
29.988 2.998198938369751 -9.011116886138916 2.3912089347839354 -7.853435114503817 -1.752671755725191 19.831297709923664 349.14 52.5 -2.6999999999999997 3.2012536328833114 1.2884570244131832 2.962668270382627
30.018 2.943850541114807 -8.978974723815918 2.353021430969238 -8.89618320610687 -2.0282442748091603 22.86030534351145 348.48 53.760000000000005 -2.519999999999999 3.2005777258009864 1.288457024413183 2.961202879044713
30.033 2.869390869140625 -8.941206169128417 2.315731739997864 -9.761068702290077 -2.284732824427481 26.274809160305345 348.0 54.720000000000006 -2.759999999999999 3.200831281686277 1.2885510580881971 2.9599004537003326
30.048 2.80582480430603 -8.933006000518798 2.2776639461517334 -10.37328244274809 -2.4755725190839692 30.12442748091603 346.62 56.1 -2.5799999999999996 3.200577870989895 1.2905173579172875 2.958272780857281
30.078 2.718795585632324 -8.924386882781983 2.2249316453933714 -11.129007633587786 -2.730534351145038 34.33435114503817 345.65999999999997 56.94 -3.1799999999999997 3.2002400141976444 1.2927574816312115 2.957132779899414
30.093 2.609260857105255 -8.908046436309814 2.173157036304474 -11.954198473282442 -3.001526717557252 38.80839694656488 345.0 57.96 -3.1199999999999997 3.1995644934122334 1.2950914367683084 2.95558674704963
30.108 2.4970925211906434 -8.902659511566162 2.1308395147323607 -12.722137404580153 -3.244274809160305 43.592366412213735 343.86 59.459999999999994 -3.3 3.1992266366199824 1.2954660428471485 2.953226485571561
30.138 2.3601441979408264 -8.903976249694825 2.0744560599327087 -13.447328244274809 -3.4022900763358783 48.50381679389313 343.19999999999993 61.08 -3.84 3.1990577082347746 1.29471935077636 2.951680793423587
30.198 2.184529495239258 -8.92271089553833 2.0171149373054504 -14.247328244274808 -3.487022900763359 53.33282442748092 342.0 62.519999999999996 -4.92 3.1986354173965936 1.294532600079205 2.951843578363714
30.199 1.9607314825057984 -8.92271089553833 1.94756338596344 -15.207633587786258 -3.4473282442748094 58.102290076335876 340.38 64.5 -5.9399999999999995 3.1982976570911736 1.2952799180524524 2.950949098234002
30.213 1.709100878238678 -8.932287693023682 1.8744803667068481 -15.794656488549617 -3.105343511450382 62.75114503816794 338.46 67.25999999999999 -7.140000000000001 3.197875245480688 1.297242070548515 2.9491598401377197
30.214 1.4693215861916542 -9.003096199035644 1.792239534854889 -16.176335877862595 -2.445801526717557 67.23893129770991 337.08 69.24 -7.68 3.1980441497332768 1.2987398743671796 2.9489158911543094
30.228 1.199315497279167 -9.042301273345947 1.7109563827514649 -17.03969465648855 -1.6580152671755726 71.47404580152673 335.03999999999996 72.12 -8.52 3.1975371469035423 1.2995843600706372 2.9497296364364685
30.258 0.8874707370996475 -9.037213611602784 1.6265009045600891 -18.0381679389313 -0.7824427480916032 75.41145038167939 333.41999999999996 74.1 -9.3 3.197537146903542 1.2983691970270215 2.9517647926441386
30.273 0.5744887143373489 -9.048226928710937 1.5539565920829772 -18.447328244274807 0.3053435114503816 79.00152671755725 331.0799999999999 76.67999999999998 -10.08 3.197875003695793 1.296129073313097 2.952823306053341
30.288 0.24331076443195343 -9.05953950881958 1.4782399654388427 -18.681679389312976 1.4297709923664121 82.31603053435114 328.25999999999993 79.25999999999999 -10.739999999999998 3.1982126676889537 1.295757270672063 2.9547767311786126
30.318 -0.09337385594844819 -9.080009937286377 1.398872172832489 -19.029770992366412 2.4122137404580153 85.1763358778626 326.09999999999997 81.65999999999998 -11.58 3.1982971137848226 1.2973423523061929 2.959423160654051
30.333 -0.4430470198392868 -9.062831592559814 1.3385382890701294 -19.63969465648855 3.0351145038167937 87.56259541984733 323.64 83.75999999999999 -12.36 3.1983815719415425 1.2973423523061927 2.9639883271100858
30.348 -0.7957129329442978 -9.001539993286134 1.2893972992897034 -20.05114503816794 3.4198473282442743 89.66335877862596 320.69999999999993 86.58000000000001 -13.26 3.198550452083342 1.2976224197676829 2.967251704673649
30.378 -1.135809287428856 -8.963053226470947 1.2389394998550416 -20.08473282442748 3.605343511450381 91.57557251908398 317.46 88.74 -13.98 3.199395215218497 1.2972490744744272 2.9718168711296835
30.394 -1.4532205790281296 -8.921932792663574 1.1944073557853698 -20.206106870229007 3.450381679389313 93.28702290076336 314.28000000000003 90.84 -14.279999999999998 3.199986676204952 1.2963168746239624 2.9770342304268027
30.408 -1.795770989358425 -8.827361869812012 1.1455057859420776 -20.380916030534348 2.9748091603053433 94.8030534351145 310.32000000000005 93.12 -14.76 3.200324629658718 1.2961302020701013 2.9822562929210505
30.438 -2.1493945896625517 -8.7265061378479 1.089720892906189 -20.383969465648853 2.3374045801526724 96.2679389312977 306.41999999999996 94.62 -15.899999999999997 3.2004090998872052 1.2976235980864013 2.986994150243617
30.453 -2.4697986364364626 -8.640374660491943 1.042674833536148 -20.198473282442748 1.690076335877863 97.57404580152672 302.64 97.2 -16.799999999999997 3.2008315114976904 1.2986522443067234 2.9916559334878765
30.468 -2.761891257762909 -8.530361080169678 0.9805453062057495 -20.219847328244274 1.0022900763358777 98.64809160305344 298.73999999999995 98.82 -17.459999999999997 3.201254104676285 1.2994949314102147 2.996643721651888
30.498 -3.0589518308639527 -8.416456985473634 0.9270947575569153 -20.35267175572519 0.43206106870228994 99.45114503816795 294.35999999999996 101.16 -18.479999999999997 3.2020145546471306 1.298282311194757 3.0013864730519297
30.513 -3.3991678833961485 -8.24946141242981 0.8538321912288666 -20.20763358778626 0.3030534351145038 100.1435114503817 290.03999999999996 103.08 -19.559999999999995 3.2025214848824013 1.297351269702109 3.0037620882988216
30.528 -3.7262757062911986 -8.1183189868927 0.7776965737342835 -19.623664122137406 0.8 100.8732824427481 285.41999999999996 105.42 -20.459999999999997 3.2029439569609517 1.2969769810789422 3.007369665305719
30.558 -4.047517704963684 -7.9717339992523195 0.7051522612571717 -19.158778625954195 1.7030534351145037 101.56793893129772 281.34000000000003 107.33999999999999 -20.819999999999997 3.203535417947408 1.29594833485862 3.0100732714838156
30.573 -4.355771160125732 -7.829278945922852 0.6294954866170883 -18.667938931297705 2.998473282442748 102.03893129770992 277.25999999999993 109.25999999999999 -22.259999999999998 3.203704515872727 1.2949183822130224 3.014832685596912
30.588 -4.659715056419373 -7.668328714370728 0.560722041130066 -18.159541984732822 4.622137404580153 102.46335877862596 273.47999999999996 110.51999999999998 -23.279999999999994 3.203958180994065 1.2945444095330305 3.0186887433628664
30.618 -4.954800415039062 -7.501333141326905 0.49829323291778566 -17.358778625954194 6.406106870229007 102.62595419847328 269.58 111.17999999999998 -24.659999999999997 3.204380895491373 1.2934210619798037 3.0205748418270555
30.633 -5.230492734909058 -7.357501459121704 0.4252102247439325 -16.264885496183204 8.07709923664122 102.44274809160304 266.1 112.01999999999998 -25.499999999999996 3.2046343787166505 1.2919276659635037 3.018283680613147
30.648 -5.535334467887878 -7.218218803405762 0.34835635153576733 -15.523664122137404 9.514503816793894 102.09618320610687 262.02 112.38 -26.459999999999997 3.2048879709811415 1.2902419166327208 3.0159080653662556
30.678 -5.884049940109253 -7.026024246215821 0.28048073118552563 -15.140458015267177 10.689312977099236 101.77404580152674 258.12 113.16 -27.6 3.2042964252628856 1.289586771992823 3.011735564048236
30.693 -6.233004856109619 -6.855676794052124 0.20135236447677016 -14.561068702290077 11.430534351145038 101.37404580152672 253.79999999999995 113.63999999999999 -28.439999999999998 3.2033671192392097 1.2891186135989838 3.0126386790199318
30.708 -6.532579326629639 -6.706937026977539 0.1494580409489572 -14.11145038167939 11.736641221374045 100.7259541984733 249.41999999999993 114.29999999999998 -28.98 3.2031980941051037 1.2883709815554474 3.0087109428100143
30.738 -6.83077712059021 -6.512049007415771 0.0950498073361814 -13.761832061068702 11.617557251908396 99.63435114503818 245.27999999999997 114.47999999999999 -29.999999999999993 3.202522283728034 1.288089847762383 3.002817197805747
30.753 -7.136037826538086 -6.331226921081543 0.018854340817779303 -13.032824427480918 11.186259541984732 98.06717557251909 241.07999999999998 114.47999999999998 -31.2 3.2015931106141027 1.2876206901640406 2.9975017151135717
30.768 -7.444770193099975 -6.127001523971558 -0.039863455388695 -12.074809160305342 10.554961832061068 95.98702290076336 237.06 114.53999999999999 -31.380000000000003 3.200157319723001 1.2883702224446454 2.990293112294713
30.798 -7.730458354949951 -5.925709009170532 -0.11121066519990563 -11.055725190839693 9.855725190839696 93.29618320610686 232.98000000000002 114.66 -32.1 3.1984682735954104 1.2879018651657375 2.983823692717908
30.813 -8.051640510559082 -5.730761098861694 -0.1930923611856997 -10.280152671755726 9.001526717557251 90.10229007633588 228.95999999999998 115.55999999999999 -33.36 3.196610587234879 1.2880894878524358 2.9777732260250405
30.828 -8.353070545196534 -5.49457311630249 -0.23678654357790946 -9.728244274809159 8.532824427480916 86.44580152671756 224.64000000000001 115.91999999999999 -34.32 3.1953442556045966 1.287338995178778 2.97605967263483
30.858 -8.604102611541748 -5.2616173267364506 -0.2862268093973398 -8.539694656488548 8.516030534351145 82.3618320610687 220.8 116.28 -34.67999999999999 3.1935713892610424 1.287056771825587 2.972714520223358
30.873 -8.793843126296997 -5.117306852340699 -0.34189200177788737 -7.061068702290076 8.825954198473282 77.85801526717557 217.38000000000002 116.58 -35.58 3.1918002862557198 1.2874313779044273 2.9710034689428872
30.889 -8.944498252868652 -4.912243461608886 -0.3798999525606632 -6.078625954198473 9.418320610687022 72.99770992366412 214.98000000000002 116.58 -36.54 3.190198541056442 1.2868682678237657 2.9657652229531797
30.918 -9.078513717651367 -4.7169963121414185 -0.42658688351511953 -5.0564885496183205 10.242748091603053 67.9442748091603 212.10000000000005 116.1 -37.379999999999995 3.187837233394195 1.2868682678237657 2.9661733496748015
30.933 -9.176257038116455 -4.5454517841339115 -0.4630386054515839 -4.151908396946565 11.283206106870228 63.01145038167938 209.58 115.5 -37.85999999999999 3.1862352615214995 1.2871494016168303 2.9676421919335634
30.948 -9.253889083862305 -4.3655874013900755 -0.4839280188083649 -3.450381679389312 12.468702290076335 58.19312977099236 207.66000000000003 114.54 -38.33999999999999 3.184381263074372 1.2883671379740045 2.969110205174507
30.978 -9.31212797164917 -4.17871994972229 -0.5258265495300293 -2.9748091603053437 13.848854961832064 53.692366412213744 205.38000000000002 113.58 -39.05999999999999 3.1826124107685247 1.2883671379740047 2.9715593938802694
30.993 -9.376531982421875 -4.037701487541199 -0.5776011645793915 -2.5236641221374048 15.211450381679393 49.36183206106871 203.21999999999997 112.98000000000002 -39.89999999999999 3.1811804838797255 1.290048621618051 2.9716409179464396
31.008 -9.377968502044677 -3.8870463609695434 -0.5960963726043701 -2.3465648854961834 16.49847328244275 45.29007633587787 202.07999999999998 111.96000000000001 -40.199999999999996 3.1804221921179687 1.2921949540684494 2.9732711284076228
31.038 -9.392453384399413 -3.762966847419739 -0.63673794567585 -2.111450381679389 17.423664122137403 41.547328244274816 200.76 111.36000000000001 -40.67999999999999 3.1796636862983076 1.2949963187658784 2.974902991374779
31.053 -9.39496726989746 -3.664325714111328 -0.686657053232193 -2.103053435114504 17.95496183206107 38.0824427480916 199.14 110.22 -41.459999999999994 3.1789055014189067 1.2971508082731453 2.976696022823224
31.068 -9.41878957748413 -3.5626319885253905 -0.7213131189346313 -2.36412213740458 17.9618320610687 34.76412213740458 198.11999999999998 109.44000000000001 -42.239999999999995 3.1790739512912958 1.2969635847873018 2.9788150621179783
31.098 -9.46272315979004 -3.4487876892089844 -0.7636904895305634 -2.457251908396947 17.680916030534352 31.612977099236637 196.14000000000001 108.3 -42.9 3.1791581466247787 1.2979948532618026 2.9794677323848644
31.113 -9.495823001861572 -3.351942229270935 -0.8010998904705048 -2.0793893129770993 17.137404580152673 28.66946564885496 194.88 107.88 -43.56 3.1797475969378413 1.297056735974556 2.9790596056632435
31.128 -9.512941551208495 -3.301723837852478 -0.8530540645122529 -1.3664122137404575 16.25725190839695 25.739694656488545 194.04000000000002 106.92 -44.76 3.1798318041037335 1.2974310245977227 2.978243212846215
31.158 -9.524972343444825 -3.2629377603530885 -0.8939949095249176 -0.8954198473282444 14.990076335877863 22.876335877862594 193.08 106.8 -45.839999999999996 3.1805895624303178 1.2983632244481875 2.978733215651708
31.173 -9.52383508682251 -3.2397738695144653 -0.921228951215744 -0.5610687022900764 13.220610687022901 20.14503816793893 192.48000000000002 106.8 -46.68 3.1819367842469157 1.2986436448131804 2.9775075775306634
31.188 -9.520782470703125 -3.1933263540267944 -0.9425373494625091 -0.2702290076335879 11.144274809160304 17.60992366412214 191.64000000000004 106.44000000000001 -46.68 3.1831157686869362 1.296774538482436 2.9791399950210833
31.218 -9.50186824798584 -3.1596279621124266 -0.9586982131004333 0.12442748091603044 9.020610687022899 15.270229007633588 190.38000000000005 106.02000000000001 -47.1 3.1844645106124014 1.2940648541216442 2.979221601850596
31.233 -9.467631149291993 -3.11431770324707 -0.9660005271434784 0.5083969465648853 6.887786259541983 12.956488549618323 189.72000000000003 105.60000000000002 -47.519999999999996 3.185729224324384 1.291075462719402 2.977997359265471
31.248 -9.456019306182862 -3.0401573181152344 -0.9658209562301636 0.9366412213740457 4.883969465648856 10.587786259541984 189.9 105.42 -47.81999999999999 3.1872465595448864 1.2890150884720355 2.9787321544898906
31.278 -9.403825664520264 -2.9917944431304933 -0.9677961707115174 1.6458015267175572 3.2679389312977114 8.132824427480916 189.78000000000003 104.7 -47.22 3.188427042393625 1.288546331992273 2.978242596532231
31.293 -9.351931381225587 -2.972880244255066 -0.97096848487854 2.2954198473282443 1.9770992366412217 5.681679389312977 190.20000000000002 104.51999999999998 -47.04 3.1901978944081195 1.2865732923529578 2.9777530385745727
31.308 -9.322602367401123 -2.9275699853897095 -0.9706093549728394 2.6427480916030532 1.0358778625954201 3.393893129770992 190.07999999999998 104.4 -46.8 3.1916318466561373 1.286102715560061 2.9757972221859994
31.338 -9.29536828994751 -2.888544487953186 -0.9610325515270233 3.006106870229008 0.5961832061068704 1.392366412213741 190.14 104.69999999999997 -46.38 3.1931496113629416 1.2841305254914839 2.9745743597603838
31.353 -9.240301704406738 -2.856282639503479 -0.9509769082069397 3.3343511450381684 0.6305343511450381 -0.2633587786259546 190.26 105.17999999999999 -46.02 3.1937396435911616 1.2813220669788297 2.9732684267522034
31.368 -9.193315505981445 -2.837847280502319 -0.9489418387413024 3.544274809160305 0.8633587786259541 -1.7251908396946565 190.32 104.75999999999999 -46.2 3.1947520599638692 1.2795400055561426 2.9728603463176126
31.398 -9.128432655334473 -2.830305552482605 -0.9341576397418976 3.5458015267175567 1.1870229007633588 -3.018320610687023 191.27999999999997 104.75999999999999 -47.040000000000006 3.195933380589166 1.278693699539551 2.9714725559964332
31.413 -9.09353723526001 -2.793853831291199 -0.928650975227356 3.430534351145039 1.463358778625954 -4.158778625954199 191.76 105.47999999999999 -47.040000000000006 3.19711604958997 1.278599665864537 2.974252757429242
31.428 -9.055888462066651 -2.78864643573761 -0.9309254646301269 3.5580152671755725 1.6893129770992368 -5.03206106870229 191.87999999999997 105.84 -46.559999999999995 3.1977071724138275 1.2785055914462613 2.9764579037547847
31.458 -9.001480197906494 -2.8311434984207153 -0.926376485824585 3.7358778625954194 1.8236641221374046 -5.563358778625954 191.64000000000001 106.31999999999998 -47.04 3.198551814776574 1.2784114761863605 2.976948186590421
31.473 -8.987952995300294 -2.8042087316513062 -0.9113528728485107 3.674809160305343 1.8641221374045798 -5.719083969465649 191.4 106.44000000000001 -48.12 3.1988050808081807 1.2774709317916524 2.978581346315807
31.488 -8.979214096069336 -2.793793964385986 -0.9080009937286377 3.906870229007633 1.834351145038168 -5.580152671755725 191.4 106.44000000000001 -48.6 3.199312011043451 1.2776596151392883 2.9804598023303113
31.518 -8.962394905090331 -2.825576996803284 -0.9029731750488281 4.066412213740458 1.7175572519083968 -5.407633587786259 191.94 106.5 -49.38 3.199565421739833 1.2775653767611719 2.9842131208581826
31.533 -8.962275218963622 -2.817676138877869 -0.8989628851413727 3.7908396946564884 1.4442748091603055 -5.295419847328244 191.88 106.67999999999999 -49.56 3.199734301881633 1.278975895613586 2.987396895652914
31.548 -8.961197853088379 -2.834854531288147 -0.8999804198741913 3.6419847328244273 1.131297709923664 -5.275572519083969 192.24 105.96 -49.68 3.1999029899221028 1.279070092853088 2.9892749237024567
31.578 -8.948149490356446 -2.8642433643341065 -0.8974665105342865 3.4702290076335878 0.8778625954198473 -5.3290076335877865 192.84 106.32000000000001 -49.67999999999999 3.1990591899112024 1.2786930566645294 2.990663345968973
31.593 -8.95329704284668 -2.871366095542908 -0.9026140451431275 3.180916030534351 0.6954198473282442 -5.464885496183205 192.23999999999998 106.2 -49.43999999999999 3.1978778692859056 1.278975525364136 2.9919694271779003
31.608 -8.94545602798462 -2.9022513151168825 -0.9068637549877167 2.9809160305343507 0.6717557251908397 -5.6122137404580155 192.18 105.78 -49.379999999999995 3.1961047501213935 1.2785047438681367 2.9901692319100737
31.638 -8.94910717010498 -2.921883773803711 -0.9074623107910156 2.680152671755725 0.7916030534351145 -5.806870229007634 192.35999999999999 105.72 -49.8 3.1941646945764086 1.2777506698942542 2.9895151459397318
31.653 -8.951441478729247 -2.906979870796204 -0.9142857849597931 2.381679389312977 1.0541984732824428 -5.9793893129771 192.35999999999999 105.84 -50.040000000000006 3.192055338501679 1.2777506698942542 2.990333036359979
31.668 -8.93091115951538 -2.9339744806289674 -0.9301473736763001 2.310687022900763 1.3984732824427482 -6.0503816793893135 192.42000000000002 106.62 -49.620000000000005 3.19070583234953 1.2778449082723706 2.9908237138253706
31.698 -8.890149879455567 -2.951512002944946 -0.9248801290988922 2.0671755725190835 1.7755725190839695 -6.019083969465649 192.6 106.43999999999998 -49.8 3.189439320133315 1.277939187888737 2.990987291827181
31.713 -8.85136375427246 -2.9570785045623778 -0.9312846183776855 1.8038167938931298 2.050381679389313 -5.845038167938932 192.78000000000003 106.62 -49.379999999999995 3.187415057422439 1.2790673549701432 2.991396449846399
31.728 -8.818563175201415 -2.975154733657837 -0.9411008477210998 1.7427480916030536 2.117557251908397 -5.5503816793893135 192.96 106.31999999999998 -49.559999999999995 3.18581263158298 1.2784102518596823 2.9904153204798876
31.758 -8.806831550598144 -2.9841928482055664 -0.9422979474067688 1.731297709923664 2.043511450381679 -5.303816793893129 192.59999999999997 106.55999999999999 -50.040000000000006 3.184969668586093 1.2785044080598857 2.990824241930349
31.773 -8.80389862060547 -2.96563777923584 -0.9405621469020844 1.7412213740458014 1.9564885496183202 -5.044274809160306 192.89999999999998 106.25999999999999 -50.220000000000006 3.184379719716649 1.2796335530255338 2.9927070295587552
31.788 -8.811859321594238 -2.950255036354065 -0.9381679415702819 1.9671755725190843 1.8435114503816794 -4.640458015267176 193.32 106.55999999999999 -50.400000000000006 3.183621534837248 1.27972762744381 2.9961469892887096
31.818 -8.81126070022583 -2.9457659006118773 -0.9354744613170624 2.3832061068702286 1.8015267175572518 -4.21679389312977 193.61999999999998 106.85999999999999 -50.459999999999994 3.182779047742008 1.2795390268728704 2.999587753410329
31.833 -8.801205062866211 -2.958335447311401 -0.9311050415039063 2.7694656488549616 1.8839694656488546 -3.810687022900764 193.79999999999998 106.67999999999999 -50.879999999999995 3.182610645242633 1.280010632147146 3.0031927887202636
31.849 -8.805873775482178 -2.9703663110733034 -0.9230246126651764 2.965648854961832 1.9801526717557252 -3.472519083969466 194.21999999999997 106.26000000000002 -51.17999999999999 3.1825264262334896 1.2795394397583837 3.0054879653799107
31.878 -8.837896251678467 -2.961268353462219 -0.9188347578048706 3.091603053435114 2.0625954198473284 -3.2778625954198475 195.05999999999997 105.78000000000002 -51.660000000000004 3.182357952642049 1.2790678344841078 3.008521422028257
31.893 -8.851722812652588 -2.9861082077026366 -0.9234435975551605 3.2702290076335876 2.253435114503817 -3.2213740458015265 195.59999999999997 106.2 -51.839999999999996 3.1814308897743895 1.2786904675879485 3.0108155215566392
31.908 -8.844659900665283 -3.0055012464523316 -0.9153631627559662 3.1954198473282442 2.49618320610687 -3.2419847328244273 196.19999999999996 105.96000000000001 -52.32000000000001 3.181515096940281 1.277562300506542 3.013439820185768
31.938 -8.844240951538087 -3.0043041467666627 -0.9077017128467559 2.929007633587786 2.77175572519084 -3.311450381679389 196.37999999999997 105.66 -52.61999999999999 3.1815150969402812 1.276431185553711 3.0172082830802025
31.953 -8.835861206054688 -3.0097509384155274 -0.8991424441337585 2.741984732824428 3.1290076335877863 -3.3091603053435117 196.61999999999998 105.3 -52.25999999999999 3.1810940610566014 1.2758656307718863 3.0201595795699063
31.968 -8.828918075561523 -3.03746383190155 -0.908300268650055 2.6328244274809163 3.4106870229007633 -3.2480916030534344 196.14 105.41999999999999 -52.260000000000005 3.180925611184213 1.2752076781950008 3.021718765896595
31.998 -8.832269954681397 -3.0456639766693114 -0.9111733138561249 2.4251908396946567 3.574045801526718 -3.2221374045801525 196.02 105.29999999999998 -52.85999999999999 3.1808414276722963 1.2749253323166205 3.0221294193856467
32.014 -8.833347415924072 -3.0724790334701537 -0.9126696944236755 2.2022900763358786 3.6458015267175576 -3.1778625954198474 195.66 104.46 -53.1 3.181094049180815 1.27661686534582 3.021554778479449
32.028 -8.831013011932374 -3.0731374502182005 -0.9163807034492493 1.9816793893129774 3.5099236641221374 -3.0763358778625958 196.44 104.4 -53.52 3.1810098656688988 1.2803536942548521 3.0206517710000758
32.058 -8.818682861328124 -3.0748732566833494 -0.9139864981174469 1.9526717557251907 3.1908396946564883 -2.9916030534351146 196.38 104.33999999999999 -52.98 3.1809256585030075 1.283258861003067 3.01983119640736
32.073 -8.807370281219482 -3.085886573791504 -0.9083601236343384 1.981679389312977 2.7816793893129774 -2.8885496183206105 196.07999999999998 104.64000000000001 -53.160000000000004 3.180841439493863 1.2875599250606864 3.0172887578834677
32.088 -8.802282619476319 -3.091752362251282 -0.898005199432373 2.014503816793893 2.2641221374045806 -2.7152671755725186 196.26 104.58 -52.98 3.180673036994489 1.2913974648550872 3.015403768957712
32.118 -8.815570449829101 -3.097378730773926 -0.8948927402496338 2.096946564885496 1.6854961832061068 -2.506870229007633 196.07999999999998 104.16 -53.52 3.1804204509831973 1.2967982241385583 3.01269761973753
32.133 -8.84944839477539 -3.0948049545288088 -0.8973468005657196 2.09236641221374 1.166412213740458 -2.261068702290076 196.44 104.28 -53.15999999999999 3.179747029914059 1.3041416636127843 3.010073939913403
32.148 -8.868242931365966 -3.0989349603652956 -0.9056067943572998 2.0259541984732823 0.7282442748091602 -2.066412213740458 196.49999999999997 104.7 -52.85999999999999 3.1796628582128714 1.309733342667018 3.007204456060908
32.178 -8.876263427734376 -3.0907348155975343 -0.8890269458293915 1.9045801526717554 0.41526717557251913 -2.0908396946564887 197.39999999999998 104.64000000000001 -52.919999999999995 3.179241940599101 1.3137445952447624 3.0039260035470234
32.193 -8.868841361999511 -3.0927698850631713 -0.8763975322246551 1.8664122137404575 0.30992366412213734 -2.316793893129771 197.45999999999998 104.34 -52.379999999999995 3.1791577688979133 1.318772796493502 3.000402282978077
32.208 -8.86117992401123 -3.091872048377991 -0.8688557922840119 1.8251908396946557 0.4190839694656489 -2.650381679389313 197.94 104.58000000000001 -52.38000000000001 3.1788209638774783 1.3225785801254735 2.997454441290407
32.253 -8.845857048034668 -3.0910340785980224 -0.8579023241996765 1.716030534351145 0.6923664122137405 -3.0358778625954197 197.4 105.00000000000003 -51.84000000000001 3.178736792176291 1.3237798828298382 2.9938540233715307
32.254 -8.841846752166749 -3.1047408819198608 -0.8561665296554566 1.4717557251908397 1.1076335877862598 -3.4396946564885496 197.88 105.36000000000001 -51.960000000000015 3.178315933616182 1.3264640759360344 2.9903364528242964
32.268 -8.818862342834473 -3.103843069076538 -0.859039568901062 1.1251908396946566 1.5717557251908398 -3.7564885496183207 197.94 105.18000000000002 -51.42 3.1777267315561883 1.3282170522876002 2.986987880606451
32.298 -8.813954162597657 -3.0912734985351564 -0.863648408651352 0.8427480916030536 1.934351145038168 -4.091603053435114 197.64000000000001 104.76000000000002 -51.60000000000001 3.1773900683295624 1.3324472484698398 2.985026293945169
32.313 -8.795458984375 -3.0950443744659424 -0.8632892787456512 0.6274809160305342 2.2526717557251907 -4.4015267175572514 197.82 105.06000000000002 -51.06 3.17705345228086 1.3348279932587184 2.982004416634969
32.328 -8.761042308807372 -3.1115045070648195 -0.8655637681484223 0.42900763358778626 2.4061068702290074 -4.622900763358778 197.88000000000002 105.36000000000001 -50.88 3.17705345228086 1.3351936972727692 2.9806962433790862
32.358 -8.747395324707032 -3.1166520357131957 -0.8626907229423523 0.27938931297709935 2.352671755725191 -4.735114503816794 198.48 105.24000000000001 -51.6 3.176632770556766 1.3394821756162716 2.979306708492006
32.373 -8.736262321472168 -3.139815926551819 -0.8684368073940277 0.21679389312977104 2.263358778625954 -4.590076335877862 197.82 105.06000000000002 -51.42 3.176380361543959 1.3431520037717468 2.978734547786884
32.388 -8.722375965118408 -3.158730125427246 -0.8748412966728211 0.11832061068702293 2.101526717557252 -4.201526717557252 198.72 105.35999999999999 -51.839999999999996 3.1761279171964434 1.3452608558606827 2.978489364249076
32.418 -8.71591157913208 -3.162321448326111 -0.8833407163619995 0.06488549618320612 1.7854961832061071 -3.7656488549618325 198.78 105.66000000000001 -52.14 3.1757913011477403 1.3465462194290567 2.9788980504156655
32.434 -8.730276775360107 -3.1887773752212523 -0.8908824503421784 -0.08015267175572519 1.4587786259541986 -3.3290076335877865 199.32 105.24000000000001 -52.08 3.1757071412464475 1.3480163467932207 2.980368732752324
32.448 -8.740392303466797 -3.177165484428406 -0.8923788249492646 -0.4320610687022901 1.1641221374045803 -2.8412213740458014 199.38000000000002 104.46000000000001 -52.02 3.1757071412464475 1.3485678539673258 2.9816755574262315
32.478 -8.752782344818115 -3.181654620170593 -0.8981249094009399 -0.5923664122137404 0.9885496183206108 -2.4106870229007633 199.32 104.04 -52.44 3.1759595855939633 1.3488434469118757 2.9837972223748204
32.493 -8.7362624168396 -3.2042199850082396 -0.8960299849510193 -0.6908396946564885 1.0435114503816794 -1.9374045801526723 199.62 104.46 -52.260000000000005 3.1760437337061926 1.3474723056074773 2.984368794693059
32.508 -8.741709232330322 -3.197935199737549 -0.9109937429428101 -0.9160305343511451 1.1251908396946564 -1.5267175572519085 199.44 104.16 -52.56 3.1760437337061926 1.3471987987400502 2.986164047845791
32.538 -8.749310779571534 -3.187221145629883 -0.9226654827594757 -1.0320610687022902 1.2351145038167937 -1.2954198473282443 199.2 103.67999999999999 -53.4 3.1762961780537085 1.3476551551841225 2.986490865615867
32.553 -8.747515106201172 -3.181774353981018 -0.9342773616313934 -1.1748091603053434 1.4435114503816795 -1.1534351145038166 199.02 103.5 -53.70000000000001 3.176716859777802 1.344377188526471 2.9871444265634475
32.568 -8.75188455581665 -3.156156396865845 -0.9409212708473206 -1.303053435114504 1.6244274809160306 -1.1129770992366415 199.14 103.97999999999999 -53.7 3.1770534286919014 1.3418142752588995 2.9876348218422892
32.598 -8.758767890930176 -3.1529242277145384 -0.9549273431301117 -1.252671755725191 1.7923664122137406 -1.0694656488549616 198.42 103.74000000000001 -53.46 3.1773058730394177 1.3395211562951188 2.98812527343516
32.613 -8.759007358551026 -3.163937544822693 -0.9600150227546692 -1.3221374045801526 1.9450381679389313 -0.9778625954198473 199.07999999999998 103.44000000000001 -52.919999999999995 3.177558317386933 1.3374981430123545 2.9881252734351595
32.628 -8.753800010681152 -3.145442342758179 -0.9630077719688416 -1.4183206106870228 1.962595419847328 -0.8351145038167939 198.54 103.62 -52.85999999999999 3.1776424772882264 1.3355667120325188 2.987634709029329
32.658 -8.738177871704101 -3.146819019317627 -0.9547477781772613 -1.2099236641221374 1.9145038167938933 -0.6725190839694658 198.11999999999998 104.16 -52.79999999999999 3.1779791405148514 1.3333528455866315 2.9875529624154766
32.673 -8.746198463439942 -3.1491533517837524 -0.962528932094574 -0.982442748091603 1.7931297709923661 -0.5114503816793894 198.54 104.22 -52.98 3.1781474957279556 1.3311389791407442 2.9874712439432285
32.688 -8.77205581665039 -3.146459865570068 -0.9725845754146576 -0.8877862595419848 1.580916030534351 -0.39923664122137426 198.35999999999996 104.52000000000001 -52.92 3.178905360546314 1.3284654466118608 2.9877980617133044
32.718 -8.793962764739991 -3.136284518241882 -0.9790489256381989 -0.6916030534351146 1.3885496183206105 -0.3122137404580153 198.59999999999997 104.88 -53.04 3.1807590973658812 1.324788516694086 2.9879614892978044
32.733 -8.797194957733154 -3.1483153820037844 -0.9649829864501953 -0.4129770992366414 1.3404580152671755 -0.19541984732824424 198.95999999999998 105.24000000000001 -52.8 3.182529197778263 1.320092013434326 2.987798061713304