46.4690000000000 -9.32541561126709 3.62063145637512 1.11749362945557 -4.81679389312977 3.38931297709924 -1.32061068702290 291 87 -94.2000000000000 0.838772091856926 0.865025026511930 0.868724741637250
46.4830000000000 -9.41200606028239 3.59688893953959 1.13904146353404 -5.06870229007634 3.67684478371501 -1.86259541984733 292.200000000000 87 -93 0.838772091856926 0.865436560730398 0.868724741637250
46.5140000000000 -9.52193991343180 3.51149574915568 1.16916851202647 -5.59796437659033 4.09414758269720 -3.21628498727735 292.400000000000 87.2000000000000 -94.4000000000000 0.839614727953182 0.866259173763687 0.868724741637250
46.5290000000000 -9.77452818552653 3.40714844067891 1.20548057556152 -7.22900763358779 4.27735368956743 -5.79643765903308 292 87.6000000000000 -93.2000000000000 0.840457364049438 0.867081786796977 0.869134915423938
46.5440000000000 -9.97065289815267 3.42350888252258 1.28169600168864 -10.0636132315522 4.16284987277354 -9.28244274809160 290.800000000000 87.2000000000000 -92.8000000000000 0.841720571742219 0.867903490953616 0.869134915423938
46.5740000000000 -10.1957076390584 3.45104225476583 1.34155102570852 -13.6132315521629 3.67684478371501 -13.2798982188295 290.200000000000 87 -89 0.842141143338745 0.868314116295433 0.869954813347417
46.5890000000000 -10.3609075546265 3.46560700734456 1.38145438830058 -15.2646310432570 3.11704834605598 -17.9007633587786 291.600000000000 86 -89.2000000000000 0.842141143338745 0.868724741637250 0.869544639560729
46.6040000000000 -10.4800192515055 3.28843609491984 1.31341914335887 -15.3460559796438 2.38676844783715 -22.9363867684478 291.400000000000 85.8000000000000 -90.2000000000000 0.842980804693758 0.868314116295433 0.870364537484207
46.6340000000000 -10.5211197535197 3.12962071100871 1.27291723092397 -15.4402035623410 1.36386768447837 -28.2366412213740 293.200000000000 86.8000000000000 -92.8000000000000 0.842560233097232 0.868724290082121 0.869544639560729
46.6500000000000 -10.4634593327840 2.98058168093363 1.24438631534576 -17.4071246819338 -0.328244274809160 -32.8524173027990 294.800000000000 86 -94 0.843820466048770 0.867902585925482 0.870773813863802
46.6640000000000 -10.6518030166626 3.06218385696411 1.41976165771484 -20.9541984732824 -5.09160305343511 -41.3358778625954 295.800000000000 85.8000000000000 -91.8000000000000 0.840036794681514 0.869955262997314 0.868724741637250
46.6940000000000 -10.6342455546061 2.98337475458781 1.41058385372162 -20.0636132315522 -5.62595419847328 -42.6412213740458 296.200000000000 86.2000000000000 -90.6000000000000 0.841718096121112 0.868723385053987 0.869953915940324
46.7090000000000 -10.5630181630452 2.76789665222168 1.44729491074880 -18.4885496183206 -6.88295165394402 -45.3613231552163 296.400000000000 86.8000000000000 -90.8000000000000 0.841296528512916 0.868723385053987 0.869953915940324
46.7230000000000 -10.4050010045369 2.46742439270020 1.45208330949148 -17.3969465648855 -8.92111959287532 -48.9160305343511 297.400000000000 85.8000000000000 -92.2000000000000 0.842977829952514 0.867079972892192 0.870773813863802
46.7540000000000 -10.3429514567057 2.19827620188395 1.44170844554901 -17.6641221374046 -11.1730279898219 -52.7633587786260 295.800000000000 85.0000000000000 -92.2000000000000 0.840874960904720 0.867901677048831 0.868722935404089
46.7690000000000 -10.3864459991455 1.99217534065247 1.42873986562093 -19.8575063613232 -13.0966921119593 -56.0483460559796 296.600000000000 84.6000000000000 -92.6000000000000 0.841717597000976 0.866669799105504 0.869133109190778
46.7840000000000 -10.4044024149577 1.83375898996989 1.46764564514160 -21.9745547073791 -14.4478371501272 -58.4656488549618 295.600000000000 85.6000000000000 -90.4000000000000 0.839614727953182 0.867492412138794 0.867491507110660
46.8140000000000 -10.3664941787720 1.67614074548086 1.50415722529093 -22.5954198473282 -14.9669211195929 -59.3638676844784 296.600000000000 86.6000000000000 -90.2000000000000 0.840036295561378 0.866670707982155 0.867902585925482
46.8290000000000 -10.0143470764160 1.33257279793421 1.51373402277629 -20.0661577608143 -14.2162849872774 -59.7811704834606 298.200000000000 87 -89 0.839193659465122 0.865434731328725 0.866670707982155
46.8440000000000 -9.87009652455648 1.06142944097519 1.48320794105530 -17.2061068702290 -13.2697201017812 -61.6106870229008 300.600000000000 86.6000000000000 -87.8000000000000 0.838349017894978 0.864200126729800 0.867081786796977
46.8740000000000 -10.0867719650269 1.36469495296478 1.68551802635193 -19.3816793893130 -14.3206106870229 -63.7328244274809 301.200000000000 82.8000000000000 -85.2000000000000 0.840036794681514 0.863789051815026 0.867492865611799
46.8890000000000 -10.0079628626506 1.35551718870799 1.71664265791575 -18.8091603053435 -14.2340966921120 -63.0788804071247 300.800000000000 84 -84.8000000000000 0.838770585503174 0.864201043380661 0.866258261012875
46.9040000000000 -9.64025338490804 1.12966416279475 1.70826296011607 -16.3511450381679 -12.9541984732824 -61.8778625954199 299.400000000000 84.6000000000000 -85 0.838349017894978 0.864201043380661 0.866668886354692
46.9360000000000 -9.48722394307455 0.872287491957347 1.66017941633860 -13.2061068702290 -11.5267175572519 -61.5826972010178 300 86 -85.6000000000000 0.837505381314092 0.864613034946296 0.866257807539869
46.9490000000000 -9.42397689819336 0.661398212114970 1.57338956991831 -12.7862595419847 -10.8905852417303 -61.2875318066158 302.600000000000 83.8000000000000 -85 0.838771590492432 0.865024569164763 0.866669799105504
46.9640000000000 -9.60593605041504 0.738212188084920 1.63384314378103 -15.4605597964377 -12.1908396946565 -61.1933842239186 306 84.8000000000000 -85.2000000000000 0.838349521519742 0.865436560730398 0.866259173763687
46.9940000000000 -9.61591180165609 0.732426186402639 1.70367399851481 -17.6208651399491 -13.3256997455471 -59.8346055979644 307.200000000000 84.4000000000000 -83.6000000000000 0.839193158100628 0.865024569164763 0.867080877920327
47.0090000000000 -9.42437585194906 0.562836910287539 1.80742275714874 -16.4376590330789 -12.5190839694656 -58.7353689567430 306.400000000000 86.8000000000000 -82.4000000000000 0.838771590492432 0.865024569164763 0.867903490953616
47.0240000000000 -9.29010105133057 0.126294131080310 1.73759186267853 -13.7531806615776 -10.9643765903308 -57.8804071246819 305 88.2000000000000 -79.4000000000000 0.839615227073318 0.865847182198053 0.868314116295433
47.0540000000000 -9.12210782368978 -0.135272398591042 1.76991359392802 -14.7888040712468 -10.1933842239186 -56.2391857506361 306 87.2000000000000 -78.8000000000000 0.839615227073318 0.867492412138794 0.868724290082121
47.0690000000000 -9.15303325653076 0.0490811355412006 2.03447294235230 -21.3511450381679 -11.9618320610687 -52.1221374045802 310.800000000000 80.4000000000000 -78 0.841300000145693 0.866259629167333 0.868724741637250
47.0840000000000 -9.11113452911377 -0.0863907809058825 2.03427338600159 -19.0508905852417 -11.2646310432570 -52.6615776081425 311 81 -77.4000000000000 0.841300000145693 0.867081333323972 0.868314116295433
47.1140000000000 -8.95870367685954 -0.399831696103017 2.03267725308736 -15.5623409669211 -10.1475826972010 -53.2366412213740 311.200000000000 82.4000000000000 -78 0.842560233097232 0.867492412138794 0.869543290598507
47.1290000000000 -8.71130275726318 -0.927753190199534 2.01611733436584 -12.2391857506361 -9.64631043256997 -54.1094147582697 311.200000000000 83.2000000000000 -77.2000000000000 0.842560233097232 0.869134014218912 0.869543290598507
47.1440000000000 -8.57742722829183 -1.36808679501216 2.04245360692342 -12.9211195928753 -11.2188295165394 -55.1984732824427 312.800000000000 82.4000000000000 -77.2000000000000 0.843400881611752 0.868723388877095 0.870773813863802
47.1740000000000 -8.61014779408773 -1.52829877535502 2.12844530741374 -16.4631043256997 -14.3358778625954 -55.9669211195929 313.600000000000 82.8000000000000 -74.4000000000000 0.842140648660214 0.869953912142390 0.869544639560729
47.1890000000000 -8.79509989420573 -1.53129152456919 2.23598488171895 -19.4096692111959 -17.2111959287532 -56.6819338422392 316.600000000000 83 -73 0.842981297174735 0.868312310062272 0.870773813863802
47.2040000000000 -8.74242750803630 -1.71444793542226 2.31060417493184 -20.0229007633588 -18.5165394402036 -56.8040712468193 316.400000000000 85.2000000000000 -71.6000000000000 0.841719580172154 0.869133109190778 0.869543290598507
47.2340000000000 -8.59019629160563 -2.13482983907064 2.32077956199646 -19.3486005089059 -18.9160305343511 -56.7633587786260 317.200000000000 83.6000000000000 -71.2000000000000 0.842979813123693 0.867079972892192 0.870363188521986
47.2490000000000 -8.38030465443929 -2.47261174519857 2.35689210891724 -20.2239185750636 -19.1374045801527 -55.2290076335878 316.800000000000 83.6000000000000 -72.8000000000000 0.841296528512916 0.868721574972310 0.868723388877095
47.2630000000000 -8.40484523773193 -2.53845238685608 2.43370604515076 -22.7099236641221 -19.0381679389313 -49.5343511450382 320.400000000000 85.2000000000000 -76.8000000000000 0.842561714935271 0.866259629167333 0.871184435407686
47.2940000000000 -8.33900451660156 -2.63741270701091 2.44627563158671 -21.7124681933842 -18.5216284987277 -48.4351145038168 321 84.2000000000000 -76.2000000000000 0.841720074850686 0.867081333323972 0.869542833327568
47.3090000000000 -8.22887102762858 -2.78685077031453 2.45246068636576 -20.3180661577608 -17.5699745547074 -46.4173027989822 321.000000000000 84.6000000000000 -73.4000000000000 0.840878434766100 0.866669799105504 0.868312310062273
47.3240000000000 -8.09419727325440 -2.97918494542440 2.47321041425069 -19.0865139949109 -16.2722646310433 -44.4631043256998 321.800000000000 84.2000000000000 -71.8000000000000 0.839615227073318 0.866258264887037 0.866670707982155
47.3540000000000 -8.06566651662191 -3.09370756149292 2.47979442278544 -19.2951653944020 -15.4707379134860 -43.5114503816794 322.600000000000 86.2000000000000 -70.2000000000000 0.838771590492432 0.865436560730398 0.867081786796977
47.3690000000000 -8.00142224629720 -3.19246840476990 2.53426249821981 -20.4758269720102 -14.8625954198473 -43.4910941475827 323.800000000000 84.6000000000000 -71 0.838350022884236 0.865436560730398 0.867081786796977
47.3840000000000 -7.91902160644531 -3.33632000287374 2.59870640436808 -21.4961832061069 -13.9440203562341 -43.5699745547074 323.400000000000 83.4000000000000 -70.2000000000000 0.837927953911546 0.865436560730398 0.866670252578510
47.4140000000000 -7.77277580897013 -3.38420406977336 2.67472235361735 -20.8218829516539 -12.3282442748092 -43.8524173027990 324.000000000000 81.2000000000000 -70.0000000000000 0.838350022884236 0.865025026511930 0.866670252578510
47.4290000000000 -7.70254596074422 -3.50132044156392 2.69846479098002 -17.4274809160305 -10.0966921119593 -44.5318066157761 324.200000000000 79.8000000000000 -67.4000000000000 0.837927953911546 0.865025026511930 0.866259173763687
47.4440000000000 -7.56408135096232 -3.74373340606689 2.66334986686707 -13.5419847328244 -7.87531806615776 -45.0890585241730 326.200000000000 80.6000000000000 -66.6000000000000 0.838350022884236 0.864613034946296 0.866259173763687
47.4740000000000 -7.28555583953857 -4.55197620391846 2.68449854850769 -15.1832061068702 -6.64122137404580 -41.9770992366412 321.600000000000 75.6000000000000 -73.2000000000000 0.837505884938855 0.866259629167333 0.865025026511930
47.4890000000000 -7.35019922256470 -4.39355977376302 2.73577443758647 -16.9033078880407 -7.12213740458015 -40.3486005089059 322.400000000000 76 -71.2000000000000 0.837927953911546 0.865848094948865 0.865847639545220
47.5040000000000 -7.41763591766357 -4.16810568173726 2.75792082150777 -17.3969465648855 -7.11704834605598 -37.7989821882952 325.200000000000 78.0000000000000 -69.6000000000000 0.838350022884236 0.865436560730398 0.866670252578510
47.5340000000000 -7.40566492080689 -4.19184803962708 2.77029093106588 -15.9923664122137 -6.52926208651400 -34.5521628498728 326 80.4000000000000 -68.4000000000000 0.839193659465122 0.865436560730398 0.867903490953616
47.5490000000000 -7.27158959706624 -4.45121995608012 2.73437786102295 -14.0534351145038 -6.03816793893130 -31.6615776081425 326.200000000000 81.0000000000000 -68.6000000000000 0.840036295561378 0.866669799105504 0.868314116295433
47.5640000000000 -7.14768966039022 -4.68465471267700 2.75393048922221 -14.9923664122137 -6.83969465648855 -28.3587786259542 326.400000000000 80.4000000000000 -68.0000000000000 0.840878931657633 0.867081333323972 0.868724741637250
47.5940000000000 -7.13970899581909 -4.60544665654500 2.75412996610006 -17.4809160305344 -8.31297709923664 -24.9898218829517 327.800000000000 80.6000000000000 -67.8000000000000 0.841300000145693 0.867903037480611 0.868724741637250
47.6090000000000 -7.09661340713501 -4.62719392776489 2.70125802357992 -17.1323155216285 -8.90076335877863 -22.4605597964377 328.200000000000 78.2000000000000 -67 0.841720571742219 0.867903037480611 0.869134915423938
47.6240000000000 -7.02578496932983 -4.79039859771729 2.62623977661133 -14.9185750636132 -8.74045801526718 -19.9847328244275 327 79.4000000000000 -67.8000000000000 0.841720571742219 0.868724741637250 0.868724290082121
47.6540000000000 -6.97031927108765 -5.00308338801066 2.55760598182678 -12.8447837150127 -8.56743002544529 -16.8600508905852 326.400000000000 78.8000000000000 -68.0000000000000 0.842980804693758 0.868314116295433 0.869953464385195
47.6700000000000 -6.99047040939331 -5.00029039382935 2.49116683006287 -10.8854961832061 -8.09160305343512 -9.00763358778626 328.200000000000 79.8000000000000 -67.8000000000000 0.840036794681514 0.869955262997314 0.868724741637250
47.6840000000000 -7.01281627019246 -4.97934103012085 2.48119099934896 -10.1246819338422 -7.78880407124682 -7.58524173027990 329 78.6000000000000 -68.6000000000000 0.841718096121112 0.869134463868809 0.869544639560729
47.7140000000000 -7.04414033889771 -4.91409905751546 2.49655381838481 -8.29516539440204 -6.96183206106870 -5.00763358778626 329.600000000000 78 -68 0.842139164609172 0.869134463868809 0.869544639560729
47.7300000000000 -7.03316688537598 -4.93225510915120 2.51690451304118 -4.58269720101781 -5.24427480916031 -1.67684478371501 331.000000000000 77.8000000000000 -67.4000000000000 0.843400881611752 0.867902585925482 0.871182644366491
47.7440000000000 -6.97251383463542 -5.02303536732992 2.49675329526265 -1.03562340966921 -3.21119592875318 1.09669211195929 330.800000000000 79.2000000000000 -67.2000000000000 0.841298012563958 0.868723385053987 0.869952121101195
47.7740000000000 -6.92263476053874 -5.10643339157105 2.43590068817139 0.631043256997455 -1.48854961832061 3.98473282442748 331 80.2000000000000 -67 0.842138661078479 0.867491507110660 0.870772019024674
47.7890000000000 -6.99665546417236 -4.97894207636515 2.40198286374410 0.363867684478372 -0.0508905852417303 7.51908396946565 330.800000000000 79.6000000000000 -67.2000000000000 0.840876944075899 0.868723385053987 0.868723388877095
47.8040000000000 -7.08244768778483 -4.77543481190999 2.43889347712199 0.928753180661578 1.81170483460560 11.3435114503817 329.400000000000 79.0000000000000 -65.4000000000000 0.842140151768680 0.867491507110660 0.869544188005600
47.8340000000000 -7.13791322708130 -4.69502941767375 2.46483063697815 3.74045801526718 4.38167938931298 14.7964376590331 327.800000000000 77.8000000000000 -67.4000000000000 0.840456867157904 0.867902585925482 0.867902585925482
47.8490000000000 -7.14549493789673 -4.69283469518026 2.49814995129903 6.85750636132316 6.52671755725191 17.4096692111959 326.800000000000 78.8000000000000 -67.6000000000000 0.840456867157904 0.866259173763687 0.868313211267299
47.8640000000000 -7.43279933929443 -4.37300920486450 2.66893625259399 8.84732824427481 7.63358778625954 19.7022900763359 322.800000000000 82.8000000000000 -64.8000000000000 0.838772091856926 0.866259629167333 0.867492865611799
47.8940000000000 -7.42222483952840 -4.37081464131673 2.67352517445882 9.42748091603053 7.83969465648855 19.9872773536896 325.200000000000 82.8000000000000 -66.4000000000000 0.838772091856926 0.865848094948865 0.867081786796977
47.9100000000000 -7.46212816238403 -4.39874712626139 2.65935953458150 10.7735368956743 7.92875318066158 20.5292620865140 327 81.8000000000000 -66.6000000000000 0.839193659465122 0.865436560730398 0.867081786796977
47.9240000000000 -7.50203148523967 -4.45221773783366 2.64858563741048 11.9465648854962 7.69720101781171 21.0356234096692 327.800000000000 81.8000000000000 -68.2000000000000 0.839193659465122 0.865025026511930 0.866259173763687
47.9540000000000 -7.67581065495809 -4.40114132563273 2.64798704783122 11.1552162849873 6.56234096692112 21.7735368956743 326 81.2000000000000 -67.6000000000000 0.839615227073318 0.864613034946296 0.866670252578510
47.9700000000000 -7.92201439539592 -4.25389782587687 2.70405125617981 9.18066157760814 5.20101781170484 23.5394402035623 324.800000000000 82.8000000000000 -69.2000000000000 0.838771590492432 0.864613034946296 0.865847639545220
47.9840000000000 -8.16642236709595 -4.10266399383545 2.77228601773580 8.11195928753181 4.31552162849873 25.6437659033079 326.200000000000 83 -69.4000000000000 0.838771590492432 0.864613034946296 0.866259173763687
48.0140000000000 -8.28453636169434 -4.16591087977092 2.81358599662781 8.61577608142494 3.91857506361323 26.9134860050891 327.800000000000 82.2000000000000 -68.6000000000000 0.838350022884236 0.865025026511930 0.866259173763687
48.0290000000000 -8.27495956420898 -4.27803929646810 2.81637922922770 7.52926208651400 2.77862595419847 26.8473282442748 326.800000000000 82.8000000000000 -69.2000000000000 0.838772091856926 0.865025026511930 0.867081786796977
48.0440000000000 -8.38329728444417 -4.22177561124166 2.82535751660665 3.46819338422392 0.445292620865140 26.4478371501272 324.800000000000 82.8000000000000 -68.0000000000000 0.839193659465122 0.865436560730398 0.867492865611799
48.0740000000000 -8.70711326599121 -3.61883592605591 2.97000718116760 -2.74809160305344 -2.67938931297710 23.6030534351145 325.200000000000 82.8000000000000 -67.2000000000000 0.841300000145693 0.866259629167333 0.868724741637250
48.0900000000000 -8.71130307515462 -3.65694363911947 2.97599267959595 -0.709923664122138 -2.03307888040712 22.4529262086514 324.800000000000 83.2000000000000 -68.4000000000000 0.841300000145693 0.866670707982155 0.868724741637250
48.1040000000000 -8.67000293731690 -3.76268752415975 2.92491634686788 2.93893129770992 -1.00508905852417 20.4122137404580 323.600000000000 84.4000000000000 -69.6000000000000 0.841300000145693 0.867902585925482 0.868724741637250
48.1340000000000 -8.59997240702311 -3.91212558746338 2.85548448562622 6.09414758269720 -0.129770992366412 17.7760814249364 322.000000000000 84.4000000000000 -68.8000000000000 0.840878931657633 0.868313664740304 0.868724741637250
48.1490000000000 -8.55408350626628 -3.97756711641947 2.80779997507731 5.40458015267176 -0.318066157760814 16.1348600508906 321 87 -69 0.841299503254160 0.868313664740304 0.869953915940324
48.1640000000000 -8.56026871999105 -3.88838307062785 2.82974688212077 2.45801526717557 -0.847328244274809 15.7124681933842 319.800000000000 86.6000000000000 -67 0.841299503254160 0.868313664740304 0.869953915940324
48.1940000000000 -8.56964619954427 -3.70722182591756 2.87423912684123 1.02544529262087 -0.620865139949109 15.9134860050891 318.400000000000 85.6000000000000 -68.4000000000000 0.842141143338745 0.867902585925482 0.871183090243398
48.2100000000000 -8.63588587443034 -3.57753586769104 2.86366470654806 2.77608142493639 0.908396946564886 16.0076335877863 317.200000000000 84 -68.8000000000000 0.841299503254160 0.869133109190778 0.869543290598507
48.2250000000000 -8.60216744740804 -3.56376926104228 2.82795119285584 5.81933842239186 3.19592875318066 15.7735368956743 316.200000000000 82.6000000000000 -68.6000000000000 0.842559736205698 0.868312310062273 0.870363188521986
48.2540000000000 -8.60216744740804 -3.50770505269369 2.78724980354309 7.65394402035624 5.24427480916031 15.5547073791349 316.400000000000 83.2000000000000 -68 0.841296528512916 0.869544188005600 0.869134014218912
48.2690000000000 -8.67119979858398 -3.17052149772644 2.81857395172119 8.51145038167939 8.59541984732825 14.6030534351145 320.400000000000 84 -74.4000000000000 0.843821945689256 0.866259629167333 0.872412264546471
48.2840000000000 -8.64306799570719 -3.17670655250549 2.82435997327169 9.67430025445293 9.26972010178117 13.6386768447837 320.800000000000 84 -70.8000000000000 0.842138661078479 0.867491507110660 0.870361386086758
48.3140000000000 -8.54849720001221 -3.21242006619771 2.81139135360718 11.4071246819338 10.1933842239186 12.1170483460560 319.600000000000 84.8000000000000 -69.2000000000000 0.842138661078479 0.867491507110660 0.869542385570373
48.3290000000000 -8.44454892476400 -3.19486260414124 2.82376138369242 13.2417302798982 11.1119592875318 10.7048346055980 317 84.6000000000000 -67.8000000000000 0.840876944075899 0.868313211267299 0.867491507110660
48.3440000000000 -8.41502030690511 -3.17670655250549 2.83952315648397 14.4834605597964 11.4936386768448 10.2671755725191 315.600000000000 84 -69.6000000000000 0.841719580172154 0.866669799105504 0.868313211267299
48.3740000000000 -8.40404669443766 -3.16533414522807 2.82316279411316 15 11.4631043256997 11.0737913486005 317.200000000000 83.6000000000000 -69.6000000000000 0.840036295561378 0.866669799105504 0.867492412138794
48.3890000000000 -8.39826075236003 -3.19027376174927 2.80580480893453 14.3816793893130 10.6921119592875 12.8015267175573 318.200000000000 83.8000000000000 -69.4000000000000 0.839614727953182 0.865024569164763 0.867903490953616
48.4040000000000 -8.41043154398600 -3.07654921213786 2.79762466748556 12.3053435114504 8.94910941475827 15.6361323155216 318.800000000000 84 -71.2000000000000 0.839193659465122 0.865024569164763 0.867492865611799
48.4340000000000 -8.46330356597900 -2.86865266164144 2.83174204826355 10.9592875318066 7.00254452926209 18.8193384223919 318.400000000000 84.8000000000000 -71.2000000000000 0.838771590492432 0.865024569164763 0.866670252578510
48.4490000000000 -8.53313446044922 -2.62643925348918 2.84371312459310 11.6921119592875 5.46310432569975 21.9898218829517 318.800000000000 85.2000000000000 -71.6000000000000 0.838771590492432 0.865024569164763 0.866670252578510
48.4640000000000 -8.62211894989014 -2.56119728088379 2.78685069084168 17.2900763358779 3.45038167938931 27.0305343511450 318 87.6000000000000 -74.4000000000000 0.837505884938855 0.865025026511930 0.865025026511930
48.4940000000000 -8.58022054036458 -2.58813206354777 2.77887002627055 17.3333333333333 2.95928753180662 27.5725190839695 315.800000000000 86.6000000000000 -73.4000000000000 0.837927953911546 0.865025026511930 0.865025026511930
48.5090000000000 -8.53273550669352 -2.60828328132629 2.75951695442200 16.2849872773537 1.68447837150127 28.8320610687023 315.800000000000 86.6000000000000 -73 0.837927953911546 0.865436560730398 0.865436560730398
48.5240000000000 -8.65503915150960 -2.44827079772949 2.79622809092204 14.3078880407125 -0.0992366412213740 30.5496183206107 315.200000000000 85.6000000000000 -72 0.837927953911546 0.865024569164763 0.866259173763687
48.5540000000000 -8.80268128712972 -2.21144433816274 2.84650635719299 12.8804071246819 -1.16793893129771 31.9669211195929 316.800000000000 86 -70.8000000000000 0.838349521519742 0.865024569164763 0.866670707982155
48.5700000000000 -8.95132128397624 -2.06160716215769 2.89059956868490 13.5648854961832 -1.06615776081425 32.3155216284987 315 85.4000000000000 -69.8000000000000 0.839193158100628 0.865435647979585 0.867081786796977
48.5840000000000 -8.91281477610270 -2.12984192371368 2.86705660820007 14.7430025445293 -0.445292620865140 31.9363867684478 314.200000000000 86.6000000000000 -69 0.840036794681514 0.866670252578510 0.867492412138794
48.6140000000000 -8.94254302978516 -2.16874766349793 2.86945080757141 14.2493638676845 -0.142493638676845 31.0814249363868 316 88 -70.4000000000000 0.840036794681514 0.867081786796977 0.868314116295433
48.6300000000000 -9.05507055918376 -1.99995648860931 2.87962611516317 11.9847328244275 0.216284987277354 30.2391857506361 317 89.4000000000000 -71.4000000000000 0.840457863169574 0.867081786796977 0.868314116295433
48.6440000000000 -9.17877101898193 -1.83435753981272 2.86546039581299 10.3842239185751 1.42239185750636 29.2111959287532 316.600000000000 89 -73 0.840878931657633 0.867081786796977 0.869134014218912
48.6740000000000 -9.43854141235352 -1.61488902568817 2.97419714927673 10.7022900763359 5.64122137404580 25 312.600000000000 89.4000000000000 -72.6000000000000 0.840036794681514 0.868724741637250 0.869955262997314
48.6900000000000 -9.51056702931722 -1.53727698326111 2.92112565040588 11.2162849872774 6.58269720101781 24.2951653944020 310.800000000000 88.4000000000000 -72 0.841718096121112 0.868314116295433 0.870364987134105
48.7040000000000 -9.49999268849691 -1.46924177805583 2.84191743532817 12.7022900763359 9.01781170483461 22.5216284987277 309.600000000000 88.4000000000000 -70.8000000000000 0.841296528512916 0.868724290082121 0.869954813347417
48.7340000000000 -9.46427917480469 -1.48161180814107 2.75353145599365 14.4809160305344 12.2137404580153 20.0203562340967 308.200000000000 88.6000000000000 -71 0.842558245515497 0.867902585925482 0.870773813863802
48.7480000000000 -9.36571788787842 -1.54206542174021 2.72659667332967 14.6844783715013 14.4071246819338 18.2900763358779 308.600000000000 88.6000000000000 -71 0.841298012563958 0.869133109190778 0.869953915940324
48.7640000000000 -9.39145565032959 -1.48659972349803 2.73098603884379 12.9465648854962 15.1399491094148 17.1679389312977 308.400000000000 88 -72.4000000000000 0.842981297174735 0.867901231247450 0.870773813863802
48.7940000000000 -9.46108722686768 -1.24338875214259 2.76191115379334 11.0585241730280 15.4605597964377 16.4122137404580 309.600000000000 86.8000000000000 -70.8000000000000 0.841719580172154 0.869133109190778 0.869134014218912
48.8100000000000 -9.48602676391602 -1.01953089237213 2.73916625976563 11.4885496183206 15.9389312977099 15.5597964376590 309.400000000000 86.6000000000000 -71 0.842560228686675 0.867902585925482 0.869953912142390
48.8240000000000 -9.43734455108643 -0.930147369702657 2.65217693646749 13.1755725190840 15.9541984732824 15.7328244274809 310.800000000000 88.4000000000000 -72 0.840876944075899 0.869134463868809 0.868312310062272
48.8540000000000 -9.30007680257162 -0.913387954235077 2.59311993916829 13.9185750636132 14.9109414758270 16.4987277353690 310.200000000000 88.6000000000000 -75 0.841718584160485 0.867491051707015 0.869133109190778
48.8690000000000 -9.33798503875732 -0.841561913490295 2.55042338371277 12.4198473282443 9.91603053435115 16.7099236641221 308.400000000000 86.4000000000000 -73.2000000000000 0.838772091856926 0.866259629167333 0.865025026511930
48.8840000000000 -9.30725955963135 -0.748587071895599 2.57057460149129 12.5928753180662 8.88549618320611 17.2849872773537 308.800000000000 86.4000000000000 -73.6000000000000 0.838772091856926 0.866259629167333 0.866258264887037
48.9140000000000 -9.22924868265788 -0.682546993096670 2.53865194320679 13.0330788804071 6.91857506361323 18.3536895674300 308.800000000000 86.4000000000000 -73.2000000000000 0.839193659465122 0.866259629167333 0.866669799105504
48.9290000000000 -9.18515555063883 -0.585581819216410 2.50692876180013 13.0534351145038 3.91348600508906 19.2773536895674 310 87.2000000000000 -72.8000000000000 0.839193659465122 0.865848094948865 0.867081333323972
48.9440000000000 -9.15961742401123 -0.536700208981832 2.46283555030823 12.4452926208651 0.905852417302799 19.5089058524173 310.800000000000 86 -72.8000000000000 0.839193659465122 0.865436560730398 0.866670707982155
48.9740000000000 -9.20969613393148 -0.484626332918803 2.47520558039347 11.9440203562341 -1.95674300254453 19.0381679389313 311.400000000000 87.4000000000000 -71.4000000000000 0.838772091856926 0.865025026511930 0.866259173763687
48.9890000000000 -9.25877730051676 -0.406814773877462 2.50672920544942 11.9414758269720 -4.23409669211196 18.6437659033079 308.800000000000 88 -72.4000000000000 0.839193659465122 0.864200584076968 0.866670252578510
49.0040000000000 -9.34037971496582 -0.352346678574880 2.52029633522034 12.7430025445293 -5.55470737913486 18.1653944020356 307.600000000000 91.2000000000000 -72 0.838349017894978 0.864612118295435 0.865847639545220
49.0340000000000 -9.43275578816732 -0.283513377110163 2.56578612327576 13.6132315521629 -5.91603053435115 17.2697201017812 307.200000000000 90.8000000000000 -73.2000000000000 0.838349017894978 0.864200126729800 0.866259173763687
49.0500000000000 -9.50637753804525 -0.300671825806300 2.58753347396851 13.9847328244275 -5.81679389312977 16.2722646310433 308.200000000000 90.2000000000000 -72.6000000000000 0.838349017894978 0.864612577599128 0.865848094948865
49.0640000000000 -9.40382575988770 -0.615309834480286 2.56897830963135 10.0076335877863 -5.10687022900763 15.2137404580153 310.200000000000 91.8000000000000 -75 0.840036794681514 0.865025026511930 0.867492865611799
49.0940000000000 -9.33519204457601 -0.561041265726090 2.62564110755920 8.47837150127226 -4.98727735368957 14.6946564885496 308.800000000000 90.4000000000000 -74.8000000000000 0.840036794681514 0.865847639545220 0.867903490953616
49.1090000000000 -9.41958777109782 -0.244607607523600 2.70784203211466 6.56997455470738 -4.58015267175573 14.0661577608143 308.400000000000 89.2000000000000 -74.0000000000000 0.840036794681514 0.866259173763687 0.867903490953616
49.1240000000000 -9.44771957397461 0.0722250839074453 2.75253383318583 6.61577608142494 -2.87022900763359 13.6157760814249 307.600000000000 87.6000000000000 -72.8000000000000 0.840457863169574 0.867081786796977 0.867903490953616
49.1540000000000 -9.47126261393229 0.206100864956776 2.73597391446432 10.1781170483461 -0.0203562340966921 12.4351145038168 308.600000000000 89 -73 0.840878931657633 0.867081786796977 0.867903490953616
49.1690000000000 -9.35474459330241 0.0482830690840880 2.68370056152344 13.7506361323155 2.84478371501272 10.5012722646310 306.200000000000 88.2000000000000 -73.4000000000000 0.841300000145693 0.867492865611799 0.867903490953616
49.1840000000000 -9.33598995208740 0.00997583940625191 2.72819280624390 13.8854961832061 4.22646310432570 8.72773536895674 306.600000000000 89.4000000000000 -73.8000000000000 0.842140648660214 0.867081786796977 0.869134014218912
49.2140000000000 -9.48163700103760 0.190538550416629 2.75831985473633 11.3893129770992 4.80661577608143 8.19592875318066 307.600000000000 90 -74.4000000000000 0.842140648660214 0.867902585925482 0.869134014218912
49.2280000000000 -9.43514951070150 0.355738470951716 2.76689902941386 9.29007633587786 5.84478371501272 8.22900763358779 308.600000000000 90.6000000000000 -75.4000000000000 0.842981297174735 0.867902585925482 0.870364537484207
49.2430000000000 -9.39085674285889 0.332794040441513 2.68709230422974 8.91857506361323 6.95165394402036 7.26208651399491 307.600000000000 91.2000000000000 -74.4000000000000 0.841719580172154 0.869134463868809 0.869544639560729
49.2740000000000 -9.29069995880127 0.0909796655178070 2.62165093421936 6.67175572519084 7.02290076335878 7.52671755725191 312 91.2000000000000 -76.8000000000000 0.845080699000308 0.867492865611799 0.871184435407686
49.2890000000000 -9.36232630411784 0.222261726856232 2.57336783409119 4.99236641221374 7.25445292620865 8.80407124681934 311.200000000000 89.6000000000000 -75.2000000000000 0.843399397560710 0.868313664740304 0.870364537484207
49.3040000000000 -9.25757980346680 0.363918652137121 2.57137266794841 2.58015267175573 7.63358778625954 11.9923664122137 311.000000000000 88.6000000000000 -74.6000000000000 0.843399397560710 0.867902585925482 0.870364537484207
49.3340000000000 -9.22266419728597 0.497195879618327 2.55042338371277 1.44529262086514 7.86513994910941 15.1730279898219 309.400000000000 89 -73.8000000000000 0.841718096121112 0.868723385053987 0.869134014218912
49.3490000000000 -9.09876441955566 0.546277006467184 2.58035087585449 3.05597964376590 7.66412213740458 17.0254452926209 309.000000000000 90.2000000000000 -74.6000000000000 0.842979813123693 0.867491507110660 0.869544188005600
49.3640000000000 -9.15861956278483 0.609124799569448 2.55221899350484 5.64376590330789 7.19338422391858 17.3638676844784 308.200000000000 91 -75 0.840454875103209 0.868723385053987 0.867902585925482
49.4080000000000 -9.14804522196452 0.718060970306397 2.55361557006836 6.69465648854962 6.78117048346056 18.4580152671756 309 89.8000000000000 -76.2000000000000 0.840875943591268 0.867079972892192 0.869133109190778
49.4100000000000 -9.20630391438802 0.822408258914948 2.52688034375509 6.68447837150127 6.17302798982188 20.0585241730280 308.400000000000 89.6000000000000 -76.4000000000000 0.839192658980492 0.867491051707015 0.868312310062273
49.4240000000000 -9.25239213307699 0.913387934366862 2.48737597465515 6.47837150127226 5.37404580152672 20.9160305343511 308.200000000000 89.4000000000000 -75.8000000000000 0.839614727953182 0.865847639545220 0.868723388877095
49.4540000000000 -9.37609259287516 1.02910770972570 2.43929243087769 6.49363867684478 4.24427480916031 20.2798982188295 308 88 -74.0000000000000 0.838772091856926 0.866259173763687 0.867492865611799
49.4690000000000 -9.37689113616943 1.23181676864624 2.42113637924194 7.10687022900763 2.54198473282443 18.5114503816794 304.200000000000 90.6000000000000 -76.2000000000000 0.837505884938855 0.865025026511930 0.863789051815026
49.4840000000000 -9.41340255737305 1.15260859330495 2.44487889607747 7.62849872773537 2.19338422391858 18.3027989821883 305.600000000000 90 -75.2000000000000 0.838349521519742 0.864613034946296 0.865023656413950
49.5140000000000 -9.44532521565755 1.05165308713913 2.42273259162903 7.87786259541985 1.86005089058524 17.9567430025445 306.200000000000 88.6000000000000 -75.8000000000000 0.838349521519742 0.865024569164763 0.865435647979585
49.5440000000000 -9.44133472442627 0.985812524954478 2.44268433252970 7.19083969465649 1.44020356234097 17.4020356234097 304 86.8000000000000 -76 0.838771590492432 0.864612577599128 0.866670252578510
49.5450000000000 -9.44871679941813 1.10013566414515 2.44747273127238 5.64631043256998 0.689567430025445 17.0687022900763 303.200000000000 87.2000000000000 -77.2000000000000 0.837927953911546 0.864612577599128 0.866670252578510
49.5740000000000 -9.47804578145345 1.25875151157379 2.48039301236471 4.94656488549618 -0.175572519083970 16.9134860050891 303.600000000000 88.4000000000000 -77.6000000000000 0.838350022884236 0.863789051815026 0.867903490953616
49.5880000000000 -9.53470865885417 1.41178091367086 2.49316207567851 5.72264631043257 -0.885496183206107 16.7684478371501 304.400000000000 90.8000000000000 -77.6000000000000 0.838350022884236 0.864201043380661 0.867492412138794
49.6040000000000 -9.46966616312663 1.39182921250661 2.48198914527893 7.48600508905852 -1.43256997455471 16.2824427480916 303.200000000000 90.8000000000000 -76 0.839193659465122 0.865024569164763 0.867492412138794
49.6340000000000 -9.38347498575846 1.33476742108663 2.46283547083537 8.51399491094148 -2.51908396946565 15.3765903307888 303 90.6000000000000 -73.4000000000000 0.839193659465122 0.865848094948865 0.867492412138794
49.6490000000000 -9.33618958791097 1.35671428839366 2.46542914708455 7.92620865139949 -3.96437659033079 14.3867684478372 304.400000000000 89.6000000000000 -73.2000000000000 0.839615227073318 0.866670707982155 0.867903490953616
49.6640000000000 -9.38467216491699 1.71544551849365 2.42173504829407 3.61068702290076 -5.83206106870229 13.2519083969466 307.800000000000 93 -73.8000000000000 0.841300000145693 0.867492865611799 0.868724741637250
49.6940000000000 -9.34955724080404 1.70167887210846 2.43689831097921 3.51653944020356 -5.93893129770992 13.1908396946565 306.200000000000 91.8000000000000 -73.8000000000000 0.841720571742219 0.867081786796977 0.869134915423938
49.7080000000000 -9.26436360677083 1.63763395945231 2.47161420186361 3.56234096692112 -5.70992366412214 12.5776081424936 303.600000000000 89.6000000000000 -74.4000000000000 0.841299503254160 0.867492412138794 0.869134915423938
49.7240000000000 -9.23423639933268 1.63264604409536 2.49954652786255 3.72010178117048 -5.13486005089059 11.6132315521629 302.400000000000 90.8000000000000 -75.2000000000000 0.841720074850686 0.867081333323972 0.869954813347417
49.7540000000000 -9.26795482635498 1.74018557866414 2.53146918614705 4.41475826972010 -3.70992366412214 10.5521628498728 303.200000000000 92.4000000000000 -76.4000000000000 0.840878434766100 0.868313211267299 0.869544639560729
49.7690000000000 -9.32242298126221 1.86109276612600 2.51710398991903 5.77353689567430 -1.58524173027990 9.41475826972010 304.200000000000 94.2000000000000 -77 0.842140151768681 0.867902585925482 0.870364537484207
49.7840000000000 -9.28970241546631 1.88363814353943 2.52368807792664 7.02290076335878 0.819338422391858 8.00254452926209 304.400000000000 93.2000000000000 -77.2000000000000 0.841298511684095 0.869134463868809 0.869954813347417
49.8140000000000 -9.25498644510905 1.82358360290527 2.49695285161336 7.08651399491094 3.00763358778626 6.54452926208651 302.600000000000 93 -77 0.842560228686675 0.867902585925482 0.870774711270895
49.8290000000000 -9.22585678100586 1.82338408629100 2.50453448295593 5.56997455470738 4.94147582697201 5.57506361323155 301.600000000000 92 -78.4000000000000 0.841298511684095 0.868723385053987 0.869544188005600
49.8440000000000 -9.20311196645101 1.90498650074005 2.51151752471924 3.92620865139949 6.98727735368957 4.92620865139949 301.600000000000 90.8000000000000 -79.2000000000000 0.842560228686675 0.867491507110660 0.869953912142390
49.8740000000000 -9.17458057403565 1.91895270347595 2.43011474609375 4.82442748091603 10.3435114503817 3.66412213740458 309 91.8000000000000 -75 0.840036794681514 0.869955262997314 0.867492865611799
49.8890000000000 -9.12749481201172 1.84991987546285 2.38043506940206 4.75572519083969 10.5394402035623 3.73282442748092 308.200000000000 91 -74.6000000000000 0.840878434766100 0.868311850835520 0.868723388877095
49.9040000000000 -9.07422383626302 1.84892229239146 2.36567083994548 3.97201017811705 10.8473282442748 3.88295165394402 306.000000000000 90.4000000000000 -75.2000000000000 0.840878434766100 0.867491051707015 0.868312310062272
49.9340000000000 -9.06105581919352 1.93591161568960 2.34192832310995 2.92111959287532 10.9770992366412 4.32824427480916 303.800000000000 90.6000000000000 -77.4000000000000 0.840878434766100 0.865435647979585 0.869133109190778
49.9490000000000 -9.05886109670003 2.01312462488810 2.35270222028097 2.42239185750636 10.7353689567430 4.83969465648855 301.600000000000 90.4000000000000 -78.4000000000000 0.839193158100628 0.865847182198053 0.867902585925482
49.9640000000000 -9.02155145009359 1.97741111119588 2.30242395401001 2.47328244274809 10.1246819338422 5.08396946564886 301.400000000000 90.6000000000000 -79.8000000000000 0.839193158100628 0.865436103383230 0.867902585925482
49.9940000000000 -8.99381860097249 1.99037973086039 2.27469110488892 1.90330788804071 9.26717557251908 5.09160305343511 301.800000000000 89.4000000000000 -79.8000000000000 0.838771590492432 0.865436103383230 0.867081786796977
50.0090000000000 -9.02135181427002 2.06360240777334 2.22979982693990 0.646310432569975 8.09669211195929 5.25190839694657 301.400000000000 90.2000000000000 -79.8000000000000 0.838349017894978 0.865024569164763 0.866259173763687
50.0230000000000 -9.06564458211263 2.13682508468628 2.16555539766947 -0.872773536895674 6.72773536895674 5.58269720101781 302 88.8000000000000 -79.2000000000000 0.838349017894978 0.864201043380661 0.865847639545220
50.0540000000000 -9.08479817708333 2.15937042236328 2.14201243718465 -2.24681933842239 5.98982188295166 5.62340966921120 301.400000000000 89 -80.6000000000000 0.837926948922288 0.865024569164763 0.865025026511930
50.0690000000000 -9.10574722290039 2.38522338867188 2.23738145828247 -3.12213740458015 6.70229007633588 4.27480916030534 301.200000000000 88.8000000000000 -74.4000000000000 0.838772091856926 0.863789051815026 0.867492865611799
50.0840000000000 -9.07562033335368 2.32057992617289 2.22960035006205 -1.73536895674300 6.63613231552163 3.72773536895674 299.800000000000 89 -77.4000000000000 0.839193659465122 0.864201043380661 0.867081786796977
50.1140000000000 -9.06265195210775 2.18710319201152 2.14360860983531 -0.114503816793893 6.86005089058524 2.52162849872774 299 89.8000000000000 -79.4000000000000 0.839615227073318 0.865024569164763 0.866670707982155
50.1290000000000 -9.09876473744710 2.10490226745605 2.07537384827932 0.193384223918575 7.41984732824427 1.35114503816794 298.400000000000 90.4000000000000 -80.8000000000000 0.839615227073318 0.865848094948865 0.866670707982155
50.1430000000000 -9.24860191345215 2.17672832806905 1.99337240060170 -1.91857506361323 8.07633587786260 1.43002544529262 299.800000000000 91 -80.2000000000000 0.839615227073318 0.865848094948865 0.867081786796977
50.1740000000000 -9.36232630411784 2.30701279640198 2.06639552116394 -4.21628498727735 8.79898218829517 2.98218829516539 302.200000000000 91.4000000000000 -79.4000000000000 0.839193659465122 0.866259173763687 0.867081786796977
50.1880000000000 -9.35654036204020 2.33893553415934 2.05821537971497 -4.31043256997455 9.33842239185751 4.08651399491094 302.400000000000 90.8000000000000 -80.4000000000000 0.840456867157904 0.866670252578510 0.867492412138794
50.2040000000000 -9.35693931579590 2.30561621983846 2.06759266058604 -2.65139949109415 9.64122137404580 4.03816793893130 301.400000000000 90.6000000000000 -79.8000000000000 0.840456867157904 0.867903490953616 0.868313211267299
50.2330000000000 -9.34177621205648 2.25453996658325 1.97820917765299 -0.964376590330789 9.53180661577608 3.75063613231552 300.200000000000 88.2000000000000 -81.0000000000000 0.841720074850686 0.867903490953616 0.869954813347417
50.2480000000000 -9.37709045410156 2.27908047040304 1.94728406270345 -0.335877862595420 9.20101781170484 4.26717557251908 298.600000000000 88.6000000000000 -82.6000000000000 0.841299503254160 0.868724290082121 0.869954813347417
50.2630000000000 -9.20809936523438 2.27688574790955 2.01232647895813 1.14503816793893 7.65648854961832 6.48091603053435 300.600000000000 82.2000000000000 -81 0.843821945689256 0.867492865611799 0.871184435407686
50.2940000000000 -9.18555418650309 2.26311914126078 1.98000478744507 1.36132315521628 7.15012722646311 6.51145038167939 299.600000000000 84 -82 0.842138661078479 0.868313664740304 0.870364537484207
50.3080000000000 -9.19333553314209 2.25114814440409 1.93192124366760 1.21374045801527 5.94656488549618 6.18066157760814 300.200000000000 85.4000000000000 -84.6000000000000 0.842138661078479 0.868313664740304 0.870773813863802
50.3240000000000 -9.22326310475667 2.29165005683899 1.89022223154704 0.368956743002544 4.07633587786260 5.81679389312977 299 87 -86.6000000000000 0.841298012563958 0.869134463868809 0.869953915940324
50.3540000000000 -9.24201774597168 2.45405673980713 1.88782803217570 -0.760814249363868 2.33587786259542 5.17302798982188 299.800000000000 87.4000000000000 -87.4000000000000 0.842981297174735 0.868313664740304 0.871183090243398
50.3680000000000 -9.19134044647217 2.52289001146952 1.93172172705332 -1.07379134860051 0.969465648854962 4.78371501272265 298.200000000000 89 -84.6000000000000 0.841719580172154 0.869544188005600 0.869543290598507
50.3840000000000 -9.13028844197591 2.52049581209819 1.93970243136088 -0.648854961832061 -0.170483460559796 4.38676844783715 300.200000000000 90.2000000000000 -82.6000000000000 0.842560228686675 0.868312310062272 0.870363188521986
50.4140000000000 -9.12490145365397 2.41814366976420 1.92473864555359 -0.300254452926209 -1.17048346055980 4.28753180661578 299.000000000000 91.4000000000000 -82.6000000000000 0.841298511684095 0.868722935404089 0.868312310062272
50.4290000000000 -9.23004690806071 2.46782342592875 1.87745316823324 -0.623409669211196 -1.86259541984733 4.24936386768448 298.200000000000 92.2000000000000 -83.0000000000000 0.842560228686675 0.866669799105504 0.869542833327568
50.4440000000000 -9.28212070465088 2.51451039314270 1.85929711659749 -1.01017811704835 -1.85750636132316 4.15267175572519 297.000000000000 91 -83.8000000000000 0.841298511684095 0.867080877920327 0.868312310062273
50.4740000000000 -9.23443603515625 2.51570749282837 1.89141929149628 -1.49618320610687 -0.923664122137405 2.96183206106870 294 90 -85.2000000000000 0.840036794681514 0.865025026511930 0.867492865611799
50.4890000000000 -9.22007083892822 2.50912340482076 1.87485941251119 -1.47837150127226 -0.715012722646310 2.56997455470738 295.800000000000 88.6000000000000 -83.8000000000000 0.839193158100628 0.865436560730398 0.867081786796977
50.5190000000000 -9.17218685150147 2.48079196612040 1.84991983572642 -1.40966921119593 -0.147582697201018 1.80407124681934 298.600000000000 86.6000000000000 -82.6000000000000 0.838771590492432 0.865848094948865 0.866670707982155
50.5340000000000 -9.08978652954102 2.44447986284892 1.85291262467702 -1.38167938931298 0.783715012722646 0.951653944020356 298 86.4000000000000 -81.6000000000000 0.839192658980492 0.865023652513903 0.866259629167333
50.5490000000000 -9.07661851247152 2.45385718345642 1.84094162782033 -1.08905852417303 1.74554707379135 0.284987277353690 297.600000000000 85.6000000000000 -81.6000000000000 0.839192658980492 0.865023652513903 0.865848094948865
50.5640000000000 -9.09956296284994 2.49755136171977 1.84213872750600 -0.468193384223919 2.66157760814249 -0.170483460559796 296.800000000000 88.4000000000000 -82 0.839192658980492 0.863787675860472 0.865848094948865
50.5940000000000 -9.17797279357910 2.52987313270569 1.80043967564901 0.534351145038168 3.48346055979644 -0.720101781170484 298.200000000000 88.6000000000000 -84.2000000000000 0.837927953911546 0.864200126729800 0.865848094948865
50.6090000000000 -9.20650355021159 2.54503639539083 1.79525224367778 1.22646310432570 4.35114503816794 -1.17557251908397 297.800000000000 89.8000000000000 -83.8000000000000 0.838350022884236 0.863788592511333 0.866670707982155
50.6240000000000 -9.21268844604492 2.55900263786316 1.79285804430644 1.39949109414758 5.05597964376590 -1.46310432569975 296.800000000000 89.2000000000000 -85.6000000000000 0.837927953911546 0.865024569164763 0.866670707982155
50.6540000000000 -9.23802725474040 2.62863397598267 1.80443004767100 1.16539440203562 5.76844783715013 -1.88040712468193 296.600000000000 90.2000000000000 -83.4000000000000 0.838350022884236 0.865436560730398 0.867081786796977
50.6690000000000 -8.92378807067871 2.53366398811340 1.91236865520477 1.23664122137405 7.96183206106870 -3.77862595419847 297.600000000000 85.2000000000000 -84 0.838772091856926 0.866259629167333 0.866259629167333
50.6840000000000 -8.91939862569173 2.44527800877889 1.86588120460510 0.898218829516539 7.80916030534351 -4.16030534351145 297.600000000000 87.2000000000000 -83.2000000000000 0.839193659465122 0.866670707982155 0.866670707982155
50.7140000000000 -8.90204079945882 2.36686786015828 1.81081453959147 -0.223918575063613 7.39694656488550 -4.56997455470738 297.800000000000 88.6000000000000 -82.6000000000000 0.839615227073318 0.866670707982155 0.867081786796977
50.7290000000000 -8.94134553273519 2.34911084175110 1.73519766330719 -1.75318066157761 7.09414758269720 -4.89821882951654 298.600000000000 90.6000000000000 -84.2000000000000 0.840878434766100 0.866670707982155 0.868313664740304
50.7440000000000 -8.97526359558106 2.43450403213501 1.71903681755066 -2.31297709923664 6.87786259541985 -4.70229007633588 298.800000000000 90.4000000000000 -85.6000000000000 0.841720074850686 0.867081333323972 0.868724290082121
50.7740000000000 -9.05167833964030 2.48957069714864 1.67873442173004 -1.39185750636132 6.49872773536896 -3.81424936386768 297.600000000000 90 -87.2000000000000 0.842141143338745 0.867492412138794 0.869545089210626
50.7890000000000 -9.07163016001383 2.48558036486308 1.62446582317352 0.0356234096692112 5.60559796437659 -2.62340966921120 297.600000000000 88.8000000000000 -86.8000000000000 0.841299503254160 0.868314116295433 0.869545089210626
50.8040000000000 -9.10933876037598 2.46423212687174 1.58476197719574 1.18575063613232 4.51399491094148 -1.47837150127226 298.400000000000 88 -86.4000000000000 0.841719580172154 0.867903490953616 0.870364987134105
50.8340000000000 -9.11392784118652 2.46143889427185 1.57897599538167 1.85750636132316 3.39440203562341 -0.786259541984733 299.600000000000 87.6000000000000 -84.8000000000000 0.841719580172154 0.868724290082121 0.869954813347417
50.8490000000000 -9.12909126281738 2.46842201550802 1.59773059686025 1.70229007633588 2.43765903307888 -0.198473282442748 300 88.4000000000000 -84.8000000000000 0.842981297174735 0.868313664740304 0.870773813863802
50.8640000000000 -9.09138202667236 2.56478857994080 1.67653977870941 -2.05343511450382 0.961832061068702 1.34351145038168 297.600000000000 88.8000000000000 -84 0.842561714935271 0.871184435407686 0.868724741637250
50.8940000000000 -9.12071100870768 2.60928082466126 1.69888563950857 -2.26208651399491 0.631043256997455 1.35877862595420 298.600000000000 87.8000000000000 -85 0.842981791853266 0.869542833327568 0.869953915940324
50.9090000000000 -9.18236192067464 2.63003055254618 1.67494360605876 -1.89058524173028 0.234096692111959 1.06361323155216 298.200000000000 87 -83.8000000000000 0.841718584160485 0.869542833327568 0.869132211783685
50.9230000000000 -9.21268844604492 2.58114894231161 1.67254940668742 -1.65394402035623 0.190839694656489 0.323155216284987 297.400000000000 85.8000000000000 -85.8000000000000 0.841718584160485 0.867489697028983 0.869952109707163
50.9540000000000 -9.17777315775553 2.48318616549174 1.68072958787282 -1.97964376590331 0.549618320610687 -0.638676844783715 296.000000000000 86.4000000000000 -85.6000000000000 0.840035299549708 0.868311401185622 0.867901231247450
50.9690000000000 -9.14525190989176 2.46323450406392 1.76253147919973 -3.09160305343511 1.01526717557252 -1.33078880407125 296.800000000000 86.4000000000000 -86.8000000000000 0.841298507242490 0.866258264887037 0.868722935404089
50.9830000000000 -9.11851692199707 2.46343398094177 1.77649764219920 -3.31552162849873 1.58524173027990 -1.58015267175573 297.800000000000 86.2000000000000 -85.4000000000000 0.840035299549708 0.867080877920327 0.867492412138794
51.0130000000000 -9.12769476572673 2.45226105054220 1.72003440062205 -2.49618320610687 2.36895674300254 -1.53689567430025 296.400000000000 87.6000000000000 -84.4000000000000 0.840456867157904 0.865847639545220 0.867903490953616
51.0290000000000 -9.10395208994548 2.45445569356283 1.64262187480927 -1.48346055979644 3.15267175572519 -1.45547073791349 295.200000000000 87.2000000000000 -84 0.839193659465122 0.865847639545220 0.867492865611799
51.0430000000000 -9.14046351114909 2.50214020411174 1.60591077804565 -0.689567430025445 3.31806615776081 -1.63613231552163 295 87 -84.6000000000000 0.838771590492432 0.865436560730398 0.867081786796977
51.0730000000000 -9.19552993774414 2.53007268905640 1.64780926704407 1.51908396946565 3.28244274809160 -2.72519083969466 293.400000000000 84.6000000000000 -90.6000000000000 0.840036794681514 0.863789051815026 0.866259629167333