20.406 1.7671004295349122 -8.190863227844238 5.76643476486206 -0.6977099236641221 0.5259541984732825 -1.5633587786259544 318.29999999999995 122.81999999999998 439.14 1.727039175709691 0.8764542385498372 0.9974835381206331
20.421 1.7641076683998107 -8.19864444732666 5.7710436344146725 -0.8778625954198473 0.583969465648855 -1.7114503816793896 318.4799999999999 122.64000000000001 439.2 1.7267944213617088 0.8765764897592154 0.9970398286955124
20.451 1.7593791127204894 -8.20253496170044 5.770026111602784 -1.1931297709923663 0.6053435114503817 -1.8671755725190842 318.29999999999995 123.17999999999999 439.0200000000001 1.726386297709564 0.8764543700931272 0.9971508004851742
20.466 1.7631499767303467 -8.19253911972046 5.771402788162232 -1.5106870229007634 0.6793893129770993 -1.9984732824427482 318.65999999999997 123.05999999999999 439.26000000000005 1.7261414235765702 0.8764543700931273 0.9970398286955124
20.481 1.7621922969818116 -8.194035530090332 5.76966700553894 -1.612213740458015 0.6832061068702291 -2.136641221374046 318.06 123.9 438.5400000000001 1.7263046596406277 0.876698740968594 0.9970398286955122
20.511 1.7573440313339233 -8.198404884338379 5.750273990631103 -1.6923664122137407 0.6969465648854962 -2.251908396946565 318.48 123.6 438.84 1.7263046596406277 0.8769431118440606 0.9969287674356183
20.526 1.7445949077606202 -8.177515506744385 5.728486776351929 -1.8511450381679388 0.7083969465648855 -2.337404580152672 318.24 123.11999999999998 438.84 1.7263862444136233 0.8773098660217233 0.9968177956459563
20.541 1.7419612884521485 -8.177874660491943 5.725075006484985 -1.8343511450381675 0.7885496183206107 -2.3900763358778625 318.18 123.17999999999998 439.14 1.72687547578405 0.8775539743565792 0.9968177956459563
20.571 1.7377714395523072 -8.159678745269776 5.71041054725647 -1.8465648854961831 0.8824427480916031 -2.4114503816793893 318.53999999999996 123.17999999999999 439.02 1.7280159197074703 0.8777983452320459 0.9971507113170611
20.586 1.7332823038101197 -8.147767543792725 5.699516916275025 -1.6801526717557251 0.9671755725190838 -2.3862595419847326 318.53999999999996 122.58 438.9 1.728993286584264 0.8784082912881411 0.997372744366617
20.601 1.7379510045051574 -8.163090419769286 5.698259973526001 -1.4290076335877864 1.049618320610687 -2.374809160305343 318.84 122.64000000000001 438.36 1.7299714356124825 0.8786526621636078 0.9974837161562791
20.631 1.737891149520874 -8.173804473876952 5.685929822921753 -1.3610687022900763 1.0381679389312977 -2.3870229007633585 318.7799999999999 122.57999999999997 438.4200000000001 1.7311940250983735 0.8791403570103246 0.9978166318273839
20.646 1.7416620254516602 -8.181645488739013 5.685929822921753 -1.3748091603053436 1.084732824427481 -2.3923664122137405 318.84000000000003 122.15999999999997 438.6 1.7325802977787361 0.8792624766764128 0.9980383082029487
20.661 1.7464504361152648 -8.191940593719483 5.6893415451049805 -1.4465648854961835 1.084732824427481 -2.377099236641221 318.6 121.67999999999998 438.71999999999997 1.7333960804106017 0.8796284432251612 0.9979272469430548
20.691 1.7513585448265077 -8.187870407104493 5.6947284698486325 -1.4770992366412214 0.9954198473282443 -2.4083969465648853 318.90000000000003 121.61999999999998 438.66 1.7342114667964759 0.879506323559073 0.9979272469430548
20.706 1.7489643454551698 -8.186733150482178 5.696643829345703 -1.3549618320610686 0.8114503816793892 -2.483969465648855 318.42 122.1 438.7799999999999 1.7354342528966544 0.8797501704417334 0.9978160959092609
20.721 1.7527950644493102 -8.212949657440186 5.708255672454834 -1.2450381679389313 0.650381679389313 -2.5717557251908394 318.6 121.92 438.71999999999997 1.7362493765603202 0.8795057995662668 0.9979270676989229
20.751 1.7612346291542054 -8.22007246017456 5.719687986373901 -1.4740458015267177 0.42977099236641225 -2.6961832061068702 319.62 121.85999999999999 438.3 1.7332247096780762 0.8795057995662667 0.9978159166651286
20.766 1.7657836079597473 -8.22402286529541 5.7352502822875975 -1.7572519083969467 0.22748091603053439 -2.8091603053435117 319.67999999999995 122.4 438.84 1.726506687525801 0.8792614286908002 0.9975940622539177
20.781 1.7688960790634156 -8.21666078567505 5.7417745113372805 -1.912977099236641 0.041984732824427475 -2.8862595419847326 318.84000000000003 123.00000000000003 439.56000000000006 1.719788665373526 0.8788958535101716 0.997149637057644
20.811 1.7673398494720458 -8.211034393310547 5.745246076583863 -1.8679389312977097 -0.14122137404580154 -2.8916030534351145 319.26000000000005 123.18000000000002 439.38 1.7135601634390554 0.8787737338440834 0.9968164529742941
20.826 1.7721282601356507 -8.212949752807617 5.749495792388916 -1.5961832061068701 -0.23816793893129767 -2.8351145038167944 319.38000000000005 123.05999999999999 439.38 1.7070037823621953 0.8780414044857923 0.9965945985630832
20.841 1.7767969489097595 -8.205348205566406 5.739021158218383 -1.2977099236641223 -0.31679389312977096 -2.722900763358779 319.50000000000006 123.3 439.37999999999994 1.700362573651783 0.8779192848197038 0.9959284969912447
20.871 1.7797896981239318 -8.191162586212158 5.7259727954864506 -1.0312977099236642 -0.3587786259541984 -2.5931297709923666 319.56000000000006 123.84 439.32 1.6939623947819835 0.8771861678112497 0.9959284969912445
20.886 1.7888278126716615 -8.179969692230225 5.721004867553711 -0.7404580152671756 -0.31984732824427475 -2.4229007633587787 319.38 123.42 439.38 1.6872351041342433 0.8771861678112497 0.995261857674568
20.901 1.7884088277816772 -8.182663249969483 5.715378475189209 -0.370229007633588 -0.2793893129770992 -2.2274809160305344 319.32 123.35999999999999 438.9599999999999 1.6804298803094224 0.8766979500531228 0.995484069968256
20.931 1.7843985438346863 -8.160038089752197 5.69921760559082 -0.06793893129770993 -0.18167938931297706 -1.964885496183206 318.71999999999997 123.96 438.71999999999997 1.6742003082377193 0.8766979500531228 0.9950396447719824
20.946 1.7843985438346863 -8.144775009155273 5.683176469802857 0.46564885496183217 -0.0038167938931297886 -1.6671755725190842 318.24 124.43999999999998 438.84 1.6699162481894665 0.8764538417182667 0.9951507958057764
20.961 1.788767969608307 -8.135677051544189 5.67264199256897 1.1442748091603054 0.07404580152671755 -1.43206106870229 318.18 123.77999999999997 438.7799999999999 1.6689249181778927 0.8765760929276452 0.9948173423991648
20.991 1.785296368598938 -8.132983493804932 5.667255020141601 1.7931297709923661 0.1450381679389313 -1.2473282442748093 318.84000000000003 123.47999999999999 438.35999999999996 1.6680989650519589 0.8764539732615569 0.9950397345458825
21.007 1.7922395467758179 -8.131666660308838 5.675993871688843 2.315267175572519 0.2633587786259542 -1.0717557251908398 318.3 122.93999999999998 439.02 1.6681814605328527 0.8765760929276452 0.9950397345458827
21.021 1.7943344712257385 -8.135796642303466 5.694848203659058 2.634351145038168 0.2900763358778625 -0.9435114503816795 317.93999999999994 123.42 439.14000000000004 1.66685893939011 0.8769428471053079 0.9950397345458827
21.051 1.7889475107192994 -8.135796642303466 5.718790197372437 2.811450381679389 0.2610687022900763 -0.8977099236641222 317.93999999999994 123.3 439.26000000000005 1.665866863267457 0.8770649667713959 0.9955950423637052
21.066 1.7979856252670288 -8.149443531036377 5.751890039443969 3.061832061068702 0.31832061068702283 -0.8839694656488548 317.88 123.11999999999998 439.44000000000005 1.6656189149307725 0.8775542368971898 0.995706103623599
21.081 1.7962498307228087 -8.16686134338379 5.769188117980957 3.117557251908397 0.3145038167938931 -0.9122137404580153 317.99999999999994 123.12 439.56000000000006 1.6651227840072884 0.8777983452320459 0.9960398272691708
21.111 1.7975666403770447 -8.157224655151367 5.788461446762085 2.873282442748091 0.3549618320610687 -0.9732824427480915 318.24000000000007 123.0 439.32000000000005 1.6644615255604112 0.8781647047762805 0.9962616816803818
21.126 1.8008586645126343 -8.158062553405761 5.816952466964722 2.705343511450381 0.4122137404580153 -1.0870229007633587 318.3 122.7 439.62000000000006 1.66289088087725 0.8787746508323757 0.9963729227933055
21.141 1.8066047430038452 -8.159558963775634 5.8364053726196286 2.375572519083969 0.4435114503816794 -1.219083969465649 317.94 122.46 439.38 1.663304598017709 0.8787746508323757 0.9967058384644103
21.171 1.806724452972412 -8.154112148284913 5.853703451156616 1.830534351145038 0.483206106870229 -1.3946564885496184 318.00000000000006 122.87999999999997 439.32000000000005 1.66280809005071 0.8792623456790924 0.996928230611128
21.186 1.8104953289031982 -8.152615833282471 5.874293565750122 1.2633587786259544 0.4442748091603054 -1.6358778625954198 317.28000000000003 122.51999999999998 438.84000000000003 1.662560001224028 0.8793844653451807 0.9972611462822327
21.201 1.804689395427704 -8.15076036453247 5.881655740737915 0.6236641221374046 0.32824427480916035 -1.9519083969465651 317.22 122.21999999999998 439.14 1.6611554820161252 0.8795064540139486 0.9972611462822328
21.231 1.8069040298461914 -8.137771797180175 5.869086170196534 -0.10152671755725184 0.28625954198473286 -2.2946564885496183 317.46 121.73999999999997 439.0200000000001 1.661321016169937 0.8793843343478602 0.9973721180718946
21.246 1.8086996912956237 -8.134539604187012 5.850650835037231 -0.7755725190839694 0.3122137404580153 -2.6152671755725194 317.4 121.31999999999998 438.7200000000001 1.6609069824779983 0.8796281812305207 0.9969280513669958
21.262 1.8090588212013246 -8.117421054840088 5.829761409759522 -1.4900763358778628 0.3030534351145039 -2.9 317.46 120.9 438.66 1.6600794683043354 0.8792614270528579 0.9969280513669958
21.292 1.8089391112327575 -8.08617672920227 5.821980237960815 -1.9290076335877864 0.3404580152671756 -3.1572519083969466 317.64 121.08000000000001 439.08000000000004 1.6591684176609944 0.87913943838409 0.9967056592202781
21.307 1.8179173707962035 -8.090665864944459 5.816952419281006 -1.8893129770992367 0.4519083969465649 -3.330534351145038 316.98 120.78000000000002 439.5 1.6581746393665973 0.8788953300492338 0.9961503514024554
21.322 1.8374899744987487 -8.104612112045288 5.801509809494019 -1.8175572519083971 0.5648854961832062 -3.3984732824427484 317.1 120.66 439.26000000000005 1.6575945450017968 0.8782853839931388 0.9961503514024554
21.351 1.8327614307403564 -8.105869054794312 5.801749229431152 -1.618320610687023 0.6954198473282442 -3.438167938931298 317.1 121.25999999999999 439.5 1.656435135965409 0.8781631327837603 0.9954837120857789
21.366 1.8401834487915039 -8.130469560623169 5.804143476486206 -1.1389312977099235 0.9 -3.381679389312977 317.04 120.96 439.08000000000004 1.6560209429850254 0.8774308034254691 0.9954837120857787
21.381 1.848084306716919 -8.160756158828736 5.8086326122283936 -0.7328244274809159 1.1702290076335877 -3.212977099236641 317.76 121.67999999999999 439.8 1.6556899377856087 0.8774308034254691 0.99503964538088
21.411 1.8606538653373719 -8.186014986038208 5.823656225204468 -0.37633587786259526 1.463358778625954 -3.0145038167938933 317.46 122.46 439.38 1.655607178614024 0.8769420605790383 0.995261857674568
21.426 1.8601151704788208 -8.214625692367553 5.849693155288696 0.024427480916030687 1.6458015267175572 -2.768702290076336 317.15999999999997 122.75999999999999 439.44000000000005 1.6560207384863113 0.8766974260674638 0.9947061009794401
21.441 1.8729241490364075 -8.249281740188598 5.8942851543426515 0.43053435114503813 1.6961832061068702 -2.4931297709923665 317.52 123.11999999999998 439.43999999999994 1.6560207384863113 0.8762092083093369 0.9945948598665163
21.471 1.863347339630127 -8.28902554512024 5.934447860717773 0.7603053435114505 1.5961832061068701 -2.343511450381679 317.4 123.47999999999999 439.2 1.6560207384863113 0.8764538428209114 0.9942614064599047
21.487 1.874480378627777 -8.358337688446046 5.97389235496521 0.9259541984732824 1.4534351145038167 -2.206106870229008 316.68 122.76000000000002 438.71999999999997 1.6551908195821217 0.8760870886432487 0.9942614064599047
21.501 1.8818425416946412 -8.4071195602417 6.006872463226318 0.5954198473282442 1.2190839694656486 -2.0580152671755725 316.8 123.0 438.12 1.657176113819844 0.8762092083093369 0.9943726475728285
21.531 1.8862119555473327 -8.404066944122315 6.067745065689087 0.03893129770992374 0.9610687022900762 -1.946564885496183 316.14 123.29999999999998 437.93999999999994 1.6567612768736477 0.8763314595187154 0.9945948598665165
21.546 1.918234395980835 -8.448180103302002 6.121913862228394 -0.2160305343511451 0.6755725190839693 -1.7541984732824427 316.14 122.09999999999998 438.18 1.6589945266503983 0.8765758303941821 0.9947061913653708
21.561 1.9296667098999023 -8.508154773712159 6.1589641094207765 -0.6793893129770993 0.28854961832061055 -1.5236641221374045 316.26 121.86000000000001 438.18 1.6581649328205574 0.8768204649057564 0.9948172526252647
21.591 1.948640763759613 -8.527966785430909 6.185599613189697 -1.3633587786259542 -0.007633587786259532 -1.3427480916030534 315.90000000000003 121.50000000000003 438.05999999999995 1.6573363059734134 0.8769424535745245 0.9949284036590587
21.606 1.9651607513427733 -8.556278228759766 6.219298028945923 -1.8450381679389314 -0.33129770992366414 -1.1687022900763357 316.38 120.9 438.41999999999996 1.653261063348674 0.8773092077521871 0.9949284036590587
21.621 1.9765332102775575 -8.593986892700196 6.262154245376587 -2.3290076335877865 -0.7267175572519085 -1.064885496183206 316.43999999999994 120.48000000000002 438.71999999999997 1.6452474023704986 0.8779198088125103 0.9952621273046308
21.651 1.9692308902740479 -8.623734855651856 6.284659719467163 -2.791603053435115 -1.150381679389313 -1.098473282442748 316.14 120.53999999999999 438.8999999999999 1.6393229230221364 0.878164179687977 0.9955955807112422
21.666 2.0043658018112183 -8.668865585327149 6.3014191627502445 -3.2335877862595424 -1.4610687022900763 -1.1366412213740458 316.02 120.05999999999999 439.38 1.6317992843154243 0.8786518745346935 0.9958179728579601
21.681 1.9907787084579467 -8.69226894378662 6.299144649505616 -3.8786259541984736 -1.8419847328244274 -1.2312977099236642 316.08 120.11999999999998 440.15999999999997 1.631799284315424 0.8790186287123563 0.9962623980542336
21.711 1.9829975605010985 -8.712440013885498 6.286694812774658 -4.368702290076336 -2.261832061068702 -1.4519083969465647 315.96000000000004 119.75999999999999 440.87999999999994 1.6274860450318858 0.8793842038929848 0.99615115694131
21.726 1.9671958327293395 -8.732431602478027 6.243120336532593 -4.64351145038168 -2.712213740458015 -1.8145038167938932 316.5 119.21999999999998 441.9 1.620790093932463 0.8793842038929848 0.99615115694131
21.741 1.9069218158721923 -8.720999336242675 6.200323963165284 -4.703053435114504 -2.998473282442748 -2.159541984732825 316.74 119.33999999999999 442.73999999999995 1.6143895806961257 0.8796280507756451 0.9959284032492859
21.771 1.9128474593162537 -8.734706211090089 6.167762804031372 -4.1664122137404584 -3.117557251908397 -2.3618320610687027 316.8 119.52000000000001 442.91999999999996 1.6112218727495446 0.8793834162640707 0.9958173419893919
21.786 1.8916587710380555 -8.736023044586181 6.099528074264526 -3.7267175572519085 -3.3694656488549617 -2.6412213740458017 316.79999999999995 119.28 443.16 1.609143148558789 0.879505274477963 0.9954836183438198
21.802 1.8471266150474548 -8.685385704040527 6.014952898025513 -3.238931297709924 -3.394656488549619 -2.890076335877863 316.73999999999995 119.1 443.7 1.6215840626301876 0.8793831548118749 0.9954836183438198
21.831 1.8579005122184753 -8.6551589012146 5.946418905258179 -1.9770992366412217 -3.081679389312977 -2.984732824427481 317.21999999999997 119.1 443.93999999999994 1.640143857850806 0.8791393079292146 0.9951498946982481
21.846 1.8672379016876222 -8.626428508758545 5.876568078994751 -0.4618320610687025 -2.7030534351145037 -3.0526717557251914 317.1 118.74000000000001 444.9 1.660510844789331 0.8790171882631264 0.9948164412916363
21.861 1.858918046951294 -8.617091083526612 5.799594497680664 1.4916030534351148 -2.2267175572519085 -3.0175572519083973 317.34000000000003 118.38 445.02 1.6771377863437578 0.8784072422070313 0.9944827176460643
21.891 1.8805257081985474 -8.59925422668457 5.749735260009766 3.1740458015267174 -1.7290076335877864 -2.7427480916030538 317.7 118.37999999999997 445.14 1.6949914896096216 0.8782851225409429 0.9935924210469539
21.906 1.894531786441803 -8.558014106750488 5.713044118881226 4.308396946564886 -1.2045801526717557 -2.5091603053435114 317.58 118.38 445.73999999999995 1.7161852613964783 0.8775527931826519 0.9933696673549297
21.921 1.8932149767875672 -8.56968584060669 5.684672832489014 5.284732824427481 -0.6061068702290076 -2.4190839694656487 317.58000000000004 117.90000000000002 445.62 1.7426445565997741 0.8775527931826517 0.9925903425454811
21.951 1.9736002922058105 -8.592670154571532 5.651872301101685 5.316030534351146 -0.2007633587786259 -2.582442748091603 317.28 117.72 445.56000000000006 1.7430632263719446 0.8769421921223287 0.9925903425454811
21.966 1.980483627319336 -8.482417154312134 5.617754936218262 4.104580152671756 0.06564885496183204 -3.0526717557251906 316.86 117.42 446.4599999999999 1.7395321318207224 0.8771868266339032 0.9918103828534923
21.981 1.9719842076301575 -8.440458822250367 5.623022174835205 3.716793893129771 0.3732824427480916 -3.515267175572519 316.67999999999995 116.39999999999998 447.0 1.7347518258063837 0.8766986088757763 0.991587447462857
22.011 1.9982007265090942 -8.432138967514039 5.641218090057373 3.372519083969466 0.5969465648854962 -4.185496183206107 316.79999999999995 116.28 447.24000000000007 1.7175169829559933 0.8766986088757763 0.9906964265109741
22.026 1.9870078444480896 -8.388564538955688 5.623321437835694 2.3015267175572527 0.9175572519083971 -4.987022900763359 316.38 115.74000000000001 447.5400000000001 1.6965032760227508 0.8764542380003096 0.9902501904645573
22.041 1.978747844696045 -8.308119344711304 5.6065620422363285 1.1625954198473287 1.5076335877862594 -5.650381679389312 316.26 115.73999999999998 447.18 1.6739440561758705 0.8765763576663979 0.9895808348329304
22.071 1.9589358210563659 -8.199961280822754 5.606861305236817 0.48320610687022914 2.3083969465648857 -6.238167938931298 316.38 115.62 448.14 1.6587493553237962 0.8766986088757761 0.9893578994422951
22.086 1.9736003041267396 -8.082585573196411 5.599977970123291 1.1091603053435115 3.4404580152671755 -6.872519083969465 316.91999999999996 115.31999999999998 448.9200000000001 1.6361326059990287 0.8768207285418645 0.9894695039556425
22.101 1.9952678203582763 -8.138729619979859 5.5733424663543705 2.36412213740458 4.840458015267176 -7.284732824427481 317.52 115.44000000000001 449.76000000000005 1.6115897342010441 0.8770653630534389 0.9904690644050408
22.131 2.038842296600342 -8.068280220031738 5.5656211376190186 2.2541984732824427 6.199236641221374 -7.61145038167939 317.58000000000004 115.97999999999999 450.5400000000001 1.586731180881222 0.8773094713882952 0.990469064405041
22.146 2.037405776977539 -7.999327182769775 5.555086612701416 3.0290076335877867 7.4793893129771 -7.674045801526718 317.7 116.1 450.53999999999996 1.584549141477175 0.8776762255659578 0.9919105658399741
22.161 2.0228610038757324 -7.972512102127075 5.575616884231567 4.8877862595419845 8.794656488549617 -7.63358778625954 317.58 116.33999999999999 450.78000000000003 1.5888327256492834 0.8779203339008138 0.9926905255319628
22.191 2.0521301150321962 -8.026022481918336 5.5938726425170895 6.804580152671756 10.217557251908396 -7.522900763358779 317.28 117.35999999999997 450.71999999999997 1.592611489776273 0.8781647047762806 0.9928020387294282
22.206 2.0830153226852417 -7.998429298400879 5.617455530166626 7.394656488549619 11.380916030534351 -7.319083969465649 316.97999999999996 117.89999999999998 450.66 1.5963173375354802 0.8786523996229972 1.003251172809118
22.221 2.0777480721473696 -7.953059148788452 5.6609701156616214 8.14351145038168 12.177099236641222 -7.207633587786259 316.49999999999994 118.97999999999999 451.0200000000001 1.5991926841484148 0.8787746508323757 1.0050274880972978
22.251 2.0885219812393188 -7.985859727859497 5.722201824188232 9.496946564885496 12.792366412213742 -7.194656488549619 316.43999999999994 119.51999999999998 451.32 1.603230050045476 0.8788966395011435 1.0052509723260878
22.266 2.0772692441940306 -7.994897842407227 5.78702483177185 9.935114503816795 12.916030534351146 -7.246564885496184 315.96 120.47999999999999 451.08000000000004 1.60541019846367 0.8788966395011435 1.0053624855235532
22.281 2.034053909778595 -8.03494086265564 5.836824226379394 9.574809160305344 12.796946564885499 -7.458015267175574 315.00000000000006 121.19999999999997 450.84 1.6080911678054868 0.8790186281699116 1.0050273967814158
22.312 2.0409971117973327 -7.8477143287658695 5.942049407958985 9.151908396946563 12.725190839694658 -7.724427480916032 314.64000000000004 121.67999999999999 450.4799999999999 1.612023480436442 0.8787739936583371 1.0039163231345523
22.326 1.9767726421356202 -7.837479162216186 5.998672294616699 11.137404580152673 12.230534351145037 -7.838931297709922 314.15999999999997 122.52000000000001 450.23999999999995 1.6158717129735467 0.8786520049895691 1.0036928389057622
22.341 1.9091364383697509 -7.861720418930053 6.043443870544434 12.529007633587787 12.063358778625952 -7.9977099236641225 313.38 123.05999999999999 450.41999999999996 1.6193905342756207 0.8785298853234809 1.0018047355312263
22.371 1.9061436891555785 -7.7887571334838865 6.101024436950683 12.537404580152673 12.027480916030536 -7.898473282442748 313.43999999999994 123.47999999999999 450.12 1.6180517815757838 0.8781635257792464 1.0010247758392372
22.386 1.8952500820159912 -7.665575456619263 6.165967178344727 12.67557251908397 11.776335877862596 -7.64885496183206 312.84 124.44000000000001 450.12 1.6162090284527046 0.8780414061131581 1.0005781738996344
22.401 1.850897479057312 -7.650851106643676 6.206728458404541 13.545038167938932 11.646564885496183 -7.137404580152672 312.17999999999995 125.21999999999998 449.82 1.6162090284527046 0.877309076754867 0.9902407359623788
22.431 1.8397045969963073 -7.569388389587402 6.258922052383423 13.735877862595421 11.5206106870229 -6.444274809160305 312.12 125.75999999999999 449.64000000000004 1.6252868683640513 0.8770644422432923 0.9889106567206156
22.446 1.8410812616348267 -7.521085357666015 6.321829700469971 13.754198473282443 11.327480916030535 -5.647328244274809 311.64 126.12 449.5200000000001 1.6423579955447427 0.8765756993968618 0.9893565281234524
22.461 1.8074427247047424 -7.500974082946778 6.348525047302246 13.2 11.105343511450382 -4.654961832061069 311.1 126.9 449.82000000000005 1.662638020508819 0.8764534481874833 0.9891334104126399
22.491 1.8250401020050049 -7.430464839935302 6.418735027313232 12.150381679389314 10.974045801526717 -3.485496183206107 310.92 127.8 449.52 1.6838557723996697 0.8759647053410525 0.9896914345454126
22.506 1.7637485265731812 -7.451354217529297 6.437170362472534 11.290076335877862 10.252671755725192 -2.289312977099237 310.20000000000005 128.76 449.28000000000003 1.7047861599382 0.8760870886432487 0.9901369425478258
22.521 1.7987038731575011 -7.401195669174195 6.501753950119019 9.466412213740458 10.109160305343512 -0.93969465648855 309.41999999999996 129.18 448.86 1.7258764044715302 0.875720334465586 0.9908062981794528
22.551 1.8245612621307372 -7.2598779678344725 6.5766924858093265 7.463358778625957 9.635114503816796 0.4709923664122135 309.54 130.02 448.73999999999995 1.7475567901744107 0.8754756999540115 0.9926944015539887
22.567 1.7678186774253846 -7.273943901062012 6.592913198471069 7.0 8.74198473282443 1.6015267175572518 308.46000000000004 131.45999999999998 449.21999999999997 1.7713999921290005 0.875720070829478 0.9936963942955336
22.581 1.690605676174164 -7.290463876724243 6.612785053253174 6.254961832061069 8.009160305343512 2.6786259541984734 308.88 131.99999999999997 448.8 1.7957544534390766 0.8758421904955662 0.995694764446285
22.611 1.6836624979972838 -7.256825351715088 6.650433874130249 5.268702290076336 7.458778625954198 3.908396946564886 308.7 133.14 448.85999999999996 1.8195976553936668 0.8760868250071407 0.9975798303388215
22.626 1.6594212055206299 -7.255029726028442 6.681438779830932 4.709160305343511 6.7145038167938935 5.147328244274808 307.91999999999996 134.16 448.55999999999995 1.838927606876218 0.8764535791848035 0.9982464696554982
22.641 1.5993865966796874 -7.202357292175293 6.682695722579956 4.157251908396947 5.8351145038167935 6.2328244274809155 307.08 135.48000000000002 448.56000000000006 1.8473432341266292 0.8766982136963779 0.998468861802216
22.671 1.5620370507240295 -7.187752628326416 6.6940083503723145 4.407633587786259 5.180916030534351 7.241221374045802 306.65999999999997 136.38000000000002 447.3 1.8507043382876578 0.8770645732406127 0.9991371253517706
22.686 1.4933234691619872 -7.229651165008545 6.6700663566589355 4.632061068702289 4.429770992366413 8.237404580152672 305.58 137.45999999999998 447.3 1.8529418266419762 0.8773092077521871 1.0011275089178122
22.701 1.4507665395736695 -7.164109897613526 6.6712634563446045 4.151908396946564 3.935114503816794 9.060305343511448 305.03999999999996 137.75999999999996 446.75999999999993 1.853660885989632 0.8780407527258156 1.0011275089178122
22.731 1.3657125234603882 -7.17201075553894 6.656060266494751 4.419847328244274 3.326717557251908 9.849618320610686 305.81999999999994 138.77999999999997 446.5799999999999 1.8529412285354419 0.8784075069034785 1.0017936104896508
22.746 1.3443442702293396 -7.210258102416992 6.647740411758423 4.966412213740457 3.047328244274809 10.522900763358779 304.91999999999996 139.68 446.3999999999999 1.8302586767841504 0.8788962497499091 1.000574862746742
22.761 1.321778917312622 -7.234200096130371 6.665457487106323 4.877099236641222 2.878625954198473 11.23587786259542 304.86 140.33999999999997 445.62 1.811081910240357 0.8787741300838208 1.0005748627467417
22.791 1.320282530784607 -7.196431589126587 6.681139516830444 4.477862595419847 2.6625954198473285 11.938931297709924 304.26 141.18 445.98 1.7922306748310448 0.8790179769664812 0.9995793016342288
22.806 1.2652158856391906 -7.193139553070068 6.674375915527344 4.696946564885496 2.562595419847328 12.568702290076336 303.06000000000006 141.54000000000002 445.85999999999996 1.7737990267381682 0.8787733424549067 0.9989169139019036
22.821 1.2437877774238586 -7.247487926483155 6.655222320556641 5.061068702290076 2.89618320610687 13.261068702290078 303.06 141.65999999999997 445.62000000000006 1.7531487758678814 0.8788953311236746 0.9988060312803546
22.851 1.1686098456382752 -7.313089036941529 6.655461740493775 5.222900763358778 3.1656488549618316 13.841984732824429 302.58 142.73999999999998 445.38 1.735535941604797 0.8788953311236746 1.003289249928089
22.866 1.1929109930992126 -7.384735536575318 6.686227226257325 5.429007633587786 3.6099236641221366 14.303816793893128 301.38 143.94 445.85999999999996 1.7287150043247455 0.8787733424549067 1.0040648103930139
22.881 1.1841721534729004 -7.427472066879273 6.694547033309936 5.12824427480916 4.196946564885495 14.620610687022898 300.29999999999995 144.66 445.5 1.7189068567023127 0.878528707943332 1.0318586114507617
22.911 1.1863269329071044 -7.534193611145019 6.691913414001465 4.651145038167938 4.877862595419847 14.647328244274808 299.64 146.16 445.32 1.705913037580136 0.8774296145685698 1.0694271402218596
22.926 1.1752537488937378 -7.561128377914429 6.659412145614624 3.0885496183206107 5.438931297709924 14.727480916030535 297.9 147.05999999999997 445.14 1.7020612049024149 0.8773074949024815 1.0721689510779988
22.941 1.0660781502723693 -7.590876340866089 6.5991381168365475 1.2106870229007634 5.976335877862596 15.112977099236641 297.12 148.07999999999998 444.84000000000003 1.7162121217325954 0.8766962361079198 1.075902371614046
22.971 1.0590152621269227 -7.567353343963623 6.559454250335693 -0.8045801526717561 6.932061068702291 15.477099236641223 296.7 149.21999999999997 444.4200000000001 1.7340290418573943 0.8765739848985413 1.0943678863944228
22.987 1.0022128343582153 -7.534612607955933 6.476614856719971 -2.5328244274809157 7.614503816793894 15.535114503816791 295.73999999999995 150.66 443.82000000000005 1.7530401152972512 0.8759633838382184 1.1016191701436606
23.002 0.9334992498159409 -7.530482625961303 6.397187185287476 -3.8923664122137405 8.214503816793894 15.227480916030535 295.85999999999996 151.97999999999996 442.98 1.7741037694399666 0.8762080183497927 1.1021713779054108
23.032 0.901117667555809 -7.453149890899658 6.344993591308594 -5.377862595419847 8.822900763358778 14.564885496183209 295.32 153.59999999999997 442.32 1.804486625923321 0.8757192755033621 1.102060406115749
23.046 0.880168405175209 -7.365222835540772 6.267182064056397 -6.818320610687024 9.30381679389313 14.212213740458017 295.25999999999993 154.85999999999999 441.78000000000003 1.841554062603826 0.8755970242939837 1.0995628431138686
23.061 0.7988852530717849 -7.247787237167358 6.17614254951477 -7.904580152671757 9.498473282442749 13.600763358778625 295.85999999999996 155.93999999999997 441.18 1.8883863766785567 0.8754749046278955 1.0974474567315269
23.091 0.759261217713356 -7.138731336593628 6.130173921585083 -7.829007633587787 9.647328244274808 12.51679389312977 296.93999999999994 157.73999999999995 440.21999999999997 1.956726750577196 0.8755972879300916 1.0666571698358929
23.106 0.6843825608491898 -7.098269319534301 6.089412641525269 -6.954198473282443 9.315267175572519 11.476335877862596 297.11999999999995 158.99999999999997 439.56000000000006 2.0297461897075477 0.8759648363312256 1.0279721252245901
23.121 0.6441001206636429 -7.052959060668945 6.088873958587646 -5.7221374045801525 8.832824427480917 9.739694656488549 297.41999999999996 160.14 438.66 2.0913293708458154 0.8760869559973138 1.02378297681823
23.151 0.6224325954914093 -7.0292564868927006 6.112995529174805 -3.979389312977099 8.141984732824426 7.2206106870229 297.78 161.82 438.30000000000007 2.1551699530508746 0.8764541064570194 1.0191563473785157
23.166 0.6146514356136322 -7.01255693435669 6.160161304473877 -1.763358778625954 7.2236641221374045 4.3847328244274815 297.72 162.24 437.64 2.209504640441155 0.8768204660012537 1.0001350759030108
23.181 0.6093243360519409 -7.033925199508667 6.228635501861572 0.574045801526718 6.025190839694657 1.8419847328244265 297.9 162.78 437.1 2.2624019328145826 0.8769428493034501 0.9918809831155345
23.211 0.6185420125722885 -7.03224925994873 6.320752429962158 2.7847328244274814 4.654198473282443 -0.46183206106870217 297.65999999999997 163.26 437.2200000000001 2.315770278271036 0.8773088158521987 0.9921012565397032
23.226 0.5556343644857407 -7.135319662094116 6.39970121383667 5.038931297709924 3.2076335877862596 -2.444274809160305 297.53999999999996 163.73999999999998 437.34 2.365698968755045 0.8776755700298613 0.9933170910763846
23.241 0.5708375424146652 -7.197509050369263 6.515101718902588 6.622137404580153 2.1755725190839694 -4.535114503816795 297.84 163.43999999999997 437.4 2.401250819243221 0.8782855160859564 0.9937545698150263
23.271 0.5915473908185959 -7.202896022796631 6.64361047744751 7.745038167938932 1.1038167938931296 -6.242748091603054 297.47999999999996 162.95999999999998 437.16 2.413650578374706 0.8784076357520446 0.9947606720868712
23.286 0.5294777102768421 -7.271968746185303 6.732076215744018 9.065648854961832 -0.10152671755725189 -7.329007633587786 297.0 162.0 437.76000000000005 2.408681789059374 0.8788958535101716 0.9958781058575703
23.301 0.5169081516563893 -7.313627862930298 6.84095253944397 9.759541984732824 -0.5938931297709924 -7.968702290076335 296.75999999999993 161.51999999999998 438.24000000000007 2.4075938291236176 0.8788958535101716 1.000182627543351
23.331 0.5339069850742817 -7.323324394226074 6.920978689193726 9.497709923664122 -0.9564885496183205 -7.817557251908397 296.64 161.27999999999997 438.96000000000004 2.4124886874839455 0.8791397003928318 1.0030623309808768
23.346 0.5612008847296238 -7.268736553192139 7.000765466690064 8.918320610687022 -1.5061068702290075 -7.468702290076337 296.03999999999996 160.43999999999997 438.9599999999999 2.417458095430144 0.8790174491834536 1.004953492496187
23.361 0.5212177194654941 -7.290823030471802 7.029436016082764 8.585496183206107 -2.229007633587786 -7.029770992366411 295.62 160.01999999999995 439.38 2.4246772703766464 0.8790174491834535 1.0066141119383343
23.391 0.5271433688700199 -7.262511587142944 7.057448148727417 7.473282442748091 -2.2954198473282448 -6.580916030534351 296.04 159.24 440.03999999999996 2.4301870702935657 0.8791397003928318 1.0071721360711072
23.407 0.5606621958315372 -7.176918840408325 7.071274662017823 5.759541984732825 -2.3015267175572522 -6.006106870229007 296.04 158.52 440.15999999999997 2.4346916268683727 0.8787737338440834 1.0096810498022746
23.421 0.6054936207830905 -7.074806118011475 7.076003217697144 4.432824427480916 -2.5961832061068697 -5.539694656488549 295.62 157.38000000000002 440.82 2.431193780011449 0.8786516141779952 1.0143370968778254
23.451 0.6354809977114201 -7.001902675628662 7.060560607910157 3.8099236641221372 -3.0908396946564887 -5.304580152671756 295.02 157.14000000000004 440.93999999999994 2.4233600755153306 0.8777967688715729 1.016504806499907
23.466 0.6490082360804081 -6.94779372215271 6.99142804145813 2.8564885496183208 -3.505343511450382 -5.251908396946565 295.14 156.78000000000003 441.53999999999996 2.417004127399678 0.8776746492054845 1.0250436439693182
23.481 0.7620744109153748 -6.818806076049805 6.9425863265991214 1.1496183206106871 -3.7580152671755727 -5.277099236641222 295.2 156.60000000000002 441.84 2.3827631316831557 0.8770640481451617 1.0398574890496874
23.511 0.8543708801269532 -6.655461692810059 6.857053470611572 -0.18931297709923664 -4.593893129770993 -5.683969465648856 294.9 155.7 442.14000000000004 2.330106632820891 0.8769416648429654 1.0582139681259641
23.526 0.8601169586181641 -6.584294033050537 6.785826015472412 0.02061068702290072 -5.532061068702291 -6.690839694656487 295.02 154.98 441.9 2.2680402264594064 0.8763310637826424 1.0787424099160445
23.541 0.895790559053421 -6.591536521911621 6.700353002548217 0.3122137404580153 -6.163358778625954 -7.433587786259542 295.02 154.14000000000001 442.37999999999994 2.2034307297638334 0.8764533149920206 1.1007584961563606
23.571 0.9375095188617706 -6.523900318145752 6.628048133850098 -0.5610687022900762 -6.522137404580154 -8.01145038167939 295.44 153.84 442.91999999999996 2.1364078570529 0.87596457214559 1.1386929906097774
23.586 1.0290877282619477 -6.455126857757568 6.57615385055542 -1.181679389312977 -7.0503816793893135 -8.722137404580154 294.6 153.24000000000004 443.03999999999996 2.071333482528998 0.8758423209362117 1.1534159130664237
23.601 1.0751761078834534 -6.454767751693725 6.513365888595581 -0.9053435114503816 -7.83206106870229 -9.909160305343512 295.08 152.52000000000004 443.52 2.0019760792834544 0.8758423209362117 1.1646761639755383
23.631 1.0844536423683167 -6.441060972213745 6.455545949935913 -0.5412213740458016 -8.506106870229008 -11.349618320610688 295.49999999999994 151.86 443.7 1.9307477578360988 0.8758423209362117 1.1656324565361902
23.646 1.1030087113380431 -6.474460124969482 6.383300924301148 -0.35954198473282456 -8.75114503816794 -12.23206106870229 295.91999999999996 150.72 444.4799999999999 1.8664547939483846 0.8760872201865391 1.1629176878420384
23.661 1.1765107035636901 -6.4732630252838135 6.372048187255859 -0.5053435114503816 -8.762595419847328 -12.667938931297709 296.21999999999997 150.05999999999997 444.78000000000003 1.8021581265667816 0.8762093398526272 1.154155914981992
23.691 1.1807604074478149 -6.462369394302368 6.33433952331543 -0.1770992366412214 -9.150381679389314 -13.059541984732826 296.28 148.79999999999998 445.08000000000004 1.7684677429834803 0.8765760940302899 1.1393420699016228
23.706 1.1614272356033326 -6.539941501617432 6.320572853088379 0.9816793893129772 -9.03587786259542 -13.232824427480915 296.64 147.95999999999998 445.32000000000005 1.7428618495815684 0.8770648368767204 1.1175750123679924
23.736 1.2274473488330842 -6.519351387023926 6.312671947479248 0.9931297709923665 -8.739694656488549 -12.863358778625955 296.58 147.3 446.34 1.7298514967539702 0.8774315910543832 1.0948367716199139
23.751 1.3346477329730988 -6.421847534179688 6.358820199966431 1.3053435114503817 -8.661832061068703 -12.501526717557251 297.71999999999997 146.4 446.88 1.7205174924964513 0.8777975576031318 1.0714884658784656
23.766 1.3157933950424194 -6.508457803726197 6.377195692062378 3.331297709923664 -9.377862595419847 -12.413740458015265 297.6 144.95999999999998 447.36 1.707506167051352 0.8780421921147064 1.0321159245946794
23.781 1.2215815603733062 -6.602549934387207 6.3947930335998535 5.109923664122137 -9.45648854961832 -12.039694656488548 297.53999999999996 143.45999999999998 448.0200000000001 1.6932529852778448 0.8784085516589408 1.017281579944863
23.811 1.1978191077709197 -6.627270078659057 6.464943170547485 5.970229007633589 -8.32977099236641 -10.766412213740457 296.88 142.08 448.2 1.681101801623393 0.8785306713250292 1.0035124153045811
23.826 1.227387499809265 -6.653845691680909 6.532938480377197 6.643511450381681 -6.964885496183205 -9.059541984732826 296.34000000000003 141.06 448.86 1.6731131422805237 0.8788966378737776 0.9979000756683781
23.856 1.2730568885803222 -6.635769462585449 6.631639432907105 7.513740458015266 -5.815267175572519 -7.87328244274809 295.86 139.73999999999998 448.14 1.6669993976822557 0.8787742545715815 0.9989921078756575
23.871 1.2179303884506225 -6.702447938919067 6.681738090515137 8.995419847328243 -5.439694656488549 -7.402290076335879 296.03999999999996 138.0 447.9599999999999 1.6629354168622346 0.8790181014542418 0.9999924763369858
23.886 1.258033275604248 -6.824193096160888 6.774154233932495 9.553435114503817 -4.806870229007633 -7.0129770992366405 295.38 137.1 448.01999999999987 1.654515536634372 0.8787737305787753 1.001100870207926
23.916 1.3020865797996521 -6.837600660324097 6.835206413269043 8.208396946564886 -4.602290076335878 -6.715267175572519 295.55999999999995 135.95999999999998 447.9599999999999 1.6511070463159108 0.8786517419100074 1.0177358252408282
23.931 1.2579734206199646 -6.950008392333984 6.858430194854736 6.987786259541984 -4.657251908396947 -6.816030534351145 295.67999999999995 134.27999999999997 448.08000000000004 1.6420197484096906 0.8784073710345407 1.0504045533857138
23.947 1.1500547766685485 -7.045118045806885 6.825270509719848 4.586259541984733 -4.298473282442748 -6.87175572519084 295.08 132.83999999999997 448.32 1.636001483272949 0.878041404485792 1.0537115788266198
23.976 1.2336722671985627 -6.858968877792359 6.858310508728027 1.4923664122137401 -2.8946564885496184 -6.376335877862596 295.02 132.18 448.38 1.630570978019876 0.8779191532764138 1.0531544663108596
23.991 1.365951907634735 -6.816591501235962 6.885424852371216 0.7458015267175572 -2.816793893129771 -6.412213740458016 295.91999999999996 131.16 447.96000000000004 1.6241116444324857 0.8773078944818519 1.0529313486000467
24.007 1.3485340893268585 -6.852444648742676 6.840593433380127 0.3290076335877866 -4.2656488549618325 -7.025190839694656 296.21999999999997 130.49999999999997 448.02 1.6168036550979075 0.8770635236063853 1.0506008246783716
24.036 1.3729549467563629 -6.912958097457886 6.80426139831543 -0.6083969465648857 -4.9961832061068705 -7.1526717557251915 296.58 129.66 447.66 1.6084891319757084 0.876330406597931 1.0486056653322415
24.051 1.4221558034420014 -6.915471982955933 6.782234764099121 -2.258778625954198 -5.4282442748091615 -6.645801526717558 297.06 129.06 448.26000000000005 1.6016065196424099 0.876330406597931 1.0448575981205477
24.066 1.5036783754825591 -6.907152128219605 6.792649555206299 -3.1435114503816797 -5.389312977099237 -5.976335877862596 296.69999999999993 128.45999999999998 448.62 1.5948815057809667 0.8755972895894768 1.043745625145872
24.096 1.526543003320694 -6.9504273414611815 6.760746860504151 -3.140458015267176 -5.174809160305344 -5.087786259541986 297.11999999999995 127.08 449.03999999999996 1.5883246574074248 0.8755972895894768 1.0421913598720949
24.111 1.5797541439533234 -6.974967908859253 6.8201230525970455 -2.3412213740458023 -4.43969465648855 -3.8152671755725196 296.75999999999993 126.12 449.2799999999999 1.5820972322756253 0.8754751699233886 1.0252218649352103
24.126 1.6494254052639008 -6.989273262023926 6.928700113296509 -0.4061068702290074 -3.6427480916030546 -2.3465648854961825 296.1 125.34 448.98 1.57586841866402 0.8755974211327671 0.9934412750465528
24.156 1.726039856672287 -7.157166624069214 7.052480316162109 2.6931297709923663 -2.6778625954198474 -0.7885496183206107 295.56 124.68000000000002 448.91999999999996 1.5671404688414436 0.8754751699233886 0.9903571849962821
24.171 1.7420810163021088 -7.381263875961304 7.137713861465454 4.667175572519084 -1.6572519083969468 0.711450381679389 295.68 123.48000000000002 448.91999999999996 1.5645233646970214 0.8755974211327671 0.9908030563991188
24.186 1.7829021513462067 -7.5116880416870115 7.256226873397827 4.819083969465649 0.057251908396946584 2.499236641221374 295.26000000000005 123.06000000000002 448.62 1.563761104922068 0.8759645715924729 0.9914713199486735
24.216 1.868853998184204 -7.598118734359741 7.393953323364258 4.625954198473282 2.122137404580153 4.083969465648854 294.42 122.22000000000003 448.25999999999993 1.564184981439803 0.8762089424679393 0.9931399795990211
24.231 1.9138649821281433 -7.652586841583252 7.520965719223023 4.365648854961832 3.5580152671755725 4.910687022900763 294.12 122.04 447.36 1.5654566162768258 0.8766982125937333 0.9940302761981318
24.246 1.9044078826904296 -7.788637399673462 7.612065076828003 4.140458015267176 4.481679389312978 5.200763358778626 293.28000000000003 121.55999999999999 447.48 1.5667249804706174 0.8773088136540563 0.9953646505007772
24.276 1.9254169940948487 -7.889912128448486 7.699513292312622 2.2030534351145037 5.358015267175572 5.448091603053435 292.86 121.61999999999998 447.18 1.5682486151972308 0.8776759641137619 0.9961439753102255
24.291 1.8359336972236633 -7.816888999938965 7.7872607707977295 -0.2694656488549617 5.932061068702291 5.30381679389313 292.56 121.79999999999998 446.16 1.5692648436422427 0.878164181871889 0.9967010878259861
24.306 1.8138471841812134 -7.922652816772461 7.850826835632324 -1.163358778625954 6.661068702290076 4.980916030534351 292.38 122.46 445.37999999999994 1.5708736905971201 0.8782863015379773 0.9991357615395552
24.336 1.7951125621795654 -8.028237104415894 7.880514907836914 -3.346564885496183 7.092366412213741 4.359541984732825 292.31999999999994 122.63999999999999 444.84 1.5721447251178986 0.8785304098728334 0.9985813469288984
24.352 1.7554885268211364 -8.030511617660522 7.9020627498626705 -6.287786259541984 6.9916030534351155 3.4816793893129776 292.67999999999995 122.87999999999997 443.64 1.5742611449283233 0.8784080265706372 0.9993587799995914
24.366 1.687014353275299 -8.0458345413208 7.926663208007812 -8.622137404580153 6.459541984732825 2.6198473282442754 293.03999999999996 123.11999999999998 442.8 1.5754453629170446 0.8787739931193856 0.9993587799995914
24.396 1.588193690776825 -8.103415060043336 7.908167982101441 -10.106870229007635 6.467175572519084 1.7061068702290079 293.1 124.25999999999999 442.25999999999993 1.5769682870526107 0.8786517419100074 0.9999131946102479
24.411 1.5217545866966247 -8.129152727127074 7.888834810256958 -10.99083969465649 6.803053435114504 1.018320610687023 294.00000000000006 124.44000000000001 441.35999999999996 1.576798796580221 0.8787737305787753 0.9989144394394283
24.427 1.4811728715896606 -8.188229656219482 7.876923704147339 -11.181679389312979 6.948091603053436 0.6633587786259542 294.78000000000003 124.26000000000002 440.93999999999994 1.5763754187298917 0.8785293597033086 0.9984700142431544
24.456 1.4177265167236328 -8.231265354156495 7.847355318069458 -11.08091603053435 6.8725190839694665 0.34885496183206105 295.14000000000004 124.86000000000001 439.38 1.574937603998828 0.8780411419451817 0.9976932074857803
24.471 1.3153145432472229 -8.237550163269043 7.8096466064453125 -9.869465648854964 7.13206106870229 0.12213740458015265 295.38 125.22000000000003 438.66 1.5745150131669672 0.8779188907358032 0.9976932074857803
24.486 1.3282432317733766 -8.32829041481018 7.802882957458496 -8.055725190839697 7.746564885496184 0.1396946564885496 295.97999999999996 126.17999999999999 437.94000000000005 1.5737531105480564 0.8774306729776763 0.9978043585195744
24.516 1.2599486231803894 -8.315601205825805 7.753861665725708 -7.656488549618322 7.658015267175573 0.15572519083969472 296.52 126.6 437.76000000000005 1.5722291194011935 0.8771863021022096 0.99603794835556
24.531 1.2093711137771606 -8.253052759170533 7.713459539413452 -6.846564885496184 7.7778625954198475 0.3534351145038168 297.11999999999995 127.08 436.8 1.571212652347096 0.876697559255779 0.99603794835556
24.547 1.1828553318977355 -8.202475261688232 7.671979999542236 -5.3908396946564885 7.970992366412214 0.46030534351145036 297.06 127.85999999999999 436.37999999999994 1.56918112887351 0.876819942557975 0.9957053001903331
24.576 1.1756727337837218 -8.191880893707275 7.6042839050292965 -3.663358778625954 8.044274809160306 0.29160305343511456 296.58 128.1 435.9 1.5681663215710273 0.8760868255495208 0.9958165413032569
24.591 1.1596315741539 -8.13926830291748 7.551431894302368 -2.7732824427480915 7.5099236641221365 0.1435114503816794 296.76 127.2 435.6 1.5655394768793123 0.8760868255495208 0.9950397345458827
24.606 1.1530475258827209 -8.098985862731933 7.494809007644653 -2.4030534351145034 6.676335877862596 -0.10839694656488556 296.58 127.73999999999998 435.78000000000003 1.5646058379674586 0.8757204660052864 0.9953734581914546
24.636 1.1154585599899292 -8.00172142982483 7.4095155715942385 -2.322137404580152 5.757251908396946 -0.5244274809160305 295.97999999999996 128.21999999999997 435.53999999999996 1.5630775106579498 0.8757204660052864 0.9955958503381723
24.651 1.1101314663887023 -7.872075462341309 7.358938074111938 -2.0045801526717555 5.139694656488549 -0.8877862595419848 296.34000000000003 128.22 435.53999999999996 1.5614636946975717 0.8758427172146647 0.9957070914510959
24.666 1.1289259552955628 -7.803900575637817 7.305966377258301 -1.647328244274809 4.155725190839695 -1.1931297709923665 296.82 128.1 434.93999999999994 1.5592582000110458 0.8759649684240431 0.9953736380444843
24.696 1.1332953810691833 -7.755537652969361 7.2451536655426025 -1.4862595419847326 2.9358778625954196 -1.5778625954198473 296.7 127.62 434.93999999999994 1.5582398058686961 0.8760872196334215 0.9953736380444843
24.711 1.1385027766227722 -7.691732120513916 7.1903862953186035 -1.3549618320610688 1.9458015267175572 -1.9839694656488551 296.52 127.19999999999997 434.5200000000001 1.5573903317042195 0.8763315905088882 0.9953736380444843
24.726 1.1558607339859008 -7.630500364303589 7.137055444717407 -1.338167938931298 1.147328244274809 -2.26793893129771 296.21999999999997 126.78 434.7 1.556965951235261 0.8768203333553188 0.9954846993043782
24.756 1.1692084074020386 -7.553287363052368 7.079534721374512 -1.3908396946564887 0.2664122137404581 -2.388549618320611 296.4 126.36000000000001 434.64000000000004 1.557135683094337 0.8770647042307855 0.9970302979649539
24.771 1.1762712955474854 -7.519349575042725 7.033446359634399 -1.3732824427480916 -0.5129770992366411 -2.4251908396946567 297.18 126.78 434.46000000000004 1.5582349308099972 0.8774318546904911 0.9976958636094044
24.786 1.1839327454566955 -7.414723014831543 6.98981204032898 -1.7534351145038165 -1.1541984732824428 -2.3809160305343515 297.12 127.19999999999997 434.76000000000005 1.5602702844768306 0.877920072448618 1.000559627803124
24.816 1.1963825941085815 -7.370609855651855 6.9512653827667235 -1.5381679389312977 -1.6923664122137407 -2.2564885496183207 297.54 127.13999999999999 434.7 1.5626420722629726 0.8780423236579965 1.0014456295273466
24.831 1.210628092288971 -7.353970146179199 6.940132331848145 -1.329007633587786 -2.2206106870229005 -2.1221374045801524 298.44 127.19999999999997 434.4 1.5652701577813601 0.8785305414161236 1.0021106610525945
24.846 1.2033257722854613 -7.343914461135864 6.924390459060669 -1.3938931297709924 -2.6816793893129773 -1.9145038167938933 298.26 126.78 434.82 1.5685749361854806 0.8785305414161236 1.0029973725513135
24.876 1.2113463521003722 -7.319732999801635 6.916310024261475 -1.5625954198473282 -2.86030534351145 -1.5946564885496184 297.78 126.53999999999999 435.3 1.5718781599524831 0.8788965079648721 1.003884796223279
24.891 1.2102689623832703 -7.282144069671631 6.913137722015381 -1.5450381679389316 -2.981679389312977 -1.218320610687023 297.65999999999997 126.66 435.5400000000001 1.5750932956284063 0.8787742567554938 1.004549827748527
24.906 1.2228385210037231 -7.261494112014771 6.901825094223023 -1.1465648854961832 -2.9793893129770987 -0.866412213740458 298.14 126.53999999999999 435.66 1.578226378375716 0.879018103638154 1.0044386767147326
24.936 1.2275670647621155 -7.240066003799439 6.89236798286438 -0.44122137404580136 -2.874809160305343 -0.5572519083969466 298.73999999999995 126.77999999999997 435.65999999999997 1.5808495318199036 0.8786517440939197 1.0045496485043945
24.951 1.2384008288383483 -7.249762487411499 6.8981739521026615 0.33587786259541985 -2.7045801526717552 -0.17938931297709923 298.91999999999996 127.2 435.84 1.5831331404027371 0.8786517440939194 1.0038893441801162
24.967 1.2652158856391906 -7.260895490646362 6.911222362518311 0.8725190839694659 -2.4145038167938933 0.2213740458015268 298.38 127.13999999999999 436.37999999999994 1.5837236844413056 0.8786517440939194 1.0034459908293536
24.996 1.2582128405570985 -7.279330825805664 6.9191831111907955 1.418320610687023 -2.1328244274809163 0.5488549618320611 298.0799999999999 126.96 435.9599999999999 1.5850742743818134 0.8781635263357925 1.0009156800422456
25.011 1.280119788646698 -7.290523719787598 6.963056850433349 2.0381679389312977 -1.7099236641221374 0.8793893129770991 298.0199999999999 126.9 436.14 1.5861702558152262 0.8780412751264141 1.0000296783180231
25.026 1.2866439938545227 -7.3310455799102785 6.9953186988830565 2.698473282442748 -1.3923664122137405 1.1007633587786259 297.78 126.66000000000001 436.73999999999995 1.5880239594180205 0.877553057368287 1.0000296783180231
25.056 1.2984952926635742 -7.359476757049561 7.012796354293823 2.882442748091603 -1.0541984732824428 1.052671755725191 297.7199999999999 127.08 437.03999999999996 1.5894552370256805 0.8774308061589087 0.9992541178530983
25.071 1.2839505076408386 -7.3749792098999025 7.030633163452149 2.800763358778626 -0.7358778625954199 0.9816793893129772 297.7199999999999 127.44000000000001 436.8 1.5908018698860742 0.8768202050985856 1.0003554964918648
25.086 1.2953229546546936 -7.388446569442749 7.050804328918457 2.751908396946565 -0.36793893129771 0.9801526717557252 297.78 127.38 436.5 1.592063355889513 0.8769424563079641 1.0002448795772736
25.116 1.2850278854370116 -7.394910907745361 7.063852739334107 2.751908396946565 -0.14580152671755725 1.0122137404580154 297.12 127.67999999999999 437.0400000000001 1.5937459026661283 0.8762093392995098 1.0019028549113158
25.131 1.2685677528381347 -7.412628030776977 7.071873331069947 2.7083969465648856 0.0038167938931297773 1.0366412213740457 296.88 127.43999999999998 437.28000000000003 1.5959317722139676 0.8762093392995098 1.0020137375328644
25.146 1.2663531184196473 -7.432619619369507 7.076422309875488 2.355725190839695 0.17557251908396948 1.0564885496183205 296.7 127.25999999999999 437.34 1.5986203141609399 0.8760872196334215 1.0024542849570763
25.176 1.2377424120903016 -7.412747764587403 7.062775325775147 1.7763358778625953 0.11450381679389314 1.00381679389313 296.58000000000004 127.25999999999999 436.62 1.6012245501249385 0.8759649684240433 1.0027869331223034
25.191 1.249474000930786 -7.434056138992309 7.05391674041748 1.1931297709923663 0.003816793893129766 0.8297709923664123 296.58000000000004 127.5 436.73999999999995 1.6042458712512082 0.8759649684240433 1.0027869331223034
25.206 1.213979959487915 -7.4152017593383786 7.005494022369385 -0.051908396946564926 -0.24961832061068706 0.3923664122137404 296.2799999999999 128.04 436.91999999999996 1.606846700025613 0.8760872196334215 1.003008966171859
25.236 1.2019490957260133 -7.343674993515014 6.97065839767456 -1.2083969465648856 -0.2778625954198473 -0.016793893129770997 295.9799999999999 127.85999999999999 436.9799999999999 1.6087750793754996 0.8762094708428 1.0026768503177161
25.251 1.1809998393058776 -7.321947622299194 6.939174652099609 -1.550381679389313 -0.3977099236641221 -0.20305343511450383 296.09999999999997 127.25999999999999 436.14 1.6102847290487259 0.8764538417182667 1.00278791157761
25.266 1.1869254946708678 -7.3202118396759035 6.917387437820435 -1.818320610687023 -0.4389312977099237 -0.41297709923664117 296.34000000000003 127.37999999999997 436.62 1.6120450408923979 0.8769425845646973 1.0014652108387163
25.296 1.1695675373077392 -7.317578220367432 6.891769456863403 -2.2854961832061074 -0.49541984732824423 -0.6893129770992368 296.7 127.13999999999999 436.73999999999995 1.6132187030800142 0.8771866928995534 1.0010218574879537
25.311 1.1729792714118958 -7.329788637161255 6.8737531185150145 -2.7793893129770995 -0.5358778625954198 -1.0083969465648854 297.41999999999996 126.9 436.37999999999994 1.6144757931199838 0.877553843359259 1.0000294477983622
25.326 1.187464189529419 -7.3391858577728275 6.867109203338623 -3.38702290076336 -0.5274809160305344 -1.4297709923664121 297.23999999999995 127.08 436.32 1.6149784655191166 0.8780420611173861 0.9999185651768133
25.356 1.1763910055160522 -7.3315842628479 6.869563245773316 -3.7908396946564884 -0.5618320610687022 -1.9351145038167936 297.65999999999997 127.02000000000001 436.37999999999994 1.6153132231767604 0.8781641807834744 0.998925371581531
25.372 1.189618968963623 -7.354508733749389 6.883808755874634 -3.7450381679389317 -0.4419847328244274 -2.343511450381679 297.84 126.83999999999999 437.03999999999996 1.6154806375323951 0.8787741268395693 0.998814577827515
25.386 1.1859678149223327 -7.368634557723999 6.893984127044678 -3.5664122137404575 -0.2687022900763359 -2.5847328244274808 298.0799999999999 126.96000000000001 437.4 1.6153134002501595 0.8787741268395696 0.9992579311782777
25.416 1.2051812767982484 -7.411670351028443 6.918524694442749 -3.1167938931297714 -0.055725190839694586 -2.6687022900763355 298.44 126.72 437.4 1.6151461277025532 0.8792618216862861 0.9991469593886156
25.431 1.2062586665153503 -7.466497564315796 6.927622652053833 -2.8618320610687027 0.08320610687022902 -2.7564885496183207 299.03999999999996 126.96 437.52 1.6153133649847884 0.8792618216862861 0.999810399313702
25.446 1.2391190767288207 -7.49247465133667 6.94791350364685 -2.9190839694656487 0.33435114503816793 -2.93206106870229 299.04 127.31999999999998 437.64 1.615648051663613 0.879383810355054 0.999921371103364
25.476 1.2382811069488526 -7.50133318901062 6.947434663772583 -2.8984732824427484 0.3923664122137405 -3.106106870229008 298.8 126.96 437.52 1.6157316791117697 0.8790174508108196 1.0012440718422577
25.491 1.260008490085602 -7.525035810470581 6.960842180252075 -2.5282442748091603 0.47099236641221376 -3.2709923664122136 298.62 127.13999999999999 437.82 1.615815377389135 0.8788954621420517 1.004318530863624
25.506 1.2522871971130372 -7.527430009841919 6.95898666381836 -2.150381679389313 0.5511450381679389 -3.4206106870229016 298.67999999999995 126.96000000000001 437.28000000000003 1.6158990401771665 0.8787732109326732 1.0081396310563548
25.536 1.26886705160141 -7.539341163635254 6.965331268310547 -1.5748091603053436 0.6694656488549618 -3.429007633587786 298.91999999999996 127.08 437.28000000000003 1.616150135046779 0.8781626098723502 1.0122931128101864
25.551 1.272099220752716 -7.563163471221924 6.960243606567383 -1.1213740458015269 0.7427480916030534 -3.4022900763358783 298.86 126.78 437.34 1.6155641219725994 0.878040490206262 1.0149262581968475
25.566 1.286823558807373 -7.564659833908081 6.94575867652893 -1.0549618320610685 0.8633587786259541 -3.457251908396947 298.92 126.24000000000001 437.2799999999999 1.6155641219725994 0.8773081608479707 1.0154793442499654
25.597 1.2917316794395446 -7.557118082046509 6.90715217590332 -1.2282442748091607 0.8916030534351146 -3.556488549618321 298.98 126.42 437.4599999999999 1.6152294352937748 0.8773081608479707 1.015700490104234
25.611 1.3024457335472106 -7.510131883621216 6.882851028442383 -1.5938931297709924 0.9 -3.6526717557251906 299.15999999999997 126.12 437.03999999999996 1.6151457725057434 0.8764533155415482 1.0163649893092646
25.626 1.3192649960517884 -7.469789600372314 6.870520877838135 -1.7167938931297708 0.9022900763358779 -3.8053435114503804 298.2 126.36000000000001 436.67999999999995 1.6148112273360269 0.8764533155415482 1.0163649893092646
25.656 1.320043110847473 -7.445727872848511 6.856873941421509 -1.4610687022900763 0.8061068702290075 -3.8984732824427484 298.62 126.17999999999999 437.34 1.6144765406572028 0.8759645726951175 1.0192198110714907
25.671 1.3222577452659607 -7.4297465801239015 6.833470582962036 -1.219083969465649 0.6442748091603053 -4.0206106870229 299.1 126.53999999999999 437.1 1.6138907765351873 0.8758421893929216 1.0216132715667876
25.686 1.3195642709732056 -7.406283378601074 6.789656686782837 -1.4572519083969466 0.5022900763358779 -4.174809160305343 299.1 126.53999999999996 437.58000000000004 1.613723362179553 0.8755978185174549 1.0229109699332617
25.716 1.327644693851471 -7.375278472900391 6.777984952926635 -1.9022900763358777 0.4236641221374045 -4.329770992366412 299.03999999999996 126.6 438.48 1.6133886045219092 0.8758421893929216 1.0229109699332617
25.732 1.320282518863678 -7.361631536483765 6.770622825622558 -2.247328244274809 0.3015267175572519 -4.434351145038168 299.15999999999997 126.48000000000002 438.71999999999997 1.6131375096522969 0.8759645726951175 1.0209585895143707
25.746 1.3248315095901488 -7.328292274475098 6.759789037704468 -2.5549618320610685 0.26030534351145035 -4.451908396946565 299.2799999999999 126.47999999999999 439.0799999999999 1.6133050311520676 0.8762086810299736 1.0216093641934052
25.776 1.323095715045929 -7.302494764328003 6.76541543006897 -2.4854961832061067 0.23206106870229007 -4.406870229007633 299.58 126.66000000000001 438.8999999999999 1.6132213328747025 0.8766974238764043 1.0247752923263622
25.791 1.3312359929084778 -7.311832141876221 6.795941495895386 -1.933587786259542 0.15419847328244274 -4.337404580152671 299.94 125.94000000000001 439.37999999999994 1.6132213328747025 0.8770637834206388 1.027402338669219
25.806 1.3239935398101808 -7.340442848205567 6.816711187362671 -1.3129770992366412 0.07557251908396943 -4.2824427480916025 300.0 126.24000000000001 440.4 1.6130539540833588 0.8774309338803447 1.0302461474015971
25.836 1.3247716546058654 -7.3725251197814945 6.834727573394775 -0.9175572519083971 0.06030534351145036 -4.140458015267176 300.48 125.64000000000001 440.88 1.6127191252969812 0.8777969004290933 1.0326523986131877
25.851 1.326866590976715 -7.3922772884368895 6.857472467422485 -0.8167938931297712 0.010687022900763343 -3.949618320610687 300.6 125.4 440.64 1.6126354092187125 0.8780415349406677 1.0333031732922222
25.866 1.3420099139213562 -7.427591753005982 6.906972599029541 -0.751145038167939 -7.63358778626011E-4 -3.8358778625954195 300.36 124.8 440.75999999999993 1.6126354092187125 0.8786521360009907 1.031128958278765
25.896 1.358470046520233 -7.470687389373779 6.959405612945557 -0.7152671755725191 -0.12748091603053435 -3.7908396946564884 300.78 124.85999999999999 440.46000000000004 1.6128028235743468 0.8787743872103692 1.0291780344281858
25.911 1.3752893209457397 -7.491756343841553 6.970179510116577 -0.8 -0.35648854961832066 -3.802290076335878 300.12 124.91999999999999 439.68 1.6127190896575818 0.8790182340930295 1.0264591795452678
25.926 1.3877391695976258 -7.502949237823486 6.9665283203125 -0.9396946564885497 -0.5961832061068704 -3.880916030534351 300.12 124.67999999999999 439.68 1.612802805735851 0.8792626049684962 1.0267864115654706
25.956 1.4039598822593689 -7.531859254837036 6.965810060501099 -1.1618320610687023 -0.8610687022900763 -4.014503816793893 299.93999999999994 124.74000000000001 439.38 1.6126352842360798 0.8793844631823886 1.0254819164591502
25.971 1.409346842765808 -7.543530988693237 6.9537193298339846 -1.6358778625954198 -1.1412213740458015 -4.181679389312977 299.64 125.04 439.2 1.612384082448116 0.879018103638154 1.023853120986466
25.986 1.4144943833351136 -7.506420850753784 6.9188837051391605 -2.2801526717557254 -1.2679389312977098 -4.357251908396948 299.34000000000003 125.46000000000001 438.53999999999996 1.6117976939707142 0.8788961149693861 1.0249337328264185
26.016 1.4398130655288697 -7.495048379898071 6.890093421936035 -2.5473282442748095 -1.2870229007633587 -4.416030534351146 299.58000000000004 125.34 438.05999999999995 1.6113789348173353 0.8786514804578115 1.0248253920184451
26.031 1.450048279762268 -7.487027835845947 6.851606655120849 -2.6793893129770994 -1.4015267175572519 -4.4435114503816795 299.82 125.58 438.05999999999995 1.6109599963349672 0.8782855139090628 1.0251504147014798
26.046 1.4607024669647217 -7.46667709350586 6.805817556381226 -2.8946564885496184 -1.4274809160305342 -4.457251908396946 299.64 126.12 437.88 1.6102057443617912 0.8782855139090628 1.025366694775388
26.076 1.47267347574234 -7.4254968643188475 6.752666282653808 -3.006870229007634 -1.3541984732824428 -4.383969465648855 300.41999999999996 126.53999999999999 437.82 1.6097029641379426 0.8777972961509362 1.0268920675188633
26.092 1.4821904301643372 -7.387907886505127 6.706458234786988 -2.783969465648855 -1.2 -4.245801526717557 300.41999999999996 126.29999999999998 437.7 1.6089490356416944 0.8777972961509359 1.0278708011110378
26.106 1.4889540433883668 -7.373243427276611 6.684671020507812 -2.4251908396946567 -1.0045801526717557 -4.041984732824428 301.38 126.17999999999999 438.05999999999995 1.6082785175852834 0.877186695090613 1.0302660710477483
26.136 1.5026009917259215 -7.355107355117798 6.660369873046875 -2.186259541984733 -0.7954198473282444 -3.844274809160306 301.67999999999995 126.35999999999999 437.75999999999993 1.6071888063366575 0.8769423242151465 1.031459614207774
26.151 1.5195998191833495 -7.327633857727051 6.638822078704834 -1.8503816793893129 -0.5877862595419847 -3.6839694656488553 302.04 126.35999999999997 437.4 1.6067696877673021 0.876209207206692 1.0335196984710122
26.166 1.5357008218765258 -7.322366619110108 6.626372241973877 -1.3954198473282442 -0.42061068702290083 -3.493129770992366 302.15999999999997 126.11999999999998 437.52 1.6060151109499952 0.8762092072066923 1.034715933283819
26.196 1.5550339937210083 -7.337150812149048 6.63966007232666 -1.0725190839694656 -0.31603053435114514 -3.267175572519084 302.64 125.28 437.4 1.6055117881787713 0.8759648363312256 1.0346082294394723
26.211 1.5594034075737 -7.34762544631958 6.6478602409362795 -0.9259541984732824 -0.30687022900763367 -3.105343511450382 302.34 125.21999999999998 436.98 1.6050086831131238 0.8759648363312256 1.034933010577886
26.226 1.5743073105812073 -7.357561349868774 6.670964241027832 -0.7641221374045801 -0.15801526717557252 -2.8801526717557255 302.7 125.33999999999999 436.73999999999995 1.6040854219173 0.8758425851218471 1.035365251746381
26.256 1.5879542708396912 -7.3753981590271 6.698617267608642 -0.5152671755725191 -0.019847328244274803 -2.6854961832061073 302.58 124.97999999999999 436.85999999999996 1.6037497277811283 0.8759647047879351 1.0352571517093991
26.271 1.599446439743042 -7.408079004287719 6.715735816955567 -0.33206106870229013 0.04885496183206107 -2.520610687022901 301.97999999999996 124.02000000000001 437.21999999999997 1.6031623265391637 0.8760869559973136 1.036013855544185
26.286 1.607586717605591 -7.433457565307617 6.73979754447937 -0.31068702290076333 0.061832061068702295 -2.3893129770992365 302.09999999999997 123.3 437.34000000000003 1.6024069315931988 0.8762090756634018 1.036013855544185
26.316 1.6211139559745789 -7.464701890945435 6.76355996131897 -0.367175572519084 0.04427480916030534 -2.3038167938931298 301.91999999999996 123.71999999999998 437.4 1.601819274479796 0.8765758298410645 1.036013855544185
26.331 1.6198570013046265 -7.489840984344482 6.785526752471924 -0.517557251908397 -0.027480916030534364 -2.2419847328244273 301.86 123.78000000000002 437.93999999999994 1.60123123153106 0.8769421893852991 1.0361218758366397
26.346 1.6101006388664245 -7.509054470062256 6.79899411201477 -0.7564885496183206 -0.11068702290076335 -2.1358778625954202 301.8 123.72 437.88 1.6007276901343725 0.8771870886356264 1.035149685578235
26.376 1.6162657022476197 -7.523958396911621 6.806775283813477 -1.0381679389312977 -0.19236641221374046 -2.0267175572519087 302.04 123.84 437.76000000000005 1.6001397760685812 0.8776753063937534 1.035149685578235
26.391 1.615248167514801 -7.532697248458862 6.804560613632202 -1.3259541984732823 -0.3374045801526718 -2.0106870229007634 301.92 124.55999999999999 437.88 1.6001397760685812 0.87791967726922 1.0345018002656636
26.406 1.6127941131591796 -7.531021308898926 6.7968991756439205 -1.6465648854961832 -0.4580152671755725 -2.020610687022901 302.1 124.38 438.53999999999996 1.599467947616545 0.878530278329543 1.0342853599352237
26.436 1.6160262942314148 -7.52940526008606 6.773555707931519 -1.9877862595419848 -0.6358778625954199 -2.086259541984733 301.68 124.32000000000001 438.84 1.5995519721249232 0.8785302783295432 1.0350387409226387
26.451 1.6092028141021728 -7.517972946166992 6.74057559967041 -2.385496183206107 -0.7885496183206108 -2.111450381679389 302.16 124.2 439.43999999999994 1.599047880115177 0.8788958535101716 1.0643686130267576
26.466 1.6111780285835267 -7.493611907958984 6.715017509460449 -2.676335877862596 -0.8396946564885497 -2.0564885496183205 301.98 124.85999999999997 439.62 1.5988798864111766 0.8788958535101715 1.0948276679838718
26.496 1.6145299196243286 -7.465420150756836 6.688142585754394 -2.7137404580152675 -0.8068702290076336 -1.934351145038168 301.56 125.28 439.91999999999996 1.598291325205882 0.8790178421789395 1.134326628398184
26.511 1.6101006507873534 -7.462247848510742 6.656359577178955 -2.448091603053435 -0.6862595419847327 -1.7458015267175573 301.67999999999995 124.79999999999998 439.43999999999994 1.5982073006975037 0.878773471303473 1.1628869250205922
26.526 1.6180015206336975 -7.443393516540527 6.6229006290435795 -2.161832061068702 -0.45877862595419855 -1.4916030534351143 302.15999999999997 124.8 439.43999999999994 1.5978708685247234 0.8786514826347049 1.2032596218439704
26.556 1.6272191882133484 -7.441298580169677 6.606201076507569 -1.647328244274809 -0.19236641221374046 -1.2236641221374043 302.1 124.62 440.1 1.597450745788208 0.878529099332509 1.2480280811507396
26.571 1.6107590556144715 -7.432739305496216 6.594469451904297 -1.0893129770992367 0.032061068702290065 -0.9793893129770993 301.74 124.73999999999998 440.5799999999999 1.597198505467491 0.8780408815743819 1.2910297817787002
26.586 1.6067487716674804 -7.450336694717407 6.598419904708862 -0.453435114503817 0.40229007633587777 -0.6679389312977099 301.80000000000007 124.43999999999998 440.87999999999994 1.596105702068693 0.8777965106989154 1.2912460618526087
26.616 1.6077064514160155 -7.463145685195923 6.603208303451538 0.03816793893129757 0.7198473282442748 -0.3984732824427482 302.15999999999997 125.03999999999999 440.64 1.5954326877678093 0.8771859096385922 1.2917865633146168
26.631 1.5931018114089965 -7.4713458061218265 6.614281511306762 0.5213740458015267 0.9534351145038167 -0.2389312977099236 302.21999999999997 124.97999999999999 440.21999999999997 1.5941703608903892 0.8773081608479705 1.2906009411587067
26.646 1.5855600714683533 -7.493432331085205 6.631280326843262 0.97175572519084 1.1572519083969464 -0.16870229007633586 301.8 125.16 440.16 1.5932444499854683 0.8764533155415482 1.261487189384025
26.676 1.5742474675178528 -7.508994674682617 6.659172773361206 1.2 1.2977099236641223 -0.1954198473282443 302.15999999999997 125.63999999999999 440.28000000000003 1.5919821231080484 0.8763310643321699 1.2309202728621074
26.691 1.5573683381080627 -7.5426332473754885 6.674196386337281 1.2045801526717557 1.2770992366412215 -0.32748091603053436 301.97999999999996 125.93999999999997 439.86 1.5913083574359232 0.8759647047879353 1.1921780162825804
26.706 1.551382839679718 -7.543710613250733 6.691494512557983 0.8847328244274811 1.2374045801526719 -0.5435114503816794 301.56 125.88 440.88 1.5897083339176223 0.8758423214857392 1.1635096993677172
26.736 1.5386935710906982 -7.545925235748291 6.71489782333374 0.6404580152671755 1.183206106870229 -0.8282442748091603 301.26 126.05999999999999 441.1800000000001 1.5885284452942 0.8755979506102726 1.1232449433464704
26.752 1.5391125559806824 -7.547062492370605 6.738480710983277 0.5251908396946564 1.1244274809160306 -1.0977099236641221 301.5 125.7 441.41999999999996 1.5868432629975489 0.8758425851218469 1.0796638467785367
26.766 1.5415666103363037 -7.547541332244873 6.755958414077758 0.5068702290076336 1.0992366412213743 -1.332824427480916 301.56 125.03999999999999 441.71999999999997 1.5854106999084925 0.875720201819651 1.0376336209598511
26.796 1.5406089305877686 -7.545625972747803 6.762841749191284 0.5885496183206106 1.084732824427481 -1.5580152671755725 300.96 125.76000000000002 441.24000000000007 1.5841458182820594 0.8758424530290293 1.0379574436192414
26.811 1.5344438552856445 -7.541436100006104 6.770084190368652 0.7671755725190839 1.1335877862595418 -1.714503816793893 300.17999999999995 124.62000000000003 440.94000000000005 1.5828806497927939 0.876209207206692 1.0381730877633175
26.826 1.5389928460121154 -7.54730191230774 6.772837543487549 0.9038167938931296 1.2389312977099236 -1.7778625954198475 300.24 124.44000000000001 441.12000000000006 1.5821212055612048 0.8764533155415482 1.0388209730758888
26.856 1.5440805315971375 -7.541974782943726 6.766971731185913 0.8732824427480915 1.3190839694656487 -1.8442748091603054 300.3 124.61999999999998 440.93999999999994 1.581530795669923 0.8769425856673421 1.0392522618664433
26.872 1.5424644470214843 -7.530123472213745 6.750092601776123 0.831297709923664 1.3770992366412211 -1.9206106870229007 300.06000000000006 124.01999999999998 440.58000000000004 1.580771351438334 0.8774308034254691 1.0398982514667066
26.888 1.5468937277793884 -7.510251569747925 6.74165301322937 0.9076335877862596 1.494656488549618 -1.9694656488549616 300.06000000000006 124.25999999999999 440.82 1.5799274280193898 0.8776751743009358 1.0403289103707563
26.917 1.5470732927322388 -7.49049940109253 6.729502439498901 1.0335877862595422 1.5572519083969465 -2.0091603053435114 300.6 124.2 440.75999999999993 1.5795897049370597 0.8782857753612587 1.040544871465343
26.932 1.5464747428894043 -7.48355622291565 6.727227973937988 1.1809160305343513 1.5618320610687024 -2.048854961832061 300.06000000000006 123.78 439.98 1.5797584892964904 0.8782857753612587 1.0415128029722123
26.947 1.5400702595710754 -7.483675956726074 6.724055671691895 1.1992366412213742 1.5534351145038168 -2.120610687022901 299.94 124.37999999999997 439.73999999999995 1.5794205335682272 0.8787734702079755 1.0416202721036223
26.976 1.5531785130500793 -7.499836826324463 6.730160856246949 1.0251908396946565 1.5702290076335874 -2.210687022900763 300.12 124.92 439.32 1.579251633375207 0.87901810471955 1.041835288356619
26.991 1.5420454740524292 -7.47667293548584 6.729921436309814 0.6312977099236641 1.4854961832061067 -2.314503816793893 300.41999999999996 124.5 439.62 1.5789135997709498 0.8793840712682985 1.0419430709358914
27.006 1.5400702595710754 -7.474218893051147 6.727048397064209 0.39923664122137403 1.393893129770992 -2.3870229007633585 300.47999999999996 125.4 439.91999999999996 1.5790825387381482 0.8790173170906359 1.04440083208271
27.037 1.540010404586792 -7.451054954528809 6.730400276184082 0.15343511450381678 1.2854961832061067 -2.4900763358778626 300.3 125.7 440.21999999999997 1.5786599479062868 0.8790173170906359 1.0439692268440472
27.051 1.5404892444610596 -7.443752670288086 6.7469202995300295 0.09007633587786258 1.1725190839694657 -2.5870229007633587 300.48 125.76000000000002 439.91999999999996 1.5782376488028402 0.8787729462151693 1.043753740420428
27.066 1.5502456188201905 -7.44608702659607 6.769306087493897 0.0748091603053435 1.0404580152671756 -2.66412213740458 300.54 125.7 439.38 1.5777304811303243 0.8784069796664207 1.042891789725578
27.096 1.546414887905121 -7.435193395614624 6.775531005859375 -0.10229007633587787 0.9213740458015268 -2.703053435114504 300.36 125.52000000000001 439.68 1.5774769267134225 0.8782848600003325 1.0421373081621381
27.112 1.5483302474021912 -7.4264545917510985 6.793008661270141 -0.12519083969465652 0.865648854961832 -2.677862595419847 300.18 125.70000000000002 439.0200000000001 1.5769697590409066 0.8777966422422055 1.0421373081621381
27.126 1.553657341003418 -7.430524730682373 6.8034234046936035 -0.003816793893129766 0.8061068702290075 -2.563358778625954 300.18 126.17999999999999 439.73999999999995 1.5758712730426354 0.8777966422422055 1.0416003500025348
27.156 1.5563508152961731 -7.415441226959229 6.812222099304199 0.005343511450381655 0.7931297709923663 -2.4328244274809157 299.82000000000005 125.57999999999997 439.38 1.5755330048234635 0.8770643128839144 1.0414928808711252
27.171 1.5455769062042237 -7.402572393417358 6.812162256240844 0.10687022900763361 0.7923664122137405 -2.2900763358778624 299.4 125.99999999999997 439.91999999999996 1.574602657300824 0.8770643128839142 1.0409547528356657
27.186 1.5598822593688966 -7.4244194507598875 6.826108455657959 0.2511450381679389 0.815267175572519 -2.1381679389312973 299.58000000000004 126.05999999999999 439.73999999999995 1.574179674618145 0.8764537118235912 1.0409547528356655
27.217 1.5687408089637755 -7.410114097595215 6.837540769577027 0.057251908396946584 0.8083969465648856 -2.0183206106870224 299.58000000000004 126.05999999999999 439.73999999999995 1.5733341985513658 0.8765760951257873 1.038604695533194
27.231 1.5650896549224853 -7.414423656463623 6.841850328445434 -0.066412213740458 0.8129770992366412 -1.866412213740458 299.64 126.35999999999999 439.43999999999994 1.5729957730962911 0.8762097355815527 1.0391440046162033
27.246 1.5662867546081543 -7.410892200469971 6.847237253189087 -0.2465648854961832 0.8320610687022899 -1.6633587786259543 299.70000000000005 126.17999999999999 439.26000000000005 1.572488370560897 0.8762097355815527 1.0390361430513997