113.279000000000	0.573411305745443	-9.84894752502441	-0.440333604812622	16.5877862595420	-3.28498727735369	-8.62849872773537	375	120.200000000000	-57.8000000000000	0.840036794681514	0.866259173763687	0.867081786796977
113.295000000000	0.654215614000956	-10.1145044962565	-0.414795448382696	15.7989821882952	-3.02798982188295	-9.05597964376590	376	120.400000000000	-57.2000000000000	0.840457863169574	0.867081786796977	0.866670707982155
113.310000000000	0.850540141264598	-10.0648247400920	-0.236028383175532	9.21628498727736	-2.15267175572519	-7.20101781170483	378.200000000000	119.400000000000	-57.8000000000000	0.840878931657633	0.867081786796977	0.867492412138794
113.342000000000	0.919173916180929	-9.90980021158854	-0.153627937038740	1.89058524173028	-1.30534351145038	-4.12977099236641	377.800000000000	118.600000000000	-56.6000000000000	0.841300000145693	0.867492865611799	0.867492412138794
113.358000000000	0.953291296958923	-9.72704283396403	-0.0772130042314529	-1.91603053435114	0.142493638676845	-1.17048346055980	378	117.200000000000	-56.4000000000000	0.842140648660214	0.867081786796977	0.869134014218912
113.371000000000	0.892239173253377	-9.74380238850912	-0.119510568678379	-1.14503816793893	1.38931297709924	0.284987277353690	377.400000000000	116.200000000000	-55.4000000000000	0.842140648660214	0.867902585925482	0.868723388877095
113.402000000000	1.03449467817942	-9.85353660583496	-0.0981622710824013	-0.239185750636132	2.61577608142494	0.671755725190840	378.600000000000	117.400000000000	-55.8000000000000	0.842981297174735	0.867491507110660	0.869953912142390
113.417000000000	1.06462170680364	-9.81502978006999	-0.0827994768818220	-1.78117048346056	2.44783715012723	0.368956743002545	378.600000000000	119	-55.4000000000000	0.841719580172154	0.868723385053987	0.869134014218912
113.430000000000	1.04806178808212	-9.54628054300944	0.158017307519913	-5.37659033078880	2.11959287531807	0.427480916030534	378.200000000000	119.800000000000	-56.6000000000000	0.842560228686675	0.867902585925482	0.870773813863802
113.461000000000	1.11908974250158	-9.33100191752116	0.0634463379780452	-7.91603053435115	1.88040712468193	0.447837150127226	376.400000000000	119.200000000000	-57.2000000000000	0.841298511684095	0.869134463868809	0.869543290598507
113.477000000000	1.18512980143229	-9.01815954844157	0.101953083028396	-9.43511450381679	2.22646310432570	0.178117048346056	376.400000000000	118.400000000000	-57.2000000000000	0.842979813123693	0.867902585925482	0.870363188521986
113.491000000000	1.24438631534576	-8.82023874918620	-0.188343868901332	-5.20356234096692	2.87786259541985	-1.23155216284987	374.400000000000	120.400000000000	-56.4000000000000	0.841718096121112	0.868723385053987	0.868723388877095
113.523000000000	1.07000863552094	-8.99601300557455	-0.0875878793497880	3.36895674300254	3.51145038167939	-3.86768447837150	376.600000000000	120.200000000000	-56.6000000000000	0.842979813123693	0.867491507110660	0.869544188005600
113.537000000000	0.940123200416565	-9.57959969838460	-0.370103687047958	10.6463104325700	2.91603053435115	-6.32569974554707	374.600000000000	119.400000000000	-56.6000000000000	0.840876944075899	0.868723385053987	0.867491051707015
113.551000000000	0.937928517659505	-9.94631163279215	-0.204105705022812	8.61068702290076	1.61832061068702	-6.58524173027990	376.200000000000	117.400000000000	-56.2000000000000	0.841298012563958	0.867079972892192	0.868311850835520
113.582000000000	1.01992992560069	-9.89403820037842	-0.0440932214260101	1.29262086513995	-0.0814249363867684	-4.57506361323155	375.600000000000	118.400000000000	-54	0.840036295561378	0.867079972892192	0.867491051707015
113.597000000000	1.10452504952749	-9.51076666514079	0.438537945350011	-5.38931297709924	-0.783715012722646	-1.61068702290076	377.800000000000	118.200000000000	-55	0.840457863169574	0.865436560730398	0.868313664740304
113.613000000000	1.00097580750783	-9.67038027445475	0.105743914842606	-4.28498727735369	-1.78371501272265	0.269720101781171	378.600000000000	119.800000000000	-55.8000000000000	0.839615227073318	0.865848094948865	0.867081786796977
113.643000000000	0.852335790793101	-9.69651699066162	0.00857922683159510	-2.86259541984733	-1.70737913486005	1.54452926208651	378	117.200000000000	-57.2000000000000	0.838771590492432	0.865848094948865	0.865847182198053
113.657000000000	0.922565718491872	-10.0438756942749	-0.289698399603367	0.506361323155216	-2.55979643765903	1.50127226463104	377	118.600000000000	-56.2000000000000	0.838771590492432	0.865436103383230	0.865847182198053
113.671000000000	1.22902355591456	-9.96207364400228	0.0127690757314364	-3.05343511450382	-2.91603053435115	2.55979643765903	376.600000000000	117.800000000000	-56.6000000000000	0.838349521519742	0.865436103383230	0.865435647979585
113.702000000000	1.55263980229696	-9.61072476704915	0.0526724358399709	-7.65394402035624	-4.61068702290076	3.71501272264631	378	119.600000000000	-55.6000000000000	0.838771590492432	0.864612577599128	0.866259173763687
113.720000000000	1.57638231913249	-9.35973262786865	0.121306215723356	-9.28244274809160	-4.85496183206107	5.17557251908397	377.400000000000	119.400000000000	-55.8000000000000	0.838350022884236	0.864612577599128	0.865848094948865
113.732000000000	1.54625527064006	-9.07562065124512	0.203507140278816	-5.52162849872774	-5.46055979643766	4.32061068702290	376.800000000000	119.600000000000	-55.2000000000000	0.838772091856926	0.863789051815026	0.866670707982155
113.762000000000	1.53208959102631	-9.36970837910970	0.206699411074320	1.20356234096692	-5.13740458015267	3.10687022900763	374.800000000000	119.600000000000	-54.8000000000000	0.838772091856926	0.864612577599128	0.866259173763687
113.777000000000	1.76332954565684	-9.24760405222575	0.303664579987526	0.631043256997455	-5.19847328244275	3.38167938931298	375.800000000000	118.600000000000	-54.2000000000000	0.839193659465122	0.865436103383230	0.866670252578510
113.790000000000	1.67414553960164	-9.33479309082031	0.119311052064101	-3.14758269720102	-5.51908396946565	5.20610687022901	375.400000000000	118.600000000000	-53.8000000000000	0.839193659465122	0.866259629167333	0.866670252578510
113.822000000000	1.51852242151896	-9.02234967549642	0.170586866637071	-10.7073791348601	-5.35114503816794	8.09669211195929	376.600000000000	117.400000000000	-55	0.840036295561378	0.866670707982155	0.867492865611799
113.838000000000	1.09554680188497	-8.85854625701904	0.129486404359341	-13.8956743002545	-4.74300254452926	9.64885496183206	374	120.800000000000	-56	0.840036295561378	0.867081786796977	0.867492865611799
113.852000000000	0.750981261332830	-8.81884225209554	0.0784100989500682	-11.5114503816794	-3.44529262086514	9.48854961832061	373.800000000000	122.200000000000	-56.6000000000000	0.841719580172154	0.867081786796977	0.868313664740304
113.881000000000	0.436941812435786	-9.31025218963623	-0.102152605851491	-4.15012722646311	-2.63613231552163	5.95419847328244	373	123	-56.6000000000000	0.841719580172154	0.867492412138794	0.868724290082121
113.897000000000	-0.174178168177605	-9.75158309936523	0.0383072271943092	-4.36641221374046	-2.53435114503817	-1.60305343511450	369.600000000000	120	-55.2000000000000	0.842561714935271	0.867492865611799	0.871184435407686
113.911000000000	-0.566228697697322	-9.71766535441081	0.0558647066354752	-3.93384223918575	-2.36895674300254	-1.16284987277354	372.400000000000	121.200000000000	-55.6000000000000	0.842141143338745	0.868723388877095	0.869953912142390
113.942000000000	-0.561041260759036	-9.87767791748047	-0.00399033476909002	-0.0508905852417299	-1.76335877862595	-0.320610687022901	373.200000000000	122.800000000000	-54.8000000000000	0.842561220256740	0.868723388877095	0.870363188521985
113.958000000000	-0.418187230825424	-10.1905202865601	-0.0706289509932200	4.84732824427481	-1.39440203562341	0.659033078880407	373.800000000000	124.200000000000	-56.2000000000000	0.841719580172154	0.869544188005600	0.869953464385195
113.971000000000	-0.0578598777453105	-10.5927460988363	-0.306058784325918	7.37659033078880	-2.73791348600509	0.211195928753181	371.400000000000	124.600000000000	-55.4000000000000	0.842560228686675	0.868313664740304	0.871183987650490
114.002000000000	0.201711485783259	-10.5921475092570	-0.290097440282504	2.59033078880407	-3.36641221374046	0.989821882951654	372.600000000000	124.600000000000	-54.2000000000000	0.841298511684095	0.869134463868809	0.869544188005600
114.018000000000	0.344964553912481	-10.2701276143392	-0.282316282391548	-3.51145038167939	-3.25190839694656	2.53689567430025	373.400000000000	125	-52.6000000000000	0.842560228686675	0.867902585925482	0.869544188005600
114.031000000000	0.717861473560333	-9.97504234313965	-0.285907581448555	-6.00763358778626	-0.529262086513995	5.13486005089059	373.400000000000	124.200000000000	-51.8000000000000	0.841298511684095	0.868723385053987	0.867902585925482
114.061000000000	0.771930535634359	-9.77891731262207	-0.440932139754295	-5.93384223918575	1.28753180661578	5.20356234096692	373	124.600000000000	-54.2000000000000	0.842140151768680	0.867079972892192	0.868723385053987
114.077000000000	0.864306827386220	-9.53470865885417	-0.544481366872788	-7.08905852417303	2.51653944020356	2.81424936386768	371.800000000000	123.800000000000	-53	0.840878434766100	0.867491051707015	0.867491507110660
114.092000000000	0.890244007110596	-9.13248284657796	-0.495200723409653	-9.18066157760814	2.35623409669211	-0.949109414758270	371.800000000000	124.200000000000	-53	0.840878434766100	0.865435647979585	0.868313211267299
114.122000000000	0.802456597487132	-8.87410863240560	-0.526923904816310	-7.50127226463104	1.67684478371501	-4.12468193384224	372.200000000000	125	-51.8000000000000	0.839193158100628	0.865847182198053	0.867492412138794
114.138000000000	0.536500687400500	-8.97007624308268	-0.553659160931905	-2.26463104325700	1.22137404580153	-5.55979643765903	374	125.200000000000	-52.4000000000000	0.839193158100628	0.865436103383230	0.867492412138794
114.152000000000	0.401228303710620	-9.06684176127116	-0.509366422891617	1.76081424936387	1.41475826972010	-6.23664122137405	373.400000000000	125.400000000000	-53.4000000000000	0.839193158100628	0.865436103383230	0.867081786796977
114.182000000000	0.523931140700976	-8.91939894358317	-0.348755384484927	3.04325699745547	1.57251908396947	-7.45038167938931	371.600000000000	122.800000000000	-53.2000000000000	0.839193158100628	0.865024569164763	0.865847182198053
114.198000000000	0.745195269584656	-8.47687053680420	-0.237025966246923	5.10687022900763	0.715012722646311	-10.5292620865140	370.200000000000	122.200000000000	-52.6000000000000	0.839193158100628	0.863788592511333	0.865435647979585
114.212000000000	0.798067212104797	-8.01020081837972	-0.133875778565804	11.4529262086514	-0.931297709923664	-14.9083969465649	370.600000000000	122.200000000000	-50.6000000000000	0.838349521519742	0.864612118295435	0.864613034946296
114.242000000000	0.725243588288625	-7.77716509501139	-0.0393048115074635	21.4325699745547	-1.95419847328244	-19.9338422391858	372	124.800000000000	-50.8000000000000	0.838771590492432	0.864200126729800	0.865847639545220
114.258000000000	0.508368829886119	-7.72748549779256	-0.0335188247263432	29.6234096692112	-2.29262086513995	-24.3536895674300	375	126.600000000000	-50.6000000000000	0.838350022884236	0.865024569164763	0.865847639545220
114.272000000000	0.322419166564941	-7.59420824050903	0.00897825509309769	33.2162849872774	-2.00508905852417	-26.7633587786260	376.600000000000	126.200000000000	-51	0.839193659465122	0.865024569164763	0.866259173763687
114.302000000000	0.338779548803965	-7.29573106765747	0.237025966246923	34.4580152671756	-2.16793893129771	-28.7073791348600	376.200000000000	123.800000000000	-49.8000000000000	0.839193659465122	0.865848094948865	0.866259173763687
114.318000000000	0.389855851729711	-6.96652825673421	0.479438891013463	38.7404580152672	-3.04325699745547	-32.1221374045802	376.400000000000	122	-48.4000000000000	0.839615227073318	0.865848094948865	0.866670707982155
114.332000000000	0.487220058838526	-7.04932769139608	0.563235948483149	47.0737913486005	-2.37913486005089	-36.7989821882952	378.800000000000	120.400000000000	-45.6000000000000	0.839615227073318	0.866259173763687	0.866259173763687
114.378000000000	0.427564531564713	-7.20694605509440	0.442727794249853	50.9083969465649	-1.20356234096692	-40.8167938931298	382	118.800000000000	-43.6000000000000	0.840878434766100	0.866670252578510	0.866669799105504
114.382000000000	0.479837934176127	-7.23807080586751	0.559245616197586	46.3765903307888	0.190839694656489	-42.1984732824428	384	116.400000000000	-42	0.840878434766100	0.867492865611799	0.867491503262143
114.393000000000	0.397038454810778	-7.13711531956991	0.812831481297811	38.5241730279898	-1.11959287531807	-43.0483460559796	384.800000000000	114.800000000000	-43.2000000000000	0.841299503254160	0.867081786796977	0.869134915423938
114.422000000000	0.332195485631625	-7.25921964645386	0.989004830519358	35.3664122137405	-2.26717557251908	-44.6641221374046	387	114.600000000000	-43.4000000000000	0.840457863169574	0.867902585925482	0.868724290082121
114.437000000000	0.540091996391614	-7.61994600296021	0.886652708053589	35.3409669211196	-1.65394402035623	-46.4605597964377	387.200000000000	114.800000000000	-44	0.841299503254160	0.868313211267299	0.869134463868809
114.451000000000	0.899022728204727	-8.01678482691447	0.779711703459422	31.1526717557252	-1.04325699745547	-46.9974554707379	387.200000000000	114.400000000000	-42	0.840456867157904	0.869545089210626	0.868724290082121
114.481000000000	1.12527477741241	-8.61553478240967	0.914186020692190	21.8854961832061	-1.85750636132316	-44.5776081424936	385.200000000000	113.600000000000	-38.0000000000000	0.842138168597502	0.868313211267299	0.869954813347417
114.497000000000	1.05564341942469	-8.99760945638021	1.30344329277674	12.0788804071247	-1.85750636132316	-43.1348600508906	385	112.200000000000	-34.6000000000000	0.841717597000976	0.868723385053987	0.869134014218912
114.511000000000	1.51572920878728	-9.32581488291423	1.52470743656158	6.45038167938931	1.32824427480916	-39.8015267175572	386	110.800000000000	-34.4000000000000	0.843400881611752	0.867902585925482	0.869953912142390
114.542000000000	2.23119646310806	-9.31264654795329	1.33815922339757	3.06106870229008	4.99236641221374	-37.1908396946565	383.400000000000	109.800000000000	-37	0.841719580172154	0.869544188005600	0.868723388877095
114.557000000000	3.23496548334757	-9.76654720306397	0.980226079622904	-0.323155216284987	6.22900763358779	-31.9185750636132	382.200000000000	109.400000000000	-38.6000000000000	0.842140151768680	0.867900775843805	0.869953912142390
114.571000000000	3.55279572804769	-10.0117530822754	1.06262652079264	-6.82188295165394	3.63358778625954	-28.2875318066158	380.600000000000	108.200000000000	-38.2000000000000	0.840456867157904	0.868311401185622	0.867900775843805
114.601000000000	3.53444019953410	-10.2631444931030	1.33915680646896	-10.5190839694656	2.90585241730280	-24.3994910941476	382.400000000000	106.800000000000	-36.4000000000000	0.841298507242490	0.866258264887037	0.868721574972310
114.618000000000	3.62003294626872	-10.1568021774292	1.65259770552317	-10.5038167938931	5.62849872773537	-21.0966921119593	382.200000000000	105.400000000000	-35.4000000000000	0.840035299549708	0.867080877920327	0.867079972892192
114.632000000000	3.85765743255615	-10.2832959493001	1.66416966915131	-6.78371501272265	10.4071246819338	-18.6564885496183	382.600000000000	104.200000000000	-35.8000000000000	0.840456867157904	0.865847639545220	0.867902585925482
114.662000000000	4.29020992914836	-10.5546388626099	1.69030638535817	-6.16284987277354	12.7964376590331	-16.9694656488550	380.800000000000	102.800000000000	-36.8000000000000	0.839193659465122	0.865847639545220	0.866670707982155
114.677000000000	4.23574177424113	-10.8217916488647	1.71544551849365	-11.2748091603053	11.3715012722646	-15.0865139949109	380.400000000000	100.400000000000	-38	0.839193659465122	0.865025026511930	0.866670707982155
114.692000000000	4.03542693456014	-10.8555100758870	1.76891601085663	-18.9847328244275	8.79134860050891	-12.0636132315522	377.200000000000	98.8000000000000	-38.8000000000000	0.839193659465122	0.864200584076968	0.866259629167333
114.738000000000	3.77206468582153	-10.6595843633016	1.88323911031087	-24.7557251908397	7.07379134860051	-9.48600508905853	376	98	-40.0000000000000	0.838349017894978	0.864200584076968	0.865848094948865
114.743000000000	3.54321901003520	-10.5797777175903	1.81719903151194	-25.3689567430025	6.28244274809160	-8.45547073791349	374.400000000000	96.8000000000000	-41.6000000000000	0.838349017894978	0.863376141642005	0.865848094948865
114.751000000000	3.38979061444600	-10.6809326807658	1.56979819138845	-24.5648854961832	6.46055979643766	-8.31297709923664	373.800000000000	97.8000000000000	-42.2000000000000	0.837927450286782	0.863788592511333	0.865436560730398
114.781000000000	3.31995971997579	-10.7288166681925	1.08676803112030	-26.0610687022901	5.94910941475827	-7.74554707379135	375.400000000000	97	-43	0.838772091856926	0.863376600945698	0.866259173763687
114.797000000000	3.24534042676290	-10.6132965087891	0.760757585366567	-30.0890585241730	4.41475826972010	-5.83715012722646	375	96.2000000000000	-44.2000000000000	0.838350022884236	0.864201043380661	0.866259173763687
114.811000000000	3.11106562614441	-10.3539247512817	0.448713312546412	-31.3129770992366	2.89058524173028	-3.59541984732824	375.600000000000	95.2000000000000	-43.6000000000000	0.838350022884236	0.864613034946296	0.866670707982155
114.841000000000	3.10308496157328	-10.2637434005737	0.347558289766312	-26.8167938931298	4.02290076335878	-0.893129770992366	373.600000000000	94	-45.2000000000000	0.838350022884236	0.865436560730398	0.866259629167333
114.857000000000	3.35846646626790	-10.3670930862427	0.197920675079028	-19.8295165394402	6.68193384223919	1.30025445292621	371.800000000000	94.6000000000000	-47.4000000000000	0.839614727953182	0.865848094948865	0.866670707982155
114.872000000000	3.36824274063110	-10.2797047297160	0.168791219592094	-16.7175572519084	7.86005089058524	3.84732824427481	372.400000000000	92.8000000000000	-48.8000000000000	0.840036295561378	0.866259629167333	0.867081786796977
114.902000000000	3.00173044204712	-9.72524738311768	0.320823013782501	-14.8473282442748	7.48091603053435	10.4503816793893	369.600000000000	92.4000000000000	-44.4000000000000	0.842561714935271	0.866259629167333	0.869955262997314
114.918000000000	3.05520089467367	-9.85593096415202	0.208295538400610	-13.1704834605598	7.78371501272265	10.7455470737913	369	91.4000000000000	-44.6000000000000	0.842141143338745	0.867081333323972	0.869545089210626
114.932000000000	2.95604101816813	-9.91299279530843	0.0855927063773076	-12.6386768447837	6.89567430025445	11.6513994910941	367.600000000000	90.4000000000000	-47.6000000000000	0.841720571742219	0.867492412138794	0.869545089210626
114.962000000000	2.91613761583964	-9.90122127532959	0.116916854555408	-11.4147582697201	6.52926208651400	13.2366412213740	367.200000000000	91.6000000000000	-50.4000000000000	0.840878931657633	0.868724290082121	0.869134915423938
114.977000000000	3.03684528668722	-9.90461285909017	0.202709083755811	-9.85241730279898	6.33078880407125	14.6463104325700	365.800000000000	91.8000000000000	-51.4000000000000	0.841719580172154	0.868313664740304	0.869954813347417
114.992000000000	2.96023082733154	-10.0843776067098	0.156820217768351	-6.16284987277354	6.11704834605598	15.7684478371501	366.400000000000	92.4000000000000	-52.4000000000000	0.841719580172154	0.869134463868809	0.869544639560729
115.022000000000	3.17650707562765	-10.5013678868612	0.284710486729940	-2.80661577608142	6.32824427480916	17.5877862595420	367.600000000000	92	-53.2000000000000	0.842981297174735	0.868313664740304	0.870364537484207
115.038000000000	3.16673080126445	-10.8557097117106	0.348755379517873	-2.11959287531807	4.36132315521629	19.1552162849873	367.800000000000	92.6000000000000	-54.2000000000000	0.842561220256740	0.869134463868809	0.869134014218912
115.052000000000	3.47817651430766	-11.1930923461914	0.674566328525543	-3.27989821882952	3.10178117048346	19.9974554707379	368	94	-52.4000000000000	0.843401868771261	0.867902585925482	0.869544188005600
115.082000000000	3.48875093460083	-11.4638363520304	0.703695774078369	-4.40712468193384	0.124681933842239	18.1017811704835	364.600000000000	93	-50.2000000000000	0.842140151768681	0.869133109190778	0.867902585925482
115.094000000000	3.57713683446248	-11.6471923192342	0.868696173032125	-4.90585241730280	-1.89821882951654	14.8931297709924	364.600000000000	93	-51	0.842140151768680	0.867077705463348	0.869133109190778
115.108000000000	3.58072813351949	-11.7200161616007	0.905606786410014	-4.46564885496183	-4.22391857506361	10.3791348600509	363.800000000000	91.4000000000000	-51	0.840456867157904	0.868309583406675	0.867901231247450
115.139000000000	3.53344257672628	-11.6561708450317	0.905407269795736	-4.09414758269720	-5.56234096692112	5.77099236641222	364.200000000000	91	-52.2000000000000	0.841298507242490	0.865844455542455	0.868722935404089
115.155000000000	3.32634417215983	-11.5175069173177	0.821410695711772	-4.47328244274809	-6.23918575063613	1.63867684478372	363.600000000000	91.2000000000000	-52	0.840035299549708	0.867079060141380	0.867081333323972
115.172000000000	3.18129547437032	-11.3784437179565	0.681549410025279	-6.30788804071247	-6.26208651399491	-1.48091603053435	363.400000000000	90.6000000000000	-53	0.840456867157904	0.865435647979585	0.867081333323972
115.201000000000	3.03125890096029	-11.1863091786702	0.579995354016622	-10.7913486005089	-7.34605597964377	-4.14758269720102	363.400000000000	91.4000000000000	-53.4000000000000	0.839193659465122	0.865847639545220	0.866259629167333
115.217000000000	2.85608315467834	-11.0799665451050	0.446917643149694	-14.6768447837150	-9.25190839694657	-7.22900763358779	364	92	-52	0.838771590492432	0.865025026511930	0.865848094948865
115.231000000000	2.70943832397461	-11.1643619537354	0.297080518056949	-16.0127226463104	-10.5368956743003	-10.2875318066158	362.600000000000	93.8000000000000	-51.4000000000000	0.838350022884236	0.864613034946296	0.866259173763687
115.261000000000	2.63581657409668	-11.4668292999268	0.117914433280627	-15.1730279898219	-10.6615776081425	-12.4427480916031	365.200000000000	95.2000000000000	-49.2000000000000	0.837927953911546	0.864201043380661	0.865847639545220
115.277000000000	2.69148174921672	-11.7080450057983	0.106941009561221	-14.6030534351145	-10.1526717557252	-13.4707379134860	365.200000000000	94.4000000000000	-50.8000000000000	0.838771590492432	0.863789051815026	0.866259173763687
115.292000000000	2.73158462842306	-11.7928396860758	0.153627940764030	-13.8905852417303	-10.0712468193384	-14.3511450381679	364.800000000000	93.6000000000000	-51.2000000000000	0.838349521519742	0.863789051815026	0.865024569164763
115.338000000000	2.72699578603109	-11.7511405944824	0.160411511858304	-11.2824427480916	-9.54198473282443	-15.5496183206107	362.600000000000	90.6000000000000	-51.8000000000000	0.838771590492432	0.864201043380661	0.865436103383230
115.342000000000	2.74594990412394	-11.6876945495605	0.0668381278713544	-7.95165394402036	-8.36132315521629	-16.5419847328244	360.800000000000	92.4000000000000	-50.4000000000000	0.837927953911546	0.864613034946296	0.865847182198053
115.352000000000	2.72899095217387	-11.4478753407796	0.0704294318954150	-4.41475826972010	-6.14249363867684	-17.3129770992366	362	94	-49.6000000000000	0.838771590492432	0.865436560730398	0.866670707982155
115.381000000000	2.86486188570658	-11.3704630533854	0.00877873847881953	0.847328244274809	-3.51399491094148	-17.6513994910941	361.800000000000	96.6000000000000	-51.4000000000000	0.838771590492432	0.865848094948865	0.866670707982155
115.397000000000	3.09011634190877	-11.5097255706787	-0.0195526480674744	6.03816793893130	-1.07888040712468	-17.1043256997455	364.200000000000	98.2000000000000	-52.2000000000000	0.839615227073318	0.865848094948865	0.867081333323972
115.412000000000	3.50989969571432	-11.8838195800781	-0.157219246029854	4.33078880407125	-0.684478371501272	-13.5903307888041	365	98.2000000000000	-52.2000000000000	0.839615227073318	0.866259173763687	0.867492412138794
115.442000000000	3.73515415191650	-11.6902882258097	-0.0478840370972951	-7.79134860050891	-2.47328244274809	-7.02035623409669	366	98.4000000000000	-50.4000000000000	0.840457863169574	0.866670252578510	0.868724290082121
115.457000000000	3.70821936925252	-11.0610122680664	0.124298969904582	-18.3587786259542	-4.82697201017812	-1.56234096692112	365.800000000000	95.8000000000000	-50.2000000000000	0.840878931657633	0.867903490953616	0.868724290082121
115.471000000000	3.66811649004618	-10.5753885904948	0.180562711010377	-15.5954198473282	-4.83460559796438	-0.562340966921120	368.200000000000	95.8000000000000	-49.4000000000000	0.841720571742219	0.867903490953616	0.869545089210626
115.502000000000	3.81496087710063	-10.8359575271606	-0.151233741392692	-2.45547073791349	-2.80407124681934	-3.50890585241730	370.200000000000	96.2000000000000	-49	0.841720571742219	0.868724290082121	0.869134915423938
115.518000000000	4.03542693456014	-11.3728574117025	-0.615110316624244	3.47837150127226	-1.38422391857506	-3.96437659033079	371.400000000000	96.2000000000000	-49.4000000000000	0.842561220256740	0.867902585925482	0.869954813347417
115.547000000000	4.12600755691528	-11.4534619649251	-0.887051721413930	-5.60814249363868	-3.09669211195929	1.66921119592875	370.200000000000	97.8000000000000	-51.4000000000000	0.842140648660214	0.868723385053987	0.869544639560729
115.562000000000	3.83730673789978	-10.6563924153646	-0.852136274178823	-18.9465648854962	-6.66921119592875	9.20356234096692	369.200000000000	97.2000000000000	-52	0.842981297174735	0.867491507110660	0.870364537484207
115.577000000000	3.50970013936361	-9.88785362243652	-0.833581209182739	-19.5877862595420	-6.97709923664122	13.5292620865140	370	99.2000000000000	-52.8000000000000	0.841719580172154	0.868723385053987	0.869134014218912
115.592000000000	3.25651335716248	-9.40402539571126	-0.949699997901917	-8.54198473282443	-3.56997455470738	13.2824427480916	370.200000000000	98.6000000000000	-51.4000000000000	0.842560228686675	0.867079972892192	0.869953912142390
115.622000000000	2.96342317263285	-9.34975655873617	-1.24678053458532	2.49618320610687	0.623409669211196	13.2315521628499	370.200000000000	100.600000000000	-53	0.840876944075899	0.868311850835520	0.868312310062272
115.637000000000	2.87324158350627	-9.23483467102051	-1.40539642175039	2.91857506361323	2.55216284987277	16.8346055979644	369.800000000000	103.800000000000	-50.2000000000000	0.841718584160485	0.866256447108090	0.869133109190778
115.650000000000	2.62983107566834	-8.76577059427897	-1.25416268905004	-3.31043256997455	1.71246819338422	21.6819338422392	369.600000000000	106	-50	0.840035299549708	0.867489685483197	0.867902585925482
115.682000000000	2.30980610847473	-8.31346607208252	-1.24179265896479	-6.72519083969466	0.430025445292621	25.5877862595420	371	107.400000000000	-49.8000000000000	0.840035299549708	0.865846273321402	0.868313664740304
115.698000000000	2.04943664868673	-7.90565379460653	-1.35192590951920	-5.69720101781171	1.67430025445293	27.7837150127227	372.600000000000	105.400000000000	-51.4000000000000	0.838772091856926	0.866669799105504	0.867492865611799
115.712000000000	1.96823326746623	-7.77796316146851	-1.47822002569834	-4.07379134860051	3.86259541984733	29.5038167938931	374.600000000000	104.600000000000	-51.8000000000000	0.839193659465122	0.865436560730398	0.866670252578510
115.742000000000	1.80323286851247	-7.66304159164429	-1.37467078367869	-6.07633587786259	4.51145038167939	31.4961832061069	374.200000000000	105.400000000000	-51.4000000000000	0.839193659465122	0.865024569164763	0.865847639545220
115.757000000000	1.56760354836782	-7.42222483952840	-1.19011775652568	-10.5750636132316	2.88804071246819	33.4910941475827	374.200000000000	107.800000000000	-51.8000000000000	0.838771590492432	0.865024569164763	0.864613034946296
115.770000000000	1.30065008004506	-7.44676542282105	-1.03050432602565	-12.4809160305344	1.87531806615776	35.0661577608143	372.800000000000	110	-52.4000000000000	0.838771590492432	0.864200126729800	0.865024569164763
115.803000000000	1.02192508677642	-7.59360980987549	-1.13026271263758	-13.7709923664122	1.31297709923664	35.3791348600509	371	112.600000000000	-54.2000000000000	0.838349521519742	0.865023652513903	0.864612577599128
115.817000000000	0.957082107663155	-7.88969278335571	-0.930745899677277	-17.2798982188295	2.85241730279898	36.0687022900763	369.400000000000	113.800000000000	-54.2000000000000	0.838771590492432	0.864612118295435	0.865024569164763
115.830000000000	0.822607790430387	-7.84919087092082	-0.915582617123922	-25.5190839694657	1.38422391857506	35.2188295165394	369.600000000000	114	-56.4000000000000	0.838350022884236	0.865848094948865	0.865435647979585
115.861000000000	1.12028686205546	-7.72090148925781	-0.578000187873840	-33.6972010178117	-0.310432569974555	34.4071246819338	369.400000000000	114.600000000000	-56.6000000000000	0.838772091856926	0.865024569164763	0.866259173763687
115.876000000000	0.983817378679911	-7.90984376271566	-0.445920055111249	-36.7251908396947	-5.18066157760814	30.9236641221374	368	114.400000000000	-58.4000000000000	0.838772091856926	0.865436103383230	0.866259173763687
115.890000000000	0.365714311599731	-7.63929891586304	-1.30543851852417	-41.2595419847328	-8.15267175572519	26.1145038167939	368.400000000000	116.400000000000	-60	0.841300000145693	0.867492865611799	0.867492865611799
115.922000000000	0.421978056430817	-7.62313810984294	-1.09694343805313	-43.5699745547074	-4.08905852417303	28.6844783715013	367	115.400000000000	-60.6000000000000	0.840878931657633	0.867081786796977	0.868313664740304
115.937000000000	0.782305419445038	-7.39329481124878	-0.575206975142161	-46.6921119592875	0.155216284987277	31.5954198473282	365.800000000000	115.800000000000	-61.8000000000000	0.840457863169574	0.866670707982155	0.869134463868809
115.953000000000	0.747988531986872	-6.89270718892415	-0.546277026335398	-47.7022900763359	2.52162849872774	34.3816793893130	364.400000000000	116	-63.6000000000000	0.840036794681514	0.867081333323972	0.869545089210626
115.982000000000	0.915582627058029	-6.48569281895955	-0.554856260617574	-41.4681933842239	4.42748091603053	36.0763358778626	362.800000000000	117.600000000000	-65.6000000000000	0.840878434766100	0.867492412138794	0.869545089210626
115.997000000000	0.706289480129878	-6.61677535374959	-0.965661366780599	-28.2569974554707	5.49618320610687	35.1297709923664	360.200000000000	117.800000000000	-66.6000000000000	0.840878434766100	0.868724290082121	0.869134915423938
116.011000000000	0.629076470931371	-7.12015628814697	-1.00775941212972	-14.7048346055980	7.56488549618321	31.6132315521628	358.800000000000	119.200000000000	-66.8000000000000	0.841720074850686	0.868313664740304	0.870364089727012
116.042000000000	0.436941802501678	-7.63291454315186	-1.01693717638652	-4.92620865139949	6.97964376590331	23.5419847328244	359	121	-67.8000000000000	0.840878434766100	0.869134463868809	0.869543290598507
116.057000000000	0.0971646855274836	-8.14607175191244	-1.26872738202413	-0.328244274809160	5.23664122137405	13.4198473282443	361	123	-66.2000000000000	0.842559736205698	0.868313664740304	0.870363188521986
116.071000000000	0.205302799741427	-8.51058880488078	-1.16956754525503	0.531806615776082	3.53180661577608	3.04325699745547	361.800000000000	121	-67	0.842139164609172	0.869134463868809	0.868723388877095
116.118000000000	0.185550635059675	-8.75579484303792	-1.26274188359578	2.33587786259542	-1.43256997455471	-7.10178117048346	361.800000000000	120.200000000000	-65	0.843400881611752	0.867902585925482	0.869953912142390
116.120000000000	0.374892085790634	-8.92179298400879	-1.16677431265513	6.25190839694657	-5.68193384223919	-13.9440203562341	361.800000000000	121.400000000000	-66.2000000000000	0.841719580172154	0.868723385053987	0.867900775843805
116.132000000000	0.326010465621948	-9.44452730814616	-1.34175054232279	10.9363867684478	-7.91857506361323	-17.0305343511450	362	124.400000000000	-64.4000000000000	0.842560228686675	0.867079972892192	0.869540575488696
116.162000000000	0.296082943677902	-10.0528542200724	-1.45806884765625	10.1195928753181	-6.28244274809160	-15.3104325699746	364.400000000000	126	-64.8000000000000	0.840876944075899	0.867901677048831	0.868310052223400
116.177000000000	0.451706061760585	-10.2743177413940	-1.32040222485860	2.85750636132316	-2.13740458015267	-11.2468193384224	364.200000000000	123	-64.6000000000000	0.841718584160485	0.866258264887037	0.869543290598507
116.192000000000	0.492607007424037	-10.1174974441528	-1.36429591973623	-4.82188295165394	0.659033078880407	-8.22137404580153	364	120.800000000000	-65.6000000000000	0.840035299549708	0.867491503262143	0.867492412138794
116.222000000000	0.636458625396093	-9.81702518463135	-1.36529350280762	-8.68956743002545	2.68702290076336	-6.84478371501272	363	121.400000000000	-66.6000000000000	0.840456867157904	0.866669799105504	0.867081333323972
116.238000000000	0.538695385058721	-9.67975775400798	-1.59334123134613	-7.93893129770992	3.36641221374046	-6.48854961832061	362.800000000000	120.800000000000	-66.4000000000000	0.839193659465122	0.866257807539869	0.866259629167333
116.252000000000	0.561440298954646	-9.63147449493408	-1.66955665747325	-6.46819338422392	4.36895674300255	-5.73791348600509	362.600000000000	121.400000000000	-65.8000000000000	0.839193659465122	0.865436103383230	0.865848094948865
116.282000000000	0.570618083079656	-9.56443691253662	-1.76532471179962	-7.30534351145038	5.02035623409669	-5.43511450381679	362.400000000000	117.600000000000	-65.6000000000000	0.839614727953182	0.864200126729800	0.865848094948865
116.298000000000	0.716664383808772	-9.28271897633871	-1.80881937344869	-9.94147582697201	5.05343511450382	-6.20356234096692	364	117.200000000000	-65.2000000000000	0.838770086383038	0.864612118295435	0.865436560730398
116.312000000000	0.843756596247355	-9.02175108591715	-1.90877727667491	-10.3740458015267	4.32315521628499	-7.87277353689567	365.200000000000	117.600000000000	-66.0000000000000	0.838770086383038	0.863788592511333	0.865848094948865
116.342000000000	0.929548799991608	-8.98863124847412	-2.05721783638001	-6.97709923664122	3.36641221374046	-9.17557251908397	365.400000000000	119.400000000000	-66.2000000000000	0.837927450286782	0.865024569164763	0.865436560730398
116.358000000000	0.979627509911855	-9.30107466379801	-2.21703076362610	-2.88040712468193	3.21119592875318	-9.23664122137405	364.600000000000	120.600000000000	-67.8000000000000	0.838772091856926	0.864612577599128	0.865848094948865
116.371000000000	1.15819505850474	-9.47724819183350	-2.21443708737691	-2.40458015267176	4.31297709923664	-7.86005089058524	364.800000000000	119.200000000000	-69.2000000000000	0.838772091856926	0.865024569164763	0.865848094948865
116.401000000000	1.34973120689392	-9.43794314066569	-2.21882645289103	-3.82951653944020	5.08905852417303	-6.62086513994911	364.600000000000	117.800000000000	-69	0.839193659465122	0.865024569164763	0.866259629167333
116.417000000000	1.33057761192322	-9.27214463551839	-2.29863317807515	-4.01017811704835	5.29007633587786	-5.72264631043257	363.400000000000	115.800000000000	-69.8000000000000	0.839193659465122	0.865436560730398	0.866259629167333
116.432000000000	1.34673845767975	-9.19193871815999	-2.36806495984395	-1.62340966921120	5.74045801526718	-5.09414758269720	362.600000000000	116.200000000000	-68.2000000000000	0.840036295561378	0.865436560730398	0.867081333323972
116.478000000000	1.32738534609477	-9.12869199117025	-2.40796828269959	1.37913486005089	5.92875318066158	-4.73536895674300	362.200000000000	116.200000000000	-70.6000000000000	0.840036295561378	0.866258264887037	0.867492412138794
116.480000000000	1.37546888987223	-9.10215632120768	-2.36447366078695	3.83969465648855	5.84478371501272	-4.60050890585242	362.800000000000	116.400000000000	-70	0.840457863169574	0.867080877920327	0.868314116295433
116.491000000000	1.35731287797292	-9.14744663238525	-2.33534423510234	4.65903307888041	5.25445292620865	-4.29262086513995	363.200000000000	116.400000000000	-70.4000000000000	0.840036794681514	0.868314116295433	0.868724290082121
116.522000000000	1.30424137910207	-9.16859531402588	-2.33275055885315	3.12213740458015	5.41221374045802	-3.12213740458015	363.800000000000	115	-67.8000000000000	0.840878434766100	0.867903490953616	0.869545089210626
116.538000000000	1.32618820667267	-9.06664212544759	-2.25753267606099	0.768447837150127	6.05343511450382	-1.50890585241730	364.400000000000	115.600000000000	-67.2000000000000	0.840878434766100	0.868724290082121	0.869134463868809
116.552000000000	1.35551714897156	-8.97067451477051	-2.17732691764832	0.681933842239186	6.07633587786260	-0.506361323155216	362.600000000000	115	-67.8000000000000	0.842140151768681	0.868313664740304	0.869544188005600
116.582000000000	1.35551714897156	-9.05866146087647	-2.13742351531982	3.47582697201018	5.41475826972010	-0.211195928753181	362.400000000000	116	-67.2000000000000	0.841719580172154	0.869134463868809	0.869134014218912
116.598000000000	1.33975533644358	-9.27912743886312	-2.12465445200602	6.33333333333333	4.81679389312977	0.223918575063613	362.400000000000	115.600000000000	-67.2000000000000	0.843400881611752	0.868313664740304	0.870364537484207
116.612000000000	1.31341914335887	-9.39604441324870	-2.01392261187236	6.56488549618321	4.78625954198473	1.24173027989822	365	115.800000000000	-66.2000000000000	0.842139164609172	0.869544188005600	0.868722935404089
116.641000000000	1.26772979895274	-9.39883772532145	-1.87565747896830	5.26717557251908	4.87531806615776	2.23155216284987	364.200000000000	116.600000000000	-66.6000000000000	0.842979813123693	0.868312310062272	0.869542833327568
116.657000000000	1.27630901336670	-9.33439381917318	-1.73998606204987	4.13486005089059	4.93384223918575	2.79643765903308	364.400000000000	117.200000000000	-66	0.841298511684095	0.869133109190778	0.868312310062273
116.673000000000	1.21086748441060	-9.36092948913574	-1.72661844889323	4.69465648854962	4.37404580152672	2.91094147582697	364	117.200000000000	-67.2000000000000	0.842560228686675	0.867079972892192	0.869953912142390
116.703000000000	1.14981536070506	-9.41659482320150	-1.74417591094971	5.52162849872774	4.08396946564886	3.31297709923664	366.200000000000	118.200000000000	-68.2000000000000	0.840454875103209	0.867901677048831	0.868312310062272
116.721000000000	1.08337628841400	-9.50099054972331	-1.68950831890106	5.93638676844784	4.10178117048346	3.77099236641221	365.800000000000	118.200000000000	-69.8000000000000	0.840875943591268	0.866258264887037	0.868312310062273
116.733000000000	1.06741495927175	-9.50597858428955	-1.61508854230245	5.44020356234097	4.14249363867685	3.88040712468193	366.800000000000	118.400000000000	-68.8000000000000	0.839192658980492	0.866669799105504	0.866670707982155
116.762000000000	1.04646567503611	-9.47006543477376	-1.55064463615417	4.59033078880407	3.97709923664122	3.61577608142494	365.600000000000	118.400000000000	-68	0.839614727953182	0.865436560730398	0.866670707982155
116.777000000000	1.01673765977224	-9.35514386494955	-1.47841954231262	4.15267175572519	3.32824427480916	3.15267175572519	366.200000000000	118.200000000000	-67.4000000000000	0.839193659465122	0.865024569164763	0.866259629167333
116.793000000000	0.920371035734812	-9.33279768625895	-1.47682340939840	4.80152671755725	2.70483460559796	2.86005089058524	365.800000000000	118.200000000000	-66.6000000000000	0.839193659465122	0.864613034946296	0.866259629167333
116.823000000000	0.875878791014353	-9.40621980031331	-1.45048717657725	5.68956743002545	2.47328244274809	2.98982188295165	366	117.600000000000	-65.2000000000000	0.839193659465122	0.864201043380661	0.866259629167333
116.838000000000	0.813629547754924	-9.54707845052083	-1.45208330949148	5.80916030534351	2.35623409669211	3.31552162849873	365.200000000000	116.800000000000	-65.6000000000000	0.837927450286782	0.864613034946296	0.865436103383230
116.853000000000	0.806845963001251	-9.63965447743734	-1.39601910114288	4.58778625954199	2.49109414758270	3.62086513994911	363.600000000000	116	-65.2000000000000	0.837927450286782	0.864201043380661	0.865436103383230
116.883000000000	0.737214605013529	-9.61850579579671	-1.40439879894257	3.03307888040712	2.45292620865140	3.58015267175573	362.800000000000	114.400000000000	-65.6000000000000	0.837927450286782	0.864613034946296	0.865024569164763
116.898000000000	0.732625722885132	-9.44692134857178	-1.32878196239471	2.53435114503817	2.63358778625954	3.38931297709924	363.600000000000	111.600000000000	-68.4000000000000	0.840036794681514	0.865025026511930	0.863789051815026
116.913000000000	0.703296760718028	-9.47186088562012	-1.35551718870799	3.28244274809160	2.38931297709924	3.24681933842239	364.600000000000	113.400000000000	-69	0.839615227073318	0.865436560730398	0.865023656413950
116.943000000000	0.707686126232147	-9.47206052144369	-1.30922929445903	3.98982188295165	2.20865139949109	3.10687022900763	366.400000000000	115.200000000000	-68.8000000000000	0.839615227073318	0.865436560730398	0.865847182198053
116.958000000000	0.648629148801168	-9.52912235260010	-1.32658723990122	4.73791348600509	1.55725190839695	2.50381679389313	366.600000000000	116.600000000000	-67.4000000000000	0.839193659465122	0.865848094948865	0.867081786796977
116.987000000000	0.587377478679021	-9.58458805084229	-1.35052927335103	3.99745547073791	1.33333333333333	2.04071246819338	368.200000000000	116.600000000000	-65.4000000000000	0.839615227073318	0.865848094948865	0.867081786796977
117.001000000000	0.525726785262426	-9.60733286539714	-1.39821378389994	2.71755725190840	1.21119592875318	1.71246819338422	367.800000000000	117.400000000000	-66.2000000000000	0.840036295561378	0.867081333323972	0.868313664740304
117.018000000000	0.571017096439997	-9.57920106252035	-1.31601285934448	2.24173027989822	1.21882951653944	1.61832061068702	366	117.200000000000	-66	0.841299503254160	0.867492412138794	0.868724290082121
117.030000000000	0.619898716608683	-9.56842708587647	-1.29207082589467	3.11704834605598	0.712468193384224	1.26463104325700	365.400000000000	117.800000000000	-67	0.841299503254160	0.868314116295433	0.869134915423938
117.078000000000	0.586778928836187	-9.63526535034180	-1.35332246621450	3.95674300254453	0.145038167938931	0.788804071246819	364.800000000000	119.600000000000	-65.6000000000000	0.841720074850686	0.868314116295433	0.869134915423938
117.080000000000	0.571615666151047	-9.66778659820557	-1.42215577761332	3.22900763358779	0.277353689567430	0.745547073791349	366.600000000000	121.400000000000	-66.6000000000000	0.840878434766100	0.869134915423938	0.868724290082121
117.091000000000	0.529916654030482	-9.60234514872233	-1.42375195026398	1.79389312977099	0.557251908396947	0.783715012722646	365.400000000000	121.800000000000	-66.2000000000000	0.842140151768681	0.868313211267299	0.869544188005600
117.122000000000	0.609124819437663	-9.46368090311686	-1.34354619185130	1.47582697201018	0.801526717557252	0.641221374045802	364.800000000000	120	-66.4000000000000	0.841719580172154	0.868723385053987	0.868723388877095
117.138000000000	0.566627720991770	-9.42956352233887	-1.36050510406494	2.56488549618321	0.244274809160305	0.0636132315521629	366	119.200000000000	-64.8000000000000	0.842981297174735	0.867902585925482	0.869953912142390
117.153000000000	0.579396784305573	-9.52652867635091	-1.32399352391561	3.36132315521629	0.0356234096692112	-0.221374045801527	364.200000000000	118.600000000000	-65.0000000000000	0.841298012563958	0.869134463868809	0.868312310062272
117.182000000000	0.546277006467184	-9.68095461527507	-1.35232492287954	2.65394402035623	-0.0458015267175573	-0.236641221374046	364.400000000000	116.800000000000	-66.4000000000000	0.842138661078479	0.867491051707015	0.869542833327568
117.197000000000	0.548671225706736	-9.72025934855143	-1.32818341255188	0.877862595419847	0.277353689567430	-0.0305343511450382	363	117.800000000000	-67.4000000000000	0.840033307495013	0.868311850835520	0.867901231247450
117.212000000000	0.588574588298798	-9.66559187571208	-1.30962832768758	-0.0941475826972010	0.501272264631043	-0.00508905852417303	366.400000000000	117.600000000000	-66.8000000000000	0.841296515187794	0.867079972892192	0.869133109190778
117.242000000000	0.591966370741526	-9.59715747833252	-1.31641189257304	0.343511450381679	0.292620865139949	-0.351145038167939	366.200000000000	118.200000000000	-65	0.839613230577018	0.867902585925482	0.867491507110660
117.258000000000	0.638453781604767	-9.55047067006429	-1.33795968691508	1.41730279898219	0.231552162849873	-0.773536895674300	369	116.600000000000	-65	0.840877935645964	0.866259173763687	0.867491507110660
117.288000000000	0.639850417772929	-9.50817298889160	-1.38145434856415	2.27480916030534	0.0814249363867684	-1.19592875318066	368.600000000000	117	-64.6000000000000	0.839614727953182	0.865847639545220	0.865436103383230
117.302000000000	0.636857668558757	-9.45849355061849	-1.43731908003489	2.89567430025445	0.134860050890585	-1.35368956743003	369.600000000000	118.800000000000	-64.8000000000000	0.839192658980492	0.865436560730398	0.865436103383230
117.318000000000	0.580194890499115	-9.41858990987142	-1.47861905892690	3.06870229007634	0.0534351145038168	-1.48091603053435	367.600000000000	120.400000000000	-66	0.838771590492432	0.865024569164763	0.865436103383230
117.331000000000	0.588774104913076	-9.39025847117106	-1.46325627962748	2.90330788804071	0.147582697201018	-1.55979643765903	365.400000000000	121.400000000000	-66.2000000000000	0.838349521519742	0.865436103383230	0.865436103383230
117.362000000000	0.567425807317098	-9.41559696197510	-1.43632149696350	2.85750636132316	0.0661577608142494	-1.83460559796438	366.400000000000	119.600000000000	-67.2000000000000	0.839193158100628	0.865024569164763	0.865436103383230
117.378000000000	0.630872150262197	-9.49500465393066	-1.41936258474986	3.43511450381679	0.384223918575064	-2.04580152671756	366.200000000000	121	-66.2000000000000	0.837926948922288	0.865436560730398	0.865024569164763
117.392000000000	0.616307417551676	-9.57540988922119	-1.47762147585551	4.50381679389313	0.646310432569975	-2.35623409669211	368.600000000000	120.600000000000	-66.6000000000000	0.838349017894978	0.864200584076968	0.866259173763687
117.422000000000	0.662196278572083	-9.60134696960449	-1.46046304702759	5.52926208651400	1.44274809160305	-2.40458015267176	367.200000000000	122	-65.6000000000000	0.837505381314092	0.864200584076968	0.865435647979585
117.437000000000	0.589173128207525	-9.62369314829508	-1.42714373270671	6.38422391857506	1.91857506361323	-2.35368956743003	367.800000000000	120.200000000000	-65.4000000000000	0.838771590492432	0.864200584076968	0.865435647979585
117.452000000000	0.541089584430059	-9.67317358652751	-1.31701048215230	6.48600508905852	2.88040712468193	-1.88549618320611	366.400000000000	118.400000000000	-66.4000000000000	0.838771590492432	0.865436560730398	0.865846273321402
117.481000000000	0.481434057156245	-9.66878445943197	-1.23640569051107	5.68956743002545	3.79389312977099	-1.35623409669211	367	117.800000000000	-65.8000000000000	0.839193659465122	0.865848094948865	0.867491503262143
117.497000000000	0.512159645557404	-9.62848186492920	-1.16038978099823	4.96692111959288	4.56488549618321	-0.987277353689568	367.400000000000	119	-65	0.839614727953182	0.866670707982155	0.868314116295433
117.511000000000	0.510164479414622	-9.55625661214193	-1.08616952101390	5.11450381679389	4.61068702290076	-1.17048346055980	367.600000000000	120	-64	0.840457364049438	0.867081786796977	0.868314116295433
117.539000000000	0.488816181818644	-9.60374164581299	-1.01773524284363	6.08905852417303	4.38931297709924	-1.57506361323155	368	120.400000000000	-64	0.841720571742219	0.867903490953616	0.868314116295433
117.554000000000	0.542286694049835	-9.62987836201986	-0.888049324353536	6.28498727735369	4.46819338422392	-1.96183206106870	367.800000000000	119.400000000000	-65.8000000000000	0.842141143338745	0.868314116295433	0.869134915423938
117.568000000000	0.569221456845601	-9.70808887481690	-0.881265739599864	5.69465648854962	4.42748091603053	-2.26208651399491	368.600000000000	119.800000000000	-66.2000000000000	0.841720074850686	0.868724741637250	0.869134915423938
117.599000000000	0.635461032390595	-9.71906216939290	-0.859518408775330	4.10432569974555	4.63104325699746	-2.54961832061069	369.400000000000	119	-67.4000000000000	0.842140151768681	0.868314116295433	0.869954813347417
117.614000000000	0.622492432594299	-9.70948537190755	-0.877075890700022	2.78117048346056	4.60814249363868	-2.89821882951654	371	118.200000000000	-65.8000000000000	0.841719580172154	0.868724290082121	0.869134014218912
117.628000000000	0.654814163843791	-9.65481789906820	-0.832783162593842	2.43256997455471	4.70483460559796	-3.13486005089059	371.200000000000	118.800000000000	-64.8000000000000	0.843400881611752	0.868313664740304	0.870363188521985
117.658000000000	0.673967778682709	-9.64025306701660	-0.772329568862915	3.34351145038168	4.40966921119593	-3.42748091603053	371	119.800000000000	-63.8000000000000	0.842139164609172	0.869134463868809	0.869132665256690
117.674000000000	0.689530094464620	-9.67616621653239	-0.745793839295705	4.15521628498728	4.14758269720102	-3.61068702290076	370.600000000000	121	-67.0000000000000	0.843399397560710	0.867902585925482	0.870772464901581
117.689000000000	0.671573579311371	-9.66299819946289	-0.748986105124156	3.60050890585242	3.81933842239186	-3.71501272264631	372	121.600000000000	-67.6000000000000	0.841296528512916	0.868723385053987	0.869132665256690
117.720000000000	0.722250858942668	-9.63147449493408	-0.702299177646637	2.34351145038168	3.77099236641221	-3.46564885496183	371.600000000000	121.600000000000	-67.2000000000000	0.842977829952514	0.867079972892192	0.870363188521986
117.734000000000	0.764149387677511	-9.57062180836996	-0.657407879829407	1.57251908396947	3.34096692111959	-3.43511450381679	371.200000000000	120.400000000000	-63.2000000000000	0.840452891932030	0.868311850835520	0.868312310062272
117.749000000000	0.820213615894318	-9.58339087168376	-0.633864899476369	1.94910941475827	2.65394402035623	-3.68702290076336	370.400000000000	119.200000000000	-63.6000000000000	0.841295528028286	0.867079972892192	0.868722935404089
117.779000000000	0.825401047865550	-9.65142631530762	-0.684741675853729	2.35623409669211	1.77608142493639	-4.09160305343511	371	117.800000000000	-65	0.839192658980492	0.867902585925482	0.867081333323972
117.795000000000	0.823206365108490	-9.72883892059326	-0.704094807306925	1.48091603053435	1.36386768447837	-3.98727735368957	370.200000000000	118.200000000000	-67.0000000000000	0.839614727953182	0.866670707982155	0.867081333323972
117.809000000000	0.868097643057505	-9.71966107686361	-0.685140709082286	-0.531806615776081	1.44274809160305	-3.51399491094148	370	117.600000000000	-66.4000000000000	0.839193659465122	0.865847182198053	0.866259629167333
117.840000000000	0.867898126443227	-9.60134760538737	-0.683145542939504	-2.09160305343511	1.17811704834606	-3.19592875318066	370.400000000000	118.400000000000	-64.0000000000000	0.838349017894978	0.864612577599128	0.865848094948865
117.855000000000	0.845552245775859	-9.54687945048014	-0.765745500723521	-1.81933842239186	0.648854961832061	-3.13994910941476	370.400000000000	117.600000000000	-65.2000000000000	0.838770585503174	0.863789051815026	0.866259173763687
117.869000000000	0.807245016098023	-9.57461229960124	-0.797867715358734	-1	0.00763358778625954	-3.02290076335878	368.800000000000	116.800000000000	-64.8000000000000	0.837504376324834	0.864612577599128	0.865435647979585