21.839 -5.14160795211792 -1.32243732213974 8.50623960494995 1.7549618320610687 3.0076335877862594 -0.5381679389312979 354.41999999999996 96.30000000000001 90.66 4.15606677262709 1.4049369977680115 6.630184048086217
21.854 -5.143343734741211 -1.285626471042633 8.533054733276368 1.8725190839694659 3.336641221374046 -0.4312977099236641 353.75999999999993 96.6 91.32000000000001 4.155444154854395 1.4067237559345518 6.621914720979018
21.884 -5.179615879058838 -1.1759121716022491 8.576090431213379 1.8435114503816794 3.5099236641221374 -0.8801526717557252 353.7 96.42 91.38000000000001 4.1548216977673045 1.4079732287992395 6.615687523295472
21.899 -5.191527032852173 -1.2118251860141753 8.598476219177247 2.6091603053435115 3.6229007633587793 -1.3442748091603054 353.88 97.08 91.56000000000002 4.1544066193172435 1.4088654104992293 6.609648544587637
21.914 -5.168003988265991 -1.301667606830597 8.602905464172363 2.9641221374045803 3.4725190839694653 -1.5442748091603051 353.4599999999999 96.9 91.38000000000001 4.154510348753506 1.4097581854447054 6.622147376376067
21.944 -5.161599493026733 -1.2882002234458922 8.647796726226806 2.3137404580152667 2.9076335877862594 -1.4541984732824427 353.99999999999994 96.96 91.56 4.154614078189768 1.4107397488170996 6.637925510158398
21.959 -5.194340229034424 -1.2522871971130372 8.675270175933838 1.8122137404580154 2.1458015267175576 -1.0297709923664122 353.58 96.29999999999998 91.26 4.155029049516142 1.4116316348761306 6.647156185074678
21.974 -5.183626174926758 -1.2959813714027404 8.67078104019165 1.6916030534351143 1.598473282442748 -0.3977099236641221 353.69999999999993 96.53999999999999 91.74000000000001 4.155236374708288 1.4153510986987299 6.651471119271955
22.004 -5.186738634109497 -1.3165715038776398 8.697835445404053 1.1732824427480915 0.8687022900763355 -0.009923664122137455 353.34 97.25999999999999 91.26 4.1553400506607145 1.4178394439388073 6.65415620771051
22.019 -5.216247177124023 -1.287721371650696 8.739973449707032 0.5893129770992367 0.19618320610687015 0.019847328244274664 352.97999999999996 97.37999999999998 91.5 4.155754807973726 1.4180176440296974 6.655814822050983
22.034 -5.233724880218506 -1.3336301922798157 8.753201484680176 0.36183206106870214 0.025190839694656297 -0.1923664122137405 352.79999999999995 97.67999999999998 91.56 4.155651078537464 1.4190847507489985 6.6601598701078775
22.064 -5.250544166564941 -1.3564948201179505 8.763915538787842 0.29694656488549614 0.3160305343511448 -0.21221374045801517 352.91999999999996 97.32 91.32 4.156066049863839 1.4193517440836725 6.66592816301218
22.094 -5.251561689376831 -1.4332888424396515 8.736501979827882 0.4122137404580152 0.9511450381679387 0.2687022900763359 352.56 97.43999999999998 90.83999999999999 4.15658469714264 1.4198854696212533 6.671946023370711
22.095 -5.2655078887939455 -1.416110450029373 8.725548553466798 -0.006870229007633633 1.8442748091603054 0.8572519083969465 352.44 97.44 90.83999999999999 4.157103612230733 1.4201525503837673 6.677565217648054
22.124 -5.314648866653442 -1.297777032852173 8.733150100708007 -0.33587786259541985 2.9885496183206106 1.22824427480916 352.08000000000004 97.31999999999998 91.19999999999999 4.157414961244532 1.4209535321184794 6.680286615371839
22.154 -5.338770484924316 -1.3124415159225464 8.699272155761719 0.09236641221374042 4.261832061068702 1.2412213740458014 351.41999999999996 96.77999999999999 91.02 4.157830146896363 1.4209535321184794 6.67882297219388
22.155 -5.3336827754974365 -1.295921516418457 8.6868821144104 0.017557251908396986 5.360305343511451 0.8068702290076338 351.48 97.43999999999998 91.08000000000001 4.157726363898273 1.4209535321184794 6.676131635508776
22.184 -5.342361783981323 -1.2556390762329102 8.707172966003418 -0.08396946564885498 5.914503816793894 0.1083969465648855 350.82 97.25999999999999 90.29999999999998 4.158037552226557 1.4175904686070553 6.6779970342339166
22.199 -5.329253530502319 -1.2980763077735902 8.709806632995605 0.22900763358778625 6.1076335877862595 -0.3709923664122138 351.29999999999995 97.37999999999998 89.93999999999998 4.158348740554841 1.4159044223420767 6.679451285518908
22.229 -5.326200914382935 -1.2922105133533477 8.691670513153076 0.23511450381679388 5.861068702290076 -0.5633587786259542 351.05999999999995 98.1 89.33999999999999 4.15845249676226 1.4162604717829914 6.6817445698075035
22.244 -5.363071584701538 -1.2121244668960571 8.687001800537109 0.5694656488549619 5.345038167938932 -0.3 351.29999999999995 97.74 89.93999999999998 4.158763765404031 1.4159940850871986 6.68488096310786
22.274 -5.380249977111816 -1.2132617115974427 8.707591915130616 1.7862595419847331 4.838167938931298 0.30839694656488553 351.29999999999995 98.34 89.82 4.158659982405942 1.415905116408798 6.688639130351392
22.275 -5.402156925201416 -1.218409240245819 8.726087093353271 2.664885496183206 4.134351145038169 0.6587786259541984 351.3 98.22 89.46 4.1584524432004315 1.415638384205891 6.686136631664501
22.304 -5.456924295425415 -1.192551863193512 8.751944446563721 2.736641221374046 3.121374045801527 0.6114503816793893 351.42 98.58000000000001 89.46000000000001 4.1580372575486 1.4154603595496178 6.685298543429623
22.319 -5.499481248855591 -1.2165537357330323 8.78420639038086 2.620610687022901 2.114503816793893 0.3305343511450382 352.02000000000004 99.06 88.97999999999999 4.157725908534801 1.4155492125517977 6.684039930312258
22.334 -5.542935991287232 -1.2001534581184388 8.846934509277343 2.101526717557252 1.3488549618320609 0.025954198473282418 352.56 99.36 89.16 4.157518262088479 1.4161719941956192 6.687815799491934
22.364 -5.5833381652832035 -1.172201156616211 8.934622192382813 1.665648854961832 0.9519083969465651 -0.11679389312977095 352.98 99.53999999999999 88.74 4.15741450588106 1.4168833969770684 6.696162679345283
22.394 -5.61751537322998 -1.128207701444626 9.018598747253417 1.3786259541984733 0.9633587786259543 -0.18778625954198475 353.04 99.48 88.79999999999998 4.15751828887915 1.417505975516829 6.70160714969627
22.395 -5.641756677627564 -1.1237185776233674 9.084199905395508 0.9458015267175572 1.318320610687023 -0.5114503816793893 352.91999999999996 99.72 88.79999999999998 4.157310803235469 1.4183946521910722 6.706216694047062
22.424 -5.655343770980835 -1.1482591450214386 9.176077365875244 -0.11832061068702267 1.7335877862595417 -0.8641221374045802 352.8 99.6 88.79999999999998 4.157310803235469 1.4185725025680491 6.709790150753295
22.439 -5.632239723205567 -1.1763910174369812 9.254487419128418 -2.19618320610687 1.7007633587786262 -1.2954198473282443 352.38 100.26 88.73999999999998 4.157103264029959 1.4187501223540262 6.712530865338261
22.469 -5.657917547225952 -1.173158848285675 9.26220874786377 -5.438167938931298 1.158015267175573 -2.261832061068702 351.84000000000003 100.43999999999998 89.03999999999999 4.1569995078225395 1.418483041591512 6.706908384989788
22.484 -5.678268241882324 -1.1076175808906554 9.311110305786134 -8.554961832061068 0.5603053435114507 -3.269465648854962 351.9 100.73999999999998 89.1 4.156584750509529 1.4183050751562531 6.705663700222553
22.5 -5.647383069992065 -1.170345664024353 9.354205894470216 -9.91908396946565 -0.022900763358778598 -4.218320610687023 351.78000000000003 99.89999999999999 88.38 4.156066370650052 1.418037818959122 6.700676169668933
22.514 -5.600696134567261 -1.2488156259059906 9.361149024963378 -11.175572519083968 -0.9839694656488545 -5.194656488549618 351.78000000000003 99.41999999999999 88.38 4.155444394917923 1.417860084131012 6.698172204866234
22.544 -5.589383506774903 -1.2624625742435456 9.369109725952148 -12.595419847328243 -2.564885496183206 -6.015267175572519 351.54 100.25999999999999 88.14 4.154614879980285 1.4183040621670893 6.697329658963459
22.559 -5.551794528961182 -1.3117232739925384 9.350614547729492 -13.538167938931295 -4.867175572519083 -6.521374045801527 351.47999999999996 99.47999999999999 87.96000000000001 4.154096500120806 1.417681686285055 6.698810676832143
22.589 -5.541619205474854 -1.4158710479736327 9.322123622894287 -14.403053435114504 -7.6679389312977095 -6.8801526717557255 351.41999999999996 99.66 88.02000000000001 4.153474203602285 1.417592833282875 6.698388905664409
22.604 -5.538506746292114 -1.3951611995697022 9.3213454246521 -15.488549618320608 -10.51145038167939 -6.809923664122138 351.6 99.72 88.08 4.153266824965256 1.416526073602976 6.698178082444963
22.62 -5.517796897888184 -1.4553753733634949 9.289083576202392 -15.641984732824426 -13.362595419847327 -6.632061068702289 352.26 99.05999999999999 88.02000000000001 4.152851960684545 1.4162592545475987 6.694813840137026
22.634 -5.520131254196167 -1.5489288091659545 9.267595672607422 -15.781679389312979 -15.769465648854961 -6.7763358778625955 352.97999999999996 98.46 87.54 4.152540852611254 1.4159038999335116 6.6950255394087135
22.664 -5.46901502609253 -1.6014815330505372 9.295607757568359 -16.049618320610683 -17.585496183206107 -7.064885496183207 353.88 97.91999999999999 86.88000000000001 4.152333420490389 1.4154581790385103 6.701699028799409
22.679 -5.417479848861694 -1.708322787284851 9.258677196502685 -16.42595419847328 -19.133587786259543 -7.587786259541986 354.54 97.25999999999998 87.54 4.1526444483671385 1.4142091209964887 6.7050279062465235
22.694 -5.388150882720947 -1.723286545276642 9.215342140197754 -17.953435114503815 -20.153435114503814 -8.371755725190841 354.41999999999996 97.49999999999999 88.26 4.153162828226615 1.4133163460510128 6.7106438181049315
22.724 -5.3706732273101805 -1.725441324710846 9.177932739257812 -19.500763358778624 -20.522900763358777 -9.144274809160304 354.36 97.55999999999999 88.67999999999999 4.153473695885454 1.4119796162803309 6.703643447209923
22.739 -5.291724443435669 -1.74028537273407 9.137351036071777 -20.740458015267173 -20.054961832061068 -9.891603053435116 354.84 96.6 88.68 4.153784563544292 1.410734656509542 6.6936853606457465
22.754 -5.248568964004517 -1.8063653469085694 9.09281883239746 -21.904580152671752 -19.025190839694655 -10.834351145038166 354.84 96.72 88.8 4.153991835330478 1.409664391803896 6.682006083987815
22.784 -5.154895782470703 -1.840303158760071 9.07504186630249 -23.34198473282443 -17.422137404580152 -11.902290076335877 355.5 96.06 88.74 4.153991835330477 1.408595889265073 6.671416274740312
22.799 -5.079298877716065 -1.9311631083488465 9.038290882110596 -24.4587786259542 -15.91679389312977 -13.072519083969464 356.28 95.16 88.32000000000001 4.153888186090757 1.4081501683700717 6.663908543690331
22.814 -4.998315048217774 -1.997243070602417 8.98394250869751 -25.703816793893132 -14.514503816793894 -14.280152671755724 356.34 94.5 87.78 4.154303050371468 1.407169579542947 6.659333981984197
22.844 -4.921999883651734 -2.0214245080947877 8.919418716430664 -26.856488549618327 -13.516793893129773 -15.297709923664119 356.4 93.84 87.0 4.154510429008498 1.4058328497722652 6.658910709013709
22.859 -4.806300115585327 -2.1012112736701964 8.88458309173584 -27.590839694656488 -12.812213740458015 -15.896946564885493 356.28 93.12 86.64 4.154406753056071 1.4062785706672667 6.659542805044954
22.874 -4.719091320037842 -2.21062628030777 8.898708915710449 -28.089312977099233 -12.590076335877862 -16.268702290076334 356.15999999999997 92.88000000000001 85.31999999999998 4.153992102632856 1.4062785706672667 6.662692134767771
22.904 -4.642237424850464 -2.2665308833122255 8.917204189300538 -28.46793893129771 -12.50534351145038 -16.117557251908394 356.4 92.04 83.63999999999997 4.153370126900727 1.4067253297341897 6.65914587610776
22.919 -4.536892557144165 -2.3453001260757445 8.98813238143921 -28.592366412213742 -12.48854961832061 -15.673282442748093 356.94000000000005 91.14000000000001 82.25999999999999 4.153059259241889 1.4065465963145856 6.664072977068422
22.949 -4.476618528366089 -2.5187600374221804 9.072767353057861 -28.476335877862596 -13.006870229007635 -15.109160305343512 357.06 90.78 81.53999999999999 4.15264482236479 1.4057432330330815 6.669640087132675
22.964 -4.40012378692627 -2.595853328704834 9.156564426422118 -28.80534351145038 -13.76793893129771 -14.454961832061068 357.54 90.29999999999998 80.34 4.152437550578606 1.4057432330330815 6.672317404028533
22.979 -4.3204567432403564 -2.676597785949707 9.206543350219727 -28.97709923664122 -14.845801526717555 -13.852671755725192 358.08000000000004 89.63999999999999 79.44 4.152230332159486 1.4052967722280925 6.677884514092786
22.994 -4.223850679397583 -2.7599160194396974 9.253050708770752 -29.346564885496186 -16.358015267175574 -13.429770992366414 358.56 89.52 78.47999999999999 4.15212670961302 1.404403102479091 6.6782974829402715
23.025 -4.181473302841186 -2.8377275705337524 9.296924495697022 -30.14274809160305 -18.148854961832065 -13.156488549618322 358.68 89.03999999999999 78.0 4.150883397738114 1.4040456355073354 6.680161796045214
23.04 -4.126885509490966 -2.9215246200561524 9.35276927947998 -31.26793893129771 -19.8793893129771 -12.931297709923664 359.22 88.49999999999997 77.22 4.149433985709974 1.403688048701679 6.677422701136017
23.054 -4.102105498313904 -2.9976003885269167 9.385869121551513 -32.5969465648855 -21.945801526717553 -12.91679389312977 359.52000000000004 88.67999999999998 76.55999999999999 4.148398692179638 1.4022591257602162 6.677001179286056
23.084 -4.058710598945618 -3.0576948642730715 9.377609157562256 -34.17862595419847 -24.0648854961832 -13.057251908396946 360.0 88.19999999999999 75.84 4.14767408013448 1.4019907101525795 6.674688953284343
23.099 -4.01268208026886 -3.1347283124923706 9.364500904083252 -35.448854961832055 -26.35419847328244 -13.412213740458018 360.42 87.66 76.02 4.14684627108283 1.4007378854503494 6.666481633944093
23.114 -3.9664141178131103 -3.2764650344848634 9.32559518814087 -36.091603053435115 -28.59541984732824 -14.087786259541986 360.66 87.17999999999999 75.42 4.145501943237781 1.3998424081510712 6.650712244407385
23.144 -3.8795644521713255 -3.441006565093994 9.261610221862792 -37.02442748091603 -30.61832061068702 -15.032824427480918 360.96 86.16 74.04 4.143951590327687 1.3991262694631663 6.61987971209214
23.159 -3.818153190612793 -3.6294302463531496 9.196966743469238 -38.304580152671754 -32.40687022900763 -15.980152671755723 361.43999999999994 85.92 73.20000000000002 4.141472606868451 1.4008189100508464 6.579109826898832
23.174 -3.8080376863479612 -3.7654807567596436 9.159437656402588 -39.42748091603053 -33.56106870229008 -16.550381679389314 361.55999999999995 85.56 72.12000000000002 4.1389942577874645 1.4026891130926311 6.535187152980714
23.204 -3.772783064842224 -3.9378034114837646 9.127714538574219 -39.42442748091604 -33.685496183206105 -16.882442748091602 361.19999999999993 84.6 71.64 4.1364123128338255 1.403493550135176 6.492602994109656
23.219 -3.661632227897644 -4.10348219871521 9.083421802520752 -38.90534351145039 -33.20534351145038 -16.962595419847325 361.5 84.42 70.13999999999999 4.134863547012349 1.4031356022300794 6.450175460105508
23.234 -3.5541325569152833 -4.298370218276977 8.996153163909913 -38.719847328244285 -32.71450381679389 -17.18091603053435 361.2 83.64000000000001 69.72 4.133110519233646 1.4027775334235226 6.401968820885978
23.264 -3.493619132041931 -4.381209588050842 8.912775135040283 -39.448854961832055 -32.124427480916026 -17.464885496183207 361.56 83.28 68.16 4.130431118958616 1.4024191002974855 6.357853693704849
23.279 -3.4338239431381226 -4.4150875329971315 8.845318508148193 -39.784732824427486 -31.441984732824427 -17.470229007633584 361.74 83.22 66.9 4.128779735250636 1.4018814502698158 6.313774190067059
23.294 -3.289154291152954 -4.5725661516189575 8.759965229034425 -39.64045801526718 -31.10916030534351 -17.439694656488548 362.21999999999997 82.38 64.97999999999999 4.1271291952213005 1.4023295680000254 6.28421150665906
23.324 -3.122936820983887 -4.699698257446289 8.635347032546997 -40.569465648854965 -31.819083969465645 -17.519847328244275 362.1 81.78 63.779999999999994 4.125995173985362 1.4023295680000254 6.263847548847436
23.339 -3.0191481828689577 -4.662228965759278 8.506479072570801 -42.678625954198466 -33.57557251908396 -18.016793893129773 362.34000000000003 81.41999999999999 62.93999999999998 4.12496490260274 1.4023295680000254 6.260246274485063
23.354 -2.897881865501404 -4.6440928936004635 8.44746208190918 -43.78473282442748 -35.94580152671756 -19.012213740458016 362.16 80.88 62.27999999999999 4.124759005806561 1.3999210305302632 6.271477958831116
23.384 -2.731903839111328 -4.71232762336731 8.377371788024902 -43.56870229007633 -39.0320610687023 -19.958015267175572 362.1 80.22 61.499999999999986 4.1245531613765705 1.3972453071281694 6.2546306139968655
23.399 -2.499965560436249 -4.941811847686767 8.230068492889405 -43.68854961832061 -42.68625954198473 -20.57709923664122 362.15999999999997 79.8 60.59999999999999 4.124244433972889 1.397334539834626 6.2409755245112475
23.414 -2.2946029186248778 -5.10180435180664 8.115625619888306 -45.7114503816794 -47.0969465648855 -21.35419847328244 362.64 78.6 60.239999999999995 4.123523703245056 1.3976030460176418 6.227420704367799
23.445 -2.1452047348022463 -5.153997945785522 8.077737379074097 -47.429007633587794 -51.46030534351145 -21.887786259541986 363.47999999999996 79.08 59.160000000000004 4.12290679705519 1.4016925315679758 6.210432940124255
23.459 -1.944331204891205 -5.305969905853272 8.027159833908081 -46.608396946564895 -54.652671755725194 -21.448091603053435 364.02000000000004 77.94 58.98 4.12218843948151 1.40552090108814 6.157831877359834
23.474 -1.7240047931671143 -5.543953561782837 7.91906156539917 -44.85190839694657 -56.66793893129771 -20.519847328244275 363.96 76.91999999999999 58.55999999999999 4.120031176828664 1.4075760247654685 6.112738081278971
23.504 -1.5269619941711425 -5.76661434173584 7.812579393386841 -43.899236641221364 -57.84809160305343 -19.521374045801526 364.02 76.97999999999999 58.499999999999986 4.118387342189442 1.4079339726705653 6.072740075664338
23.519 -1.433827555179596 -5.848256635665893 7.785704469680786 -43.66946564885497 -58.29389312977099 -18.48320610687023 364.26 76.74 58.14 4.1164360287370965 1.4089188316422478 6.0317235847238075
23.534 -1.2911331295967101 -5.971438312530518 7.795281267166137 -42.03358778625953 -57.14351145038167 -16.77175572519084 364.08000000000004 76.68 57.480000000000004 4.114690559714741 1.4090084551204751 5.977633619481672
23.564 -1.115697991847992 -6.194099044799804 7.688739252090454 -40.800763358778624 -55.137404580152676 -14.832824427480919 364.61999999999995 76.50000000000001 57.06000000000002 4.112739740317451 1.409366645097189 5.925071732407204
23.579 -0.9414599642157555 -6.3885680675506595 7.574895000457763 -41.87786259541984 -52.91297709923664 -13.578625954198476 365.09999999999997 76.74000000000001 56.459999999999994 4.1109942712950955 1.409007845213627 5.903518627754394
23.594 -0.8538920357823372 -6.348944044113159 7.552868366241455 -44.05725190839694 -50.13587786259542 -13.061068702290076 365.09999999999997 76.02 55.86 4.109044438929991 1.4072174796840469 5.870085988657754
23.624 -0.7702745392918586 -6.405507040023804 7.487805938720703 -43.85954198473282 -46.03129770992366 -12.657251908396947 365.09999999999997 76.49999999999999 54.540000000000006 4.10658304465387 1.40596210177794 5.806209447546491
23.639 -0.5749076828360558 -6.652947807312012 7.345171356201172 -42.59389312977099 -41.073282442748095 -12.179389312977099 364.38 75.66 53.7 4.104431228741747 1.402409538420215 5.754205217502083
23.654 -0.4124012395739555 -6.88141450881958 7.1453752517700195 -43.645801526717555 -36.62595419847328 -12.607633587786259 363.9 75.89999999999999 52.14 4.102794021866932 1.399386961595156 5.740381988006769
23.684 -0.3340509906411171 -6.814077568054199 7.014532136917114 -46.89389312977099 -32.72595419847328 -13.92290076335878 363.71999999999997 75.96000000000001 51.239999999999995 4.1019752136394745 1.3971523766456388 5.732494074516424
23.714 -0.22786814719438553 -6.729681921005249 6.910504102706909 -48.678625954198466 -28.40076335877862 -15.220610687022898 364.0199999999999 75.66 49.379999999999995 4.100746691340623 1.3961668497381436 5.711009492370707
23.715 -0.02274491935968399 -6.9078703880310055 6.728844022750854 -48.51908396946565 -23.611450381679386 -16.296946564885495 364.14 75.78 47.58 4.099723438260992 1.395092275497131 5.693663178594942
23.744 0.18722656816244126 -7.126101875305176 6.493015193939209 -49.49923664122137 -19.479389312977098 -17.88854961832061 363.96 75.35999999999999 46.08 4.098495842912019 1.3948233134075307 5.690924154501604
23.759 0.3393182262778282 -7.103356981277466 6.307165288925171 -51.30229007633587 -15.83435114503817 -19.440458015267176 364.14 74.81999999999998 44.099999999999994 4.097779475931285 1.394016700069028 5.682985451755653
23.774 0.5004479974508286 -7.1413051128387455 6.129156398773193 -51.2351145038168 -12.07709923664122 -20.35954198473282 363.65999999999997 73.85999999999999 42.42 4.097062928645142 1.3939269232640834 5.673885321310702
23.804 0.7044339835643768 -7.312969398498535 5.916730833053589 -50.184732824427485 -8.839694656488549 -20.767175572519083 363.78000000000003 73.61999999999998 40.62 4.09665362767544 1.3936573143214792 5.67807732142885
23.819 0.8893262088298798 -7.412029504776001 5.731240081787109 -49.74961832061069 -6.541984732824427 -20.78091603053435 363.47999999999996 72.47999999999999 38.519999999999996 4.096858175259803 1.3936573143214794 5.7171402711889625
23.834 1.0219649881124497 -7.3627687931060795 5.586750030517578 -48.984732824427475 -5.208396946564885 -20.163358778625955 363.65999999999997 71.82 36.18 4.100141704929165 1.3918632930535857 5.7464954452031884
23.864 1.1804012924432754 -7.42609543800354 5.46709976196289 -46.035114503816786 -4.645801526717557 -18.997709923664125 363.65999999999997 70.85999999999999 34.019999999999996 4.1010618228138895 1.3910575003584802 5.773706501202217
23.879 1.4158710360527038 -7.69472484588623 5.303396224975586 -42.44732824427481 -5.016793893129771 -17.30534351145038 363.9599999999999 69.96 31.8 4.101368682761737 1.3914163002420419 5.79351505872666
23.894 1.5579070508480073 -7.853580141067505 5.125088024139404 -40.68473282442748 -6.8534351145038155 -15.59847328244275 363.29999999999995 69.17999999999999 29.940000000000005 4.101777777967856 1.393294602095013 5.821386757288969
23.924 1.6204555749893188 -7.7942039489746096 4.981016969680786 -39.57709923664122 -9.4587786259542 -13.84885496183206 362.94 68.58 27.779999999999994 4.102493784731048 1.3954394410416717 5.841401938259407
23.939 1.6482881665229798 -7.756555128097534 4.856099462509155 -36.77786259541985 -11.80992366412214 -11.755725190839692 363.17999999999995 68.1 26.46 4.103516523400744 1.3977614708181316 5.85431481995183
23.954 1.7208324790000915 -7.920557975769043 4.736628770828247 -32.97557251908397 -13.647328244274812 -9.435114503816791 362.03999999999996 67.92 24.839999999999996 4.1041304749489225 1.399461454977398 5.865711376805256
23.984 1.7754202842712403 -8.054154443740845 4.612728834152222 -30.454198473282446 -15.724427480916031 -7.411450381679389 361.14 68.10000000000001 22.859999999999996 4.104437412058097 1.4012512159416093 5.879952064693841
23.999 1.7901446223258972 -8.081208848953247 4.515045404434204 -29.024427480916028 -17.91679389312977 -5.796183206106871 361.2 67.80000000000001 21.119999999999997 4.105153959344239 1.4019695552412952 5.888322643604613
24.014 1.8093580961227418 -8.1274169921875 4.440944862365723 -27.972519083969466 -19.75114503816794 -4.689312977099236 360.9 67.85999999999999 20.099999999999998 4.10566577874061 1.402418593964846 5.893147446996147
24.044 1.794933021068573 -8.206365776062011 4.352598810195923 -27.68167938931298 -21.066412213740456 -4.296946564885497 360.35999999999996 68.28 18.72 4.102893553871272 1.4029580921805522 5.8856965386876166
24.059 1.7504008650779723 -8.188528919219971 4.280054521560669 -28.072519083969468 -21.650381679389312 -4.373282442748091 359.4599999999999 67.85999999999999 18.06 4.102688903405147 1.4026889463041907 5.877798142262051
24.074 1.7363947749137878 -8.225998210906983 4.254496431350708 -27.660305343511453 -21.361832061068704 -4.772519083969466 358.85999999999996 67.97999999999999 16.86 4.1024843043986134 1.4019708536999365 5.867509208238153
24.104 1.7393276691436768 -8.344810438156127 4.2365399360656735 -26.817557251908397 -20.455725190839694 -5.409923664122138 358.67999999999995 68.16 16.8 4.101768657329249 1.4003616977233269 5.844529379296692
24.119 1.755967366695404 -8.482836151123047 4.2048766136169435 -26.479389312977094 -19.30916030534351 -6.161068702290076 358.5 68.1 16.380000000000003 4.101461643002594 1.3983065740459983 5.832513761381966
24.134 1.7744027256965638 -8.610207653045654 4.169143176078796 -27.085496183206107 -18.451908396946568 -6.858015267175572 357.96 68.88 15.479999999999999 4.100949952395729 1.3959845442695387 5.826406969955828
24.164 1.779131281375885 -8.677065658569337 4.11341814994812 -28.380916030534355 -17.987022900763357 -7.591603053435113 357.71999999999997 68.4 14.759999999999996 4.100540548431914 1.3944640213824608 5.8229491158483535
24.179 1.7517775177955628 -8.68209342956543 4.048774695396423 -29.546564885496185 -17.397709923664117 -8.320610687022901 357.96 68.4 13.799999999999997 4.1001313503814245 1.3921349488817938 5.8143683982274235
24.194 1.7437569499015808 -8.712918853759765 3.9673120021820067 -29.93282442748092 -16.383206106870226 -8.75114503816794 357.05999999999995 68.94 13.26 4.098699515196814 1.3908765488184234 5.799091617945192
24.224 1.7474679589271545 -8.759366321563721 3.883634638786316 -29.8381679389313 -15.368702290076333 -9.039694656488551 357.17999999999995 69.41999999999999 12.18 4.096554183278547 1.3904275100948726 5.784328849017102
24.239 1.760636067390442 -8.805454730987549 3.8071398735046387 -29.50305343511451 -14.281679389312975 -9.490076335877863 356.7 69.17999999999999 11.82 4.093089880803186 1.389797986166771 5.7832087038137026
24.254 1.793855619430542 -8.85315923690796 3.738785409927368 -29.293893129770986 -13.162595419847326 -9.82442748091603 356.88000000000005 69.36 11.16 4.090133935094169 1.3890789034703441 5.770425945410155
24.284 1.8216882228851319 -8.931808757781983 3.6516364574432374 -29.344274809160304 -12.30229007633588 -10.102290076335876 356.5200000000001 69.11999999999999 10.32 4.084648137806065 1.3883588217971026 5.761384213731588
24.299 1.8454506874084473 -8.973527717590333 3.5679590940475463 -29.918320610687026 -11.716793893129772 -10.556488549618319 355.74000000000007 69.3 8.940000000000001 4.079875263619637 1.3871905103718813 5.771540019980194
24.314 1.8743008136749268 -8.992621517181396 3.492062878608704 -30.536641221374047 -11.112977099236641 -11.173282442748091 354.96000000000004 69.47999999999999 7.32 4.07459002935971 1.3860217949126838 5.773650004396581
24.344 1.9201497793197633 -8.979094314575196 3.4167652130126953 -30.471755725190842 -10.294656488549618 -11.86259541984733 354.42 69.05999999999999 5.820000000000001 4.069306107110451 1.3846728074000003 5.767808198775331
24.359 1.9716849684715272 -8.990047836303711 3.3337462663650514 -29.41755725190839 -9.334351145038168 -12.68854961832061 354.36 68.99999999999999 4.440000000000001 4.063919898218144 1.3836842377189897 5.764546272325073
24.374 2.033395528793335 -9.022369575500488 3.248632383346558 -28.225190839694655 -8.336641221374048 -13.525954198473281 354.0 69.11999999999999 3.720000000000001 4.058839211542579 1.3832339516664562 5.771128184463906
24.404 2.097021424770355 -9.035358047485351 3.16782808303833 -27.499999999999993 -7.664122137404581 -14.251908396946567 353.88 69.11999999999998 2.6399999999999997 4.0546746243891745 1.3836840805798032 5.78590703125376
24.419 2.1644182085990904 -9.056187629699707 3.062423348426819 -27.26335877862595 -7.497709923664121 -14.607633587786262 352.92 68.63999999999999 1.5599999999999996 4.051123902049489 1.382693448163545 5.800000366431989
24.434 2.250968599319458 -9.09539270401001 2.953487181663513 -27.648854961832058 -7.979389312977098 -14.667938931297709 352.62 68.7 0.9 4.049301657299784 1.3821526314354162 5.815681896146403
24.464 2.324171304702759 -9.11676092147827 2.8244397163391115 -28.573282442748088 -9.037404580152671 -14.639694656488548 352.2 68.4 -0.8400000000000001 4.047376515118259 1.3815217889948925 5.839875102288557
24.479 2.360084319114685 -9.060497188568116 2.700001084804535 -29.602290076335873 -10.246564885496182 -14.471755725190837 351.42 68.94 -1.86 4.048184609801349 1.3819720750474263 5.857525792750863
24.495 2.4092252969741823 -9.008902168273925 2.567182743549347 -29.47709923664122 -11.27557251908397 -14.086259541984731 351.6 68.75999999999999 -3.1199999999999997 4.048588656998734 1.3818819864092768 5.860482058676999
24.524 2.462915277481079 -9.052057647705078 2.420178771018982 -28.4175572519084 -12.239694656488549 -13.419847328244273 351.6 68.52 -3.9599999999999995 4.048588656998735 1.3821521578998592 5.860482058676997
24.539 2.5363574028015137 -9.150219917297363 2.2723368287086485 -27.89236641221374 -13.293893129770993 -12.6381679389313 350.94 68.58 -4.9799999999999995 4.048386781959889 1.3824225185914945 5.872097837233933
24.554 2.6020183801651 -9.21025447845459 2.1240160346031187 -28.43587786259542 -14.70229007633588 -11.79847328244275 349.62 68.46 -5.82 4.049296446740891 1.3835007728766777 5.88566813200066
24.584 2.65451123714447 -9.234495735168457 1.970308291912079 -29.260305343511448 -16.253435114503816 -10.799236641221375 348.48 68.03999999999999 -6.839999999999999 4.050307558169413 1.3841309538472872 5.895265171260382
24.599 2.67887225151062 -9.232759952545166 1.8062456130981446 -29.875572519083967 -17.569465648854962 -9.830534351145038 347.88 67.44 -8.639999999999999 4.050610854114916 1.385028879004511 5.90689966656666
24.614 2.692519187927246 -9.194632244110107 1.6491859793663024 -29.957251908396945 -18.293893129770996 -9.131297709923663 347.76 68.03999999999999 -9.959999999999999 4.051318544865193 1.3862890273365172 5.9162178562806655
24.644 2.7389068603515625 -9.185414505004882 1.5033790946006775 -29.035114503816793 -18.22671755725191 -8.622900763358778 347.1 68.22 -11.819999999999999 4.051520618031852 1.3872796597527755 5.918732426037675
24.659 2.788406991958618 -9.235213947296142 1.3630788683891297 -27.52900763358779 -17.71297709923664 -8.289312977099236 346.08 68.16 -12.359999999999998 4.050813621991241 1.3886295848897259 5.906834161069188
24.674 2.8461671113967895 -9.270947360992432 1.234989082813263 -25.93206106870229 -16.883206106870226 -8.021374045801526 346.08 67.67999999999999 -13.199999999999998 4.0497029000450535 1.3889892501348642 5.893513915395978
24.704 2.922841429710388 -9.32481689453125 1.099297708272934 -24.219847328244278 -15.9793893129771 -7.610687022900764 345.29999999999995 67.61999999999999 -14.219999999999999 4.048895201618011 1.389888727516929 5.885523757222357
24.719 2.991195893287659 -9.398917388916015 0.9660005271434784 -22.624427480916033 -15.166412213740458 -7.210687022900764 344.1 67.14 -14.939999999999998 4.047987319344121 1.3906975562162143 5.887319054793219
24.734 3.013162708282471 -9.385210609436035 0.8496423244476319 -21.309160305343514 -14.324427480916029 -6.721374045801528 343.91999999999996 67.2 -15.839999999999998 4.0474830638930115 1.390877639068647 5.877639799870285
24.764 3.025133728981018 -9.340678501129151 0.7354987621307373 -19.402290076335877 -13.191603053435113 -5.863358778625955 343.86 67.74 -16.74 4.045968070395939 1.3903390700960234 5.862126751535238
24.78 3.045723867416382 -9.336129570007325 0.6433818578720093 -16.789312977099236 -11.92290076335878 -4.818320610687023 344.1 67.49999999999999 -17.459999999999997 4.044351482033094 1.3907882635193478 5.850707388306109
24.794 3.0784047126770018 -9.353846645355224 0.5720346450805665 -13.984732824427482 -10.655725190839695 -3.8770992366412216 343.56 68.52 -17.52 4.043341363408931 1.3903396868308415 5.842238429942776
24.824 3.1268274545669557 -9.423517894744872 0.5216366976499558 -11.50381679389313 -9.54503816793893 -3.116030534351146 342.96 68.03999999999999 -17.16 4.042330748743516 1.3903396868308415 5.831085833189022
24.839 3.1390378713607787 -9.468528938293456 0.4782417923212051 -10.03053435114504 -8.89236641221374 -2.6946564885496183 342.6 67.56 -17.52 4.041623926064856 1.3910577794350958 5.8250807649025225
24.855 3.116292953491211 -9.417592239379882 0.4872200459241867 -8.945038167938932 -8.276335877862595 -2.5488549618320606 342.23999999999995 68.4 -18.240000000000002 4.041623926064856 1.3914165793186577 5.818161947172781
24.884 3.1053993463516236 -9.41813097000122 0.5035006135702134 -7.276335877862595 -7.391603053435115 -2.4122137404580153 341.99999999999994 68.64000000000001 -18.72 4.041220768178172 1.392134425776709 5.812558561391692
24.899 3.0678702354431153 -9.456318473815918 0.531572625041008 -5.861068702290076 -6.287022900763358 -2.2778625954198475 341.4 68.76 -18.479999999999997 4.040012178813006 1.3949034861693363 5.799113841585016
24.915 3.0589518308639527 -9.431358909606933 0.5771821707487106 -5.193129770992366 -4.919083969465648 -2.032824427480916 341.04 69.24000000000001 -18.72 4.039307426675765 1.3959780604103489 5.781248475217272
24.944 3.0559590578079225 -9.440756130218507 0.6159682363271713 -4.648854961832061 -3.5603053435114504 -1.7595419847328244 340.91999999999996 68.76 -19.08 4.038401316570899 1.3976826700142708 5.772774663991742
24.959 3.0645781755447388 -9.462423610687257 0.6596025615930557 -4.480916030534351 -2.1442748091603057 -1.7755725190839695 340.44 68.52000000000001 -19.440000000000005 4.037494985508216 1.399205765101604 5.770842565588382
24.974 3.078943395614624 -9.46392002105713 0.6883329838514328 -4.737404580152672 -0.5954198473282443 -2.047328244274809 340.44 68.64 -19.920000000000005 4.03648782803141 1.4000123784401068 5.76074399593263
25.004 3.0944458484649657 -9.452966594696045 0.7205948501825332 -5.007633587786258 1.049618320610687 -2.4099236641221378 340.14 67.86 -20.580000000000005 4.03548017882246 1.40081926654491 5.743595738939662
25.019 3.1083322048187254 -9.43644666671753 0.7365162909030915 -5.032824427480916 2.706106870229008 -2.736641221374046 339.71999999999997 67.8 -21.240000000000002 4.034170074223719 1.4016261546497126 5.730214116275252
25.034 3.115335249900818 -9.40460376739502 0.7486070096492767 -4.700763358778625 4.3938931297709924 -2.7793893129770995 339.9 67.86 -21.660000000000004 4.033061795221841 1.4018949337685496 5.725123897183811
25.065 3.1447240829467775 -9.401371669769286 0.7302913665771484 -4.13206106870229 6.074809160305344 -2.3564885496183203 339.96000000000004 67.31999999999998 -21.72 4.031953245570463 1.403057682227391 5.734324998150624
25.079 3.1853057861328127 -9.404184913635254 0.7178415179252624 -3.7458015267175577 7.33206106870229 -1.7213740458015265 339.48 67.43999999999998 -21.84 4.031651135376949 1.404487560718573 5.750577231317534
25.094 3.222954607009888 -9.388083934783936 0.7182006478309632 -3.7458015267175577 8.083969465648854 -1.0419847328244274 339.12 67.2 -22.32 4.032154284430689 1.4025253884307483 5.776995050060647
25.124 3.231035041809082 -9.347083282470702 0.7065887689590454 -3.8022900763358782 8.430534351145038 -0.4893129770992367 339.84000000000003 67.20000000000002 -22.44 4.032758284020809 1.4014508141897355 5.804144773302552
25.139 3.2395344734191895 -9.299199295043945 0.7004236996173858 -3.293129770992367 8.573282442748091 0.05419847328244272 339.36 67.56 -22.68 4.033160754233488 1.401003303661098 5.827998988487538
25.154 3.2502485275268556 -9.303209590911866 0.6870760262012482 -2.091603053435114 8.466412213740458 0.7450381679389313 339.9 67.02000000000001 -22.74 4.033563322471156 1.4002876480488848 5.847644378039071
25.184 3.2617406845092773 -9.326732540130616 0.6933009505271912 -0.6709923664122135 8.040458015267173 1.515267175572519 339.47999999999996 67.56 -22.319999999999997 4.033965890708823 1.3998398345939438 5.872075971489604
25.199 3.262518811225891 -9.364800357818604 0.6927622556686401 0.8183206106870229 7.263358778625952 2.469465648854962 339.12 67.56 -21.96 4.034469407757536 1.3998398345939438 5.89855139451492
25.214 3.235464334487915 -9.382218170166016 0.6867168962955474 2.384732824427481 6.312213740458015 3.761068702290076 339.36 67.56 -21.96 4.034972802052058 1.3992124692969439 5.924979212248383
25.244 3.2049981117248536 -9.40508279800415 0.671992552280426 4.0595419847328245 5.337404580152671 5.309923664122137 339.23999999999995 67.32000000000001 -21.72 4.035375468386015 1.3986746362974039 5.945797071627005
25.259 3.1726165294647215 -9.421123886108399 0.6576871991157531 5.620610687022902 4.3122137404580165 6.833587786259541 339.54 68.34 -21.779999999999998 4.0356775049270395 1.3976015113167894 5.969647346182109
25.274 3.1006707668304445 -9.394667911529542 0.6336254715919495 7.045038167938931 3.3595419847328243 8.279389312977099 339.24 68.4 -21.119999999999997 4.035979615120555 1.395812955466677 5.986511559297629
25.304 3.026809644699097 -9.36701488494873 0.6014833152294159 8.904580152671755 2.736641221374046 9.69618320610687 339.65999999999997 68.58 -20.939999999999998 4.036281799020127 1.394916259686098 6.002072779956391
25.319 2.964739966392517 -9.402269458770752 0.579396802186966 11.114503816793894 2.4114503816793897 11.037404580152671 339.24 68.75999999999999 -20.16 4.036584130492687 1.394646929202519 6.019110097777354
25.334 2.8999768018722536 -9.446861457824706 0.5655104339122772 12.800763358778624 2.206106870229008 12.119083969465647 339.24 69.11999999999999 -19.68 4.037087770384876 1.3943780587000227 6.030797022201051
25.364 2.81330668926239 -9.440038013458253 0.5769427478313446 13.83969465648855 2.1847328244274813 12.870992366412214 339.48 69.84 -18.96 4.037289201737329 1.3961636250275404 6.045001593710246
25.379 2.729330062866211 -9.442312526702882 0.5713762283325196 14.909160305343514 2.5809160305343513 13.310687022900762 339.48 69.96000000000001 -18.48 4.037188522896271 1.3976831269969496 6.048286823237549
25.409 2.6448147296905518 -9.45404405593872 0.5789179682731629 15.984732824427482 3.4763358778625957 13.433587786259542 339.78 70.61999999999999 -17.220000000000002 4.036584376054626 1.398576796745951 6.047257224739752
25.424 2.576819396018982 -9.4444073677063 0.6074688255786895 17.123664122137406 4.8396946564885495 13.296946564885497 340.08 71.16 -16.32 4.035980376464506 1.3996513709869638 6.035544195332073
25.439 2.5052327632904055 -9.445185470581055 0.6600215613842011 18.658015267175575 6.653435114503816 13.105343511450382 340.32 71.75999999999999 -15.24 4.035275967664543 1.4002787362839637 6.019651200778107
25.454 2.4434025049209596 -9.489597988128661 0.7219116747379303 20.523664122137404 8.78854961832061 13.020610687022904 340.86 71.58 -13.979999999999999 4.034471026954196 1.4022428643069507 6.000576093115649
25.484 2.383906602859497 -9.544844150543213 0.8036138117313385 22.117557251908398 10.989312977099237 13.05114503816794 341.40000000000003 72.11999999999999 -13.439999999999998 4.033063064769287 1.4084524476349114 5.984878123644107
25.499 2.316809093952179 -9.534010410308838 0.8971073925495148 23.199999999999996 13.106106870229008 13.205343511450383 341.70000000000005 72.66 -12.66 4.031755194306223 1.4132595340448237 5.965821454316035
25.514 2.239536225795746 -9.4761305809021 1.008258205652237 24.4442748091603 15.140458015267177 13.421374045801524 342.42 73.25999999999999 -12.059999999999999 4.030044900648753 1.418507519928425 5.9481127881177045
25.544 2.159869170188904 -9.424715042114258 1.1166556894779205 26.358015267175574 17.19770992366412 13.669465648854963 343.02 73.49999999999999 -11.1 4.028535818722029 1.4220705212764932 5.938120392258165
25.559 2.0873847246170043 -9.3828763961792 1.2407950520515443 28.85954198473282 19.21679389312977 13.990076335877863 342.9 73.97999999999999 -10.739999999999998 4.027429159491155 1.42189249662022 5.926300790746777
25.574 2.0108301281929015 -9.332298946380615 1.3921086013317108 31.6618320610687 20.907633587786258 14.46030534351145 343.67999999999995 74.39999999999998 -10.319999999999999 4.026725093529559 1.4234921252758028 5.92147003237922
25.604 1.9429545164108277 -9.299258995056153 1.5538967728614808 34.583206106870236 22.0381679389313 15.029770992366412 344.34 74.58 -10.259999999999998 4.02612182859321 1.42367050196587 5.913674898314007
25.619 1.8588581919670104 -9.283217811584473 1.7233463883399964 37.14809160305344 22.508396946564886 15.670229007633589 344.76 74.88 -8.999999999999998 4.02571965202822 1.42375985371307 5.918889126582798
25.634 1.7601572275161743 -9.249399757385254 1.8860922455787659 39.063358778625954 22.25114503816794 16.300763358778628 345.48 75.48 -7.919999999999999 4.025619120117836 1.4239388275986258 5.930655639821152
25.664 1.6331448197364806 -9.171169185638428 2.0698472380638124 40.627480916030535 21.505343511450384 16.77022900763359 345.6 76.08000000000001 -6.719999999999999 4.02571965202822 1.422690596457721 5.944519179668727
25.679 1.5094244480133057 -9.078453731536865 2.2499510526657103 42.494656488549616 20.659541984732826 17.044274809160306 346.2 75.6 -5.760000000000001 4.026221945542216 1.417555587370773 5.956399131093799
25.694 1.391988855600357 -9.032664585113526 2.4437018156051638 44.796183206106875 19.867175572519088 17.066412213740456 346.92 75.48 -4.2 4.026724483051967 1.4138241706269956 5.971803232686962
25.724 1.285207462310791 -9.01782054901123 2.62272824048996 46.82595419847328 19.073282442748095 16.760305343511448 347.46000000000004 76.14000000000001 -3.1800000000000006 4.027025786006004 1.414088383768394 5.982528600156446
25.739 1.1651980996131897 -8.980111885070801 2.8097154021263124 47.909160305343505 18.202290076335878 16.03587786259542 347.58000000000004 75.9 -1.0200000000000005 4.026925376049145 1.4169063037024774 5.9902565403163415
25.754 1.0436325073242188 -8.9069091796875 3.01364152431488 48.23740458015267 17.418320610687026 14.709160305343511 348.48 76.2 1.3199999999999998 4.027025859124907 1.4188582610489011 5.997509926140197
25.784 0.9225457608699799 -8.81341552734375 3.22594735622406 48.23511450381679 16.955725190839694 12.801526717557248 349.14 75.89999999999999 3.78 4.02612238802038 1.4176149154898643 6.006183316512699
25.799 0.7935581475496292 -8.709986019134522 3.4465131998062133 48.4030534351145 17.196946564885497 10.356488549618321 349.43999999999994 75.84 6.0 4.02572069944703 1.417168751630188 6.021950055438617
25.814 0.6795941472053528 -8.647617149353028 3.6749200344085695 48.99007633587786 18.362595419847327 7.5427480916030545 349.91999999999996 75.47999999999999 7.68 4.024917516788409 1.417168751630188 6.034894001953844
25.844 0.5848436206579208 -8.601229476928712 3.9073371410369875 49.50458015267176 20.24656488549618 4.670992366412215 350.28000000000003 75.24 9.239999999999998 4.02281196187173 1.418329168388635 6.04284604151354
25.859 0.5215768426656723 -8.556996631622315 4.128022694587708 49.451908396946564 22.48167938931298 1.9625954198473288 350.94 74.46000000000001 10.620000000000001 4.025434423601893 1.418507842024015 6.035846044306192
25.874 0.4422689102590084 -8.474576282501221 4.356429553031921 48.811450381679386 24.89923664122138 -0.4526717557251909 351.84000000000003 74.88 12.84 4.028258615418108 1.419667104486519 6.028670084619589
25.919 0.39498342797160146 -8.40143346786499 4.5851356983184814 48.03587786259541 27.47099236641221 -2.4946564885496185 352.86 75.41999999999999 15.059999999999999 4.029870856012931 1.4228685346976306 6.011284053299795
25.92 0.38277299925684927 -8.33774766921997 4.8010926961898805 47.14427480916031 29.848854961832064 -4.3396946564885495 353.82 74.7 16.979999999999997 4.032896038389104 1.4198595028597267 6.0047757691212285
25.934 0.3684676460921764 -8.259337568283081 5.00052969455719 46.07480916030535 31.771755725190843 -6.13587786259542 355.08000000000004 74.52000000000001 18.119999999999997 4.03652626789023 1.4149985934401403 6.001148282211053
25.964 0.35116953775286674 -8.165544652938843 5.166986560821533 44.93282442748092 33.28091603053436 -7.557251908396947 355.68 74.28 19.799999999999997 4.040362874735575 1.4124226263860185 5.997157697491956
25.979 0.3331531696021557 -8.096591663360595 5.301600551605224 43.896946564885496 34.251908396946575 -8.37709923664122 356.15999999999997 74.03999999999999 21.24 4.044900131386243 1.412155458002856 5.983888010149299
25.994 0.3406949035823345 -8.031409549713135 5.410656452178955 42.54045801526718 34.42595419847329 -8.51526717557252 357.78000000000003 73.5 22.38 4.048732044505443 1.413047049073122 5.971997266866154
26.025 0.36798880323767663 -7.944081020355225 5.50103759765625 40.593893129771 33.449618320610696 -8.23587786259542 358.26 73.14 23.46 4.0513481136233915 1.4150053485348004 5.956352465186311
26.039 0.38564603850245477 -7.834845542907715 5.57046947479248 38.42366412213741 31.688549618320614 -8.012213740458016 359.1 72.41999999999999 25.140000000000004 4.054460089758104 1.414023785162406 5.9438152128156805
26.054 0.38768110796809196 -7.694545269012451 5.650375938415527 36.85267175572519 29.716030534351148 -7.813740458015266 360.18 71.94 26.22 4.052844294487146 1.4147372932270161 5.942970996939829
26.099 0.4191648602485657 -7.633732557296753 5.71717414855957 36.37022900763358 27.650381679389312 -7.687786259541984 360.90000000000003 71.69999999999999 26.82 4.050523006840252 1.4136673825117119 5.94432661885124
26.1 0.43532572090625765 -7.576930093765259 5.781159162521362 36.33053435114503 25.66793893129771 -7.680916030534351 360.72 70.8 27.72 4.048810209891092 1.4112698512744528 5.957413178346246
26.174 0.43454760015010835 -7.52240219116211 5.8768075466156 36.761068702290075 24.106106870229006 -7.444274809160307 361.2 70.19999999999999 29.28 4.04458112801854 1.4096633798679359 5.9634032545632705
26.175 0.45489831268787384 -7.511987400054932 5.974610662460327 37.65114503816794 23.049618320610687 -6.626717557251908 361.97999999999996 69.53999999999999 30.540000000000003 4.039948134599134 1.4093065081034273 5.967378173074376
26.189 0.4472967222332954 -7.502709865570068 6.075765705108642 38.423664122137396 22.348854961832064 -5.412213740458016 362.58 68.7 31.860000000000003 4.035007552487487 1.4085020710608824 5.969975594039459
26.191 0.4280832551419735 -7.44189715385437 6.1930217266082765 39.10763358778626 22.309160305343514 -3.933587786259543 363.59999999999997 68.4 32.64 4.029668859762498 1.4084129563474987 5.972010989156474
26.204 0.40503906533122064 -7.398681783676148 6.314347887039185 40.092366412213735 23.07022900763359 -2.1992366412213746 363.41999999999996 68.22 34.260000000000005 4.024834425129609 1.4071638983054768 5.974903530759239
26.219 0.3512892372906208 -7.304709339141846 6.441659545898437 41.15267175572519 24.544274809160306 -0.5458015267175569 364.38 68.22 35.82 4.025541594658266 1.4038621500477828 5.985486773061313
26.234 0.2735973931849003 -7.164289426803589 6.605482769012451 42.927480916030525 26.73664122137405 0.8244274809160309 365.09999999999997 68.1 37.260000000000005 4.028068451502177 1.4025177883800537 6.000304267643021
26.264 0.2203862614929676 -7.130710744857788 6.7459625720977785 45.23893129770992 29.56641221374046 1.8725190839694659 364.91999999999996 68.03999999999999 39.24 4.031611292516571 1.3998321980947923 6.01936122897701
26.279 0.15747861340641975 -7.103775978088379 6.862081384658813 46.368702290076335 32.67022900763359 2.6427480916030537 365.5199999999999 67.8 40.8 4.035860102663099 1.3983989416230007 6.038729687395241
26.294 0.028610707074403764 -6.960602712631226 6.9873579978942875 46.226717557251916 35.76030534351144 3.311450381679389 366.23999999999995 67.8 42.24 4.040307960461814 1.3959798747673073 6.053567210525024
26.324 -0.11414356753230095 -6.801388311386108 7.105392122268677 46.04961832061069 39.123664122137406 4.087786259541985 366.41999999999996 67.86 43.739999999999995 4.0458548937305805 1.3947236381937869 6.039027212979262
26.339 -0.23217770978808402 -6.674016809463501 7.221630620956421 45.9793893129771 42.678625954198466 4.826717557251909 366.41999999999996 68.33999999999999 45.3 4.050994627337405 1.392662263877968 6.012101356072074
26.354 -0.35272576585412024 -6.523601102828979 7.322366666793823 45.598473282442754 45.92213740458015 5.416030534351146 366.84 68.99999999999997 46.44 4.056036657727878 1.3908657781841756 5.980695878027725
26.384 -0.4888959929347038 -6.351218605041504 7.4130470752716064 44.944274809160305 48.72442748091603 5.803053435114504 366.84 69.11999999999999 48.35999999999999 4.061476748565473 1.3883583879898043 5.95797039674424
26.399 -0.6268618687987327 -6.188891744613647 7.511209344863891 44.4473282442748 51.038167938931295 5.9015267175572514 367.55999999999995 68.88 49.919999999999995 4.066209885199601 1.3905848325350587 5.924114288660799
26.414 -0.7780557096004486 -6.075047445297241 7.599016714096069 43.96946564885496 52.89312977099237 6.1122137404580155 367.49999999999994 68.82 51.29999999999999 4.0664121570711345 1.3963591304031708 5.883565298332115
26.444 -0.8956708699464798 -5.9500102519989015 7.658811902999878 42.7206106870229 53.9442748091603 6.696946564885496 367.38 68.82 52.14 4.065399551011622 1.3992189552611862 5.83178218517508
26.459 -1.0464457273483276 -5.756558752059936 7.699752712249756 40.898473282442744 53.96412213740457 7.374809160305344 367.62 68.94 52.86 4.06316906013143 1.4010123638464573 5.771099871614576
26.474 -1.2338518619537353 -5.500498867034912 7.789834499359131 39.803053435114506 53.52290076335878 8.248091603053435 367.56 69.12 53.760000000000005 4.061545281802711 1.401909059627036 5.715310813167504
26.504 -1.369243973493576 -5.339129686355591 7.900566291809082 40.25267175572519 52.33511450381678 9.241221374045802 367.74 68.82000000000001 54.42 4.059922307014056 1.4029869422070251 5.659378523094556
26.534 -1.4808736324310303 -5.231689882278443 8.019198989868164 41.1793893129771 49.71603053435115 10.022137404580153 367.67999999999995 69.12 55.08 4.058806926772995 1.4036158134835455 5.625455245677637
26.535 -1.591964590549469 -5.09444227218628 8.136395168304443 41.71145038167939 45.81603053435114 10.513740458015269 367.91999999999996 69.35999999999999 56.519999999999996 4.058097665518889 1.4041551250200015 5.589658196807219
26.564 -1.7210120677947998 -4.982273912429809 8.26867480278015 42.283206106870225 41.0793893129771 11.1587786259542 367.97999999999996 68.94 57.660000000000004 4.056983111519461 1.4052344994139356 5.551567732825466
26.579 -1.8587385058403014 -4.849515414237976 8.432737445831298 42.988549618320604 35.872519083969465 12.316030534351146 368.7 69.30000000000001 58.86 4.055970255720233 1.405863587755336 5.510227984936601
26.594 -1.9939510345458984 -4.729506039619446 8.626548099517823 44.21221374045801 30.53206106870229 13.93969465648855 368.52000000000004 69.72 59.279999999999994 4.055666511549317 1.4031896326814441 5.4862302786653085
26.624 -2.0942680716514586 -4.6927550554275514 8.833586692810059 45.75419847328244 25.292366412213738 15.533587786259542 368.70000000000005 70.74000000000001 60.9 4.055666511549317 1.3971458188975838 5.467140378143637
26.639 -2.239057409763336 -4.649779105186463 9.012613153457641 46.47709923664122 20.306870229007636 16.93587786259542 368.76000000000005 71.75999999999999 63.11999999999999 4.0577958789308655 1.3944656403308864 5.461413930539033
26.654 -2.4130560040473936 -4.525639772415161 9.191519927978515 46.49541984732824 15.841221374045801 18.20916030534351 369.12 72.83999999999999 65.16 4.060738625760698 1.3929420273663229 5.465483543914378
26.684 -2.5593417286872864 -4.42023503780365 9.316916275024415 46.38167938931298 12.151145038167938 19.183969465648854 368.58 73.49999999999999 67.38 4.063278618076707 1.3917757226431398 5.463498717382537
26.699 -2.6807875990867616 -4.354334616661072 9.411726665496825 45.585496183206104 9.926717557251909 19.768702290076337 368.28 74.76 69.6 4.064799968429105 1.390697840063151 5.46304265293944
26.714 -2.8070218682289125 -4.245697712898254 9.479183292388916 43.79847328244274 9.150381679389312 19.680152671755724 368.34 75.42000000000002 72.17999999999999 4.065306583519683 1.3906080940602927 5.467280163566246
26.744 -2.9835343837738035 -4.075769233703613 9.531436729431153 41.84656488549618 10.012213740458016 19.053435114503817 367.67999999999995 76.2 74.16 4.065813073604343 1.3901587455915752 5.489031146260041
26.759 -3.1030648946762085 -3.9602490186691286 9.556755447387696 40.23053435114504 12.46946564885496 18.051145038167938 367.32 76.68 76.44 4.066826179324944 1.3895296572501747 5.520195247206222
26.774 -3.17369384765625 -3.86914963722229 9.541432571411132 38.27328244274809 15.529770992366412 16.493129770992365 366.12 77.16 78.0 4.067940458310771 1.3888105745537478 5.551318435856514
26.804 -3.265152359008789 -3.714005374908447 9.519705200195313 35.42748091603053 18.707633587786262 14.646564885496185 366.24 78.12 80.4 4.068852365855704 1.3873733926260305 5.562664297987797
26.819 -3.3467946529388426 -3.5168428659439086 9.481457805633545 32.400000000000006 21.857251908396947 12.687786259541985 365.94000000000005 78.3 81.66 4.069662450485488 1.386563159106228 5.563690102710272
26.834 -3.3811514616012572 -3.3552342653274536 9.463561153411865 30.22290076335878 24.516793893129773 10.80229007633588 365.46 79.14 82.25999999999999 4.068647087276058 1.3853932261134236 5.5519290187508785
26.864 -3.3813908815383913 -3.289692997932434 9.492650699615478 28.819847328244283 26.30076335877863 9.461832061068701 364.68 79.32 83.52 4.067122339582412 1.3843123465045624 5.5296051406198
26.88 -3.3366193056106566 -3.288436031341553 9.532274723052979 27.12977099236641 26.718320610687027 8.462595419847329 364.62 79.97999999999999 83.93999999999998 4.064886316284379 1.3834116147909366 5.505051028500002
26.894 -3.3251869916915893 -3.2013469457626345 9.541492462158203 24.44503816793893 25.363358778625955 7.721374045801527 364.8 80.16 84.35999999999999 4.064074227186085 1.3828709876896146 5.487418924890847
26.924 -3.3585262537002563 -3.019327759742737 9.603981113433838 22.048854961832056 22.803816793893127 7.715267175572518 364.56 80.16 84.83999999999999 4.064175625298691 1.3815210625526637 5.473975194868322
26.939 -3.390847992897034 -2.920267653465271 9.666469764709472 21.279389312977095 19.831297709923668 8.40763358778626 364.26 80.46000000000001 85.02 4.064378396468135 1.380890661585831 5.467688020570302
26.97 -3.402759146690369 -2.8689718723297117 9.734644603729247 21.334351145038163 17.00763358778626 9.429007633587787 363.84 81.24000000000001 85.31999999999998 4.064378396468135 1.3805304957402222 5.457698441628168
26.999 -3.4180221796035766 -2.918112874031067 9.78791561126709 21.374045801526716 13.883969465648855 10.49465648854962 363.41999999999996 82.02 85.61999999999999 4.064682816654331 1.379628815874875 5.454767108911945
27.0 -3.4623149156570436 -2.981319808959961 9.798090934753418 20.358778625954194 10.631297709923661 10.901526717557251 362.2199999999999 82.62 85.85999999999999 4.0647842649331585 1.3805279814237346 5.464174800316277
27.014 -3.5321657419204713 -2.8945898532867433 9.844598293304443 18.73129770992366 8.081679389312978 11.062595419847328 361.62 83.46000000000001 86.57999999999998 4.065392879475396 1.3811583823905675 5.485653229579418
27.044 -3.6151248455047607 -2.903987097740173 9.866624927520752 18.195419847328246 6.422900763358778 11.092366412213739 361.26 83.46000000000001 87.53999999999999 4.065900246513274 1.3815189266394567 5.512219973519594
27.059 -3.6853946685791015 -2.8878262281417846 9.86518840789795 17.763358778625957 5.963358778625954 10.585496183206107 361.19999999999993 84.24000000000001 88.19999999999997 4.066103218420642 1.3820599334201504 5.548931650139323
27.074 -3.803967499732971 -2.792536997795105 9.862614631652832 17.68167938931298 6.721374045801528 9.93969465648855 361.44 84.36 89.52 4.06691490545837 1.3822403323166061 5.589526670062782
27.104 -3.896563267707825 -2.807440900802612 9.81329402923584 18.227480916030537 8.282442748091603 9.382442748091602 360.9 84.9 90.78 4.067726994556663 1.3828709537729547 5.636117483196319
27.119 -3.961266565322876 -2.8334179878234864 9.71399450302124 17.837404580152672 10.206106870229007 8.711450381679391 359.93999999999994 85.73999999999998 91.38 4.068742357766093 1.3832316247228962 5.672033796193975
27.134 -4.014178395271301 -2.7724855661392214 9.638637065887451 16.396946564885496 11.831297709923664 7.923664122137405 359.09999999999997 86.1 91.74 4.069554446864386 1.3836820682669642 5.697884283717951
27.164 -4.051049113273621 -2.722267198562622 9.561962795257568 14.964122137404582 12.733587786259541 6.819847328244275 358.55999999999995 86.28 92.16 4.070570061819087 1.3836820682669642 5.726929682349703
27.179 -4.1055172204971315 -2.614348554611206 9.517191219329835 13.661068702290077 13.534351145038167 5.28854961832061 358.43999999999994 87.0 92.52000000000001 4.070976307544587 1.3847637055550763 5.743281646531588
27.194 -4.1592670440673825 -2.4681825280189513 9.499294567108155 13.464122137404582 14.132824427480916 4.063358778625955 358.43999999999994 87.12 92.76 4.071890474220462 1.3835039957573276 5.764514104060571
27.224 -4.194342088699341 -2.4791958689689637 9.448298072814941 14.485496183206106 14.200763358778627 3.4045801526717545 358.61999999999995 86.82000000000001 92.94000000000001 4.072398344382218 1.382332015285691 5.774638916655721
27.239 -4.1831491708755495 -2.4563312411308287 9.427887535095214 14.666412213740458 13.785496183206106 3.2480916030534353 358.37999999999994 87.42 93.3 4.07280469087889 1.3812488524013464 5.7746389166557215
27.269 -4.208647418022156 -2.3924659132957458 9.415617179870605 14.205343511450383 12.451145038167937 3.40763358778626 357.84 87.24 93.84 4.072906214543975 1.3804369122049076 5.77040103292874
27.284 -4.229417157173157 -2.316450023651123 9.435249614715577 13.77709923664122 10.706106870229007 3.761068702290076 357.36 87.47999999999999 94.08000000000001 4.073109387773984 1.3794431332120216 5.77040103292874
27.299 -4.248870015144348 -2.2491729736328123 9.472060489654542 13.974045801526717 9.176335877862595 3.857251908396946 357.11999999999995 87.6 94.08 4.072906214543975 1.378451458991648 5.759840611522138
27.314 -4.2739492654800415 -2.235466170310974 9.4943265914917 14.349618320610688 8.006106870229008 3.5412213740458016 357.36 87.72 94.2 4.072195196189279 1.3775488245702034 5.753568305638916
27.343 -4.307827258110047 -2.2066758990287783 9.52802495956421 14.059541984732826 6.9664122137404565 2.8572519083969468 357.84 87.96 95.16 4.071383107090986 1.3761951066494742 5.74853441339143
27.359 -4.370854592323303 -2.1276073813438416 9.565194892883301 13.177862595419844 6.342748091603053 1.9381679389312978 357.96 88.8 95.88 4.070266068949688 1.375111560219327 5.745258834648878
27.374 -4.396292996406555 -2.0704458117485047 9.571958541870117 12.3618320610687 6.4916030534351155 1.0374045801526717 357.65999999999997 88.38000000000001 97.02000000000001 4.069352581738789 1.37384920442295 5.751428043529096
27.404 -4.395155739784241 -2.0698472619056703 9.54346752166748 11.262595419847326 7.266412213740457 0.18473282442748093 357.30000000000007 88.61999999999999 97.5 4.068438415062916 1.37330743315066 5.75570022533961
27.433 -4.368939232826233 -2.016695976257324 9.504561710357667 9.482442748091602 8.341221374045801 -0.944274809160305 356.76000000000005 89.03999999999999 97.8 4.067423303415762 1.3733074331506598 5.768946240406705
27.434 -4.362415027618408 -1.9318813800811767 9.45583963394165 7.933587786259542 9.662595419847326 -2.3946564885496184 357.42 88.14 97.5 4.066509589881212 1.3739398364469133 5.793474279409031
27.464 -4.32751955986023 -1.9161394953727722 9.393231296539307 6.993893129770991 11.464885496183204 -3.867175572519085 357.24 88.67999999999999 96.84 4.065900824730729 1.3743912323944631 5.817356335999231
27.479 -4.274428129196167 -1.919192099571228 9.295787334442139 5.997709923664123 12.886259541984732 -5.23587786259542 356.94 88.5 96.66000000000001 4.065190158819034 1.3751143652982902 5.837858217210824
27.494 -4.231452226638794 -1.8990209341049193 9.23174238204956 5.086259541984734 13.67175572519084 -6.096183206106871 356.93999999999994 88.62000000000002 96.66 4.064784114416174 1.3750240221147656 5.855246471953189
27.524 -4.200327634811401 -1.9038093328475951 9.190442371368409 4.891603053435114 14.118320610687025 -6.223664122137405 357.23999999999995 88.20000000000002 96.47999999999999 4.064682641026865 1.3753854592760093 5.876095999510552
27.539 -4.160643720626831 -1.8844162940979003 9.118735980987548 5.245038167938931 14.259541984732824 -5.6557251908396955 357.96 87.96000000000001 95.99999999999999 4.064885512492288 1.3757471541478667 5.892937687636836
27.554 -4.117727661132813 -1.871248185634613 9.04331865310669 5.860305343511451 13.50916030534351 -4.618320610687023 358.32 87.24000000000001 95.28 4.065088383957713 1.3778199547650227 5.908434561433803
27.599 -4.079899263381958 -1.838567328453064 9.031766605377197 6.7175572519083975 11.96030534351145 -3.455725190839695 358.19999999999993 87.24 94.91999999999999 4.065189782070318 1.378451909594567 5.910899836540305
27.6 -4.058890151977539 -1.7954118490219115 9.03912878036499 7.806870229007633 10.006870229007633 -2.474045801526718 358.38 87.3 95.22 4.064986910604893 1.3786326281028318 5.913221892409021
27.614 -4.083490562438965 -1.7687165021896363 9.036734580993652 8.83358778625954 7.64885496183206 -1.3572519083969472 358.8 87.11999999999999 95.39999999999999 4.065291180182923 1.3784518452396768 5.915730490284691
27.644 -4.140771865844727 -1.7388488411903382 9.05313491821289 9.426717557251909 5.177862595419848 -0.12977099236641232 358.2 87.6 95.52000000000001 4.065291180182923 1.3786322441361325 5.914729194865908
27.659 -4.169621992111206 -1.7259201526641845 9.068517684936523 9.691603053435113 3.127480916030535 1.0106870229007634 358.56 87.47999999999999 96.24 4.065696923150262 1.377909625500677 5.9063154784331875
27.689 -4.204397773742675 -1.7666215896606445 9.078034591674804 9.366412213740457 1.7106870229007634 1.9458015267175572 358.67999999999995 87.35999999999999 97.08000000000001 4.065190057775005 1.377909625500677 5.888211737645753
27.704 -4.285920333862305 -1.6842610597610475 9.118556499481201 8.274809160305344 1.1022900763358778 2.3061068702290077 358.61999999999995 87.41999999999999 97.26000000000002 4.064784415140136 1.3780902797987653 5.876795928373658
27.734 -4.362654495239258 -1.5800534248352052 9.154110431671143 8.096183206106872 1.7305343511450382 2.4061068702290074 358.19999999999993 87.84 97.20000000000002 4.064176101486051 1.3784512050054807 5.865970799617768
27.735 -4.400602579116821 -1.6296732544898986 9.146688461303711 8.666412213740458 3.454961832061069 2.3732824427480916 357.6 88.2 97.44000000000001 4.063770458851183 1.3788123856138288 5.85943586952201
27.764 -4.437772560119629 -1.5985486268997193 9.156863784790039 8.516030534351144 5.784732824427481 2.168702290076336 357.71999999999997 88.91999999999999 97.68 4.063162145197099 1.3779132200649689 5.850520907863876
27.779 -4.484279918670654 -1.5424045979976655 9.114187145233155 7.749618320610685 8.02824427480916 2.064885496183206 357.65999999999997 88.98 97.98 4.062756703008439 1.3783636636090368 5.844146738965003
27.794 -4.525460195541382 -1.4513052225112915 9.056187629699707 6.583206106870229 9.998473282442749 1.9778625954198472 357.9 88.86000000000001 97.85999999999999 4.061946218650103 1.3785442538412576 5.820030091154224
27.825 -4.56544337272644 -1.3545196175575256 9.01398983001709 5.731297709923664 11.789312977099238 1.8175572519083967 357.53999999999996 88.86 97.74 4.060629343012563 1.3794468882627022 5.793371774231711
27.839 -4.540842914581299 -1.341052234172821 8.992082881927491 5.572519083969466 13.247328244274808 1.7862595419847327 357.4799999999999 89.03999999999999 98.28 4.059616487213333 1.3798073060943752 5.766741095452651
27.854 -4.561433029174805 -1.3262081861495971 8.983044719696045 5.5564885496183205 13.685496183206103 1.9068702290076334 357.53999999999996 89.22 98.1 4.058299286559368 1.3806201082870846 5.747239395219226
27.884 -4.596927070617676 -1.2036849021911622 8.986815643310546 6.03587786259542 13.706870229007635 2.212977099236641 357.12 89.99999999999999 97.67999999999999 4.057691872948799 1.3808005708188893 5.736496149076512
27.899 -4.596448230743408 -1.2075754761695863 8.961556816101075 7.179389312977099 13.212213740458017 3.120610687022901 356.87999999999994 89.99999999999999 97.79999999999998 4.057084159759908 1.381071312468351 5.72402171460004
27.914 -4.583160400390625 -1.2267290949821472 8.947371196746825 7.236641221374046 11.34732824427481 4.011450381679389 356.64 90.35999999999999 98.99999999999999 4.056679117590233 1.381251584521837 5.707678085602989
27.944 -4.614763879776001 -1.1440692782402038 9.010817527770996 6.255725190839694 8.43969465648855 4.594656488549618 356.46 90.53999999999999 99.3 4.056071404401342 1.3816122554717782 5.684859013134582
27.959 -4.6871884822845455 -1.1131242275238038 9.057145309448241 5.814503816793893 5.6801526717557245 5.174809160305343 355.5 90.41999999999999 99.30000000000001 4.055463990790773 1.3813418947801432 5.661407373878343
27.974 -4.735252094268799 -1.1443087041378022 9.085396862030029 6.170229007633588 3.621374045801526 5.852671755725191 354.72 90.72 99.24000000000001 4.0549577504454275 1.381251869067748 5.652609771198966
28.004 -4.743571949005127 -1.22295823097229 9.119454383850098 6.455725190839695 2.1389312977099237 6.570992366412213 353.76000000000005 91.67999999999999 99.72 4.0547553790045345 1.3819729587008749 5.658249041885871
28.049 -4.78870267868042 -1.2476185083389282 9.16656036376953 5.8893129770992365 1.1778625954198474 6.903053435114503 353.58000000000004 92.1 100.02 4.054957700642649 1.381702503090135 5.659808548333717
28.05 -4.90781421661377 -1.1432313084602357 9.170869922637939 5.200763358778626 1.1717557251908395 6.7053435114503825 353.58000000000004 92.46 100.38000000000001 4.0551600720835435 1.381342085258462 5.670475316532573
28.064 -4.977006673812866 -1.0694898962974548 9.130767059326171 5.641221374045801 2.4389312977099236 6.251145038167939 352.67999999999995 92.87999999999998 100.44000000000001 4.055160072083543 1.381432237105023 5.6833558309513
28.079 -4.977305936813354 -1.168729555606842 9.083182239532471 6.055725190839695 4.045801526717557 5.41145038167939 352.61999999999995 92.69999999999999 100.50000000000001 4.055261245348769 1.3817927813539121 5.697160343210085
28.094 -5.000529718399048 -1.1584344863891602 9.03954792022705 4.800763358778626 5.477862595419847 4.116030534351145 352.49999999999994 93.41999999999999 100.98 4.055261245348769 1.382063236964652 5.704142830531668
28.139 -5.071757221221924 -1.0447697579860686 9.002737045288086 3.233587786259542 7.084732824427481 2.937404580152671 352.62 93.78 100.62 4.055463716503921 1.382333408455234 5.710621502118141
28.141 -5.0779821395874025 -1.0060435473918914 8.930731391906738 2.7534351145038167 9.096946564885496 2.2984732824427483 352.49999999999994 93.65999999999998 100.62 4.055564939608151 1.382243288248309 5.7192854185158355
28.154 -5.028781318664551 -1.0428543984889984 8.865609169006348 2.4419847328244275 10.67022900763359 1.9633587786259539 352.85999999999996 94.25999999999999 100.98 4.055868534153275 1.3818823630415935 5.722093782248553
28.184 -5.014535808563233 -1.079066699743271 8.829037761688232 1.4633587786259539 11.465648854961833 1.4435114503816795 353.46 95.34 100.50000000000001 4.055868534153275 1.3817923059015558 5.716141203920705
28.199 -5.034228134155273 -1.0468646824359893 8.797434234619141 0.47175572519083986 11.719083969465649 1.0213740458015268 353.58 94.74 100.14000000000001 4.056172128698398 1.3815221344109734 5.713937426215464
28.214 -5.0294397354125975 -1.0079589068889618 8.74583911895752 0.4335877862595418 11.47328244274809 1.16793893129771 353.21999999999997 94.86 100.02000000000001 4.0562733268740665 1.3817024698147882 5.719291935596097
28.244 -4.998494672775268 -1.0411784589290618 8.68999433517456 0.8923664122137402 10.244274809160306 1.803053435114504 352.56 95.28 98.99999999999999 4.056374549978296 1.3819728305064234 5.722652394206772
28.259 -4.988857984542847 -1.0356717944145202 8.696877670288085 0.8419847328244275 8.210687022900762 2.482442748091603 353.1 95.34 99.41999999999999 4.05657692141919 1.382423116558957 5.721374838617903
28.274 -5.030936050415039 -0.9797073364257812 8.710584545135498 0.8435114503816792 5.859541984732823 3.319083969465649 352.86 95.82000000000001 99.42 4.056678119594858 1.3823330279208077 5.718153187704501
28.304 -5.069183397293091 -0.9418789565563201 8.722675228118897 1.7137404580152673 3.5122137404580145 4.254961832061069 352.38 95.82000000000001 98.94 4.057285832783749 1.382062572310068 5.720404218373131
28.319 -5.035784292221069 -1.0025719702243805 8.731773185729981 2.9534351145038165 1.3687022900763353 5.009923664122137 351.9599999999999 96.24000000000001 98.64 4.057792447874326 1.3816121287659997 5.72879620139995
28.334 -5.05350136756897 -1.0378864467144013 8.771756362915038 3.5404580152671756 -0.9061068702290076 5.135114503816793 351.36 96.48 99.24000000000001 4.0582989379589876 1.3814317933621851 5.72815886818708
28.364 -5.115690755844116 -1.0092757403850556 8.802222537994385 3.636641221374046 -2.7206106870229005 4.810687022900764 351.29999999999995 96.78000000000002 99.18 4.058805428043649 1.381792718568901 5.736399876506782
28.379 -5.198530149459839 -0.8984241992235183 8.832389450073242 3.965648854961832 -3.7916030534351144 4.651908396946565 351.06 95.82000000000002 99.54 4.059615712465048 1.3814321743200118 5.750341136240073
28.411 -5.276401519775391 -0.8565855294466018 8.860102367401122 5.139694656488549 -4.270229007633588 4.619083969465649 351.23999999999995 95.88000000000001 99.48 4.060527845184577 1.3813420541130867 5.764918360650813
28.439 -5.282925701141357 -0.9117718726396561 8.88841381072998 5.9435114503816795 -4.071755725190839 4.306106870229008 351.41999999999996 96.18 99.78 4.061541201008337 1.3809812561774673 5.781820930494505
28.441 -5.279813241958618 -0.9200917214155198 8.935579586029053 5.295419847328244 -3.4618320610687023 3.598473282442748 351.53999999999996 96.41999999999999 100.61999999999999 4.063570926111939 1.3807108954858318 5.790447433814717
28.484 -5.293759489059449 -0.8984241932630539 8.966165542602539 4.025190839694657 -2.765648854961832 2.570229007633588 350.93999999999994 96.17999999999999 100.61999999999999 4.065905401276572 1.3799900586902818 5.801950993786292
28.485 -5.325542545318603 -0.8704120248556138 8.979573059082032 2.995419847328244 -1.67175572519084 1.2740458015267175 350.64 96.0 100.91999999999999 4.068138100297523 1.3798999384833568 5.809733037864124
28.529 -5.29262228012085 -0.8249820441007614 8.995853614807128 2.43587786259542 0.1206106870229009 0.18244274809160296 350.28 96.12 101.03999999999999 4.070884020951906 1.379719475951552 5.817397040592893
28.53 -5.279454183578491 -0.8064269810914994 8.997469711303712 2.1954198473282447 1.8587786259541985 -0.7 350.28 95.88000000000001 101.4 4.073834813223213 1.3789971135835934 5.825492155634007
28.544 -5.301181602478027 -0.8245032101869583 8.984780502319335 1.5160305343511449 3.480916030534351 -1.4083969465648856 350.52 96.12 101.04 4.0767848714284405 1.3785457176360434 5.841115709552924
28.56 -5.3262608528137205 -0.7742848247289658 8.980650520324707 0.499236641221374 5.06030534351145 -1.8862595419847328 350.4 95.64000000000001 100.80000000000001 4.079224777215355 1.3789061354677163 5.856352978381051
28.618 -5.354093408584594 -0.7448959991335868 8.951142024993896 -0.08320610687022886 6.458015267175573 -2.2587786259541986 350.1 95.58000000000001 100.74000000000001 4.081461355971067 1.3787256729359119 5.873743220417931
28.62 -5.325901699066162 -0.7456741139292717 8.932287693023682 -0.29312977099236637 7.854198473282442 -2.6778625954198474 350.22 95.94 100.98 4.083393665148749 1.3787256729359119 5.8898047816675785
28.634 -5.347329807281494 -0.7576451227068901 8.890688514709472 -0.4755725190839695 9.015267175572518 -3.323664122137404 349.98 95.7 100.5 4.085224045811913 1.3790864708715314 5.89857036380433
28.635 -5.4023964405059814 -0.6913257375359535 8.83376636505127 -0.8465648854961831 10.282442748091603 -4.121374045801526 349.98 95.58 100.62 4.086038762605524 1.380345743114885 5.911150487259973
28.679 -5.43645396232605 -0.6276399746537209 8.77049961090088 -1.1129770992366412 11.546564885496181 -4.73969465648855 350.28000000000003 95.99999999999999 100.32000000000001 4.087159977283287 1.3812464748285107 5.927672414532366
28.71 -5.40969877243042 -0.6136937513947487 8.726386451721192 -1.2396946564885494 12.387022900763359 -5.403053435114503 350.46000000000004 96.29999999999998 99.78 4.088178881640513 1.3819665565017523 5.948784116505566
28.711 -5.418138313293457 -0.6833650186657906 8.659708023071289 -1.9083969465648856 12.674045801526717 -6.4977099236641225 351.17999999999995 95.81999999999998 100.14000000000001 4.087567081210978 1.382687646134879 5.965149147113619
28.725 -5.45710391998291 -0.6925228431820869 8.591473293304443 -3.047328244274809 12.458778625954197 -7.614503816793892 350.82000000000005 95.69999999999999 99.42 4.086750939180865 1.3843101116470704 5.978952949191218
28.739 -5.445731449127197 -0.6281188145279885 8.53449125289917 -3.3755725190839696 11.927480916030534 -8.259541984732824 351.06000000000006 95.82 99.42 4.086342766215284 1.3851220518435094 5.995825325946473
28.754 -5.382943487167358 -0.6720524147152901 8.494388389587403 -2.32824427480916 11.104580152671756 -8.426717557251909 350.70000000000005 95.94 99.66000000000001 4.085935103002874 1.3853020719109308 6.0098300936863485
28.799 -5.283344697952271 -0.7787739545106888 8.475534057617187 -1.3 9.893893129770994 -8.33969465648855 351.30000000000007 96.17999999999999 99.66000000000001 4.085731271415172 1.386382951519792 6.019992309852709
28.801 -5.266226148605346 -0.7892485827207565 8.43543119430542 -1.2778625954198475 8.121374045801527 -8.273282442748092 351.06000000000006 95.58 98.82000000000001 4.0855274398274695 1.3875520719165846 6.026732522214933
28.829 -5.265328311920166 -0.7413645535707474 8.430403327941894 -1.0229007633587783 6.185496183206107 -8.006870229007635 351.06000000000006 95.46 98.57999999999998 4.085833301769084 1.3878223379016967 6.034149526815083
28.844 -5.212955188751221 -0.8289324760437011 8.448659133911132 0.40763358778625947 4.4541984732824424 -7.445801526717558 351.4200000000001 95.34 98.34 4.086751806318541 1.3876428150938938 6.043669255354374
28.874 -5.164771842956543 -0.9668983519077301 8.467513465881348 1.8893129770992363 2.90381679389313 -6.643511450381679 351.30000000000007 95.22 97.85999999999999 4.086751806318542 1.387462920175818 6.050818289554259
28.875 -5.190689039230347 -0.9524732887744903 8.491335773468018 2.7312977099236635 1.586259541984733 -5.498473282442748 352.02000000000004 94.86 97.85999999999999 4.086955892782759 1.3868329587095012 6.05802799443319
28.904 -5.192245292663574 -0.9207501173019409 8.539399337768554 3.9610687022900763 0.732824427480916 -4.1664122137404584 351.90000000000003 95.46000000000001 97.61999999999999 4.087873937886057 1.386472667011994 6.069435830749564
28.92 -5.158247613906861 -0.927932721376419 8.58363218307495 5.122900763358778 0.32519083969465634 -3.0351145038167937 352.50000000000006 95.58000000000001 97.85999999999999 4.088894370950032 1.3863827973875638 6.0773450292604405
28.964 -5.159624290466309 -0.916679972410202 8.637022876739502 5.834351145038168 0.3725190839694657 -2.288549618320611 352.67999999999995 95.04 97.91999999999999 4.08899637589967 1.3913794783329492 6.081559988963153
28.965 -5.185122537612915 -0.9276334464550018 8.675928688049316 6.344274809160305 0.7694656488549618 -2.1183206106870225 352.73999999999995 94.85999999999999 98.22 4.089302085137718 1.3983956198598446 6.084007713442226
28.979 -5.238213968276978 -0.8835202813148498 8.709746742248536 6.574045801526717 1.5129770992366414 -2.3885496183206105 352.5 95.22 98.22 4.089403988210902 1.4039994831517737 6.077943961891819
28.994 -5.269997024536133 -0.8766968071460723 8.73249168395996 7.2870229007633585 2.6587786259541986 -2.695419847328244 352.8 95.16 99.12 4.089098431454465 1.4089781385517959 6.073091809969156
29.039 -5.267483139038086 -0.8878298461437225 8.73626251220703 7.956488549618321 4.009923664122137 -2.769465648854962 352.62 95.82 99.78 4.0885887887893215 1.4132651774691716 6.071179516877794
29.04 -5.295734691619873 -0.8371326267719269 8.728122234344482 8.072519083969464 4.99236641221374 -2.662595419847328 351.84000000000003 95.63999999999999 99.35999999999999 4.087364575001819 1.4146086262651871 6.070478429712704
29.069 -5.321173095703125 -0.7037157341837883 8.729858016967773 7.889312977099236 5.690839694656488 -2.42824427480916 351.78000000000003 95.58 99.9 4.086854550160863 1.415775730985445 6.070478429712704
29.084 -5.334879922866821 -0.659961698949337 8.70854959487915 7.947328244274809 6.054198473282443 -2.1618320610687025 351.54 95.7 100.14 4.086446479294274 1.4173030015513122 6.070656132491459
29.1 -5.380429601669311 -0.618362446129322 8.656236267089843 7.787786259541984 5.913740458015267 -1.9656488549618323 351.24 95.03999999999999 100.44 4.085834219753043 1.4190099549476445 6.0681676560289715
29.114 -5.4146068572998045 -0.5854421690106392 8.628164291381836 7.530534351145038 5.4992366412213745 -1.9152671755725195 351.06 95.22 100.38 4.085017669177949 1.4195487089405254 6.067812340037351
29.144 -5.427056694030762 -0.558148267865181 8.59404697418213 6.96412213740458 4.6 -2.0610687022900764 350.34 95.7 100.13999999999999 4.084711730801214 1.4161683048438582 6.067812340037351
29.159 -5.443397140502929 -0.47016135454177854 8.571661186218261 6.261068702290077 3.4282442748091597 -2.213740458015267 350.52 95.88 99.83999999999999 4.084711730801214 1.4098709976612214 6.070100557378234
29.174 -5.428732681274414 -0.462260490655899 8.531438636779786 6.03587786259542 2.3 -2.144274809160305 350.46 94.97999999999999 99.89999999999999 4.085017592742829 1.4049852269735466 6.083581340649095
29.204 -5.411135292053222 -0.475847589969635 8.499416160583497 5.2732824427480915 1.0618320610687022 -1.8870229007633585 349.85999999999996 96.06 99.78 4.086037005927921 1.4002756254542277 6.099241497018545
29.219 -5.435975122451782 -0.42634746730327605 8.484512329101562 4.01526717557252 -0.2969465648854965 -1.7259541984732825 350.28000000000003 95.52000000000001 100.44000000000001 4.086750684007801 1.3973357113245317 6.111412122174966
29.234 -5.445851230621338 -0.39689878821372987 8.472301864624024 3.255725190839695 -1.1534351145038169 -1.550381679389313 350.64 95.52000000000001 101.4 4.088486074180041 1.3968886526719637 6.118665269459189
29.264 -5.450819206237793 -0.4418499246239662 8.433934783935547 2.8839694656488546 -1.4999999999999998 -1.616793893129771 351.3 95.22 101.58000000000001 4.0912478288610545 1.3973361632006012 6.123810955520125
29.279 -5.431366300582885 -0.44340615421533586 8.433216571807861 2.2679389312977096 -1.4977099236641225 -1.9297709923664121 351.0 95.28 101.88000000000001 4.094318379296468 1.3976047601602464 6.125057390308139