21.187 -3.262997603416443 9.000522422790528 -1.2440870523452758 -0.24198473282442748 1.6824427480916033 -1.2770992366412215 182.64 115.32000000000001 103.67999999999999 0.8336980184233431 0.8652715360136168 0.8661357590385117
21.216 -3.273053240776062 8.982446193695068 -1.2500725507736206 -0.3343511450381679 1.5267175572519085 -1.3160305343511451 182.76 115.67999999999998 103.67999999999999 0.833952017980579 0.8655183199236036 0.8662592193040519
21.247 -3.270539331436157 8.983703136444092 -1.2474389314651488 -0.49770992366412214 1.3557251908396946 -1.4045801526717558 182.33999999999997 115.37999999999997 103.62 0.8343327893170512 0.865888701303281 0.8665054590426035
21.248 -3.2630574703216553 8.994656562805176 -1.2400169134140016 -0.5717557251908398 1.2076335877862596 -1.4961832061068703 181.62 115.5 103.62 0.8345870944831797 0.866258672815813 0.8668754305551353
21.277 -3.254318642616272 8.995374870300292 -1.2298415541648864 -0.5030534351145037 1.0648854961832062 -1.634351145038168 181.92000000000002 114.96 103.8 0.8349678658196519 0.8663821330813531 0.8674913714447108
21.291 -3.2515653133392335 8.987533950805664 -1.2255319833755494 -0.4152671755725191 0.8374045801526717 -1.8671755725190837 182.4 115.2 104.16 0.8348406366611923 0.8669980739709289 0.8678613429572428
21.306 -3.2509069204330445 8.994656658172607 -1.2298415541648864 -0.39694656488549623 0.584732824427481 -2.1572519083969466 182.94 115.5 104.58 0.8354744989719304 0.867368455350606 0.8683538235812781
21.336 -3.2474353313446045 9.002078628540039 -1.2300211191177368 -0.34961832061068704 0.3152671755725191 -2.4603053435114504 183.71999999999997 114.96000000000001 104.03999999999999 0.8356015749795993 0.8678614789991445 0.8686003348282698
21.351 -3.245759391784668 9.010757637023925 -1.2390592336654662 -0.30916030534351147 0.03129770992366414 -2.7870229007633585 183.6 115.2 103.91999999999999 0.8361089670078787 0.8678614789991445 0.8692155983661836
21.382 -3.241330122947693 9.004772090911866 -1.2464213967323303 -0.2877862595419848 -0.2885496183206107 -3.148854961832061 183.66 115.25999999999999 103.73999999999998 0.8361089670078785 0.8681077187376959 0.8692155983661836
21.397 -3.2408512830734253 8.989449214935302 -1.2459425568580627 -0.34122137404580155 -0.5732824427480916 -3.4625954198473288 183.83999999999997 115.2 103.8 0.8364892830284889 0.8681077187376959 0.8695847553457725
21.411 -3.2347460746765138 8.987713432312011 -1.2403760433197022 -0.4076335877862595 -0.8061068702290075 -3.6572519083969466 183.59999999999997 115.08 103.67999999999999 0.8361080543127933 0.8683539584762474 0.8695847553457723
21.426 -3.2450411319732666 8.977238845825195 -1.2379818439483643 -0.33664122137404584 -0.9908396946564885 -3.732061068702289 184.26000000000002 115.5 104.46 0.8359812825335572 0.8681071745662605 0.8697076725868097
21.456 -3.25324125289917 8.966524791717529 -1.2429498076438903 -0.33053435114503815 -1.147328244274809 -3.761068702290076 184.73999999999998 115.38 104.21999999999998 0.8358542065258885 0.8678606633192688 0.8693377010742775
21.471 -3.2562340021133425 8.943779850006104 -1.243967354297638 -0.3839694656488549 -1.2206106870229008 -3.7160305343511455 184.92 115.67999999999998 104.4 0.8354734351894162 0.8678606633192688 0.8690917316972341
21.486 -3.255096769332886 8.91463041305542 -1.2403162002563477 -0.4526717557251908 -1.1778625954198474 -3.5824427480916037 184.68 116.16 104.04 0.8356006643478757 0.8673681826952334 0.8688452204502422
21.516 -3.2555756092071535 8.892124938964844 -1.2266093969345093 -0.4923664122137404 -1.067175572519084 -3.406870229007634 183.90000000000003 115.85999999999997 103.85999999999999 0.834839572878678 0.8671213987852466 0.868352739826207
21.53 -3.2513259172439577 8.886678123474121 -1.2233173727989197 -0.5343511450381679 -0.9022900763358781 -3.2648854961832057 183.18 116.57999999999997 104.82000000000001 0.8347124968710091 0.8665047776670178 0.8681062285792154
21.546 -3.252882146835327 8.889192008972168 -1.2203844666481019 -0.5801526717557252 -0.7206106870229009 -3.225190839694657 183.00000000000003 116.15999999999997 105.0 0.8339504926773642 0.8663813174014775 0.8672439073060708
21.576 -3.259825325012207 8.924326992034912 -1.2309788107872008 -0.6374045801526718 -0.5152671755725191 -3.2274809160305353 182.88000000000002 115.67999999999999 105.35999999999999 0.8340775686850332 0.8656409610224504 0.867120583661624
21.591 -3.2648531436920165 8.957666206359864 -1.229662001132965 -0.5129770992366411 -0.2488549618320611 -3.1992366412213737 182.82000000000002 115.73999999999998 105.05999999999999 0.8334429474982944 0.8656409610224504 0.8665046427720485
21.606 -3.2759861946105957 8.973587608337402 -1.2372037291526794 -0.3557251908396946 -0.0648854961832061 -3.2511450381679388 183.3 115.13999999999999 105.41999999999999 0.8335701766567538 0.8649006046434232 0.8665046427720485
21.636 -3.2734124422073365 8.979214000701905 -1.2407950282096862 -0.3381679389312977 0.05114503816793893 -3.2977099236641214 183.23999999999998 115.2 105.0 0.8331889479410585 0.8647770071737328 0.8660121621480131
21.65 -3.2671875238418577 8.989030265808106 -1.243009662628174 -0.39312977099236635 0.08167938931297712 -3.245801526717557 182.7 115.73999999999998 104.94000000000001 0.8331889479410585 0.8646535469081925 0.8661356224135535
21.681 -3.268923306465149 9.001719570159912 -1.2484564661979676 -0.40534351145038167 0.04580152671755723 -3.158778625954198 182.52 115.2 104.4 0.8331889479410585 0.8646535469081925 0.8658891111665618
21.695 -3.2714372158050535 9.011655521392822 -1.2537237048149108 -0.4473282442748091 -0.043511450381679376 -3.054198473282443 182.1 114.66 104.7 0.8331889479410585 0.8646535469081925 0.8660124348110084
21.711 -3.272035765647888 9.014947509765625 -1.2599486231803894 -0.6656488549618321 -0.20076335877862594 -2.9435114503816795 182.45999999999998 114.3 104.82000000000001 0.8335701766567538 0.8647770071737328 0.8661357584554551
21.726 -3.2720956087112425 9.016264343261719 -1.2661136984825134 -0.9519083969465649 -0.41679389312977105 -2.80381679389313 182.52 114.24000000000001 104.63999999999999 0.83382417621399 0.8651473885534102 0.8663822697024468
21.756 -3.2783205270767213 9.016443920135497 -1.270722544193268 -1.1106870229007633 -0.6183206106870228 -2.605343511450382 182.7 114.9 104.33999999999999 0.8340787883793557 0.865394172463397 0.866752651082124
21.771 -3.2835279226303102 8.992860984802245 -1.2697648644447326 -1.0175572519083969 -0.7404580152671756 -2.3351145038167944 182.82 115.38000000000002 104.58 0.8342057119289226 0.865764965459426 0.8671222144651223
21.786 -3.2798767566680906 8.953296852111816 -1.2880206465721131 -0.803053435114504 -0.8603053435114504 -2.123664122137405 182.4 115.67999999999999 105.23999999999998 0.834460017095051 0.8661345288424241 0.8674921859776541
21.816 -3.277362823486328 8.936477565765381 -1.2983755707740783 -0.5954198473282444 -0.8938931297709924 -1.9221374045801525 182.64 116.28 105.12 0.8349674091233303 0.8665053218384532 0.8679846666016895
21.831 -3.2787394762039184 8.937854194641114 -1.31615252494812 -0.15038167938931313 -0.7282442748091604 -1.696946564885496 182.7 116.21999999999998 105.05999999999999 0.8352217142894588 0.867121942956682 0.8682311778486811
21.846 -3.2771234035491945 8.928217506408691 -1.3421894669532777 0.5648854961832059 -0.4068702290076338 -1.451908396946565 182.99999999999997 115.43999999999998 105.23999999999998 0.8357291063177381 0.8673687268666688 0.868846441386595
21.876 -3.2770036935806273 8.925523948669433 -1.3680468440055846 1.2549618320610687 -0.016793893129770997 -1.232824427480916 183.11999999999998 115.67999999999998 105.11999999999998 0.8358561823254069 0.8677382902496671 0.8689697650310417
21.891 -3.2720955848693847 8.934202861785888 -1.392587411403656 1.8687022900763357 0.3870229007633588 -1.0541984732824428 182.99999999999994 115.79999999999998 105.12 0.8364900446361452 0.8677382902496669 0.8693389220106305
21.906 -3.269461965560913 8.959940528869629 -1.4198214530944824 2.46793893129771 0.7969465648854962 -0.9 183.05999999999995 116.33999999999996 105.3 0.836236045078909 0.8681078536326652 0.8693389220106305
21.937 -3.261680817604065 8.956409072875976 -1.4326902866363525 3.2206106870229005 1.3061068702290075 -0.6946564885496183 182.7 116.33999999999999 104.82000000000001 0.8363628168581452 0.8679845299882185 0.8694619741466368
21.952 -3.2494704008102415 8.93791389465332 -1.4499285340309143 3.7488549618320604 1.7427480916030536 -0.5038167938931297 182.45999999999998 115.85999999999999 105.17999999999999 0.8362355876996856 0.8682307697267699 0.8692151902366498
21.965 -3.2265459299087524 8.953835391998291 -1.4622586727142335 3.8564885496183203 2.0671755725190843 -0.3854961832061068 181.68 115.67999999999999 104.64000000000001 0.8361086641501185 0.8681073094612296 0.8692151902366498
21.995 -3.209906244277954 8.999025917053222 -1.462318527698517 3.887022900763359 2.3351145038167944 -0.21450381679389313 182.16 115.08 104.03999999999999 0.8359815881424497 0.8677377460782315 0.8690920026341049
22.011 -3.189555549621582 9.01327142715454 -1.4566921591758728 4.1740458015267174 2.617557251908397 0.038931297709923665 181.73999999999998 114.42 103.85999999999999 0.8354741961141705 0.8676142858126914 0.8687228456545162
22.025 -3.1665712118148805 9.003993892669678 -1.4577096939086913 4.404580152671755 2.774809160305344 0.3519083969465649 181.56 114.12 103.32000000000001 0.8353471201065016 0.8672447224296933 0.8684763344075245
22.056 -3.154899477958679 9.030629444122315 -1.4583082437515258 4.486259541984732 2.8213740458015275 0.665648854961832 181.44 114.24000000000001 103.32000000000001 0.8347124989197627 0.8669979385197063 0.86761401313438
22.071 -3.145202970504761 9.046670627593993 -1.4656704187393188 4.92442748091603 2.8816793893129775 0.9900763358778626 180.72 114.60000000000002 103.8 0.8347124989197627 0.8663813174014777 0.86761401313438
22.086 -3.1312567234039306 9.032963848114013 -1.4902708411216736 5.819083969465649 3.0007633587786264 1.2541984732824427 181.02 114.54 103.38 0.8339514074505651 0.8662578571359374 0.8668744747751141
22.116 -3.126348614692688 8.986695957183837 -1.5419856071472169 6.841221374045801 3.2076335877862596 1.4038167938931299 180.48000000000002 114.23999999999998 102.72 0.8339514074505651 0.8656412360177086 0.8667511511306673
22.131 -3.1235952854156492 8.968021202087403 -1.6296133875846863 7.62824427480916 3.493129770992366 1.3603053435114503 180.54000000000002 113.93999999999998 102.9 0.8333160239487274 0.8653941782824779 0.8663815877476692
22.145 -3.0855873346328737 8.940248489379883 -1.7425000071525574 8.545801526717558 4.085496183206106 1.0610687022900762 180.54000000000002 113.93999999999998 103.02000000000001 0.8335703291148556 0.8647775571642489 0.8666283716576562
22.19 -3.0646979093551634 8.890329360961914 -1.9081787586212158 9.48854961832061 5.030534351145038 0.2809160305343511 180.78000000000003 113.82000000000001 103.14000000000001 0.8331886409418212 0.8647775571642489 0.8662588082746578
22.193 -3.026151251792908 8.808926486968994 -2.141852855682373 10.178625954198473 6.643511450381679 -1.0610687022900764 179.94 114.3 103.14000000000001 0.833188640941821 0.8646540968987088 0.8662588082746578
22.206 -2.98497097492218 8.77846031188965 -2.4262840270996096 10.451908396946566 8.987022900763359 -2.90381679389313 179.34 114.78 102.54 0.833188640941821 0.8647775571642489 0.8662588082746578
22.236 -2.9391818761825563 8.788575839996337 -2.7305272221565247 10.891603053435116 12.37709923664122 -5.063358778625954 178.92000000000002 114.12 102.36000000000001 0.8334426404990571 0.8650240684112408 0.8663821319191045
22.251 -2.8951285600662233 8.769781303405761 -3.045125353336334 11.899236641221375 17.022137404580153 -7.209160305343511 178.73999999999998 114.29999999999998 101.70000000000002 0.8336969456651856 0.8652708523212276 0.8667525132987819
22.268 -2.8341362714767455 8.753440856933594 -3.3678038716316223 13.164885496183206 22.957251908396948 -9.128244274809159 179.09999999999997 115.13999999999999 100.62 0.8336969456651856 0.8655179100564583 0.8669987530373335
22.296 -2.785354423522949 8.781393146514892 -3.6928167581558227 14.415267175572518 30.022137404580157 -10.634351145038169 178.32 115.92 99.84 0.833951250831314 0.8658878815689903 0.8674923220195557
22.311 -2.685037350654602 8.825865364074707 -4.000770950317383 16.199236641221376 38.24809160305343 -11.570992366412213 177.83999999999997 116.4 99.11999999999999 0.8343320221677862 0.8662582629486675 0.8679848026435911
22.326 -2.5694572567939757 8.862197399139404 -4.283226895332336 18.54351145038168 47.40381679389313 -11.965648854961831 177.54 117.78 97.85999999999999 0.8347137103408209 0.8669978013079336 0.8682313138905828
22.356 -2.4549545645713806 8.904634571075439 -4.53994517326355 21.132824427480916 57.14503816793892 -11.73206106870229 176.88 119.52000000000001 95.64 0.8349674056696241 0.867368182687611 0.8686004708701714
22.371 -2.3101053714752195 8.940667343139648 -4.7663768291473385 23.735114503816796 67.1496183206107 -10.73053435114504 176.22 121.13999999999996 93.41999999999999 0.8354760173922257 0.8678612063361493 0.8688469821171632
22.386 -2.155260384082794 9.00962038040161 -4.933432245254517 26.21603053435114 76.95725190839694 -8.984732824427482 175.2 122.63999999999999 90.72 0.835983409420505 0.8679846666016895 0.8693389220106302
22.416 -1.9880852460861207 9.061275291442872 -5.062539577484131 28.740458015267173 86.27404580152673 -6.529770992366413 174.3 124.62 87.78 0.8361104854281738 0.8683542299846877 0.8693389220106302
22.446 -1.8154034435749054 9.085097599029542 -5.163036155700683 31.061068702290072 94.7328244274809 -3.550381679389312 172.56 127.08 84.96000000000001 0.83623725720741 0.8681077187376959 0.8695851617491819
22.447 -1.632127296924591 9.118556594848632 -5.249825954437256 32.818320610687024 102.15419847328243 -0.25496183206106854 170.7 129.3 82.14000000000001 0.8361101811997411 0.8683539584762474 0.8694618381047352
22.49 -1.4466963708400726 9.165842151641845 -5.34331955909729 33.83282442748091 108.34809160305342 3.3419847328244274 169.14000000000001 130.49999999999997 78.41999999999999 0.8363638765285444 0.8682304982107072 0.8694618381047354
22.492 -1.2267290890216827 9.211391830444336 -5.42783489227295 34.54580152671756 113.44274809160306 7.241221374045802 168.06 132.05999999999997 74.57999999999998 0.8362368005208755 0.8681073106081622 0.8692153268577435
22.507 -1.0529100567102432 9.237967491149902 -5.519173669815063 35.02137404580153 117.43435114503816 11.112977099236641 166.44 133.56 70.07999999999998 0.8361100287416393 0.8677369292284848 0.8689693574806998
22.536 -0.8380903095006943 9.274598789215087 -5.603569269180298 35.141984732824426 120.6732824427481 15.076335877862595 164.28000000000003 134.4 65.39999999999999 0.8359829527339704 0.867367772248896 0.8688461698781549
22.566 -0.6329670727252961 9.328288745880126 -5.678866910934448 34.835877862595424 123.11984732824428 19.032824427480918 163.2 134.76 61.08 0.8357292574051671 0.8671209883389093 0.8682302289885794
22.567 -0.4419097751379013 9.370785808563232 -5.73106050491333 34.473282442748086 125.03740458015268 23.045038167938934 162.00000000000003 135.23999999999998 56.160000000000004 0.8356023338556 0.8665043672206805 0.8681070413860343
22.596 -0.256837984919548 9.419986629486084 -5.791334533691407 34.08015267175573 126.47786259541985 27.036641221374047 160.68 135.35999999999999 51.239999999999995 0.8349677126688613 0.8663809069551401 0.8673683175825803
22.61 -0.07278372943401337 9.42453556060791 -5.862861299514771 33.480152671755725 127.53435114503819 30.84809160305344 159.0 135.12 46.559999999999995 0.8348406366611923 0.8657642858369113 0.8671215336725933
22.626 0.14646528661251068 9.422380733489991 -5.930497503280639 32.1824427480916 128.19541984732825 34.3175572519084 157.68 135.0 41.879999999999995 0.8343326361662606 0.8657642858369113 0.866628510024055
22.655 0.3931877642869949 9.433154678344726 -5.976166868209839 30.327480916030538 128.52977099236642 37.33740458015267 157.14000000000001 134.34 36.66 0.8343326361662606 0.8651476647186825 0.8667518336685017
22.702 0.6487687915563584 9.429443645477296 -6.000108861923218 28.534351145038165 128.72519083969468 39.87709923664122 155.45999999999998 133.38 31.859999999999996 0.833824635671329 0.8651476647186825 0.8662588100199633
22.703 0.8785523027181625 9.439379596710205 -6.004957103729248 26.337404580152672 128.73435114503818 41.90916030534351 153.83999999999997 132.24 27.0 0.833824635671329 0.8650243410742359 0.8662588100199633
22.746 1.1295244872570038 9.460987281799316 -5.990831327438355 23.765648854961835 128.6526717557252 43.771755725190836 152.21999999999997 130.38 22.26 0.8335706361140929 0.8652713988094666 0.8661356224174181
22.747 1.3654730558395385 9.437883186340333 -5.971139049530029 21.06106870229008 128.35114503816797 45.42900763358778 151.07999999999998 127.91999999999999 17.880000000000003 0.8336977121217618 0.8650246148994796 0.8661356224174181
22.806 1.6133327931165695 9.401012516021728 -5.9328916549682615 18.196183206106873 127.9671755725191 47.030534351145036 149.7 125.7 13.98 0.8336977121217618 0.8652713988094666 0.8662590826829584
22.807 1.8836980223655702 9.38084135055542 -5.888658761978149 15.190076335877862 127.47786259541984 48.74274809160305 148.02 123.3 10.260000000000002 0.833824635671329 0.865641780189144 0.8663822702855036
22.837 2.171959912776947 9.330503273010255 -5.811984443664551 12.161832061068703 126.88091603053434 50.51755725190839 146.94 120.3 7.0200000000000005 0.8340789408374574 0.8658885640991307 0.8668752939340418
22.838 2.4611196279525758 9.299438571929931 -5.693112325668335 8.980916030534349 125.94427480916029 52.20381679389313 145.67999999999998 117.11999999999998 4.199999999999999 0.8344597121739297 0.8661356218343614 0.86736831758258
22.85 2.7478851318359374 9.271486282348633 -5.570469379425049 5.995419847328244 124.6648854961832 53.71068702290076 144.95999999999998 114.35999999999999 0.9599999999999997 0.834714017340058 0.8665051852173598 0.8677382890951121
22.852 3.0428507924079895 9.227073764801025 -5.457223653793335 3.2022900763358777 123.08091603053435 54.983969465648855 143.34 110.58 -1.5000000000000004 0.8352214093683374 0.866998754199582 0.8681074460747007
22.866 3.3686417937278748 9.194512557983398 -5.307167053222656 0.49083969465648886 121.17404580152672 56.03282442748091 142.62000000000003 106.73999999999998 -3.1799999999999997 0.8356026380840328 0.8676146950891577 0.8684774175872325
22.896 3.6828209161758423 9.054870796203613 -5.120898151397705 -1.3541984732824426 119.06717557251909 56.825954198473276 141.6 103.32000000000001 -4.68 0.8361100301123121 0.8677380187336041 0.8689698982112679
22.911 4.002566576004028 8.909363174438477 -4.925770711898804 -3.514503816793893 116.74274809160306 57.51068702290077 141.54000000000002 100.62 -5.58 0.8362371061199809 0.8681075821166024 0.8690930858138131
22.925 4.308246302604675 8.823291683197022 -4.724717593193054 -6.230534351145039 114.12366412213741 58.15038167938932 141.36 97.8 -6.24 0.8366174221405913 0.8683543660265892 0.8695850257072802
22.957 4.580347299575806 8.692029571533203 -4.5154643774032595 -8.433587786259542 111.22137404580151 58.59618320610688 140.76000000000002 94.32000000000001 -7.5600000000000005 0.8366174221405913 0.8686006057651408 0.8697083493517269
22.972 4.84071671962738 8.517492246627807 -4.281131887435913 -10.176335877862595 108.25419847328244 58.86946564885496 140.34 91.02000000000001 -8.22 0.8368708146116346 0.868477282120694 0.8699543187287706
23.001 5.089773535728455 8.363066244125367 -4.053622889518738 -12.11145038167939 105.1702290076336 59.327480916030524 140.1 88.02 -8.1 0.8367437386039658 0.8686004697232391 0.8695847553457723
23.016 5.348467016220093 8.204210948944091 -3.8143224239349367 -14.117557251908398 101.98167938931297 59.929770992366414 139.49999999999997 84.78 -7.859999999999999 0.8367437386039656 0.8684770094576988 0.8695847553457725
23.045 5.584774732589722 8.034821176528931 -3.543837475776672 -15.729770992366415 98.64198473282443 60.645038167938935 139.74 80.94 -7.380000000000001 0.8364894334378372 0.8682307697191474 0.8693382440987806
23.047 5.807555198669434 7.809047985076904 -3.2656910896301268 -16.921374045801528 95.18778625954198 61.57557251908396 139.62 77.82000000000001 -6.539999999999999 0.8362360409667939 0.8677372007369251 0.868969087119192
23.076 5.97580771446228 7.604882478713989 -2.983055591583252 -18.131297709923665 91.52442748091602 62.62137404580153 139.32 75.0 -5.639999999999999 0.835982041409558 0.8672447201128897 0.8687225758722003
23.091 6.162794876098633 7.4107725620269775 -2.727175295352936 -19.57557251908397 87.61984732824426 63.69541984732825 139.44 71.52 -4.68 0.8353474202228192 0.867121396468443 0.8682300952481651
23.106 6.358580684661865 7.2262993335723875 -2.463453984260559 -21.016030534351145 83.24122137404581 64.39236641221376 139.38 67.85999999999999 -3.2999999999999994 0.8352203442151502 0.8663810400894161 0.8679835840011734
23.137 6.509654808044433 6.963116645812988 -2.2112846970558167 -21.629007633587786 78.57862595419849 64.78778625954199 139.02 64.49999999999999 -1.6200000000000003 0.834712952186871 0.8662577164449692 0.8673683204632594
23.15 6.668210840225219 6.728963708877563 -1.9409194707870483 -22.26259541984733 73.97404580152673 65.22595419847327 139.02 61.499999999999986 0.18 0.8345858761792021 0.8656410953267404 0.8672449968188127
23.167 6.817190074920655 6.500257587432861 -1.672589311003685 -23.216793893129772 69.33893129770993 65.67480916030533 139.14 57.89999999999999 2.34 0.8339512549924633 0.8653940375915099 0.8667525161947773
23.196 6.926305818557739 6.262154245376587 -1.4164695739746094 -24.27328244274809 64.64961832061068 65.73740458015267 139.14 55.14 3.78 0.8339512549924633 0.8649004686092873 0.8667525161947773
23.211 6.968503618240357 5.967727279663086 -1.1990162074565887 -24.923664122137403 60.46030534351146 65.63358778625954 139.97999999999996 52.14 5.58 0.8334432544975316 0.8650239288748274 0.8663829528117792
23.226 6.971256971359253 5.661987733840943 -0.9918578952550888 -25.519847328244275 57.06870229007634 65.54580152671755 140.28000000000003 49.08 7.68 0.8335704836559913 0.8647771449648406 0.8663829528117792
23.257 6.947135400772095 5.45435061454773 -0.7549516469240188 -26.15725190839695 54.14732824427482 64.96030534351145 140.88000000000002 46.32 9.36 0.8331892549402957 0.8650242027000713 0.8663829528117792
23.272 6.845980405807495 5.110483384132385 -0.5761646389961242 -26.122137404580155 51.40229007633587 63.48396946564886 141.54000000000002 43.379999999999995 10.62 0.8331892549402957 0.8650242027000713 0.8665062764562259
23.316 6.7310586929321286 4.736808347702026 -0.4286818154156208 -26.38473282442748 48.717557251908396 61.18549618320611 142.56 40.68 13.199999999999998 0.8333164840987551 0.8650242027000713 0.8666296001006726
23.317 6.619069910049438 4.42023503780365 -0.2645592845976353 -26.093893129770994 46.21755725190839 58.624427480916026 142.98 38.22 15.059999999999999 0.8334435601064241 0.8653949956961003 0.8669991634836707
23.346 6.486311435699463 4.108150863647461 -0.09068038836121559 -25.29847328244275 43.265648854961825 55.28702290076336 144.18 35.58 16.14 0.8335706361140931 0.8656415069430923 0.8672456747306624
23.349 6.3462506294250485 3.755006122589111 0.014903905242681504 -24.527480916030534 39.64656488549618 51.21297709923664 145.07999999999998 33.12 17.759999999999998 0.833824635671329 0.8660118883227694 0.8676152381136605
23.377 6.186557340621948 3.408864426612854 0.0899022750556469 -23.638167938931296 35.36946564885496 46.64122137404579 146.34 31.499999999999993 19.619999999999997 0.8342058643870246 0.8665054573049918 0.8678617493606524
23.391 6.008069610595703 3.118088626861572 0.1770512156188488 -21.91679389312977 30.496946564885498 41.912213740458014 147.12 29.160000000000004 20.88 0.8347132564153037 0.866875838684669 0.8683542299846876
23.405 5.861364936828613 2.909074807167053 0.2527079902589321 -19.544274809160303 24.71679389312977 37.05190839694656 148.68 27.479999999999997 22.439999999999998 0.8350944851309994 0.8672454020676673 0.8686007412316792
23.437 5.768410015106201 2.635896384716034 0.26252421699464323 -16.803816793893127 17.795419847328247 31.72977099236641 148.92000000000002 26.279999999999994 23.639999999999993 0.8356018771592785 0.8674921859776541 0.8690932218557146
23.451 5.644809341430664 2.348173177242279 0.21571757309138775 -14.180916030534352 9.777862595419847 26.15572519083969 149.45999999999998 24.419999999999998 24.779999999999994 0.8359831058749739 0.8678617493606524 0.8692164094582596
23.466 5.6337361335754395 2.2697630763053893 0.18441338650882244 -11.616030534351147 1.0916030534351158 20.8824427480916 150.23999999999998 23.88 25.799999999999994 0.8364904979032532 0.8678617493606522 0.8695855664378482
23.496 5.62176513671875 2.2428881525993347 0.12946645803749562 -8.212213740458017 -8.363358778625955 15.275572519083974 150.95999999999998 22.68 24.96 0.8364904979032532 0.8683542299846877 0.8694622427934016
23.526 5.617814731597901 2.1646576046943666 0.04189852960407734 -4.820610687022902 -18.45648854961832 8.748091603053435 151.32 21.839999999999996 24.96 0.8367441932320565 0.8682307697191474 0.8695851600344389
23.528 5.680063962936401 2.177047598361969 -0.07020996324717999 -1.5885496183206116 -28.502290076335875 2.0190839694656466 151.5 22.139999999999997 24.900000000000002 0.8366171172243877 0.8681075821166024 0.8694619724318937
23.557 5.740637254714966 2.2861034750938414 -0.18393454663455486 2.0213740458015255 -38.344274809160304 -4.94885496183206 151.14 22.259999999999998 24.540000000000003 0.8367438890036238 0.8678607982066154 0.8693389202958874
23.572 5.813660430908203 2.410422384738922 -0.33177650682628157 6.1618320610687025 -47.85419847328244 -12.055725190839695 150.77999999999997 22.259999999999998 23.220000000000006 0.8363626602879283 0.8677376106040704 0.8690924090488956
23.6 5.895003461837769 2.5243265271186828 -0.5324106138199568 10.178625954198473 -56.771755725190836 -19.02519083969466 150.83999999999997 22.919999999999995 22.200000000000003 0.8358552682596491 0.8674908266940836 0.8685999284248604
23.616 6.015551471710205 2.660377037525177 -0.7383718144148588 13.46793893129771 -64.98931297709923 -25.606106870229006 150.17999999999998 23.219999999999995 20.220000000000002 0.835601268702413 0.8669978030455452 0.8684767408223154
23.647 6.090071010589599 2.899378228187561 -0.9346963480114937 16.31832061068702 -72.48091603053436 -31.631297709923665 150.24 23.759999999999998 17.640000000000004 0.8350938766741338 0.8668744794010985 0.8678607999327397
23.648 6.18919095993042 3.156635212898254 -1.1386224895715713 19.007633587786255 -79.08854961832063 -36.65190839694657 149.94 25.259999999999998 15.180000000000003 0.8348398771168977 0.8662578582828697 0.8676142886857481
23.676 6.289268589019775 3.389591026306152 -1.3589489102363586 20.95190839694656 -85.28854961832062 -41.49083969465649 149.45999999999998 26.46 12.42 0.8339503353652269 0.866010800547639 0.8671218080617129
23.691 6.385036659240723 3.586992955207825 -1.5781979262828827 22.2030534351145 -90.85725190839696 -45.64274809160305 148.14000000000001 28.380000000000003 10.02 0.8339503353652269 0.8653948596580635 0.8671218080617127
23.706 6.443515014648438 3.8398805379867555 -1.8331205606460572 22.557251908396946 -95.74122137404581 -48.65725190839695 148.07999999999998 30.599999999999994 7.1999999999999975 0.833314951863389 0.8652712621883729 0.8663822697024468
23.737 6.438247776031494 4.11228084564209 -2.149634027481079 22.125954198473284 -100.31755725190838 -51.3351145038168 147.12 32.279999999999994 4.4399999999999995 0.8333149518633889 0.865024478278386 0.8662589460580001
23.75 6.4270548820495605 4.372111582756043 -2.4592641592025757 21.592366412213742 -104.61297709923663 -53.382442748091606 146.88 34.559999999999995 1.1999999999999997 0.8328069513684573 0.8650244782783861 0.866135758455455
23.766 6.353014183044434 4.651455092430115 -2.7854741334915163 20.2381679389313 -108.71832061068702 -54.7091603053435 146.46 36.660000000000004 -1.5000000000000002 0.8330612565345857 0.8649011546339395 0.866135758455455
23.81 6.384557771682739 5.0031633377075195 -3.050691831111908 18.00152671755725 -112.67480916030533 -55.65725190839695 145.56 39.36 -3.6 0.8331883325422547 0.8650246148994796 0.8662590820999017
23.812 6.249764251708984 5.294896817207336 -3.341886615753174 16.64503816793893 -117.18625954198474 -57.10992366412214 144.78000000000003 42.54 -5.7 0.8334423320994906 0.8650246148994798 0.8663822697024468
23.827 6.071994781494141 5.528211784362793 -3.69323570728302 14.97709923664122 -121.60076335877864 -58.12213740458016 144.11999999999998 45.839999999999996 -7.2 0.8334423320994908 0.8651479385439265 0.8666290536124336
23.856 5.966769599914551 5.859988260269165 -4.0732553720474245 11.322137404580152 -125.85954198473283 -59.282442748091604 143.21999999999997 49.13999999999999 -9.54 0.8336963316567267 0.865394996279157 0.8669986169954319
23.872 5.7809795379638675 6.1140130996704105 -4.41329185962677 8.24732824427481 -130.0022900763359 -60.54885496183207 142.67999999999998 52.67999999999999 -11.76 0.8343324809373543 0.866011617397386 0.8672451282424236
23.885 5.54922080039978 6.336613988876342 -4.735850691795349 5.948091603053435 -133.95801526717557 -61.05419847328244 142.49999999999997 56.459999999999994 -12.779999999999998 0.8347132522738265 0.8661350776629261 0.8676146916254217
23.916 5.242523574829102 6.571844291687012 -5.107011818885804 2.983969465648856 -137.5534351145038 -60.96717557251908 142.14000000000001 60.419999999999995 -14.1 0.8350949404468612 0.8667516987811549 0.868108260607644
23.931 4.975390505790711 6.829400491714478 -5.399523401260376 -0.9549618320610683 -140.693893129771 -60.24198473282443 142.08 64.08 -15.239999999999998 0.8354757117833334 0.866875159046695 0.8686007412316792
23.947 4.667496180534362 7.061697912216187 -5.695985412597656 -4.680152671755724 -143.51679389312974 -59.541984732824424 141.60000000000002 67.91999999999999 -15.359999999999996 0.8357300169494618 0.8674910999362707 0.8686007412316792
23.976 4.354873299598694 7.314346027374268 -5.962519931793213 -7.976335877862594 -145.93435114503816 -58.753435114503816 140.58 72.17999999999998 -15.419999999999996 0.8361103329700722 0.8674910999362705 0.8690932218557148
23.991 3.9039852619171143 7.384376382827758 -6.2825648307800295 -11.42290076335878 -148.06335877862597 -57.38931297709924 140.82000000000002 76.14 -15.779999999999996 0.8361103329700722 0.8678606633192688 0.8690932218557146
24.006 3.603872060775757 7.516177177429199 -6.506901550292969 -16.455725190839694 -149.36641221374046 -55.68625954198474 140.76 79.44000000000001 -15.6 0.8363637254411154 0.8679841235848089 0.8693391912327583
24.05 3.3093852519989015 7.69921383857727 -6.67234091758728 -20.90763358778626 -150.61450381679387 -54.59465648854962 140.22 83.22 -14.580000000000002 0.8363637254411153 0.8682303633233606 0.8692158675883116
24.066 2.866338241100311 7.814734077453613 -6.839516019821167 -23.69465648854962 -151.78396946564885 -53.25419847328244 140.45999999999998 87.06000000000002 -12.66 0.8364904972203515 0.8679833055881299 0.8692158675883116
24.067 2.4203583359718324 7.9556327819824215 -7.022433042526245 -27.609923664122135 -152.1702290076336 -50.77022900763358 140.04000000000002 90.24 -9.959999999999999 0.8362364976631156 0.8677370658495782 0.8690926799857666
24.111 2.0672136008739472 8.076958990097046 -7.127059650421143 -32.31603053435114 -151.78931297709923 -47.98473282442748 139.85999999999999 93.9 -7.499999999999998 0.8359828023343121 0.8676136055840381 0.8688464402472149
24.113 1.6630723536014558 8.194394588470459 -7.154892206192017 -35.91526717557252 -151.29007633587784 -45.5763358778626 139.98 96.66 -4.739999999999999 0.8358557263266434 0.8671205819354997 0.86872325264467
24.126 1.2318167746067048 8.319072723388672 -7.222169303894043 -39.19007633587786 -149.98702290076332 -42.466412213740455 139.98 100.14 -0.7799999999999997 0.8354749549901712 0.8669971216699596 0.8681073117550945
24.156 0.818876838684082 8.386529350280762 -7.271310329437256 -43.603053435114504 -147.85114503816794 -38.637404580152676 140.46 102.54 2.46 0.8354749549901712 0.8662575833106937 0.8679839881106478
24.185 0.4779425084590912 8.389641857147216 -7.234499454498291 -47.879389312977096 -145.20763358778626 -35.35725190839695 140.64000000000001 104.75999999999999 6.239999999999999 0.8347129507965263 0.8662575833106935 0.8673680472210723
24.186 0.15376759171485901 8.462665033340453 -7.172369909286499 -50.8175572519084 -142.16641221374047 -33.260305343511455 140.28 106.32000000000001 11.16 0.8345858747888574 0.8655172269316666 0.8673680472210723
24.215 -0.24791958928108215 8.577107858657836 -7.180929136276245 -53.13969465648855 -138.17633587786258 -30.712977099236646 140.94 108.54 16.02 0.8338238705952123 0.865393766666126 0.8666285088618064
24.26 -0.61878142952919 8.70160641670227 -7.158483457565308 -56.03206106870228 -132.9496183206107 -27.56641221374046 141.35999999999999 109.31999999999998 20.88 0.8338238705952122 0.8649007430175878 0.8665050485962661
24.263 -0.8831611573696136 8.671559190750122 -7.048350191116333 -58.412213740458014 -126.89847328244278 -25.05267175572519 141.78 110.33999999999999 26.22 0.8331884870933746 0.8651478007528185 0.8661354852132679
24.276 -1.1340734899044036 8.607334756851197 -6.917866182327271 -59.771755725190836 -120.37938931297708 -23.575572519083966 142.68 111.35999999999999 31.559999999999995 0.8331884870933746 0.8647774193731411 0.8660121615688212
24.291 -1.4380772590637207 8.72267541885376 -6.817190027236938 -60.904580152671755 -113.17480916030533 -22.07022900763359 143.94 111.17999999999999 36.17999999999999 0.8330614110857055 0.8649008796386812 0.8657653776588343
24.321 -1.6524780154228211 8.81150026321411 -6.708014440536499 -61.75572519083969 -105.00229007633588 -19.9412213740458 144.23999999999998 111.84 41.519999999999996 0.8331884870933746 0.8650243399042216 0.8657653776588343
24.366 -1.8713080525398254 8.808806705474854 -6.586508703231812 -62.127480916030535 -96.61984732824428 -18.505343511450384 145.67999999999998 111.72 46.55999999999999 0.8331884870933746 0.8651478001697617 0.8661353491713664
24.368 -2.031180864572525 8.836998462677002 -6.451475715637207 -61.63129770992367 -88.04885496183205 -17.81526717557252 146.39999999999998 111.48000000000002 51.959999999999994 0.8331884870933746 0.8652713976394523 0.8665049125543645
24.381 -2.186923694610596 8.841966342926025 -6.353373336791992 -60.54580152671756 -79.2824427480916 -17.123664122137406 148.14000000000001 111.78000000000002 57.05999999999999 0.8335701752664091 0.865517908886444 0.8667516964643512
24.411 -2.331593334674835 8.915049362182618 -6.226241254806519 -59.525190839694666 -70.29236641221372 -16.12290076335878 149.82 111.9 61.14 0.8338241748236452 0.8660120255269197 0.8668748840668965
24.414 -2.4349629878997803 8.955631065368653 -6.0595449924469 -57.6763358778626 -61.373282442748085 -15.49465648854962 150.84 111.35999999999999 65.03999999999999 0.8343327865462469 0.8665050491754581 0.8673684530491187
24.426 -2.5263616323471068 8.976640129089356 -5.863639450073242 -54.873282442748085 -52.70381679389313 -15.109160305343512 152.7 111.66 68.22 0.834840178574526 0.8667518330854449 0.8679843939386943
24.458 -2.6387693881988525 9.012972164154053 -5.682039260864258 -51.432824427480924 -44.174809160305344 -14.222137404580153 154.56 111.6 71.28 0.8353487902971276 0.867121396468443 0.868230905185686
24.471 -2.690244722366333 9.050740718841553 -5.502534008026123 -47.997709923664125 -36.1442748091603 -12.869465648854964 156.42000000000002 111.17999999999999 74.7 0.8358561823254069 0.8674917778481204 0.8687233858097214
24.501 -2.7345374584198 9.083900356292725 -5.337214374542237 -44.21221374045801 -29.09847328244274 -12.089312977099238 157.2 111.6 77.88000000000001 0.8361101818826429 0.8679842584721558 0.8689701697197082
24.516 -2.747645711898804 9.050381565093994 -5.15124478340149 -39.886259541984735 -22.990839694656493 -11.724427480916031 159.42 111.42 80.82 0.8364904979032532 0.8678607982066154 0.8693393266992968
24.531 -2.7313052892684935 8.983882617950439 -4.9107471942901615 -35.570229007633586 -17.941221374045803 -11.154198473282444 160.68 111.23999999999998 82.2 0.8364904979032532 0.8681073094536073 0.869092815452305
24.546 -2.7444135427474974 8.953655815124511 -4.686470341682434 -32.00763358778626 -14.192366412213739 -10.242748091603053 161.94 111.3 83.7 0.8368708139238636 0.8682307697191474 0.8693385156072209
24.576 -2.7623700380325316 9.010637855529785 -4.473027229309082 -28.8824427480916 -11.554961832061068 -9.242748091603053 163.56 111.24000000000001 85.08000000000001 0.8367437379161947 0.8682307697191474 0.8692151919627742
24.591 -2.7587787389755247 9.002497577667237 -4.2588060140609745 -25.556488549618315 -9.923664122137405 -8.345038167938931 164.7 111.3 86.46000000000001 0.8367437379161947 0.86786038833947 0.8692151919627744
24.607 -2.7358542680740356 8.91085958480835 -4.046021318435669 -22.50687022900763 -9.305343511450381 -7.528244274809161 166.01999999999998 111.42 87.9 0.8363625092004991 0.8676141486009186 0.8689686807157825
24.636 -2.6971280574798584 8.850585556030273 -3.852390265464783 -20.170992366412214 -9.57709923664122 -6.869465648854961 167.15999999999997 111.96000000000001 89.64 0.8359821931798889 0.8674908249564719 0.8684762000917472
24.666 -2.677375912666321 8.836459732055664 -3.6757580280303954 -17.88625954198473 -10.326717557251907 -6.463358778625955 167.7 112.25999999999999 90.53999999999999 0.8356009644641933 0.8668742038382431 0.8682296888447555
24.667 -2.7058669090270997 8.805335140228271 -3.521272158622742 -15.384732824427482 -11.044274809160306 -6.113740458015267 168.42000000000002 112.38 90.78 0.8348389602705485 0.8667508801937964 0.86761374795518
24.71 -2.7381287574768067 8.699571323394775 -3.3759440898895265 -13.395419847328245 -11.516030534351145 -5.703816793893131 169.74 112.02000000000001 91.02 0.8347120367209813 0.8658876065737322 0.8674904243107333
24.713 -2.7670387506484984 8.657253837585449 -3.2507871866226195 -12.308396946564887 -11.80610687022901 -5.369465648854961 169.98000000000002 111.78 91.02 0.8339500325273365 0.8657640091040417 0.8668744834211578
24.726 -2.8128278493881225 8.658271408081054 -3.149213194847107 -10.8793893129771 -11.628244274809163 -5.053435114503816 170.28000000000003 112.08 91.92 0.8339500325273365 0.8652704401218193 0.8668744834211578
24.757 -2.876214337348938 8.650669765472411 -3.0339922428131105 -9.104580152671755 -10.632824427480916 -4.731297709923664 170.94 112.38 92.7 0.8331880283336914 0.8652704401218193 0.8660121621480134
24.77 -2.9368474960327147 8.610267639160156 -2.931520414352417 -7.916030534351146 -8.9 -4.359541984732825 171.54000000000002 111.9 93.66 0.8331880283336914 0.8647768711395969 0.8661354857924598
24.787 -2.989759349822998 8.613799095153809 -2.8505964040756226 -7.808396946564885 -6.65267175572519 -4.13206106870229 172.14 111.78 93.66 0.8328067996179959 0.8649004686092873 0.8657655142799279
24.816 -3.048536992073059 8.644145584106445 -2.7989415168762206 -7.893893129770992 -3.8572519083969468 -4.1618320610687025 172.8 111.72 93.47999999999999 0.8330611047841245 0.8647771449648406 0.8657655142799279
24.831 -3.1170111656188966 8.634030151367188 -2.73405864238739 -7.6465648854961845 -0.5183206106870231 -4.360305343511451 173.39999999999998 111.24000000000001 93.84 0.8329340287764555 0.8646536846993005 0.8657655142799279
24.846 -3.173334741592407 8.624932193756104 -2.6688765048980714 -8.003053435114504 3.0389312977099237 -4.545038167938932 174.06 110.94000000000001 94.85999999999999 0.833188333942584 0.8646536846993005 0.8660120255269197
24.875 -3.213497495651245 8.67293586730957 -2.609380578994751 -8.876335877862596 6.601526717557252 -4.759541984732825 174.18 110.94000000000001 94.97999999999999 0.8336969456651856 0.8647770083437472 0.8662588094369065
24.891 -3.240013289451599 8.7385968208313 -2.5517401933670043 -9.545038167938932 10.151908396946563 -4.96412213740458 174.3 110.7 95.58000000000001 0.8338238692147527 0.8652711249842229 0.8666283728199048
24.921 -3.2477345943450926 8.74009313583374 -2.48661789894104 -9.681679389312977 13.596946564885496 -5.138167938931298 174.95999999999998 110.64000000000001 95.76000000000002 0.8343324809373543 0.8657646939664453 0.867121396468443
24.935 -3.248033881187439 8.745001220703125 -2.4270621299743653 -9.88854961832061 16.62977099236641 -5.274045801526717 175.44000000000003 110.75999999999999 96.00000000000001 0.8347132522738265 0.8661350753461224 0.8674909598514411
24.966 -3.229718255996704 8.778101062774658 -2.380315327644348 -9.925190839694656 19.036641221374044 -5.39236641221374 175.68 110.75999999999999 96.36000000000001 0.8352218639964282 0.8663815865931144 0.8678613412311185
24.968 -3.225169277191162 8.810662174224854 -2.3370999813079836 -9.45496183206107 20.802290076335876 -5.389312977099236 175.73999999999998 111.66 95.94 0.8357292560247075 0.8667519679727915 0.8683532811245855
24.996 -3.2105047941207885 8.788515758514404 -2.2849063873291016 -8.452671755725191 21.97709923664122 -5.16412213740458 176.04 112.67999999999999 96.47999999999999 0.8361104847404028 0.86724499162133 0.8687232526371176
25.011 -3.1952417612075807 8.77343225479126 -2.2221782922744753 -7.561832061068702 22.316793893129773 -4.667175572519083 175.74 112.97999999999999 97.38 0.8364908007610132 0.86724499162133 0.8692157332611531
25.027 -3.1859642267227173 8.777921390533447 -2.1918318033218385 -6.783206106870229 21.789312977099236 -3.993893129770992 175.86 113.7 97.38 0.8366178767686823 0.8677380152698684 0.869215733261153
25.075 -3.174172782897949 8.795518779754639 -2.1626225471496583 -5.878625954198473 20.571755725190837 -3.1664122137404584 175.92000000000002 113.75999999999999 96.96 0.8369981927892927 0.8679850730050991 0.8694617026381966
25.076 -3.1619024991989138 8.783966827392579 -2.120424747467041 -4.873282442748092 18.785496183206103 -2.2328244274809164 176.46 113.93999999999998 97.13999999999999 0.8367441932320567 0.8682313127436505 0.8694617026381966
25.086 -3.1465795993804933 8.756313800811768 -2.0800225853919985 -4.1274809160305335 16.38854961832061 -1.2931297709923666 176.7 114.78 97.25999999999998 0.8368709650112927 0.8678609313639731 0.8695846198792336
25.116 -3.163279151916504 8.756373691558839 -2.062963902950287 -3.7717557251908405 13.471755725190837 -0.4916030534351143 176.28 115.91999999999999 97.08 0.8364897362955972 0.8678609313639731 0.8692150564962355
25.131 -3.1760881185531615 8.764394283294678 -2.048778259754181 -3.3427480916030534 10.48091603053435 0.1045801526717558 175.92000000000002 115.91999999999999 97.32 0.8362360409667939 0.8676141474539861 0.8690920043602292
25.146 -3.1833305835723875 8.741290283203124 -2.0244771242141724 -2.7648854961832057 7.622137404580153 0.5763358778625955 175.61999999999998 116.33999999999999 97.25999999999999 0.835982041409558 0.8673676362069944 0.8689686807157825
25.176 -3.194343900680542 8.722076797485352 -1.987905704975128 -2.4526717557251905 4.851908396946564 0.9129770992366412 175.32 115.8 97.31999999999998 0.8353474202228192 0.8671208522970076 0.8683534171778685
25.19 -3.216729688644409 8.70699338912964 -1.9719842553138733 -2.331297709923664 2.39618320610687 1.1511450381679391 175.14000000000001 114.66 97.38 0.8350934206655832 0.8665042311787788 0.8682302295753235
25.206 -3.2403724431991576 8.69903268814087 -1.9494189143180847 -2.26030534351145 0.35572519083969495 1.2618320610687024 175.2 114.84 96.6 0.8344587994788444 0.8663807709132387 0.8677377489512883
25.236 -3.249949240684509 8.701366996765136 -1.927631664276123 -2.2435114503816793 -1.2267175572519085 1.2557251908396947 175.32 114.72 96.48 0.8343317234711755 0.8657641497950099 0.867861072595735
25.267 -3.2561143159866335 8.709866428375244 -1.9091963052749634 -2.2419847328244273 -2.3587786259541987 1.0625954198473284 175.44 114.96000000000001 96.48 0.8334421817195045 0.8656406895294696 0.8672451317061596
25.268 -3.2683247327804565 8.714235782623291 -1.910333549976349 -2.3244274809160306 -3.048091603053435 0.7396946564885497 175.07999999999998 115.55999999999999 96.72 0.8334421817195047 0.8650240684112408 0.8671218080617127
25.311 -3.2878374814987184 8.752602863311768 -1.9129671692848205 -2.5427480916030536 -3.2160305343511446 0.3786259541984732 174.84 115.43999999999998 96.84 0.8330614103830325 0.8651476658809312 0.8665058671721372
25.313 -3.285682702064514 8.784625339508057 -1.8985421061515808 -2.4541984732824424 -2.8603053435114503 0.06335877862595414 174.66 114.41999999999999 97.02 0.8331886395414919 0.8647776943683991 0.8665058671721372
25.326 -3.282749819755554 8.780974197387696 -1.8905813813209533 -2.3259541984732826 -2.293893129770992 -0.3374045801526717 175.26000000000002 114.66 96.89999999999999 0.833061563533823 0.8647776943683991 0.8663826795695921
25.358 -3.3010056018829346 8.81574993133545 -1.8952500700950623 -2.6381679389312978 -1.6564885496183206 -0.7923664122137405 175.8 114.6 96.47999999999999 0.8331886395414918 0.864654234102859 0.8665060032140388
25.37 -3.3078290939331056 8.859025192260741 -1.904168462753296 -2.853435114503817 -0.7633587786259545 -1.1572519083969464 175.98000000000002 114.78 96.29999999999998 0.8333158686999514 0.8647776943683994 0.8666293268584855
25.386 -3.308846616744995 8.892005252838135 -1.9051859974861145 -2.8083969465648857 0.1618320610687022 -1.4 176.22 115.62 96.17999999999998 0.8334429447076201 0.8650247521036298 0.8667525144610305
25.415 -3.3020231246948244 8.908046436309814 -1.9066225171089173 -2.8770992366412216 0.9755725190839695 -1.5618320610687024 176.33999999999997 115.73999999999998 96.53999999999999 0.8338241734233158 0.8653947236161619 0.8671220778440286
25.431 -3.29986834526062 8.921932792663574 -1.9021932482719421 -3.2 1.6038167938931298 -1.6709923664122137 176.21999999999997 115.38000000000002 96.54 0.8340781729805519 0.8657651049958393 0.8672452654465737
25.447 -3.3053151607513427 8.92875623703003 -1.9044677376747132 -3.464885496183206 2.0954198473282446 -1.6213740458015269 175.97999999999996 115.61999999999998 96.42000000000002 0.8344603227039435 0.866011888905826 0.8676152369591057
25.476 -3.2968157529830933 8.939111232757568 -1.8898032546043395 -3.561832061068702 2.4740458015267177 -1.3984732824427482 176.28 114.96 95.88000000000001 0.8348410940404156 0.8665054578880484 0.868107717583141
25.492 -3.287657928466797 8.930312538146973 -1.881004559993744 -3.59236641221374 2.6022900763358785 -1.1244274809160308 176.58 115.02000000000001 95.94000000000001 0.8349681700480845 0.8668754294005805 0.8683545014931278
25.521 -3.2897528409957886 8.938991451263428 -1.8795081734657288 -3.7526717557251907 2.484732824427481 -0.919083969465649 177.48000000000002 115.68000000000002 96.72 0.8356020323588227 0.8669988896661206 0.8688469821171632
25.536 -3.2984318017959593 8.956888103485108 -1.8755577325820922 -3.8030534351145038 2.3267175572519085 -0.6038167938931298 177.66000000000003 115.74000000000001 96.78 0.8357291083664915 0.867491913314659 0.8688469821171632
25.567 -3.281133699417114 8.947909927368164 -1.8569428205490113 -3.606870229007634 2.1916030534351143 -0.1328244274809159 178.02 116.22 96.53999999999999 0.8361094243871019 0.8677386972246458 0.8692161390967519
25.568 -3.264493989944458 8.929893493652344 -1.8499397873878478 -3.442748091603053 1.7893129770992366 0.2427480916030534 177.84 116.52000000000001 97.44 0.8361094243871019 0.868108260607644 0.8690928154523052
25.596 -3.2573712348937987 8.919837856292725 -1.8394053101539611 -3.3587786259541987 1.2610687022900762 0.4122137404580152 177.24 116.88 97.56 0.8363631197159052 0.8679848003421038 0.8693387848293488
25.611 -3.249350666999817 8.915408515930176 -1.832821249961853 -3.1282442748091603 0.7954198473282441 0.5053435114503817 177.06 116.82000000000001 98.34 0.8358545079933035 0.8681078524781103 0.8690925450907973
25.625 -3.2412702322006224 8.877759742736817 -1.8201918363571168 -2.7145038167938926 0.4007633587786259 0.5923664122137404 177.35999999999999 117.24000000000001 98.75999999999999 0.8359812797725397 0.8678610685681234 0.8692155972268036
25.656 -3.236900806427002 8.850585556030273 -1.8052879333496095 -2.6099236641221366 -0.11908396946564877 0.5160305343511451 177.66 116.7 99.17999999999999 0.8359812797725397 0.8678610685681234 0.8689690859798119
25.671 -3.2262465953826904 8.834364795684815 -1.802833867073059 -2.7404580152671754 -0.6877862595419847 0.24503816793893135 177.59999999999997 116.88000000000002 99.84 0.8356005084360675 0.8674910970555914 0.8684766053557766
25.685 -3.2261268854141236 8.835621738433838 -1.7928380727767945 -2.792366412213741 -1.115267175572519 -0.1343511450381679 178.01999999999998 117.30000000000003 99.53999999999999 0.8354734324283986 0.8671211255430595 0.8682298214457898
25.716 -3.228221821784973 8.81742582321167 -1.7754801154136657 -2.687022900763359 -1.3244274809160304 -0.4618320610687022 177.83999999999997 116.88000000000002 99.36 0.834712340959201 0.8671211255430595 0.8677373408217545
25.731 -3.219243574142456 8.807011032104493 -1.7566856384277343 -2.7190839694656486 -1.413740458015267 -0.8145038167938932 177.42 116.22 99.66 0.8344580357930725 0.8665045044248307 0.8676140171773078
25.746 -3.2358832597732543 8.823590850830078 -1.75207679271698 -2.9129770992366417 -1.4625954198473283 -1.3221374045801526 177.17999999999998 115.38 100.49999999999999 0.8336960315994277 0.8662577205148437 0.8668744788180419
25.777 -3.2409709453582765 8.842205810546876 -1.743517518043518 -2.874045801526718 -1.198473282442748 -1.7954198473282443 177.9 115.13999999999999 100.02 0.8336960315994277 0.8657646968663053 0.8668744788180419
25.791 -3.238816165924072 8.848610305786133 -1.7347188234329223 -2.613740458015267 -0.7526717557251907 -2.1847328244274813 178.68 114.84 99.96 0.8330606480975898 0.8657646968663053 0.8662585379284662
25.822 -3.2342671871185305 8.847652626037597 -1.7369933128356934 -2.4404580152671755 -0.2580152671755723 -2.557251908396947 179.34 114.9 99.29999999999998 0.8334423362706245 0.8650243404872782 0.8662585379284662
25.835 -3.233429217338562 8.877639961242675 -1.7402254819869996 -2.5458015267175576 0.25801526717557255 -2.951908396946565 178.68 114.72 98.99999999999999 0.8329343357756928 0.8650243404872782 0.8656419168102374
25.88 -3.2216976404190065 8.889192008972168 -1.7398064970970153 -2.385496183206107 0.9496183206106871 -3.2022900763358786 178.56 114.84 98.88 0.8329343357756928 0.8649010168428315 0.8655184565446973
25.883 -3.219901990890503 8.877639961242675 -1.7309479594230652 -2.0404580152671756 1.6442748091603054 -3.323664122137404 178.98 114.78000000000002 98.82 0.8330614117833617 0.8649010168428315 0.865641780189144
25.896 -3.205836057662964 8.860102462768555 -1.7252617359161377 -1.8702290076335875 2.1862595419847333 -3.3633587786259547 178.8 114.59999999999998 98.88000000000001 0.8331884877910307 0.8649010168428315 0.866011751701676
25.913 -3.184467816352844 8.864651489257813 -1.7252018809318543 -1.9755725190839697 2.504580152671756 -3.3923664122137405 178.55999999999997 114.23999999999998 98.64000000000001 0.8334427929571591 0.8650243404872782 0.8661350753461224
25.926 -3.1724968194961547 8.885959911346436 -1.72825448513031 -2.051908396946565 2.6633587786259545 -3.3419847328244274 178.79999999999998 114.84 98.28 0.8338240216728545 0.8652713982225089 0.8663815865931144
25.956 -3.150949001312256 8.889611053466798 -1.7256208658218384 -1.865648854961832 2.720610687022901 -3.188549618320611 179.09999999999997 115.5 97.97999999999999 0.8342057098458892 0.8656413697350409 0.8668751555753367
25.97 -3.141072916984558 8.8789568901062 -1.719156527519226 -1.7648854961832061 2.537404580152672 -3.049618320610687 178.92 115.92 98.63999999999999 0.8345864811823613 0.866011341247573 0.8672447189583348
25.986 -3.142808723449707 8.8789568901062 -1.7215507268905639 -1.9145038167938928 2.1938931297709923 -2.9122137404580153 179.03999999999996 115.32000000000001 98.87999999999998 0.835095092904963 0.8663813127601048 0.8674915028683217
26.016 -3.1457416296005247 8.882129287719726 -1.7119739294052123 -1.9412213740458015 1.8297709923664123 -2.674809160305343 178.55999999999997 115.67999999999999 99.11999999999999 0.8354754089255734 0.8668754294005803 0.8678606598479103
26.031 -3.1499315023422243 8.864531898498536 -1.705210316181183 -1.5694656488549619 1.4816793893129776 -2.3740458015267176 178.67999999999998 115.32000000000001 99.6 0.8357297140917016 0.8674913702901559 0.8683542288301327
26.047 -3.1569943904876707 8.868362617492675 -1.6983269929885865 -1.332824427480916 1.0358778625954201 -2.161832061068702 178.85999999999999 115.73999999999998 99.78 0.836110485428174 0.8674913702901559 0.8689701697197082
26.076 -3.165433955192566 8.890748405456543 -1.6983269929885865 -1.3091603053435115 0.6213740458015267 -1.9793893129770992 178.62 115.97999999999998 100.26 0.8361104854281738 0.8678613418026879 0.8689701697197082
26.091 -3.1815349578857424 8.92097520828247 -1.689827573299408 -1.231297709923664 0.3419847328244274 -1.7832061068702287 178.56000000000003 116.4 100.56 0.8364908014487844 0.867984802068228 0.8692161390967519
26.121 -3.1932665348052978 8.933544731140136 -1.6862961292266845 -0.9587786259541984 0.22442748091603057 -1.5534351145038165 178.86 116.33999999999999 100.97999999999999 0.8363637254411153 0.8682310418067797 0.8692161390967519
26.136 -3.2087091207504272 8.929235172271728 -1.6792930960655212 -0.6908396946564885 0.23053435114503817 -1.3389312977099235 179.22 116.57999999999997 101.1 0.8366171179121586 0.867983984071549 0.8694621084737955
26.151 -3.2281021595001222 8.93109064102173 -1.6775573015213012 -0.6450381679389313 0.3648854961832061 -1.1129770992366412 178.73999999999998 115.73999999999998 101.34 0.8363628127460301 0.8681070362075554 0.8692155972268036
26.166 -3.235105204582214 8.94042797088623 -1.6763602018356323 -0.6519083969465649 0.6938931297709924 -0.8961832061068703 178.67999999999998 115.55999999999999 100.8 0.8362360409667939 0.8678605249605635 0.8690925450907973
26.196 -3.2386366367340087 8.934083366394043 -1.673487162590027 -0.5847328244274809 1.137404580152672 -0.8328244274809162 178.49999999999997 115.98000000000002 100.86 0.835982041409558 0.8674905534480317 0.8689692214463506