25.122 0.7341819524765014 9.446143245697021 -2.2104467153549194 -0.39312977099236646 1.3114503816793894 -1.7175572519083968 141.78 198.78 -2.34 3.008343631610994 1.112993868705902 2.6842293865371087
25.151 0.7399280369281769 9.454941940307616 -2.2058977365493773 -0.4732824427480916 1.1862595419847328 -1.6488549618320612 142.07999999999998 198.35999999999999 -2.4 3.008097677420114 1.1138176783808693 2.6830460686795967
25.167 0.7417835414409637 9.462064647674561 -2.1954829454422 -0.5709923664122137 1.116793893129771 -1.5992366412213739 142.8 198.72 -2.28 3.007769796360157 1.1144340001031616 2.681704974643547
25.181 0.7439383208751679 9.456737613677978 -2.1888390302658083 -0.5755725190839696 1.0396946564885496 -1.5450381679389311 142.62 198.66 -2.46 3.0074419153002006 1.1153587719954465 2.6805213257779767
25.211 0.7481281757354736 9.44620304107666 -2.182554244995117 -0.5694656488549619 0.9442748091603054 -1.5068702290076337 142.68 198.47999999999996 -2.04 3.007278013290514 1.115564467048618 2.6802845796539607
25.226 0.7454945504665375 9.455540466308594 -2.173157000541687 -0.6442748091603054 0.8267175572519084 -1.485496183206107 142.73999999999998 198.06 -2.58 3.006868186034306 1.1160791859657917 2.679732249433849
25.241 0.7498041152954101 9.45625867843628 -2.1678897619247435 -0.6534351145038167 0.7748091603053435 -1.4137404580152673 142.73999999999998 198.54 -2.5799999999999996 3.0067042647799402 1.1162846260532666 2.679179957867258
25.271 0.7462726652622222 9.452009010314942 -2.1705233812332154 -0.5954198473282443 0.6641221374045803 -1.3328244274809162 142.92 198.0 -2.6399999999999997 3.006212500934358 1.117714820189258 2.6786277433927266
25.286 0.743698900938034 9.456677722930909 -2.1716007709503176 -0.5961832061068701 0.5900763358778627 -1.2427480916030533 143.39999999999998 197.76000000000002 -2.7600000000000002 3.006130554738107 1.117202325894797 2.6785488666033284
25.301 0.7511807799339294 9.462723064422608 -2.171002221107483 -0.699236641221374 0.5725190839694656 -1.163358778625954 143.34 198.3 -2.7 3.006212510551543 1.1168946406341123 2.6783911184952696
25.331 0.7536946892738342 9.475532054901123 -2.1705832481384277 -0.7801526717557252 0.5664122137404579 -1.116793893129771 142.85999999999999 198.3 -2.94 3.006048608541856 1.1164835054934656 2.678075665942584
25.346 0.752198314666748 9.47978172302246 -2.1733365774154665 -0.7427480916030534 0.5114503816793894 -1.0908396946564884 142.44 198.84 -3.0 3.0058027410912387 1.116277938106386 2.6779179831144653
25.361 0.7506420850753784 9.486665058135987 -2.1707029581069945 -0.6167938931297708 0.4229007633587786 -1.120610687022901 141.84 199.07999999999998 -2.7600000000000002 3.005802741091239 1.1160727515247406 2.678154531739254
25.391 0.7494449853897095 9.500671100616454 -2.162323260307312 -0.3671755725190839 0.2541984732824427 -1.2167938931297713 141.9 199.14000000000001 -2.46 3.005884696904675 1.115353931123409 2.6779179505052304
25.406 0.7200561583042144 9.496241855621339 -2.1771673202514648 0.12290076335877868 0.037404580152671715 -1.380152671755725 141.83999999999997 199.56 -2.6400000000000006 3.0058027603153006 1.11504529247197 2.6775234841387587
25.421 0.7209539890289307 9.478943729400635 -2.178244709968567 0.4938931297709924 -0.033587786259542014 -1.3801526717557253 141.59999999999997 199.92000000000002 -2.64 3.005720823725926 1.1148395974187983 2.6771291274942275
25.451 0.7120954394340515 9.45799446105957 -2.19500412940979 0.5786259541984732 -0.09236641221374046 -1.3664122137404582 141.59999999999997 199.56 -2.4000000000000004 3.005638877529675 1.114016301374014 2.6768925135279975
25.466 0.7222109436988831 9.46008939743042 -2.191113567352295 0.2549618320610686 -0.027480916030534364 -1.3618320610687022 141.11999999999995 200.16000000000003 -1.6799999999999997 3.0056388775296754 1.1119694036108256 2.677286924931086
25.481 0.7281365931034088 9.465117263793946 -2.184828782081604 -0.0763358778625955 -0.03053435114503817 -1.3893129770992367 140.7 200.34 -1.02 3.005638877529676 1.1111461075660416 2.6777602680869554
25.511 0.728555577993393 9.467810726165771 -2.1807586431503294 -0.21832061068702302 -0.05343511450381674 -1.4755725190839695 140.82 200.34 -0.9 3.0053930389306145 1.1106320288271274 2.677918016195015
25.526 0.7297526776790619 9.461226654052734 -2.1784841537475588 -0.21984732824427491 -0.07099236641221367 -1.551145038167939 140.94 199.62 -0.78 3.005393038930615 1.1102198679229898 2.678627907606881
25.556 0.7208941340446472 9.472778701782227 -2.1789031505584715 -0.14122137404580168 -0.10305343511450375 -1.5763358778625955 141.06 199.73999999999998 -0.9 3.005147257941899 1.1106307484629043 2.6791798925258643
25.571 0.7239467382431031 9.480559825897217 -2.1929092407226562 -0.12748091603053435 -0.07175572519083964 -1.5687022900763359 141.47999999999996 199.32 -1.6800000000000002 3.005065311745648 1.1102196133222582 2.679574249170396
25.586 0.7216123938560486 9.492471027374268 -2.207214593887329 -0.35419847328244275 2.6367796834847467E-17 -1.5419847328244276 141.78 198.89999999999998 -1.7399999999999998 3.004573720916672 1.1110408695681582 2.6799685785124794
25.602 0.7548918008804322 9.546819400787353 -2.188060975074768 -0.8335877862595421 0.10534351145038168 -1.47175572519084 142.14 198.89999999999998 -1.6199999999999997 3.0044917939238682 1.111657573195355 2.6802052418075086
25.631 0.7558494806289673 9.636542129516602 -2.2010495185852053 -0.9290076335877864 0.06488549618320608 -1.5946564885496184 142.01999999999998 198.42 -1.14 3.0040822547194934 1.1126835133426822 2.6805207161816633
25.646 0.771950489282608 9.74410171508789 -2.1981166124343874 -0.43129770992366423 0.02213740458015264 -1.7374045801526716 142.32 198.48 -1.0799999999999998 3.003672667635292 1.1136094342757494 2.6805995820398336
25.662 0.7872733771800995 9.817124843597412 -2.212960648536682 0.7641221374045802 -0.16564885496183207 -1.934351145038168 142.98 198.29999999999998 -1.9799999999999998 3.003426915405377 1.1141235130146634 2.680205170636745
25.691 0.7896675765514374 9.901340866088868 -2.2305580377578735 2.093129770992366 -0.5412213740458015 -2.1900763358778628 143.1 198.29999999999998 -1.9799999999999998 3.002689830712196 1.1152544943201324 2.6796529561622138
25.706 0.7773972928524018 10.0099778175354 -2.261383390426636 3.5534351145038165 -1.0053435114503817 -2.5106870229007634 142.98 197.45999999999998 -2.0999999999999996 3.0021165427136265 1.1161786941642997 2.6800474225286854
25.721 0.777696567773819 10.134356594085693 -2.2810158491134644 5.334351145038168 -1.2748091603053435 -3.0175572519083973 142.92000000000002 198.11999999999998 -2.28 3.0014613181256826 1.117514484503545 2.6794952464926722
25.766 0.7699752628803254 10.199658489227295 -2.3430256605148316 7.438931297709924 -1.4679389312977098 -3.7709923664122136 142.56 197.88 -2.4 3.000806322743004 1.1177195448759467 2.6794952464926722
25.768 0.7552509248256684 10.282617568969727 -2.4036588191986086 9.112213740458014 -1.7 -4.574045801526718 142.26 197.58 -2.46 2.9997418926678145 1.1185408011218467 2.6787066692034682
25.782 0.7417236864566803 10.380420684814453 -2.453817343711853 10.61679389312977 -1.9564885496183204 -5.619083969465649 142.38 198.54000000000002 -2.46 2.9987597418782466 1.117822424364962 2.677839323719694
25.811 0.717183119058609 10.470622253417968 -2.5229499101638795 12.425190839694656 -2.258015267175572 -6.842748091603053 142.01999999999998 198.18 -3.0599999999999996 2.996878046018723 1.1173086643360322 2.6764200783475127
25.826 0.6947973310947418 10.510784912109376 -2.5786749601364134 14.364122137404578 -2.614503816793893 -8.036641221374047 142.2 198.48 -3.6 2.9943441793681673 1.1162827241887048 2.674056112797849
25.842 0.6460753262043 10.512460803985595 -2.6642078161239624 16.402290076335877 -3.0320610687022898 -9.34885496183206 142.26 198.78 -3.9 2.9905055615824465 1.1155630126688219 2.671377669807655
25.871 0.6063315808773041 10.492888164520263 -2.753750967979431 17.96564885496183 -3.319083969465649 -10.496946564885496 142.56 198.96 -3.9599999999999995 2.9853642245624177 1.1148428536641735 2.6677553254980273
25.886 0.5523423343896866 10.474572467803956 -2.8532899141311647 19.187786259541983 -3.4213740458015267 -11.623664122137404 142.50000000000003 199.02 -4.499999999999999 2.979575863236012 1.1135054035263316 2.6623258291316425
25.901 0.4909909158945084 10.399693775177003 -2.9464842081069946 19.71603053435114 -3.368702290076336 -12.451908396946562 142.74 199.98000000000002 -5.459999999999999 2.9714352899597802 1.112271986376294 2.6549315841909276
25.931 0.4477157235145569 10.3465425491333 -3.0405763387680054 19.240458015267173 -3.323664122137405 -12.877862595419847 143.57999999999998 199.98000000000005 -5.34 2.9620003799409753 1.111245413342919 2.647305935811054
25.946 0.43083660304546356 10.358214282989502 -3.0544028520584106 18.099236641221374 -3.2854961832061074 -13.090839694656486 144.36 200.04000000000002 -5.88 2.9511960982944734 1.1105265929415875 2.639836117724891
25.961 0.40348284542560575 10.337743854522705 -3.082833981513977 18.00763358778626 -3.4916030534351146 -13.412213740458014 144.78 200.82000000000002 -5.94 2.9392658790213844 1.1104241570970195 2.6319782827311924
25.991 0.3314772263169289 10.244848823547363 -3.177345085144043 18.500763358778624 -3.7961832061068703 -13.658015267175571 144.83999999999997 201.12 -6.6 2.927098001119178 1.1103212776080043 2.6326090142487364
26.006 0.29837738424539567 10.168354034423828 -3.217807102203369 18.153435114503814 -3.7763358778625955 -13.569465648854962 145.19999999999996 202.07999999999998 -7.2 2.915022194995173 1.1107324127486504 2.6406759787315908
26.021 0.24797943867743016 10.103650760650634 -3.2846651792526247 17.527480916030534 -3.6290076335877863 -13.425190839694656 145.61999999999995 203.1 -7.380000000000001 2.902479788894021 1.1114512331499822 2.650400811559567
26.051 0.24361002184450625 10.030627632141114 -3.3272819757461547 16.31297709923664 -3.388549618320611 -13.115267175572518 146.21999999999997 203.09999999999997 -7.860000000000002 2.8876349594898776 1.111760064129951 2.6417736599441146
26.066 0.18764555640518665 10.00973825454712 -3.3737294912338256 14.912213740458018 -3.437404580152671 -12.84732824427481 146.76 203.4 -7.92 2.872094003652987 1.1111402652921163 2.6308878506776767
26.082 0.1495777491480112 9.961495113372802 -3.398030638694763 13.564122137404581 -3.465648854961832 -12.351908396946564 147.42 204.06 -8.22 2.8553780895185366 1.111346734124489 2.6183788753319854
26.126 0.14239514395594596 9.965864562988282 -3.395995569229126 12.750381679389315 -3.544274809160305 -11.918320610687022 147.89999999999998 204.42000000000002 -7.859999999999999 2.841091735067307 1.1114498711646246 2.5958595558465505
26.127 0.05877765044569969 9.893260383605957 -3.4726099967956543 12.709160305343513 -3.76030534351145 -11.683969465648854 148.14 205.38000000000002 -7.859999999999999 2.830251679748656 1.1108308528567425 2.5669163781840254
26.141 0.020171149261295797 9.775884628295898 -3.522648811340332 12.357251908396945 -3.8282442748091605 -11.345801526717558 148.67999999999998 205.68 -7.559999999999998 2.8193523701224636 1.1100054933590529 2.534172962617423
26.171 -0.006703763268887997 9.605597114562988 -3.556107783317566 11.422137404580152 -3.8541984732824432 -11.012977099236643 149.45999999999998 206.34 -7.499999999999998 2.8097426518266544 1.108564711051572 2.509034743525836
26.186 0.005746085755527019 9.473616695404052 -3.500682020187378 9.706870229007631 -3.844274809160306 -10.438931297709924 150.71999999999997 206.51999999999998 -6.840000000000001 2.799740247508537 1.1074287643367455 2.4839429854773365
26.201 0.006344635598361492 9.325236129760743 -3.5043930292129515 8.173282442748091 -3.9541984732824433 -10.014503816793894 151.61999999999998 206.94 -6.3 2.7891090998855748 1.105778021286948 2.4509537799820915
26.231 -0.03333925660699606 9.182062911987305 -3.496911144256592 6.4328244274809165 -4.183206106870228 -9.498473282442749 152.34 207.3 -6.779999999999999 2.7782568358770083 1.1041303781837797 2.4048504376488866
26.246 -0.0857124200090766 9.058641815185547 -3.481169271469116 4.766412213740457 -4.408396946564886 -8.841984732824427 152.76000000000002 208.2 -6.12 2.7717235539812064 1.102891551979938 2.3646991828658015
26.261 -0.09774328377097845 8.894818592071534 -3.4511818885803223 3.048091603053435 -4.308396946564885 -8.17557251908397 153.35999999999999 209.27999999999997 -6.239999999999999 2.7665515656612305 1.1027880229716693 2.326818323581963
26.291 -0.09439140167087316 8.742307949066163 -3.412216234207153 1.193129770992366 -4.304580152671756 -7.469465648854962 154.08 209.51999999999998 -6.239999999999999 2.762659123384373 1.1020642371609803 2.290735641829647
26.306 -0.1063624108210206 8.566693210601807 -3.419518542289734 -0.7862595419847332 -4.354961832061069 -6.791603053435115 154.73999999999998 209.7 -5.9399999999999995 2.758131892107188 1.1014444383231454 2.2642868700601424
26.321 -0.08768763784319163 8.454405117034913 -3.319500780105591 -3.365648854961832 -4.516030534351144 -6.068702290076336 155.34 209.82 -6.18 2.7510565492941232 1.1013410407316049 2.2443461320970775
26.351 -0.15155296809971333 8.332420539855956 -3.294241952896118 -5.341984732824427 -4.926717557251908 -5.187022900763359 155.57999999999998 210.66 -6.18 2.744309605084182 1.1012375775274583 2.2277363647749024
26.367 -0.19728222005069257 8.313685894012451 -3.2607231378555297 -7.364885496183206 -5.037404580152671 -3.7824427480916034 155.99999999999997 210.36000000000004 -6.24 2.737483550982655 1.1011341799359178 2.206407809910595
26.381 -0.21033061891794205 8.279448890686036 -3.228760528564453 -8.93740458015267 -4.992366412213741 -2.3083969465648857 155.88 210.84 -6.36 2.731612360957807 1.1016514969142341 2.174678591364214
26.411 -0.2290652461349964 8.208879756927491 -3.187400698661804 -10.105343511450382 -5.054961832061069 -0.7526717557251906 156.11999999999998 211.2 -6.24 2.727330060957464 1.1025820809593836 2.1462934966903466
26.426 -0.21188684925436974 8.145732641220093 -3.151607394218445 -11.470992366412215 -5.052671755725191 0.7297709923664122 156.36 210.71999999999997 -5.040000000000001 2.725190186735969 1.1034079600629523 2.127744787340055
26.441 -0.23690625801682472 8.129751348495484 -3.125510597229004 -13.224427480916031 -5.218320610687023 2.0862595419847327 156.24 210.47999999999996 -5.4 2.7225733536331456 1.1042348829137771 2.124636175717663
26.472 -0.3088520191609859 8.16805853843689 -3.0799609184265138 -14.645801526717557 -5.53587786259542 3.3977099236641224 155.88000000000002 210.24 -4.800000000000001 2.7209874620790773 1.1057809946528119 2.1221486327172063
26.486 -0.3089118741452694 8.17182936668396 -3.04009747505188 -15.341984732824425 -5.5 4.377099236641222 156.06 210.06 -4.0200000000000005 2.7207496438054024 1.1069169413676387 2.1216820917673838
26.501 -0.30861259773373606 8.195172834396363 -2.971922588348389 -16.12290076335878 -5.490839694656488 5.154961832061069 155.64 209.99999999999994 -3.4799999999999995 2.7209081462569986 1.1080514591226471 2.1243261322952316
26.531 -0.32309751883149146 8.246528482437133 -2.8962658166885378 -16.17862595419847 -5.426717557251909 5.740458015267176 155.51999999999998 209.51999999999998 -2.999999999999999 2.7213042954028728 1.1090825136735085 2.1271266421403583
26.546 -0.32597055807709696 8.25526728630066 -2.9107507467269897 -15.481679389312978 -5.217557251908397 5.929770992366413 155.82 209.1 -2.2199999999999998 2.722729292161621 1.1104224715159914 2.1288386512272046
26.561 -0.33470939472317696 8.265861558914185 -2.879147267341614 -15.491603053435117 -4.978625954198473 5.79618320610687 155.76000000000002 209.28000000000003 -1.2000000000000002 2.724629578473621 1.111144887415414 2.127126777223931
26.592 -0.2964620225131512 8.30207381248474 -2.837907147407532 -15.678625954198475 -4.733587786259543 5.491603053435114 155.82 208.97999999999996 -0.4199999999999998 2.726292264699567 1.1122772771808536 2.1270489159109904
26.606 -0.28676550537347795 8.387187719345093 -2.783439064025879 -15.554198473282444 -4.679389312977099 4.916030534351146 155.7 208.26 0.6599999999999999 2.7278761967475846 1.1125863010448556 2.12455910114479
26.621 -0.30113071501255034 8.449257373809814 -2.724003005027771 -14.371755725190837 -4.650381679389313 4.12442748091603 155.45999999999998 207.9 0.78 2.7287474578950217 1.1135105008890231 2.124325477356085
26.651 -0.2504334930330515 8.401433181762695 -2.681685471534729 -12.490076335877863 -4.266412213740457 3.3916030534351145 155.7 207.78000000000003 1.26 2.730253292350295 1.1135105008890231 2.1214459969594714
26.666 -0.1948281589895487 8.399038982391357 -2.635058379173279 -11.135114503816794 -3.776335877862595 2.587022900763359 155.94 207.42 1.7399999999999998 2.731283839083132 1.113510500889023 2.1188776114120946
26.681 -0.2334346581250429 8.4444091796875 -2.640565037727356 -10.13053435114504 -3.4473282442748094 1.7870229007633587 155.33999999999997 207.78000000000003 2.2199999999999998 2.7341413921983486 1.1137161959421946 2.1159203644185722
26.711 -0.20272902138531207 8.498577976226807 -2.5948956489562987 -8.936641221374046 -3.0030534351145044 1.168702290076336 155.03999999999996 207.84 2.7600000000000002 2.7345377560216626 1.1133045493980693 2.111407839846899
26.726 -0.1601122312247753 8.530600452423096 -2.5832239151000977 -7.567938931297711 -2.8015267175572527 0.6122137404580151 155.28 207.6 3.12 2.7377125669160214 1.1127898304808959 2.1072834588335296
26.741 -0.15699977204203605 8.594166564941407 -2.5102606058120727 -6.662595419847326 -2.648854961832061 0.1816793893129771 155.04 207.24 4.08 2.7404096525454573 1.1118633325413767 2.104714865171006
26.771 -0.11845312491059304 8.630259227752685 -2.500025415420532 -5.373282442748091 -2.313740458015267 -0.2267175572519084 154.92000000000002 207.36000000000004 3.84 2.7412024731616547 1.1117603246486907 2.104870552080935
26.786 -0.15646107718348504 8.679340362548828 -2.506070780754089 -4.287786259541985 -2.2022900763358777 -0.6763358778625954 154.92 207.24 4.5600000000000005 2.7423917512815477 1.1116576997604075 2.107360561432712
26.801 -0.17040730211883784 8.69466323852539 -2.5156475782394407 -3.484732824427481 -2.113740458015267 -0.983969465648855 154.68 207.11999999999998 4.32 2.7433432849143506 1.1118633948135792 2.1069712383084456
26.833 -0.1720832446590066 8.748891925811767 -2.5339033603668213 -3.4893129770992366 -1.8404580152671755 -1.2992366412213738 154.5 207.77999999999997 4.62 2.744691239218368 1.1108361870767256 2.1079055554405697
26.846 -0.15855600442737341 8.890628719329834 -2.5087642431259156 -3.7 -1.4175572519083968 -1.7122137404580156 154.68 207.24 5.159999999999999 2.7447705554060473 1.11104226734246 2.1115625768298
26.861 -0.12916717790067195 8.891287136077882 -2.515527868270874 -3.105343511450382 -1.230534351145038 -2.112213740458015 154.44000000000003 207.24 5.76 2.745008522715273 1.1103225558225769 2.115452807507486
26.892 -0.09528922699391842 8.835681819915772 -2.493142080307007 -3.0076335877862594 -1.2954198473282443 -2.50381679389313 154.62000000000003 206.82 6.18 2.743102577750603 1.1100139171711376 2.119420769314655
26.907 -0.11821370869874955 8.8421462059021 -2.499307155609131 -3.7900763358778624 -1.2557251908396945 -3.0053435114503815 154.92000000000002 206.4 5.88 2.7438957712601146 1.1101169250638236 2.1238555731719435
26.921 -0.1288080509752035 8.881889915466308 -2.4815900564193725 -4.696946564885496 -0.8190839694656488 -3.2480916030534344 154.26 206.94 5.7 2.7420690201501783 1.1105288284168406 2.1294565546147397
26.951 -0.0746392372995615 8.89960699081421 -2.4650700807571413 -4.7343511450381675 -0.4343511450381678 -3.513740458015268 154.26 206.82 5.220000000000001 2.7406402509862855 1.1159133341254956 2.1352120588143952
26.966 -0.09373299665749073 8.832688999176025 -2.4627955675125124 -4.448854961832061 -0.36183206106870214 -4.0038167938931295 154.01999999999995 206.82000000000002 5.220000000000001 2.741116241995534 1.1170429150515568 2.1404986002985624
26.981 -0.11893197037279606 8.77816104888916 -2.4689606428146362 -4.546564885496183 -0.15419847328244277 -4.208396946564886 153.78 206.7 4.500000000000001 2.7416717188214386 1.1171455399398398 2.1438400932432393
27.011 -0.13144167382270097 8.770439720153808 -2.4431631088256838 -4.797709923664121 0.34961832061068704 -4.280916030534351 154.32 207.0 4.92 2.7426241547055716 1.1176586652879998 2.149982855779757
27.026 -0.11504139173775911 8.72656602859497 -2.4171860218048096 -4.279389312977099 0.7702290076335878 -4.5564885496183205 154.68 207.0 5.52 2.743656166407719 1.1181730636550482 2.156278765303461
27.041 -0.18680759090930224 8.620742225646973 -2.442684268951416 -3.514503816793892 0.8618320610687024 -5.1122137404580155 154.2 207.83999999999997 6.119999999999999 2.7449260816772365 1.1185844541294105 2.1599298518919676
27.071 -0.2103306230157614 8.582734298706054 -2.4458565950393676 -3.21145038167939 1.1900763358778625 -5.725954198473282 154.2 208.2 6.239999999999999 2.746037345825207 1.1193041656492935 2.1632700979507287
27.086 -0.19758149832487107 8.58955774307251 -2.415510082244873 -2.1900763358778628 1.599236641221374 -6.43969465648855 154.38 208.01999999999998 6.299999999999999 2.746831042209364 1.1198182443882077 2.1665326128800073
27.101 -0.22966380082070828 8.497141551971435 -2.414193272590637 0.1015267175572518 1.8679389312977102 -7.221374045801527 155.22 208.61999999999998 6.3 2.7473072598775716 1.1200240674754902 2.1700277076958576
27.132 -0.2560598742216825 8.314823102951049 -2.445617175102234 2.2717557251908396 2.285496183206107 -7.910687022900764 156.36 208.68 7.08 2.7469899074890267 1.1201268830396465 2.1722798230862983
27.146 -0.22056583501398563 8.214805316925048 -2.418622541427612 3.3419847328244274 2.874045801526717 -8.551908396946565 157.02 208.74 7.0200000000000005 2.7473072347946994 1.1148455792257268 2.1733670922980957
27.161 -0.19045874811708927 8.158242321014404 -2.393124294281006 4.551908396946565 3.2923664122137404 -9.40916030534351 157.86 208.74 7.26 2.7473865886066817 1.1138190061923516 2.1768596749456983
27.191 -0.17962498404085636 8.118618297576905 -2.3707385063171387 6.361068702290076 3.7297709923664124 -10.355725190839696 158.33999999999997 209.21999999999997 7.26 2.7464345307916327 1.1130992946724687 2.1722735683761623
27.206 -0.19794062711298466 8.066963386535644 -2.4347235441207884 8.419847328244275 4.209160305343511 -11.087022900763358 159.0 209.76 7.2 2.744768361056013 1.1122775306728698 2.1667536835218293
27.221 -0.16741455532610416 8.095035362243653 -2.3898322582244873 9.745801526717557 4.770992366412214 -11.429770992366413 159.6 209.63999999999996 6.6 2.7427053999733615 1.1120719632857903 2.1636467150441687
27.252 -0.23361423350870608 8.15321455001831 -2.3985112428665163 11.90381679389313 4.863358778625954 -11.275572519083969 160.44 209.76 5.880000000000001 2.740246391964317 1.1120719632857903 2.1603065688736
27.267 -0.20590134859085082 8.065467023849488 -2.4455573081970217 14.441221374045801 5.264885496183206 -10.64351145038168 161.04000000000002 209.63999999999996 5.160000000000001 2.737470525507535 1.1121745249791526 2.1515177336586495
27.281 -0.16017209701240062 8.081747579574586 -2.459383821487427 15.396183206106873 5.621374045801526 -10.308396946564887 161.34 210.06 4.26 2.736994231799428 1.1121745249791526 2.1433524123711694
27.311 -0.2236184399574995 8.12861409187317 -2.517802333831787 15.332061068702288 5.645801526717557 -10.029770992366412 161.45999999999998 209.94 3.7800000000000002 2.7367560944959997 1.1123800923662324 2.1339419044273367
27.326 -0.2697068225592375 8.198045921325683 -2.586336350440979 15.061832061068703 5.454961832061069 -9.344274809160305 160.98 209.82000000000002 2.8200000000000003 2.7367560944959997 1.1122772768020759 2.1235940248082334
27.341 -0.3279457788914442 8.303570318222047 -2.6351181983947756 14.779389312977099 5.188549618320612 -8.554198473282442 161.16 210.6 2.1600000000000006 2.7374704496501985 1.1125864941079457 2.1168291395107346
27.371 -0.37451300136744975 8.435371160507202 -2.6670209407806396 14.632824427480918 5.0068702290076335 -7.441984732824426 161.28 210.35999999999999 1.5600000000000003 2.738582069786541 1.1127923171952283 2.1074271899570682
27.386 -0.43029790334403517 8.459911775588989 -2.7521946668624877 14.841984732824425 4.633587786259542 -6.26793893129771 161.52 209.76 1.44 2.740487097894231 1.113306715562277 2.1018158471316966
27.401 -0.45657426826655867 8.448659086227417 -2.8216265201568604 14.452671755725188 4.144274809160305 -5.362595419847327 160.8 209.16 0.47999999999999987 2.7435041304448946 1.1135125386495595 2.0987772265069053
27.431 -0.4840477328747511 8.445127630233765 -2.9218238592147827 12.516793893129769 3.590839694656488 -4.870992366412213 160.44 209.15999999999994 -0.36000000000000004 2.7497062068543117 1.1131006352965425 2.097844372369864
27.446 -0.4879981618374586 8.533952474594116 -2.942354154586792 9.33206106870229 3.210687022900763 -4.470992366412212 160.26000000000002 208.85999999999999 -1.02 2.755984968724906 1.112483164556446 2.0959002682616257
27.476 -0.5249287232756614 8.61170415878296 -2.947980523109436 6.7839694656488545 2.4572519083969473 -3.7343511450381683 159.54 209.1 -1.02 2.7625805890432367 1.1117638992358865 2.093716052784598
27.492 -0.6005854949355125 8.731354427337646 -3.0203452825546266 5.954961832061068 1.6290076335877868 -2.8297709923664125 159.84 209.16 -1.6800000000000002 2.7695901646471457 1.1111468126042863 2.0972970608941783
27.506 -0.6349422916769981 8.797314643859863 -3.0953436374664305 5.693893129770993 1.3213740458015268 -2.5030534351145044 159.42000000000002 209.34 -1.86 2.779965378168146 1.110632414237238 2.096595256309264
27.521 -0.6332064971327782 8.821974945068359 -3.092829728126526 4.696946564885496 1.2312977099236642 -2.2847328244274814 159.3 209.58 -2.2199999999999998 2.79081575070688 1.110220510884221 2.0993237343620583
27.552 -0.6248866453766823 8.746198463439942 -3.1328129053115843 3.6213740458015273 0.6969465648854963 -1.5641221374045804 159.24000000000004 209.4 -2.4 2.800553238631175 1.1102205108842207 2.0972195099916355
27.566 -0.6094440445303917 8.81365509033203 -3.188059115409851 2.5465648854961835 0.09541984732824434 -1.0129770992366414 158.82000000000002 210.06000000000003 -2.34 2.81126098443524 1.110014687796938 2.0941020456368
27.581 -0.6591237291693688 8.865309906005859 -3.239175319671631 0.8595419847328245 -0.11374045801526718 -1.1458015267175572 157.98 210.54000000000002 -3.3 2.8239017733456473 1.1098091204098588 2.0941801154665134
27.611 -0.6873154506087303 8.882188987731933 -3.230496335029602 -1.4610687022900763 -0.02519083969465643 -0.6160305343511451 157.73999999999998 210.9 -3.4200000000000004 2.8359895450239523 1.10950028942989 2.0944140501864865
27.626 -0.6612186521291733 8.865369701385498 -3.254977059364319 -3.0610687022900764 -0.0793893129770992 0.9885496183206104 158.34 211.14000000000001 -3.9 2.845373371244848 1.1103230733228213 2.0882616434033503
27.641 -0.6138733118772507 8.894159984588622 -3.2785000801086426 -4.585496183206106 -0.22977099236641224 2.1022900763358776 157.85999999999999 211.02000000000004 -3.9 2.857174948539739 1.1105291535885553 2.081948664160538
27.672 -0.6746860325336457 9.142199325561524 -3.30088586807251 -6.393129770992367 -0.1083969465648855 2.3732824427480916 158.70000000000002 210.54000000000002 -4.139999999999999 2.8691382672787378 1.1108377922399946 2.080386542201765
27.687 -0.6657077759504318 9.15039939880371 -3.282749795913696 -8.158015267175573 0.6641221374045803 3.381679389312977 158.22000000000003 210.42000000000002 -3.179999999999999 2.878707174111366 1.1106315828268105 2.0724356827289134
27.701 -0.49631800651550295 9.128552341461182 -3.223134183883667 -9.58320610687023 0.8954198473282442 5.51526717557252 157.86 210.54000000000002 -3.0599999999999996 2.8847501932740824 1.1109404138067795 2.069547065027428
27.732 -0.4636970102787018 9.309613800048828 -3.240551996231079 -10.738931297709923 0.4725190839694656 7.110687022900764 157.61999999999998 210.3 -2.94 2.891520788794648 1.1108372767666437 2.0648667263821228
27.746 -0.5000290185213089 9.606794166564942 -3.2419286727905274 -11.774809160305344 0.8938931297709924 8.001526717557251 156.72 209.76 -2.76 2.899261801178068 1.1107342688739579 2.0623691954499637
27.762 -0.5138555347919465 9.664254951477051 -3.241330122947693 -12.46793893129771 1.7931297709923666 9.21145038167939 156.24 209.28000000000003 -2.52 2.9069365654029116 1.1115560328735568 2.060495759061552
27.791 -0.32830490469932555 9.786598682403564 -3.196079707145691 -13.351145038167937 2.5244274809160308 11.361068702290078 156.24 209.28000000000003 -1.7999999999999996 2.913980310461474 1.1117616002606365 2.063225697406739
27.807 -0.2125452548265457 10.05534782409668 -3.1542410373687746 -13.558778625954199 2.6076335877862595 12.793893129770993 156.0 208.8 -1.08 2.9198067982198745 1.112583873473882 2.0843440083194515
27.823 -0.24432828277349472 10.340976142883301 -3.163817834854126 -12.359541984732825 2.7938931297709924 13.128244274809159 155.33999999999997 207.42000000000002 -0.29999999999999993 2.9260421741304103 1.1122758084981241 2.1129078933774195
27.852 -0.1731606386601925 10.435247802734375 -3.168247103691101 -10.806870229007634 3.8053435114503813 13.668702290076336 154.74 207.18 0.41999999999999993 2.9297708729700815 1.1126871989724862 2.1427992541703125
27.866 -0.003711017221212387 10.424593544006347 -3.161842608451843 -9.840458015267176 4.532824427480916 14.327480916030535 153.48 206.64000000000001 0.72 2.9326880438988194 1.113507444066642 2.1773511451180165
27.882 0.033518818020820615 10.527125263214112 -3.178721714019775 -9.922137404580152 4.345038167938931 14.527480916030536 153.12 206.4 0.8399999999999999 2.936011618472541 1.1144333649997091 2.2139984404762445
27.911 0.03705026507377625 10.78719539642334 -3.145741581916809 -9.945801526717556 4.53587786259542 14.146564885496185 152.64 205.67999999999998 0.9600000000000002 2.9383606866849457 1.1147416206513403 2.254529905600867
27.926 0.1338957279920578 10.829812240600585 -3.114138126373291 -8.113740458015267 5.192366412213741 13.094656488549617 152.4 205.32 0.96 2.9391705789602063 1.1161797217028053 2.295525966996017
27.941 0.2514510303735733 10.687476921081544 -3.1235353708267213 -6.016793893129771 5.286259541984733 11.773282442748092 152.28000000000003 205.2 1.1999999999999997 2.9391705789602063 1.1172069294396587 2.3358211064466343
27.986 0.31346085518598554 10.665510177612305 -3.087083649635315 -5.430534351145036 4.829770992366413 10.479389312977101 151.44 205.08 0.8400000000000001 2.9377106029289886 1.1174117384734348 2.375960382590859
27.987 0.28939913064241407 10.716805934906006 -3.015556883811951 -4.815267175572518 4.462595419847329 9.110687022900764 151.2 204.6 0.9599999999999997 2.9349501897577492 1.1181292317446672 2.413055376083162
28.001 0.2980182573199272 10.636061477661134 -2.9671940088272093 -3.2015267175572517 4.551908396946566 7.664885496183207 150.83999999999997 203.64 0.8400000000000002 2.934057167945328 1.1187432848730103 2.4330801689689783
28.032 0.34081461280584335 10.431776142120361 -2.911169695854187 -1.6374045801526715 4.6000000000000005 6.477862595419848 149.99999999999997 204.0 1.2 2.9326761452875636 1.1196657783800377 2.4546347980343506
28.046 0.37463271245360374 10.287764930725098 -2.8646623373031614 -0.8267175572519081 4.110687022900764 5.511450381679389 149.76 203.51999999999998 1.2 2.931620527535297 1.1205877063545782 2.479557039509804
28.061 0.33267432972788813 10.212227916717529 -2.803670048713684 -0.5778625954198473 3.676335877862595 4.525954198473282 149.04 203.76 0.9600000000000002 2.931377002544748 1.1205877063545782 2.5016973102180593
28.091 0.3578733026981354 10.131722927093506 -2.724960684776306 0.184732824427481 3.713740458015267 3.557251908396947 148.07999999999998 203.51999999999998 0.6 2.9312145383534394 1.121202134885848 2.5223701558154894
28.106 0.3745130062103271 9.941024780273438 -2.691202449798584 1.0038167938931293 3.582442748091603 2.554198473282443 147.54 202.98 0.9 2.9325949624340706 1.1217146291803088 2.539944233822122
28.122 0.36134489476680753 9.762956047058106 -2.666721749305725 0.6603053435114505 3.2137404580152675 1.918320610687023 146.04 202.56 1.4400000000000002 2.9347859879515177 1.1220211882278028 2.5570559050701016
28.151 0.3369838923215866 9.718064785003662 -2.5967511892318726 -0.47328244274809156 2.9007633587786263 1.631297709923664 145.44 202.79999999999998 1.4400000000000002 2.9370582853470326 1.1222258721292302 2.5751843769510083
28.166 0.34937388747930526 9.669103336334228 -2.537195420265198 -0.9206106870229007 2.870992366412214 1.2015267175572522 145.07999999999998 202.32 2.1599999999999997 2.939086793674139 1.122736804462347 2.5932333631984505
28.181 0.36326025873422624 9.562381839752197 -2.5164257049560548 -0.7282442748091602 2.7961832061068708 0.3977099236641222 144.66000000000003 202.14 2.34 2.9414406251723433 1.122839052875219 2.6111302988528546
28.211 0.35733460932970046 9.465057563781738 -2.5190593242645263 -1.0923664122137402 2.4671755725190843 -0.2893129770992367 144.60000000000002 202.56 2.2800000000000002 2.942577382992965 1.1235526321895049 2.6255221040955967
28.227 0.366791707277298 9.453625297546386 -2.482428026199341 -2.1213740458015264 2.135114503816794 -0.7015267175572522 144.36 202.2 2.04 2.9434706944503395 1.1241648242369884 2.6319530619086255
28.241 0.37026329934597013 9.4608078956604 -2.443222975730896 -2.6465648854961836 1.8793893129770989 -1.1190839694656487 143.88 202.56 1.92 2.944201348507691 1.1248784035512744 2.6353298090490624
28.271 0.37235822677612307 9.42704963684082 -2.4428040027618407 -2.5450381679389316 1.6236641221374046 -1.5244274809160303 144.42 202.14 1.8599999999999999 2.9447696962701513 1.1261013228327468 2.6376076938236777
28.286 0.38720227479934693 9.395865154266357 -2.446155881881714 -2.566412213740458 1.3633587786259542 -1.9114503816793893 144.48 201.83999999999997 2.28 2.944688477391123 1.1274249624775696 2.639100372583528
28.301 0.371580109000206 9.377070713043214 -2.451662540435791 -2.898473282442748 1.0923664122137404 -2.155725190839695 144.66000000000003 202.26 2.34 2.9439573485439428 1.128648617832409 2.6396504422367997
28.331 0.38426937758922575 9.388981819152832 -2.4423850059509276 -3.4343511450381685 0.983969465648855 -2.1076335877862595 145.62 202.38 2.2199999999999998 2.94330749157483 1.1294634034275353 2.6396504422367997
28.346 0.400968936085701 9.392453384399413 -2.4435821056365965 -3.751908396946564 0.9366412213740457 -2.0083969465648854 145.85999999999999 201.42000000000002 2.6999999999999997 2.942495170210532 1.1306863227090076 2.6388644564733665
28.361 0.41760863959789274 9.37377862930298 -2.460102105140686 -3.994656488549618 0.8038167938931299 -1.8213740458015266 145.97999999999996 201.66 2.5799999999999996 2.9419266379146443 1.1311957151057044 2.6381571357472806
28.391 0.4207809567451477 9.3615083694458 -2.4860193490982057 -4.517557251908397 0.6381679389312978 -1.5374045801526717 146.16000000000003 201.48 2.52 2.94095174617742 1.132823359178337 2.6368210839627264
28.406 0.4411316692829132 9.389939498901366 -2.472252702713013 -5.191603053435115 0.6122137404580154 -1.263358778625954 145.92000000000002 201.35999999999999 2.52 2.9403019597105944 1.1329250547720207 2.6357995253625153
28.421 0.4553173124790192 9.394069480895997 -2.482487916946411 -5.4793893129771 0.5656488549618321 -1.085496183206107 145.61999999999998 201.42 2.3400000000000003 2.939570989493577 1.133128628329259 2.6346993509265904
28.451 0.46633063852787016 9.382936477661133 -2.4968531131744385 -5.696946564885496 0.4580152671755725 -0.9335877862595421 145.79999999999998 201.48 2.4 2.9390838079780197 1.1334335335931376 2.6332062091773207
28.466 0.47943889200687406 9.387126350402832 -2.497451663017273 -6.012977099236641 0.32137404580152673 -0.7717557251908398 145.49999999999997 201.54000000000002 3.3 2.938677801455917 1.133128628329259 2.6319489447766813
28.481 0.4789600521326065 9.373838520050048 -2.5074474573135377 -6.116030534351145 0.1893129770992366 -0.682442748091603 145.49999999999997 201.42000000000002 2.94 2.9383530138128426 1.132620754289158 2.631084549265726
28.511 0.4839280188083649 9.364441204071046 -2.5162461519241335 -6.333587786259542 0.16717557251908396 -0.5435114503816794 145.2 201.59999999999997 3.0 2.9381906375455333 1.1327223289280104 2.6302202610877647
28.526 0.4828506290912628 9.356719875335694 -2.518700194358826 -6.656488549618321 0.132824427480916 -0.4122137404580153 144.78 201.29999999999998 3.3 2.9381906375455333 1.1328239035668628 2.6295917075274953
28.541 0.4671686053276062 9.355762195587157 -2.521932363510132 -6.929007633587785 0.02900763358778625 -0.2954198473282443 143.99999999999997 201.23999999999998 3.72 2.938028278801887 1.1367399455569331 2.629198898052596
28.586 0.4563348412513733 9.360849857330322 -2.510978889465332 -6.9916030534351155 0.023664122137404587 -0.2908396946564885 144.06 200.10000000000002 4.0200000000000005 2.938353101573798 1.1378552939601705 2.630849938881138
28.587 0.4561552762985229 9.356600093841553 -2.4961946964263917 -6.774045801526718 0.019083969465648866 -0.3450381679389313 143.76 199.92000000000002 4.32 2.9385154953851456 1.1381587638954969 2.632972574909405
28.601 0.44382513761520387 9.332418632507324 -2.505591940879822 -6.42442748091603 0.01221374045801527 -0.3541984732824427 143.52 199.92000000000002 5.039999999999999 2.9390840276810337 1.138767671569362 2.6358035725852385
28.631 0.44759600460529325 9.322781944274903 -2.488473415374756 -6.199236641221374 0.02519083969465649 -0.35648854961832055 143.21999999999997 200.7 5.579999999999999 2.940465350667121 1.1395795500372732 2.6386345702610714
28.646 0.4443039774894714 9.316796398162841 -2.4779987812042235 -6.011450381679389 -0.016030534351145032 -0.3809160305343511 143.39999999999998 200.27999999999997 5.88 2.9422532390267095 1.1395795500372732 2.642016373443793
28.661 0.4452616572380066 9.298480701446532 -2.454475736618042 -5.787786259541985 0.007633587786259543 -0.4114503816793893 143.45999999999998 199.73999999999998 5.699999999999999 2.944122701367566 1.1400874240773742 2.645476935428733
28.691 0.4427477478981018 9.292315578460693 -2.4367586374282837 -5.632824427480916 0.04274809160305344 -0.4419847328244274 143.45999999999998 200.33999999999997 6.06 2.9463177696358125 1.1423109939050116 2.6488593886195324
28.706 0.4384381860494614 9.2872878074646 -2.4143728494644163 -5.490076335877863 0.05190839694656489 -0.5045801526717557 143.57999999999998 200.1 6.299999999999999 2.9485942619409125 1.1430203395120735 2.6521626492256227
28.721 0.4355052888393402 9.293692302703857 -2.392765188217163 -5.28854961832061 0.08625954198473283 -0.5885496183206107 144.05999999999997 200.1 6.540000000000001 2.9510341646527705 1.1430203395120735 2.655387362443629
28.751 0.4436455756425858 9.286330127716065 -2.3669676780700684 -5.069465648854962 0.16488549618320614 -0.6793893129770993 144.71999999999997 200.88 5.88 2.9539620539702254 1.1395099955256733 2.6586908344638545
28.766 0.4441842705011368 9.296445655822755 -2.3493104457855223 -4.981679389312978 0.1801526717557252 -0.7183206106870229 145.07999999999998 201.24 6.359999999999999 2.9566472791432106 1.1391052503899846 2.660186561161889
28.781 0.4514865815639496 9.320447540283203 -2.3284210205078124 -4.891603053435115 0.23206106870229007 -0.76793893129771 145.61999999999998 200.94 5.9399999999999995 2.9596579905640605 1.1381932326117732 2.661524930534322
28.811 0.45274353921413424 9.337566089630126 -2.3060950756073 -4.62442748091603 0.21908396946564887 -0.8511450381679391 146.03999999999996 201.0 5.639999999999999 2.9622625635003708 1.1379905033843256 2.6620761689361867
28.826 0.4497507870197296 9.347861194610596 -2.292867088317871 -4.310687022900764 0.17633587786259544 -0.9480916030534351 147.18 200.22 5.459999999999999 2.9642986234447806 1.137280320510098 2.662548643280579
28.841 0.4502894848585129 9.364740371704102 -2.2665308713912964 -3.9839694656488547 0.1679389312977099 -1.1068702290076335 147.78 200.1 5.459999999999999 2.966009293009144 1.1370771108399031 2.6631788614208722
28.871 0.450169774889946 9.391675186157226 -2.2449830532073975 -3.557251908396946 0.06793893129770993 -1.301526717557252 148.38 200.33999999999997 5.819999999999999 2.9677203442896145 1.1365692367998022 2.6638879283602472
28.886 0.4429871678352356 9.409512042999268 -2.2294806003570558 -3.0442748091603056 -0.013740458015267165 -1.4076335877862598 148.14000000000001 199.61999999999998 6.06 2.9690242196993197 1.1352587612528253 2.6640454828439513
28.901 0.4495712220668793 9.43878116607666 -2.2163124799728395 -2.5290076335877862 0.0022900763358778635 -1.4145038167938933 148.07999999999998 199.07999999999996 6.119999999999999 2.970165110324717 1.1348537788956534 2.664281775026646
28.931 0.4601057082414627 9.45506181716919 -2.199134087562561 -2.090076335877863 -0.01984732824427479 -1.369465648854962 147.6 199.31999999999996 5.88 2.9706540630406373 1.1356642220350122 2.664360533828865
28.946 0.46052469313144684 9.471701526641846 -2.1887791633605955 -1.7580152671755727 -0.10076335877862594 -1.3625954198473282 147.42 198.65999999999997 6.18 2.9708170654902792 1.136170005808847 2.6642030214693984
28.961 0.4680065721273422 9.479063701629638 -2.1780651092529295 -1.4717557251908395 -0.19847328244274812 -1.364885496183206 147.53999999999996 198.77999999999997 6.18 2.970735550568837 1.136776769489861 2.663651746424725
28.991 0.472196426987648 9.487263870239257 -2.1586720824241636 -1.220610687022901 -0.3282442748091603 -1.412213740458015 146.75999999999996 199.2 6.36 2.9704094725731394 1.1381933947712781 2.663021738699858
29.006 0.4742314964532852 9.497977924346923 -2.1390396475791933 -0.9786259541984732 -0.4442748091603053 -1.512977099236641 146.39999999999998 198.95999999999998 6.36 2.9702464152858368 1.138901907772561 2.6623130505079486
29.021 0.48476598262786863 9.483911991119385 -2.1283854603767396 -0.7770992366412214 -0.4900763358778626 -1.6015267175572518 145.62 199.14000000000001 6.3 2.969920264050427 1.1399155605821147 2.6616044092430764
29.051 0.4966172814369202 9.47092342376709 -2.1157560467720034 -0.7465648854961833 -0.5167938931297711 -1.633587786259542 145.08 199.44 6.4799999999999995 2.969431092106622 1.1408281158593714 2.659950800221974
29.066 0.5054758310317993 9.472479629516602 -2.107735478878021 -0.9145038167938931 -0.4862595419847328 -1.5984732824427481 144.54000000000002 199.38 5.9399999999999995 2.9686972928092956 1.141943464262609 2.65806089729064
29.081 0.5113416254520416 9.467810916900635 -2.09953533411026 -1.163358778625954 -0.43435114503816796 -1.5358778625954201 144.95999999999998 199.67999999999998 5.76 2.9679635759066807 1.1421457183851857 2.656250279104252
29.111 0.5258265465497971 9.443390083312988 -2.085589110851288 -1.4396946564885496 -0.4320610687022901 -1.506106870229008 145.01999999999995 199.73999999999995 6.0600000000000005 2.9673929073001846 1.1423483283393283 2.654754552406219
29.126 0.5333682805299759 9.453565406799317 -2.070385921001434 -1.7213740458015265 -0.5213740458015268 -1.5633587786259544 145.49999999999994 199.01999999999998 6.42 2.9671483899290982 1.1415378851999693 2.653337688051373
29.142 0.5339069753885269 9.458473491668702 -2.0554221510887145 -1.7938931297709924 -0.5793893129770994 -1.6045801526717558 145.44 199.44 6.959999999999999 2.9670668841421475 1.1406264034224645 2.6519996700886295
29.171 0.5383961051702499 9.449555015563964 -2.0547637343406677 -1.77175572519084 -0.5343511450381679 -1.590076335877863 144.48 199.92 6.720000000000001 2.9669853783551963 1.1396139417377804 2.650583268054117
29.186 0.5291784286499024 9.443509674072265 -2.0578163385391237 -1.9076335877862594 -0.483206106870229 -1.4778625954198474 144.48000000000002 199.8 7.56 2.9672299231297603 1.137790412274099 2.649717549080951
29.201 0.5317521959543228 9.449974060058594 -2.0569783449172974 -2.3038167938931298 -0.41526717557251913 -1.2625954198473281 144.06 200.57999999999998 7.859999999999999 2.967311447195931 1.1363704516754767 2.6490092798978297
29.231 0.5239111870527268 9.469187545776368 -2.0584747314453127 -2.6816793893129773 -0.4152671755725191 -1.0725190839694656 144.3 200.22 8.219999999999999 2.9677191591787953 1.1343370892546456 2.6497179211627024
29.246 0.5246294468641282 9.485827255249024 -2.0603302478790284 -3.0572519083969465 -0.42977099236641225 -0.8992366412213741 143.64 199.8 8.399999999999999 2.9682083311225997 1.1329154469643787 2.650977604226205
29.262 0.5122993052005768 9.497379302978516 -2.056559371948242 -3.3770992366412216 -0.4534351145038168 -0.8091603053435115 143.33999999999997 200.1 9.3 2.9691052979354198 1.1311886435910414 2.6526311037514665
29.291 0.515651187300682 9.523595809936523 -2.045785462856293 -3.4969465648854965 -0.4465648854961832 -0.8534351145038169 143.04 200.16000000000003 9.6 2.9700021639309524 1.1294618402177043 2.6545992976069774
29.306 0.5101445227861404 9.538978481292725 -2.036687505245209 -3.4541984732824424 -0.46335877862595415 -0.9648854961832061 142.73999999999995 200.34000000000003 9.66 2.9708991307437715 1.128242570330467 2.6565677513945456
29.321 0.5057751089334488 9.528743267059326 -2.034832000732422 -3.36793893129771 -0.3946564885496183 -1.0259541984732825 142.55999999999997 201.12 10.08 2.971796097556591 1.1269173403367747 2.658614876219402
29.351 0.5140949606895446 9.523356342315674 -2.0183120131492616 -3.400763358778626 -0.29465648854961835 -1.0748091603053436 143.04 200.64000000000001 9.720000000000002 2.972611567706719 1.12589885575861 2.6606618658796846
29.366 0.5068524986505508 9.535028076171875 -2.0014328956604004 -3.3847328244274815 -0.30000000000000004 -1.196946564885496 143.57999999999998 200.22 10.020000000000001 2.973427037856847 1.125390376937493 2.662944673111699
29.381 0.5047575742006302 9.542150783538819 -1.9868881225585937 -3.1488549618320607 -0.28320610687022907 -1.3595419847328243 143.64 200.04000000000002 9.720000000000002 2.973997963232411 1.1249824955246317 2.664676739474685
29.412 0.49847279489040375 9.524134349822997 -1.9727024912834168 -2.7541984732824423 -0.23511450381679394 -1.5290076335877862 144.11999999999998 199.8 9.6 2.9746504862005834 1.124063371162849 2.666566392130318
29.426 0.493983668088913 9.515934181213378 -1.9532495975494384 -2.468702290076336 -0.1374045801526718 -1.6290076335877859 144.06 200.33999999999997 9.66 2.9751400441582425 1.1241656195757208 2.6671966526003272
29.441 0.4790797621011734 9.507135486602783 -1.9496582984924316 -2.134351145038168 -0.007633587786259532 -1.718320610687023 144.42000000000002 200.7 10.02 2.9758744227991567 1.1239615560249472 2.6680634656162505
29.472 0.47866077721118927 9.50563907623291 -1.935771930217743 -1.93969465648855 0.183206106870229 -1.7572519083969467 144.6 200.52 9.6 2.976445800281193 1.123450313076026 2.668851664617912
29.486 0.46651020348072053 9.500132369995118 -1.9343952655792236 -1.9824427480916031 0.31755725190839695 -1.66793893129771 144.54000000000002 200.1 9.66 2.9770987661291817 1.12334818873184 2.669482180791454
29.501 0.45657426714897154 9.522458362579346 -1.9317616462707519 -2.2152671755725195 0.5030534351145037 -1.5335877862595417 145.2 199.68 9.84 2.977751806077447 1.1232461877544695 2.670901523806454
29.531 0.45172600746154784 9.557832717895508 -1.9294273018836976 -2.4755725190839692 0.7129770992366412 -1.46030534351145 145.44 200.04 9.84 2.978404846025713 1.1234507468795614 2.6723997711181426
29.546 0.441969633102417 9.595421695709229 -1.9418172955513 -2.636641221374046 0.9290076335877864 -1.4389312977099236 144.9 200.09999999999997 10.14 2.9791395577488893 1.1234507468795614 2.6738979152650777
29.561 0.44280760586261747 9.623074722290038 -1.937926709651947 -2.76030534351145 1.167175572519084 -1.3755725190839692 144.96 200.28 10.200000000000001 2.9797925976971547 1.123144928040103 2.6754748552167844
29.591 0.4368221014738083 9.62894048690796 -1.9469648241996764 -2.8770992366412216 1.2946564885496183 -1.3022900763358778 145.07999999999998 200.28000000000003 10.559999999999999 2.9806089905141833 1.1230428036959166 2.6772094899530545
29.621 0.4378994941711426 9.65647382736206 -1.9494787335395813 -3.0801526717557257 1.4274809160305342 -1.3267175572519085 145.2 199.8 10.559999999999999 2.9812621046447507 1.1232474875973442 2.678628735325236
29.622 0.4318541347980499 9.674071216583252 -1.9576788663864135 -3.230534351145039 1.5755725190839693 -1.4450381679389315 144.89999999999998 199.14000000000001 10.739999999999998 2.9819153673860446 1.1233496738877797 2.679574768162393
29.651 0.44059297144412995 9.685802745819093 -1.9457677125930786 -3.3969465648854964 1.747328244274809 -1.582442748091603 145.26000000000002 199.02 10.139999999999997 2.98256877906631 1.1229408041280662 2.680126715073161
29.666 0.44023384153842926 9.67838077545166 -1.9552846670150756 -3.406870229007634 1.810687022900763 -1.7076335877862596 145.38 198.78 10.139999999999999 2.98273211330745 1.1234520470769875 2.6800478709544793
29.696 0.45190557539463044 9.663776206970216 -1.9527109026908875 -3.4030534351145043 1.8923664122137402 -1.8251908396946568 145.8 199.2 10.680000000000001 2.9828954475485894 1.1230429284722523 2.6800478709544793
29.711 0.45633484721183776 9.639115905761718 -1.9575591564178467 -3.4740458015267173 1.9412213740458015 -1.9534351145038165 145.38 199.26 10.02 2.9829771193235 1.1226343068513553 2.6789437859441567
29.727 0.4464587658643723 9.61678991317749 -1.9564219117164612 -3.5480916030534346 1.9618320610687021 -2.0374045801526717 144.84 198.35999999999999 9.84 2.9831404721922627 1.122122440013448 2.678076140697423
29.741 0.4431667387485504 9.586323642730713 -1.9491196036338807 -3.570992366412213 1.9748091603053435 -2.046564885496183 145.74 197.94 10.139999999999997 2.9830588004173517 1.1218156945979205 2.676893233143865
29.771 0.4429273158311844 9.55346326828003 -1.9416377305984498 -3.625954198473282 2.0083969465648854 -2.051145038167939 145.62 198.06 9.899999999999997 2.98330384370917 1.1208948928586255 2.675789148133542
29.786 0.4472967326641083 9.532214736938476 -1.9358317971229553 -3.71145038167939 2.0816793893129772 -2.145038167938931 145.62 198.06 9.54 2.983140490840407 1.120383338409322 2.674448519108279
29.801 0.4487931072711945 9.505998229980468 -1.9218257188796997 -3.7374045801526714 2.1633587786259545 -2.219847328244275 145.37999999999997 198.18 10.139999999999999 2.9830588190654965 1.1199737199842867 2.672792902262203
29.831 0.457472088932991 9.494565963745117 -1.914224135875702 -3.7366412213740454 2.203053435114504 -2.2190839694656486 145.61999999999998 198.18 10.26 2.9828954475485894 1.119359666855944 2.671295373012508
29.846 0.4551975965499878 9.509888935089112 -1.9056050062179566 -3.5931297709923653 2.1847328244274813 -2.172519083969466 146.09999999999997 198.3 10.5 2.9824869953819992 1.1191548578221677 2.6697190797053416
29.861 0.46333788335323334 9.5260498046875 -1.8864513993263246 -3.206870229007633 2.219083969465649 -2.1076335877862595 146.57999999999998 198.66000000000003 10.620000000000001 2.982323661140859 1.1186436148732466 2.668300800607038
29.906 0.4616020888090134 9.529521369934082 -1.8922573328018188 -2.699236641221374 2.2442748091603053 -2.037404580152672 146.33999999999997 198.54000000000002 9.66 2.982160326899719 1.1188482987746742 2.6670401085407267
29.907 0.46579194366931914 9.534130191802978 -1.888666033744812 -2.3755725190839696 2.2351145038167934 -1.921374045801527 146.7 198.66 10.02 2.981915339490773 1.1185411790286781 2.665937077706574
29.921 0.47488991022109983 9.541731834411621 -1.88184255361557 -2.2572519083969467 2.1900763358778628 -1.884732824427481 146.99999999999997 198.6 9.96 2.981751986622011 1.1189507974537134 2.6650700882170377
29.952 0.484047731757164 9.552924728393554 -1.8746599435806275 -2.173282442748092 2.185496183206107 -1.9694656488549616 146.16 199.08 9.48 2.9816703241557816 1.1187459884199376 2.664991271042021
29.966 0.4848857045173645 9.565614032745362 -1.8770541429519654 -1.9419847328244273 2.1396946564885497 -2.082442748091603 146.57999999999998 198.9 9.42 2.9811803213502883 1.1191558578261154 2.6647548195067094
29.981 0.4869806319475174 9.575011253356934 -1.8720861673355103 -1.6419847328244273 2.073282442748092 -2.174809160305343 146.57999999999998 199.38000000000002 9.66 2.9808537272348845 1.1192582936706839 2.6645972012202845
30.011 0.4871601969003677 9.587520980834961 -1.8730438470840454 -1.219083969465649 1.9839694656488547 -2.219083969465649 146.94 199.5 9.420000000000002 2.9806087677212094 1.1198723467990268 2.6649123738261147
30.026 0.49446251094341276 9.575849246978759 -1.8626290678977966 -0.6916030534351145 1.9419847328244273 -2.222900763358779 146.87999999999997 200.16 9.48 2.9801188764968223 1.121098222915092 2.665148697632822
30.041 0.5016451179981232 9.539756584167481 -1.8753183364868165 -0.41450381679389314 1.8832061068702288 -2.2244274809160305 146.39999999999998 199.92 9.12 2.9797922823814185 1.122221600352118 2.665306231013297
30.071 0.5032612025737763 9.514497756958008 -1.88824702501297 -0.6938931297709925 1.8221374045801526 -2.2496183206106872 146.04000000000002 200.04 8.879999999999999 2.9795473507322443 1.1238521723112402 2.665700025075794
30.086 0.5042188823223114 9.53185567855835 -1.8649035573005677 -1.1610687022900765 1.7763358778625953 -2.310687022900763 145.92 199.67999999999998 9.599999999999998 2.9794656975644376 1.12497351695386 2.666330200968562
30.101 0.48835729360580443 9.554600620269776 -1.8628684878349304 -1.1580152671755726 1.7358778625954199 -2.4045801526717563 145.5 200.21999999999997 10.02 2.9795473507322434 1.1268079192312181 2.6668028011922074
30.131 0.4754286020994186 9.570462226867676 -1.8685547232627868 -0.8290076335877862 1.7709923664122136 -2.393129770992366 145.98 200.82 10.379999999999999 2.979710703601006 1.1283352017625803 2.667117995086155