45.416 -1.1661557793617248 6.209002923965454 8.058104753494263 -0.19465648854961853 0.14809160305343508 -1.7145038167938929 209.7 65.1 188.94 2.495653591774522 0.8836452386050355 2.858960219558692
45.431 -1.1622652053833007 6.206369304656983 8.046133708953857 0.3396946564885496 0.13053435114503814 -1.7580152671755727 209.51999999999998 65.39999999999999 188.52 2.4965102120909366 0.8841308632961729 2.8585594178662266
45.461 -1.15250883102417 6.208583927154541 8.054214143753052 0.9427480916030534 0.21984732824427483 -1.7473282442748093 209.88000000000002 65.75999999999998 188.16000000000003 2.4972107413726077 0.8843739322828631 2.8583988932786335
45.476 -1.159332311153412 6.194517993927002 8.05038342475891 1.6427480916030537 0.3267175572519084 -1.8015267175572518 210.42 66.29999999999998 188.45999999999998 2.497833701956189 0.8849806436565277 2.8556696995021467
45.491 -1.1508927464485168 6.191166114807129 8.050144052505493 2.0763358778625953 0.5091603053435114 -1.868702290076336 210.0 66.71999999999998 188.28 2.4983009761691215 0.8851022425740609 2.8524564208734104
45.521 -1.1526884078979491 6.186317873001099 8.053376245498658 2.316030534351145 0.6526717557251909 -1.9961832061068698 210.12000000000003 66.84 187.92000000000002 2.498534617755064 0.8854662683476651 2.846764355103452
45.537 -1.1610681176185609 6.206728458404541 8.069537115097045 2.4893129770992366 0.7671755725190839 -2.1770992366412214 210.36000000000004 66.72 188.16000000000003 2.4983009580222304 0.8853447982785084 2.841800066109246
45.551 -1.1654973864555358 6.195176410675049 8.077138662338257 2.831297709923664 0.9320610687022901 -2.399236641221374 209.87999999999997 66.48 188.04000000000002 2.497522257128981 0.885466140027947 2.838350549887314
45.581 -1.1818976759910584 6.180691528320312 8.067980861663818 2.9603053435114504 1.0412213740458016 -2.6916030534351143 210.3 67.14000000000001 188.10000000000002 2.4972886155430385 0.8852230710412566 2.8359419824853305
45.596 -1.194048249721527 6.200024747848511 8.074505043029784 2.8068702290076333 1.1687022900763357 -2.993893129770992 210.53999999999996 67.86000000000001 187.50000000000003 2.4950299817028325 0.8851018570862481 2.833291923427766
45.611 -1.2120047688484192 6.226720094680786 8.086116981506347 2.7763358778625955 1.3786259541984731 -3.213740458015267 211.2 68.03999999999999 187.08000000000004 2.4929271170870098 0.8849802581687148 2.8307218012190165
45.641 -1.2224794030189514 6.246951103210449 8.09467625617981 2.806106870229008 1.615267175572519 -3.379389312977099 211.5 67.98 187.26000000000002 2.4914477238136064 0.8844946334775774 2.830401294195214
45.656 -1.2358869314193726 6.279392528533935 8.110837125778199 2.7442748091603058 1.816793893129771 -3.542748091603053 211.74 67.86 187.02 2.4909028478228175 0.8842515644908874 2.8281571098074125
45.671 -1.249174749851227 6.280230522155762 8.108203458786011 2.6862595419847333 1.8793893129770993 -3.6938931297709923 211.74 68.1 186.06 2.490357746936546 0.8835231248192544 2.827115895006305
45.701 -1.262582278251648 6.300581264495849 8.106707048416137 2.2832061068702294 1.8458015267175572 -3.863358778625954 211.98000000000002 67.86 186.18 2.4886449254077134 0.8834015259017212 2.8194518198682186
45.716 -1.2689867615699768 6.356545734405517 8.109520292282104 1.7961832061068705 1.6854961832061073 -4.06793893129771 211.85999999999999 67.97999999999999 186.66000000000003 2.4853762902934737 0.8826723146987232 2.820251259555506
45.731 -1.2768876194953918 6.360615873336792 8.10042233467102 1.7099236641221371 1.4778625954198472 -4.222900763358778 211.5 67.61999999999999 186.3 2.4824966292467336 0.8825507157811898 2.8211299753772083
45.761 -1.2788029789924622 6.366721105575562 8.1006019115448 1.4145038167938933 1.2305343511450382 -4.258778625954198 211.73999999999995 67.85999999999999 186.54000000000002 2.478685010172052 0.8819427185332007 2.81921062346441
45.776 -1.2697648644447326 6.382702398300171 8.123825645446777 1.000763358778626 0.9656488549618322 -4.199999999999999 211.73999999999995 67.14 186.42000000000002 2.473473493778808 0.8818209902352324 2.8156103431008295
45.791 -1.2600683450698853 6.356485891342163 8.135856533050537 0.5557251908396946 0.6549618320610687 -4.067938931297711 212.04000000000002 66.6 186.36 2.469584804922267 0.8814565794991036 2.8071515463587646
45.821 -1.2486958861351014 6.333202266693116 8.142440605163575 -0.43587786259541994 0.3061068702290077 -3.918320610687023 211.92000000000002 66.72 186.36 2.463753841857919 0.8814565794991036 2.7949639498453074
45.836 -1.2532448649406434 6.343856430053711 8.141662502288819 -1.6664122137404582 -0.11221374045801528 -3.7549618320610683 211.86000000000004 66.3 186.3 2.4578457769302475 0.8813348512011355 2.800832541217816
45.851 -1.262701964378357 6.342719173431396 8.122568702697754 -2.4732824427480913 -0.4885496183206106 -3.476335877862595 211.92 66.0 186.48000000000002 2.451549867857653 0.8814564501186688 2.8099269033053593
45.881 -1.259649360179901 6.352295970916748 8.105689573287965 -2.8297709923664125 -0.7297709923664122 -3.1274809160305344 211.68 65.28 186.96 2.445174132308731 0.8816997773341703 2.800054383200268
45.896 -1.2678495049476624 6.32200927734375 8.072948884963989 -2.5473282442748095 -0.9351145038167937 -2.820610687022901 211.5 65.58 187.26000000000002 2.4402763264837772 0.8818213762517036 2.7959287430506947
45.911 -1.265275740623474 6.2698156356811525 8.02871594429016 -2.274809160305344 -1.062595419847328 -2.4900763358778626 211.37999999999997 64.85999999999999 186.9 2.4364685855922112 0.8821865616810974 2.786221983113026
45.942 -1.2644976258277894 6.269516372680664 7.99932713508606 -2.3038167938931307 -1.1954198473282442 -2.1954198473282447 211.61999999999998 65.58 187.14 2.431185149740032 0.8824296306677877 2.7757306924613276
45.956 -1.2540828466415406 6.250721883773804 7.962276887893677 -1.890076335877863 -1.329007633587786 -1.9488549618320612 211.32 65.63999999999999 187.2 2.4277673756450118 0.8829162861663384 2.765322707191454
45.971 -1.2445658922195435 6.218280458450318 7.929536199569702 -1.6320610687022903 -1.3396946564885497 -1.7221374045801525 211.38000000000002 65.33999999999999 187.62 2.4248163048571176 0.8834024252004353 2.754603774320759
46.001 -1.2385803818702699 6.255570125579834 7.925047063827515 -1.4351145038167938 -1.2671755725190839 -1.6007633587786263 211.14000000000001 64.98 187.85999999999999 2.4220201077620334 0.8834024252004351 2.753730323759235
46.016 -1.233253288269043 6.250422620773316 7.919540357589722 -0.32137404580152673 -1.1335877862595418 -1.5045801526717557 211.13999999999996 64.26 188.1 2.420234466087631 0.8838880498915724 2.7513581585445834
46.031 -1.2138602614402771 6.225283527374268 7.930374097824097 0.9839694656488549 -0.96793893129771 -1.4076335877862594 211.26 65.22 187.73999999999998 2.419147542576251 0.8840097781895407 2.744208719649869
46.061 -1.18800288438797 6.205471515655518 7.9564110279083256 1.8687022900763357 -0.8328244274809162 -1.4335877862595416 210.95999999999998 64.8 188.04 2.418293645724961 0.8842525900081363 2.731519574940846
46.076 -1.164958691596985 6.2078657150268555 8.001062870025635 2.2572519083969467 -0.7236641221374046 -1.545038167938931 211.26 65.22 188.1 2.418293645724961 0.8841309910906029 2.741472144240899
46.091 -1.1367669701576233 6.215108203887939 8.036676597595214 2.285496183206107 -0.6297709923664122 -1.606106870229007 211.38000000000002 64.97999999999999 187.85999999999999 2.417517054489886 0.8842524611597596 2.7514997194346913
46.121 -1.1238981366157532 6.22504415512085 8.077018928527831 2.170229007633588 -0.49770992366412214 -1.6824427480916029 212.16 65.64 188.16 2.416973518209935 0.8838872757303656 2.760566870210572
46.136 -1.1089343786239625 6.226779937744141 8.114368438720703 1.9167938931297708 -0.29389312977099236 -1.7740458015267175 211.85999999999999 64.85999999999999 188.1 2.417439307916335 0.8838872757303659 2.771857744483637
46.151 -1.1030087351799012 6.243419647216797 8.149503326416015 1.298473282442748 -0.10534351145038165 -1.9030534351145039 211.92 64.79999999999998 187.92000000000002 2.4175169404603354 0.8836442067436756 2.7857877689041706
46.181 -1.1051635146141052 6.29441614151001 8.172128582000733 0.7427480916030533 0.03053435114503817 -2.0519083969465646 211.61999999999998 65.1 187.5 2.418370899071169 0.8831580677095786 2.8006683674267747
46.196 -1.110490620136261 6.302616310119629 8.167699241638184 0.3877862595419847 0.13282442748091602 -2.118320610687023 211.97999999999996 65.7 187.26000000000002 2.4181380014277707 0.8830363394116105 2.8102411857843537
46.211 -1.1092935085296631 6.313749361038208 8.153034782409668 -0.3030534351145039 0.21603053435114505 -2.184732824427481 211.43999999999997 65.76 187.44 2.4189142435052364 0.8823071282086126 2.825041563777723
46.241 -1.1176732063293457 6.337691354751587 8.124244546890258 -1.2022900763358781 0.332824427480916 -2.246564885496183 211.32 64.92 187.8 2.4194576582923384 0.8823071282086126 2.82897020387771
46.256 -1.13616840839386 6.367918157577515 8.101140546798707 -1.919083969465649 0.44961832061068707 -2.3167938931297707 211.01999999999998 65.34 187.62 2.420001021156177 0.8816991309606234 2.8360942268148204
46.271 -1.1492168068885804 6.367140054702759 8.055830335617065 -2.225190839694656 0.5412213740458015 -2.3435114503816794 211.14000000000001 64.74000000000001 187.38 2.4194574709791707 0.881577402662655 2.83817811113544
46.301 -1.1583746194839477 6.355169057846069 8.035419797897339 -2.555725190839694 0.683969465648855 -2.352671755725191 210.95999999999998 64.68 187.56 2.4191468907082943 0.8812126053779968 2.8403412406704387
46.316 -1.1639411330223084 6.373903703689575 8.020635604858398 -2.9190839694656483 0.8007633587786259 -2.3351145038167944 210.9 64.5 187.38 2.4187587089311 0.8813344635918894 2.8437044186004634
46.331 -1.1683704137802124 6.370432138442993 7.994838094711303 -2.855725190839695 0.919083969465649 -2.265648854961832 211.01999999999998 65.34 187.98 2.4188363471922605 0.8809696663072308 2.8462680129091216
46.361 -1.1805808424949646 6.368456888198852 7.977599859237671 -2.374045801526717 1.099236641221374 -2.1633587786259545 211.07999999999998 64.79999999999998 188.28 2.418603455197658 0.8809696663072308 2.8465889101874433
46.376 -1.181957519054413 6.319495439529419 7.953238821029663 -1.4351145038167938 1.2740458015267175 -2.0267175572519083 211.5 64.61999999999999 188.34 2.4178271198302363 0.8810913946051991 2.8465889101874438
46.391 -1.169507670402527 6.24784893989563 7.928339147567749 -0.6145038167938935 1.453435114503817 -1.9312977099236643 211.07999999999998 64.8 188.64000000000001 2.417671864111289 0.8813347218207006 2.8466691156058284
46.421 -1.1657368063926696 6.23599762916565 7.927201890945435 -0.12213740458015288 1.6351145038167938 -1.8511450381679388 210.71999999999997 64.79999999999998 188.76 2.418370643617952 0.8816999072500945 2.8463483089926065
46.436 -1.169268262386322 6.240606498718262 7.939352416992188 0.6954198473282444 1.8030534351145036 -1.744274809160305 211.14000000000001 64.73999999999998 188.82 2.4191471143752783 0.8819429762367846 2.844421825131093
46.451 -1.1619659543037415 6.207746076583862 7.9410881996154785 1.8404580152671755 1.9587786259541986 -1.5946564885496184 211.74 64.38 188.46 2.4195352866238906 0.8821865627486453 2.842494974484906
46.481 -1.1553220391273498 6.172850561141968 7.954256248474121 2.5320610687022898 2.0610687022900764 -1.5145038167938931 211.5 64.61999999999999 188.7 2.4191470952611867 0.8825513600333036 2.841612714326812
46.496 -1.1661558032035828 6.196972131729126 7.975804042816162 2.778625954198473 2.0641221374045804 -1.4778625954198474 211.86000000000004 64.85999999999999 188.46 2.4188365460279924 0.8826730883312717 2.8412117248856807
46.511 -1.181478703022003 6.2088234424591064 7.991426229476929 3.387022900763358 2.0755725190839693 -1.4198473282442747 211.5 64.25999999999999 188.34 2.4189141785719928 0.8832804413203773 2.8404097833510233
46.541 -1.1840524673461914 6.1917647361755375 8.016744899749757 4.029007633587787 2.1221374045801524 -1.3190839694656487 211.74 63.779999999999994 187.62 2.4186036369844475 0.8835237685358788 2.8397681699628756
46.557 -1.1954249262809753 6.21702356338501 8.046193599700928 4.09618320610687 2.0595419847328245 -1.2427480916030533 211.32 64.32 187.56 2.4186812657739827 0.8838881792720075 2.839286869388049
46.571 -1.211585783958435 6.268199634552002 8.09144401550293 3.850381679389313 2.0190839694656484 -1.1847328244274808 211.44 65.16 187.32 2.4191470442170315 0.8840097781895407 2.839206648858815
46.601 -1.21583548784256 6.316562509536743 8.140046310424804 3.4190839694656487 1.934351145038168 -1.1396946564885497 211.44 64.91999999999999 187.44 2.4191470442170315 0.8842525900081363 2.8391264434404304
46.616 -1.228165626525879 6.373484659194946 8.187391662597657 2.4832061068702287 1.6923664122137407 -1.1778625954198472 211.85999999999999 64.86 186.78 2.418448264710369 0.8838874045787423 2.840008953094342
46.631 -1.238640260696411 6.410475063323974 8.223783588409423 1.2862595419847331 1.3770992366412214 -1.2946564885496183 212.04000000000002 65.4 186.36 2.4173612599655905 0.8840087463281808 2.841373090768613
46.661 -1.2520477890968322 6.496726179122925 8.27609691619873 -0.09389312977099262 1.0335877862595422 -1.4885496183206106 211.97999999999996 65.94 186.29999999999998 2.4173612599655905 0.8840087463281808 2.842496550905406
46.676 -1.2753912568092347 6.600574684143067 8.346247100830078 -0.9610687022900762 0.7229007633587784 -1.5603053435114504 212.21999999999997 66.77999999999999 185.94 2.417594169009136 0.8838872762590239 2.843860430664214
46.692 -1.2762292265892028 6.578248739242554 8.376533794403077 -1.4450381679389313 0.47404580152671744 -1.5244274809160305 212.51999999999998 66.47999999999999 186.35999999999996 2.4177494397915202 0.8837655479610558 2.845144263976877
46.721 -1.272757625579834 6.609133911132813 8.45500373840332 -3.5236641221374043 0.1717557251908397 -1.5893129770992367 211.97999999999996 66.53999999999999 186.77999999999997 2.41767180724752 0.8831581949719503 2.8466686007540125
46.736 -1.2971186280250548 6.703285884857178 8.547360134124755 -5.995419847328245 -0.2488549618320611 -1.7832061068702292 211.85999999999999 66.53999999999999 187.37999999999997 2.418059989024714 0.8830365960544169 2.8472299860423407
46.752 -1.319624125957489 6.750930500030518 8.630259323120118 -7.803053435114504 -0.5473282442748092 -1.838167938931298 212.16 66.12 187.67999999999998 2.4184481612733264 0.8823066101376599 2.8474706023076015
46.781 -1.3165116667747498 6.75547947883606 8.701426982879639 -9.48854961832061 -0.9045801526717557 -1.8732824427480914 211.8 65.76 188.15999999999997 2.418215263629928 0.8821850112201265 2.847631050936655
46.796 -1.3300987601280212 6.743149328231811 8.785822582244872 -11.601526717557253 -1.3618320610687022 -2.0 212.04000000000002 66.0 188.28 2.417594313788224 0.8816988721860296 2.848032153633362
46.811 -1.3221978902816773 6.706996870040894 8.882847595214844 -14.204580152671756 -1.76793893129771 -2.032824427480916 211.8 66.24 189.35999999999999 2.418681373484371 0.8818207303999219 2.8477111349022377
46.841 -1.3318943977355957 6.708134126663208 8.985379219055176 -17.25114503816794 -2.2007633587786257 -2.034351145038168 211.38000000000002 66.17999999999999 190.26 2.421088850596488 0.8812127331519326 2.8466677737003416
46.857 -1.3101670145988464 6.678565740585327 9.08767147064209 -20.39236641221374 -2.499236641221374 -1.8641221374045802 210.95999999999998 66.0 191.51999999999998 2.421554721059606 0.8812127331519326 2.8457849298288096
46.871 -1.287362241744995 6.57483696937561 9.149621391296387 -23.974045801526717 -2.925954198473282 -1.8206106870229006 210.11999999999998 65.28 193.07999999999998 2.4218652935028424 0.8809694059364311 2.8449021696784618
46.901 -1.2729970335960388 6.521087121963501 9.239403915405273 -28.42442748091603 -3.406870229007634 -1.848854961832061 208.92000000000002 65.03999999999999 193.92000000000002 2.4235737982055174 0.8810911342343994 2.8440193258069297
46.916 -1.276767909526825 6.478051376342774 9.328348445892335 -32.351145038167935 -3.863358778625954 -1.8076335877862593 208.67999999999998 65.75999999999999 195.12 2.424505516262662 0.8812128625323676 2.8431364819353977
46.931 -1.2644976258277894 6.381744623184204 9.40238914489746 -35.59465648854961 -4.152671755725191 -1.5992366412213737 208.32 66.00000000000001 196.92000000000002 2.4245055162626623 0.8813344614499009 2.842815645140903
46.961 -1.216673445701599 6.2398881912231445 9.470204925537109 -39.336641221374045 -4.383206106870228 -1.3061068702290077 207.84 66.11999999999999 198.83999999999997 2.428545628175441 0.8817000366305294 2.8429760937699564
46.977 -1.1956643223762513 6.151183032989502 9.558431243896484 -44.01068702290077 -4.767938931297709 -1.1488549618320607 207.3 65.94 201.06 2.4332849516030812 0.8819431056172196 2.8432168235939996
46.991 -1.169507670402527 6.030275869369507 9.602305030822754 -48.37099236641222 -5.369465648854962 -1.167175572519084 205.98000000000002 65.94 203.57999999999998 2.43514816190851 0.8823079029018779 2.843537842325124
47.021 -1.1887211441993712 5.964435338973999 9.647375869750977 -52.50839694656489 -6.076335877862595 -1.283969465648855 204.83999999999997 65.75999999999999 205.92000000000002 2.433207245906445 0.8827940419359747 2.843698336468655
47.036 -1.15304753780365 5.87698712348938 9.744760036468506 -56.03282442748092 -6.625954198473282 -1.3244274809160306 203.99999999999997 65.52 208.8 2.4457523382711273 0.8830376284478353 2.8445810966190033
47.051 -1.1445481181144714 5.623860168457031 9.760920906066895 -58.853435114503824 -7.393893129770992 -1.6381679389312975 203.4 65.52 211.92 2.4602418821478835 0.8835232531389726 2.8455442448521433
47.081 -1.1346720457077026 5.4543506622314455 9.811977291107178 -62.8351145038168 -7.956488549618321 -1.8977099236641224 202.5 65.22 214.74 2.4780185958428715 0.8837665803544741 2.846908900419359
47.096 -1.1271901726722717 5.334580755233764 9.870575428009033 -66.59007633587785 -8.3793893129771 -2.1229007633587784 201.96000000000004 65.52 218.51999999999998 2.497456873702218 0.8841309910906029 2.848273685889423
47.111 -1.1085752487182616 5.158247756958008 9.919237613677979 -69.54580152671755 -8.707633587786258 -2.363358778625954 202.02 65.93999999999998 222.42 2.5229430157489205 0.8841309910906029 2.8504423270223844
47.141 -1.0905588746070862 4.917031931877136 9.937672901153565 -72.46870229007634 -9.10381679389313 -2.7229007633587785 201.54000000000002 66.3 226.25999999999993 2.5457426893108157 0.8843738029091982 2.8537367308051946
47.156 -1.0816404700279236 4.666299152374267 9.953773880004883 -75.66946564885497 -9.48854961832061 -3.3595419847328243 201.36 66.48 230.27999999999997 2.5659180844671385 0.8842520746112299 2.855986232300384
47.171 -1.0558429479598999 4.434121417999267 10.000760078430176 -79.05343511450381 -9.705343511450382 -4.091603053435114 201.11999999999998 66.11999999999999 234.35999999999996 2.584601604365255 0.8842520746112301 2.857271288228213
47.201 -1.0735600352287293 4.208467888832092 10.045711231231689 -82.49770992366412 -9.74351145038168 -4.800763358778626 201.42 65.94 238.85999999999999 2.591600324344495 0.8841306045420732 2.8617786654414994
47.216 -1.0478822231292724 3.8742971658706664 10.049422264099121 -85.99312977099237 -9.29770992366412 -5.436641221374046 202.44 65.88000000000001 243.6 2.60537596443469 0.8837661938059445 2.8661237802035124
47.231 -1.0068815231323243 3.5503018140792846 10.018297672271729 -90.37099236641221 -8.603816793893131 -6.209923664122138 202.79999999999998 65.76 247.92000000000002 2.605610562694639 0.8836444655079763 2.870471030505187
47.262 -1.0402806401252747 3.39647433757782 10.034697914123536 -95.0206106870229 -7.970229007633589 -6.918320610687023 203.21999999999997 66.06 252.54000000000002 2.6034221260738684 0.8830371125188708 2.875384505400097
47.276 -1.0187926769256592 3.1617228746414185 10.060734844207763 -97.23740458015267 -7.137404580152672 -7.429770992366412 204.66 66.18 257.34000000000003 2.596696524399145 0.8827937853033694 2.879249860284904
47.291 -1.0251373052597046 2.773323494195938 9.997288417816161 -98.73282442748092 -6.313740458015267 -7.90381679389313 206.21999999999997 66.9 262.02 2.5860528430235874 0.8821857880553801 2.8841657799722187
47.321 -0.8993818625807762 2.4509442508220673 9.97394495010376 -101.85648854961832 -5.153435114503816 -8.452671755725191 207.54000000000002 66.53999999999999 267.05999999999995 2.57107310655116 0.8821857880553801 2.8863401317219055
47.336 -0.9123105511069298 2.231575518846512 10.00333375930786 -104.30458015267178 -4.012977099236641 -9.068702290076335 208.97999999999996 66.53999999999999 270.65999999999997 2.5509921425938904 0.8816996490212832 2.8844101242161573
47.352 -0.9252392396330833 1.8430564403533936 9.94198236465454 -104.12442748091603 -3.0809160305343513 -9.556488549618319 210.6 66.96 275.28 2.527708448329903 0.8816996490212832 2.882080394621149
47.381 -0.8413823223672807 1.2923900604248046 9.772891902923584 -105.2152671755725 -1.4183206106870232 -9.658015267175573 212.57999999999998 67.62 279.3 2.5069261717489786 0.8813348517366248 2.880073353627
47.396 -0.672650960739702 1.1507131695747375 9.89272165298462 -109.14503816793895 1.119847328244275 -9.75114503816794 214.44 67.8 282.84000000000003 2.504435341545634 0.8812132528190915 2.8747636571077635
47.411 -0.7466317928396166 0.8977059110999107 9.85692834854126 -108.27022900763359 1.9893129770992366 -10.231297709923663 216.42000000000002 68.58 286.14000000000004 2.4954755796582324 0.8812132528190915 2.8665748995126
47.441 -0.7999027765356004 0.36026747077703475 9.764990997314452 -103.2358778625954 3.1351145038167934 -10.141984732824428 218.45999999999998 69.78 289.98 2.482695889033601 0.881456580034593 2.853678108626282
47.456 -0.6434416971169412 -0.3097498670220375 9.600329780578614 -100.58931297709924 5.064885496183207 -9.657251908396947 220.74 70.14 293.1 2.4732693308002394 0.8816999072500945 2.8421245498320302
47.472 -0.6048351935110986 -0.6894702449440956 9.5912917137146 -103.20229007633586 7.635114503816794 -9.329007633587786 222.72000000000003 71.52 296.04 2.4696051988121437 0.8820647045347529 2.8267654115392418
47.501 -0.6700771859847009 -0.8769960954785347 9.600988292694092 -103.47633587786258 9.150381679389314 -9.357251908396945 225.17999999999998 72.41999999999999 298.26 2.4645420509357012 0.8823082910466133 2.8092445776469175
47.516 -0.7808688706718385 -1.4147936537861825 9.4840913772583 -98.72748091603053 10.54351145038168 -9.04503816793893 226.92 73.08 299.88 2.458465609103152 0.8826727017827422 2.7939785101032606
47.531 -0.6087856269441545 -2.027948720753193 9.365638256072998 -98.08625954198473 12.219847328244274 -8.959541984732823 228.9 73.97999999999999 301.86 2.460953776624313 0.8830374990674004 2.784630669200774
47.561 -0.5657498515211046 -2.142391563951969 9.502826023101807 -102.45954198473282 13.496183206106869 -9.648091603053434 230.75999999999993 75.12 303.23999999999995 2.4669408154013537 0.8837659387390333 2.7714100336245933
47.576 -0.7477690383791924 -2.2147563233971597 9.521560668945312 -100.40458015267174 12.72824427480916 -10.73587786259542 233.7 76.62 304.97999999999996 2.467795653412609 0.8840092659545349 2.7596193168687355
47.591 -0.8815450593829155 -2.9500156536698343 9.25233268737793 -93.02442748091602 12.700763358778627 -10.502290076335878 235.98000000000002 78.66 306.9 2.465618439428723 0.8844948906456722 2.747352562981124
47.621 -0.6634931400418281 -3.602675032615662 9.123644351959229 -93.35190839694656 14.524427480916032 -10.128244274809159 238.01999999999998 80.34 307.98 2.469353237464857 0.8846164895632056 2.741776374437927
47.636 -0.5947795554995536 -3.552636218070984 9.32350034713745 -100.49465648854961 15.180916030534354 -11.507633587786257 240.66 81.89999999999999 309.17999999999995 2.4772914699966826 0.8849805153368095 2.7632777564095723
47.652 -0.8191162586212158 -3.4690187215805053 9.225218391418457 -101.66488549618319 12.09465648854962 -13.016030534351145 243.0 83.75999999999998 309.71999999999997 2.4857029765708214 0.8848589164192763 2.766871582484124
47.681 -0.8626308768987656 -3.953246021270752 9.006627750396728 -95.08244274809161 11.687022900763356 -13.251908396946565 245.7 85.38 310.97999999999996 2.490694298836146 0.8851014721237235 2.7743578576433725
47.696 -0.7041347295045852 -4.562570357322693 8.837058401107788 -93.91221374045801 12.262595419847326 -13.554961832061068 248.45999999999995 86.82 312.05999999999995 2.497396167702353 0.8852230710412569 2.7854375679911785
47.72 -0.6695385128259659 -4.596029305458069 8.846455717086792 -99.21679389312978 10.961832061068701 -15.251908396946565 251.7 88.74 312.65999999999997 2.5016009015990557 0.8851017292918183 2.7934776603584757
47.741 -0.9017760753631592 -4.641698670387268 8.606736278533935 -99.95725190839696 8.359541984732823 -16.313740458015268 255.3 90.78 314.34 2.5118193920096656 0.884858660305128 2.7868223605780242
47.756 -0.9261969327926636 -5.128380012512207 8.293574714660645 -95.75954198473282 8.606870229007633 -15.86259541984733 259.2 91.8 316.08 2.5193867461981316 0.8842519489314634 2.779017981618928
47.771 -0.7979275763034821 -5.619730043411255 8.102756786346436 -96.34503816793894 9.897709923664122 -15.349618320610688 261.65999999999997 93.17999999999999 317.2199999999999 2.5371915487395333 0.88413035001393 2.7621936700625533
47.801 -0.8279748082160949 -5.719508409500122 7.950365829467773 -101.26488549618321 9.112977099236641 -16.243511450381682 265.38 94.38 318.17999999999995 2.545211595380755 0.8834011388109321 2.746859419962243
47.816 -0.9446322828531265 -5.61865267753601 7.811442232131958 -101.75954198473282 6.813740458015266 -17.515267175572518 269.15999999999997 95.75999999999999 319.91999999999996 2.5394562342397635 0.8832795398933989 2.7266297434325915
47.831 -1.0056245744228363 -6.032670021057129 7.286453628540039 -96.4648854961832 4.83206106870229 -16.902290076335877 272.5199999999999 97.44 320.88 2.537274135893817 0.882550328690401 2.68487737147124
47.861 -0.8671798586845398 -6.566277694702149 7.052480268478393 -93.62900763358778 6.981679389312975 -15.619847328244273 276.29999999999995 98.7 322.14 2.548714258640105 0.882550328690401 2.652252630939418
47.876 -0.7790732339024544 -6.840353965759277 6.77624921798706 -96.18931297709923 6.345038167938931 -15.599236641221376 279.72 99.72 322.56000000000006 2.555367373533444 0.8820647039992636 2.6208909758093304
47.891 -0.8140285804867744 -6.855377578735352 6.589920473098755 -98.14427480916031 5.0114503816793885 -16.174809160305344 282.90000000000003 100.74000000000001 323.94000000000005 2.5583368194193534 0.8819431050817302 2.5897732869763956
47.921 -0.8464101567864418 -7.145734405517578 6.1639320850372314 -96.40610687022901 4.12442748091603 -15.863358778625955 286.20000000000005 101.64000000000001 325.32000000000005 2.5605206709758366 0.88170003609504 2.5607540976178833
47.936 -0.6934805259108543 -7.427412271499634 5.955038022994995 -93.93740458015267 4.986259541984732 -15.584732824427482 289.56 102.48000000000002 326.03999999999996 2.557394163164045 0.88170003609504 2.539446437279756
47.951 -0.6273407027125358 -7.552928256988525 5.652171468734741 -92.28778625954199 3.474045801526718 -15.799236641221373 292.43999999999994 103.8 326.03999999999996 2.5468703157997252 0.8818216350125734 2.523270522663684
47.981 -0.6424241706728935 -7.596861886978149 5.35134003162384 -88.93435114503816 1.816793893129771 -15.4 295.8 104.52000000000001 326.4 2.5459280624167957 0.8820647039992636 2.5289849237485074
47.997 -0.5568314597010613 -7.794682788848877 5.040572667121888 -82.23435114503816 1.1465648854961834 -14.135877862595418 298.8 104.88000000000002 326.4 2.550381515213444 0.8824298894286574 2.5357246116573546
48.011 -0.4935048267245293 -8.163509559631347 4.750934100151062 -75.74580152671754 1.3503816793893133 -12.512977099236641 301.67999999999995 105.72 326.52 2.5655066865797207 0.8827943001647862 2.541437795483584
48.041 -0.4182670369744301 -8.478646326065064 4.491881489753723 -72.09694656488549 1.231297709923664 -11.750381679389312 304.91999999999996 106.2 326.4 2.5799793343637667 0.8832809556633368 2.551716735279806
48.056 -0.3599083684384823 -8.573696184158326 4.359422278404236 -70.5145038167939 0.4755725190839696 -12.011450381679388 307.62 106.5 326.81999999999994 2.5837627347994383 0.8836453663994656 2.570913566394895
48.071 -0.3989338554441929 -8.540117502212524 4.185543394088745 -68.09160305343512 -1.5106870229007634 -12.399999999999999 310.62 107.1 327.53999999999996 2.5784378850552283 0.8838884353861556 2.5872004636938266
48.101 -0.3968987800180912 -8.6264883518219 3.9094919204711913 -63.562595419847334 -2.798473282442748 -11.744274809160306 312.96000000000004 107.16000000000001 327.12 2.575078125855178 0.8844951467598203 2.602099604079016
48.117 -0.34159272387623785 -8.79982852935791 3.7493796825408934 -58.54656488549618 -2.1740458015267174 -10.674045801526718 315.54 107.58 327.17999999999995 2.570868696469165 0.8846167456773536 2.61793834898078
48.131 -0.3095702758990228 -8.977897262573242 3.587830901145935 -55.73358778625955 -2.234351145038168 -9.714503816793894 317.7 107.7 327.3 2.560511501418418 0.8851023703684909 2.641301429948279
48.161 -0.2979583985172212 -9.090185356140136 3.467103290557861 -54.29694656488549 -2.7885496183206104 -9.481679389312978 320.03999999999996 108.0 327.0 2.5632344417781407 0.8849807714509575 2.6606243150889624
48.176 -0.24043770348653198 -9.106106758117676 3.352720308303833 -53.832061068702295 -3.7343511450381675 -9.677099236641222 322.67999999999995 108.35999999999999 327.72 2.5268298878795674 0.8852233271554049 2.6618799004839655
48.191 -0.19877859419211746 -9.091681671142577 3.236721229553223 -52.42824427480915 -4.787786259541985 -10.141221374045802 324.36 108.11999999999998 328.2 2.4781933326634893 0.8851017282378717 2.6643177772331486
48.221 -0.20608091121539474 -9.10532865524292 3.06924684047699 -50.44351145038167 -5.897709923664122 -10.058015267175573 326.58 107.81999999999998 328.14 2.4185268029820417 0.8851017282378717 2.674396127039631
48.236 -0.16663643708452583 -9.11340913772583 2.9780277490615843 -47.793129770992365 -6.238931297709923 -9.654198473282442 328.56000000000006 107.03999999999999 328.56 2.354073983409503 0.8848586592511815 2.6810335566302657
48.251 -0.13928268318995835 -9.14321689605713 2.8510751962661742 -44.71603053435115 -6.950381679389312 -9.161068702290077 330.78000000000003 106.62 328.74 2.2830084599485954 0.8846158474325861 2.675206972157708
48.281 -0.10821791654452681 -9.251374912261962 2.733998727798462 -40.97404580152672 -7.278625954198473 -8.783969465648855 332.7 106.02000000000001 328.86 2.2247439803807154 0.8843727784458959 2.6533960795991893
48.296 -0.03896563416346908 -9.38898162841797 2.6360758781433105 -37.59312977099237 -7.542748091603054 -8.593129770992366 334.2 105.48000000000002 329.64 2.1539898234155928 0.8836443387742632 2.627603048093907
48.311 0.03094505602493882 -9.419866847991944 2.552578091621399 -35.38167938931298 -8.635114503816794 -8.616030534351143 335.64 105.0 329.5199999999999 2.0826107213689116 0.8835227398567298 2.601572118633708
48.341 0.01083376184105873 -9.39460802078247 2.423111641407013 -32.961832061068705 -10.175572519083971 -8.679389312977097 337.26 104.7 329.82 2.01498634076246 0.8829153868676242 2.572146420145656
48.356 0.037888241559267045 -9.455779838562012 2.2808960676193237 -29.812213740458013 -10.620610687022902 -8.166412213740458 338.82 104.22 330.17999999999995 1.938384883624855 0.8827936585696561 2.547384063509723
48.371 0.08529343530535698 -9.593266868591309 2.183751332759857 -26.816793893129766 -10.21526717557252 -7.649618320610687 339.78000000000003 103.74000000000001 329.58 1.8826109202662682 0.8821863055805507 2.5331628909460866
48.401 0.08756792619824409 -9.676225948333741 2.0567389488220216 -25.861068702290076 -10.287022900763361 -7.414503816793892 341.28000000000003 104.28 329.64 1.840488907851754 0.8823079044980838 2.513384166899116
48.416 0.13168109431862832 -9.692925453186035 1.9838953614234924 -25.51068702290076 -10.06641221374046 -7.467175572519085 342.54 103.5 330.06 1.808479093971405 0.881821765463987 2.5167109568639496
48.431 0.1282095018774271 -9.679398155212402 1.8780117988586427 -25.363358778625955 -10.155725190839695 -7.585496183206106 343.56 103.08 330.36 1.7784750911192995 0.881821765463987 2.5126762961150795
48.461 0.1380257297307253 -9.664374542236327 1.77416330575943 -24.692366412213744 -9.856488549618321 -7.594656488549619 344.58000000000004 103.38 330.42 1.750848619147862 0.881821765463987 2.5076585297404224
48.476 0.21308395452797413 -9.611043739318848 1.6992247939109801 -23.57404580152672 -9.406106870229008 -7.448854961832062 345.96000000000004 102.72 330.0 1.7215721781412565 0.8819433643815202 2.521224959383957
48.491 0.2332551021128893 -9.602424621582031 1.5890915155410767 -21.91297709923665 -9.368702290076337 -7.122900763358778 347.70000000000005 102.54 329.94 1.706881694122631 0.8820650926794885 2.521613189657426
48.522 0.2412158239632845 -9.662818336486817 1.4590265154838562 -19.819847328244276 -8.938931297709924 -6.683969465648855 348.66 102.06000000000002 330.65999999999997 1.695940161269776 0.8823081616661786 2.5350842663420354
48.536 0.2967014480382204 -9.700108051300049 1.3839682936668396 -18.16641221374046 -8.06641221374046 -6.317557251908398 349.44 101.76000000000002 330.84000000000003 1.6771837586624034 0.882672958950837 2.537414361879823
48.551 0.335427663102746 -9.65216417312622 1.3035829782485961 -17.30763358778626 -7.827480916030535 -6.110687022900764 350.09999999999997 101.46000000000001 330.78 1.6673590411234742 0.8831590979849337 2.538113123927894
48.581 0.34404678978025915 -9.636242771148682 1.2127230226993562 -15.738931297709922 -7.574809160305344 -5.931297709923665 351.11999999999995 100.68 331.19999999999993 1.6665375758853123 0.8834024252004351 2.5325163768704586
48.596 0.36589387990534306 -9.641510009765625 1.1389816045761108 -13.854198473282443 -7.179389312977099 -5.712213740458017 351.7799999999999 99.54 331.49999999999994 1.6671980914033502 0.8837664509740393 2.5287871581724124
48.611 0.4015674863010645 -9.648872184753419 1.0648810625076295 -12.087786259541984 -6.6122137404580155 -5.337404580152672 351.8399999999999 99.35999999999999 331.67999999999995 1.6695035658392687 0.8841312482586975 2.496900451897851
48.641 0.45807064771652223 -9.674969005584718 1.0225635468959808 -10.193893129770991 -5.7946564885496175 -4.929007633587786 352.02 99.41999999999999 331.61999999999995 1.6695035658392687 0.8844956589948263 2.4698447283124527
48.656 0.4842272996902466 -9.691967868804932 0.9949703752994538 -8.655725190839693 -5.396183206106871 -4.538167938931298 352.49999999999994 98.34 331.97999999999996 1.6676140163176982 0.8844956589948263 2.4542610320814697
48.671 0.4617218017578125 -9.714413452148438 0.9440337300300599 -7.432061068702291 -5.149618320610687 -4.100763358778626 352.14 98.46 332.58 1.6675317012902489 0.8849807714509577 2.4383642523913016
48.701 0.4623802095651627 -9.711540412902831 0.9394248962402344 -6.021374045801527 -4.423664122137405 -3.6900763358778628 352.31999999999994 98.16 332.64 1.667778690988445 0.8849807714509577 2.440617016908561
48.716 0.47620672583580015 -9.673532485961914 0.9661202430725098 -4.483206106870229 -3.887786259541984 -3.2274809160305344 352.55999999999995 98.63999999999999 332.28 1.667778690988445 0.8852233271554051 2.431186284380424
48.731 0.4792593330144882 -9.679637718200684 0.9661800980567932 -2.2954198473282448 -3.4679389312977094 -2.690839694656489 352.79999999999995 98.52 332.15999999999997 1.6769672278146868 0.8849802581687148 2.4351522905272
48.761 0.4771644026041031 -9.766068458557129 0.9601347327232361 0.22595419847328202 -2.777099236641221 -2.150381679389313 352.55999999999995 98.39999999999999 332.64 1.6817003525627445 0.8848589164192763 2.4440199441747033
48.776 0.4704606384038925 -9.797073364257812 0.9805453002452851 1.7885496183206109 -2.2458015267175573 -1.7351145038167939 352.08 98.75999999999999 332.28 1.6799704722675297 0.8847373175017429 2.449616691232139
48.791 0.4716577410697937 -9.79180612564087 1.0264541149139403 3.0595419847328245 -1.6770992366412212 -1.337404580152672 352.02 98.33999999999999 331.62 1.6796403375386344 0.8842516928106056 2.45762606690496
48.821 0.45765165984630585 -9.780792808532714 1.0624868512153625 4.2236641221374045 -1.3251908396946566 -1.0152671755725193 351.48 98.03999999999999 331.56 1.6775824411632545 0.8840086238239154 2.465558058254516
48.836 0.42694602310657503 -9.762656688690186 1.095287412405014 5.5007633587786255 -1.053435114503817 -0.7183206106870228 351.18 97.85999999999999 331.98 1.675031095629878 0.8835224847898185 2.4661792505610327
48.851 0.39558198153972624 -9.750865268707276 1.1288660943508149 7.133587786259542 -0.6366412213740459 -0.3679389312977099 350.82000000000005 97.85999999999999 331.86 1.673712012226548 0.8834008858722854 2.4661792505610327
48.881 0.38049851059913636 -9.739552688598632 1.17459534406662 8.996946564885496 -0.10839694656488548 0.012977099236641232 350.1 98.1 331.62 1.672888039298551 0.8826724462006524 2.4698310365240985
48.896 0.372657498717308 -9.732789039611816 1.2306196570396424 10.786259541984732 0.2160305343511451 0.2923664122137405 349.56 98.03999999999999 331.91999999999996 1.671816775596667 0.8825507179026844 2.4728637459963942
48.911 0.3427898302674294 -9.747513389587402 1.260846447944641 12.270229007633587 0.32824427480916035 0.44961832061068707 349.25999999999993 97.97999999999999 332.21999999999997 1.6723120698311948 0.8819433649135787 2.4765993408514815
48.941 0.32698809951543806 -9.744879722595215 1.316391921043396 13.244274809160306 0.6290076335877861 0.483206106870229 348.17999999999995 97.26 332.21999999999997 1.6729724624496556 0.8819433649135787 2.48463307390256
48.956 0.30478187948465346 -9.682929706573486 1.408089852333069 13.929007633587787 0.8374045801526717 0.5083969465648857 347.7 97.02000000000001 332.34 1.6734676647064906 0.8815785676289204 2.492602540270515
48.971 0.29017724841833115 -9.632771205902099 1.4835670709609985 15.030534351145036 0.9282442748091603 0.6755725190839694 347.28 96.84 333.36 1.6734676647064908 0.8815785676289204 2.5023559309695704
49.001 0.2650381296873093 -9.6486328125 1.5346832871437073 16.664122137404583 1.2083969465648854 0.9618320610687023 346.86 97.62 334.14 1.6734676647064908 0.8817001665464537 2.499164483885415
49.017 0.2467823415994644 -9.670060920715333 1.6055516600608826 18.202290076335878 1.6847328244274806 1.2351145038167939 347.16 97.80000000000001 334.44000000000005 1.6730549579305491 0.881821765463987 2.4927081158844295
49.031 0.2441487193107605 -9.66299810409546 1.6977882862091065 19.43587786259542 1.9954198473282445 1.4091603053435113 347.22 98.1 334.38 1.6728072878926867 0.8819434937619551 2.492630459857863
49.061 0.2396595910191536 -9.645281028747558 1.7788320064544678 20.595419847328245 2.056488549618321 1.5404580152671756 346.56000000000006 98.28 334.68 1.6727247158456406 0.8820650926794885 2.493018719910792
49.076 0.22631191611289977 -9.64917163848877 1.8428170442581178 21.861832061068704 2.2045801526717557 1.6687022900763355 346.14000000000004 97.86 335.46 1.672064445864676 0.8824298899641467 2.4895222319676074
49.091 0.22188264429569243 -9.653660774230957 1.9152416467666626 22.955725190839694 2.5946564885496186 1.863358778625954 344.88 97.56 335.76 1.6715691516301487 0.8830372429532524 2.4847027003200504
49.121 0.22116438299417496 -9.618645572662354 1.9928736448287965 23.731297709923666 2.772519083969466 2.0358778625954197 343.62 97.14000000000001 335.82000000000005 1.6718165924592647 0.8832805701687537 2.4775479695427225
49.136 0.22499510496854783 -9.553044414520263 2.087205195426941 24.838931297709927 2.8022900763358782 2.225190839694657 342.96 97.68 336.24 1.6728876608782126 0.8836449809048824 2.4639169673032457
49.151 0.21577742844820022 -9.523057079315185 2.12700879573822 26.371755725190845 2.7488549618320612 2.5381679389312977 341.93999999999994 97.74 336.9 1.6744522208405779 0.8838883081203839 2.447545777479865
49.181 0.20781670808792113 -9.503604125976562 2.1942260026931764 28.228244274809164 3.1511450381679387 2.879389312977099 340.62 97.97999999999999 337.14 1.676428693000544 0.8842527188565127 2.432583919912857
49.196 0.20931308418512345 -9.437105178833008 2.292627692222595 30.02137404580153 3.316793893129771 3.150381679389313 339.2399999999999 97.91999999999999 336.9599999999999 1.678734584947268 0.8841311199389793 2.429008505897605
49.212 0.20117279887199402 -9.368571186065674 2.3778014183044434 32.23664122137404 3.1625954198473285 3.463358778625954 337.91999999999996 97.67999999999998 337.19999999999993 1.6821897395754533 0.8844951457125834 2.4280764467025246
49.241 0.18267759010195733 -9.322542667388916 2.4638131141662596 35.06488549618321 3.2152671755725195 3.857251908396946 336.23999999999995 97.32 337.56000000000006 1.6859726247651907 0.8843734174146152 2.428076446702524
49.256 0.17621324583888054 -9.256223201751709 2.5804107427597045 37.9969465648855 3.3045801526717553 4.304580152671756 335.03999999999996 97.44 337.56000000000006 1.6896735983324767 0.8846162292332107 2.4276105406062594
49.271 0.15652093775570391 -9.173443698883057 2.694913458824158 41.060305343511445 3.131297709923664 4.896946564885496 333.54 97.86 338.1 1.6939484202736956 0.8843731602465205 2.427144670143142
49.301 0.1280299361795187 -9.077196788787841 2.842515993118286 44.693893129770984 3.2152671755725195 5.561832061068702 331.98 98.34 338.1 1.6975681160491227 0.8838875355553831 2.426212857338027
49.316 0.09852140061557293 -9.010637950897216 3.0010720014572145 48.94198473282442 3.4717557251908397 6.361832061068702 330.0 98.52 338.76000000000005 1.701345646529149 0.8836442083398817 2.425436366784635
49.332 0.05045780204236507 -8.967482471466065 3.1609448432922362 53.41068702290075 3.7412213740458014 7.172519083969466 327.84000000000003 99.0 338.64 1.7038079122622 0.8831580693057848 2.4251257547489944
49.361 0.005626374110579491 -8.935160732269287 3.3567306995391846 57.66259541984732 4.167175572519084 7.9511450381679385 325.86 98.82 338.22 1.706022212830955 0.8830364703882514 2.4255917588594538
49.376 -0.02214636616408825 -8.84358253479004 3.5652058124542236 61.174809160305344 4.331297709923665 8.699236641221374 323.82 98.94 338.1 1.7083175357697118 0.8825503313541546 2.425281130669214
49.391 -0.0633266355842352 -8.714056253433228 3.777751064300537 64.96946564885496 4.50381679389313 9.492366412213741 321.3 99.17999999999999 338.21999999999997 1.7128959137789845 0.8824286030561865 2.4240386160958023
49.421 -0.12695254497230052 -8.635885572433471 3.9845502376556396 69.12671755725191 5.016030534351145 10.40763358778626 318.78 99.9 337.97999999999996 1.7177892755097517 0.8816993918531886 2.4243492688577195
49.436 -0.16466122306883335 -8.559450674057008 4.213256359100342 72.54503816793894 5.707633587786259 11.180152671755724 315.65999999999997 100.25999999999999 337.85999999999996 1.7222737318382102 0.8818211201511567 2.424349268857719
49.451 -0.17411831952631474 -8.444588899612427 4.44363842010498 74.62977099236642 6.134351145038169 11.740458015267176 311.76 100.44 337.67999999999995 1.7287040448480113 0.8812131229031672 2.425358824632238
49.481 -0.24079683870077134 -8.23922619819641 4.713644504547119 76.3503816793893 6.173282442748091 11.934351145038168 308.69999999999993 100.85999999999999 336.78000000000003 1.7344003333252942 0.8812131229031672 2.426912009933002
49.496 -0.316094484180212 -8.101799011230469 4.919605731964111 78.61679389312977 5.923664122137405 12.36946564885496 305.5199999999999 101.28 336.24 1.741156295167811 0.8812131229031672 2.4284651952337657
49.511 -0.35853170827031133 -8.001781272888184 5.161420106887817 80.86717557251909 6.500763358778625 12.748091603053435 302.34 101.46 334.98 1.7488688860234678 0.8814564501186688 2.4304845000972706
49.541 -0.3970783554017544 -7.817248201370239 5.402456331253052 81.71374045801528 6.658778625954199 13.081679389312976 298.97999999999996 100.97999999999999 334.86 1.75472887257455 0.881578178416637 2.4454428117634235
49.556 -0.4748899035155773 -7.499477767944336 5.7499746799469 83.37022900763358 6.52442748091603 13.13053435114504 295.38 101.46 333.66 1.7750614175030048 0.8816997773341703 2.4479295158880574
49.571 -0.5680842101573944 -7.397125625610352 5.996158456802368 86.80916030534351 5.550381679389313 13.056488549618319 291.96000000000004 101.16 332.52000000000004 1.7838197927598158 0.8819431045496717 2.452981717925425
49.601 -0.6144120112061501 -7.302973651885987 6.280110788345337 89.03664122137407 4.862595419847329 12.516793893129769 288.12 101.39999999999999 331.68 1.7930207398246392 0.8823079018343302 2.4591223485472113
49.616 -0.6406883791089057 -7.102818346023559 6.547543096542358 88.59389312977099 3.874045801526717 12.012213740458016 283.98 101.57999999999998 330.53999999999996 1.810939772068723 0.8826730872637241 2.480126035519112
49.632 -0.6906074836850167 -6.846758413314819 6.810606002807617 87.66106870229008 3.067175572519084 11.670992366412213 280.62 101.22 329.46 1.8313861243149467 0.8831587119548614 2.4917251936534455
49.661 -0.7770980179309845 -6.596624183654785 7.07187328338623 87.65038167938933 2.725190839694657 11.262595419847328 277.38 100.85999999999999 328.86 1.854371758831603 0.8835238973842552 2.5026249689161846
49.677 -0.8079832136631012 -6.37342472076416 7.311891984939575 87.57862595419849 2.5946564885496186 11.047328244274809 274.26000000000005 100.14 327.29999999999995 1.883236318291559 0.8840095220753927 2.5186888517550385
49.691 -0.8429385542869567 -6.081332111358643 7.559871435165405 86.96259541984733 2.0824427480916032 10.742748091603051 271.02000000000004 99.54 325.62 1.9122429966077958 0.8840095220753927 2.5465613649423267
49.721 -0.8922591090202332 -5.7341728687286375 7.8052770614624025 86.8351145038168 0.9213740458015266 10.387786259541983 268.08000000000004 99.36000000000001 324.23999999999995 1.9397828253718234 0.8843735478489968 2.5855091914937516
49.736 -0.9282319903373718 -5.482183122634888 8.018779993057251 88.28702290076338 -0.2305343511450381 9.79236641221374 265.44 98.52000000000001 322.32 1.9673970584535472 0.8843735478489967 2.608969833516838
49.751 -0.9444527149200439 -5.2814891815185545 8.126219844818115 88.45114503816794 -1.2206106870229008 9.427480916030536 262.67999999999995 97.44000000000001 321.48 1.9820901992127318 0.8846163596675922 2.6453295035673112
49.781 -0.9459490895271301 -4.906437516212463 8.32565689086914 87.4381679389313 -1.1793893129770991 9.274045801526718 259.5 96.53999999999999 319.38 2.0164458291647813 0.8844947607500588 2.675828372197352
49.796 -0.9830592215061188 -4.600099396705628 8.466016912460328 87.69312977099236 -1.483969465648855 9.313740458015268 257.21999999999997 94.86 317.7 2.0489993374675906 0.884373290680902 2.711298407338519
49.813 -1.0091560125350951 -4.275625205039978 8.629959917068481 88.78778625954199 -1.668702290076336 9.177099236641222 254.45999999999998 93.66 315.53999999999996 2.072618101790441 0.8841299634654005 2.731377002612372
49.841 -1.044949322938919 -3.9192482948303224 8.79013204574585 90.30458015267176 -2.0358778625954193 9.222900763358776 251.75999999999993 93.11999999999999 313.44 2.102399890355648 0.8837659376917963 2.743214662718075
49.856 -1.053927582502365 -3.6007596015930177 8.948089504241944 92.86335877862595 -2.5381679389312977 9.505343511450382 249.06 92.22 310.73999999999995 2.1296382207525766 0.8836443387742632 2.7654955227691707
49.871 -1.0850522100925446 -3.3664271354675295 9.08180570602417 96.25190839694659 -3.2923664122137395 9.401526717557251 245.82 91.49999999999999 308.81999999999994 2.140693799142963 0.882915127571265 2.774774955030893
49.901 -1.0672154068946837 -3.1139585852622984 9.197505474090576 98.74351145038169 -3.8488549618320613 8.914503816793893 243.35999999999999 90.35999999999999 306.84 2.146539104794284 0.8829151275712652 2.775804157462344
49.916 -1.072303092479706 -2.837547981739044 9.291118812561034 100.02977099236641 -3.9717557251908397 8.597709923664123 240.66 88.26 304.14 2.157356460691671 0.8821859163682673 2.7676709569374456
49.931 -1.0829572916030883 -2.486737596988678 9.401431655883789 100.53664122137404 -3.8366412213740455 8.536641221374047 237.6 87.12 302.16 2.167020811688965 0.8821859163682673 2.769110338966945
49.961 -1.0899603247642518 -2.1866244077682495 9.481637382507325 101.46564885496183 -3.512213740458015 8.553435114503817 235.13999999999996 86.46 299.82 2.178927144518663 0.88145593045151 2.763128383979377
49.976 -1.0940903186798097 -1.8556260153651238 9.532633876800537 101.56183206106871 -3.060305343511451 8.702290076335878 232.61999999999998 85.5 297.78 2.1835862055936737 0.8813342021535417 2.7760493086366553
49.992 -1.0934917688369752 -1.4003086969256402 9.679637908935547 101.39923664122138 -2.4526717557251905 8.887786259541985 229.85999999999999 85.37999999999998 294.65999999999997 2.1936703731933944 0.8812126032360084 2.7760493086366553
50.021 -1.142333483695984 -1.070327851176262 9.761459732055664 103.5793893129771 -2.6099236641221375 8.632061068702289 227.93999999999997 84.3 292.26 2.210648098790773 0.8812126032360084 2.779988821501089
50.036 -1.118032342195511 -0.7883507579565048 9.822272396087646 105.40687022900764 -2.722137404580152 8.194656488549619 225.78000000000003 82.74 289.26000000000005 2.219869206647719 0.8810910043184752 2.8076202734453575
50.051 -1.1464036345481872 -0.4738125175237656 9.863572311401366 106.03129770992366 -2.669465648854961 7.623664122137406 223.56 81.96 286.2 2.2186293932240977 0.8812126032360084 2.814484734963006
50.081 -1.142094075679779 -0.1462857097387314 9.876441097259521 105.42137404580151 -2.0244274809160303 7.491603053435114 221.64000000000001 80.63999999999999 282.96 2.227238717495013 0.881456189747869 2.82248861678134
50.096 -1.1690887033939361 0.26509800255298616 9.947848129272462 103.88473282442749 -0.698473282442748 7.487022900763359 219.3 79.38 279.3 2.248182728850961 0.8816992587345593 2.82836733320185
50.111 -1.1823765218257904 0.7210737258195877 10.086891365051269 103.47862595419846 0.03587786259541988 6.9900763358778635 217.32 79.44 277.2 2.2605099442338155 0.88218591423311 2.835379895162032
50.141 -1.2236764967441558 1.057040074467659 10.12058973312378 104.78625954198473 -0.1694656488549618 6.250381679389313 215.7 79.26 273.41999999999996 2.2697456236138445 0.8825503249692387 2.8354599297109795
50.156 -1.2129025876522064 1.3245921164751053 10.147045612335205 105.68091603053435 -0.131297709923664 5.434351145038167 214.13999999999996 77.94000000000001 269.58000000000004 2.2737018845729273 0.8830374990674004 2.8456936354231592
50.171 -1.227447360754013 1.6809091880917548 10.218572330474853 105.18702290076335 -0.1580152671755725 4.241221374045802 211.8 77.04 266.15999999999997 2.2706743877319275 0.8835236381014973 2.8352456208405212
50.201 -1.259170526266098 1.9765931084752082 10.20552396774292 104.13053435114504 -0.16259541984732823 3.2595419847328246 210.0 75.72 262.8 2.261599929290952 0.8837667070881874 2.8322047012983216
50.216 -1.24564328789711 2.3423672676086427 10.2192307472229 101.7732824427481 0.4236641221374047 2.6938931297709923 208.32 74.64000000000001 259.2 2.2486574778808737 0.8843740600772929 2.8260222538337723
50.231 -1.2649764657020568 2.69670912027359 10.232877731323242 99.84351145038167 0.7450381679389315 2.0053435114503815 207.12000000000003 73.8 255.95999999999998 2.2332334191147565 0.8843740600772929 2.8144193161746864
50.262 -1.267669939994812 3.01507807970047 10.22940616607666 98.10381679389313 0.6458015267175573 1.2045801526717557 206.45999999999998 73.14 251.94 2.2251688254946163 0.884738085850897 2.8126583100483282
50.276 -1.2585719704627991 3.327940380573273 10.231979942321777 95.9763358778626 0.5435114503816794 0.4396946564885497 206.04000000000002 72.36 248.28000000000003 2.218577793792144 0.884738085850897 2.8173644698502343
50.291 -1.2507309556007384 3.620811092853546 10.24143705368042 93.92290076335878 0.10076335877862601 -0.2954198473282442 205.38000000000002 72.06 245.34 2.2058673731715768 0.8848594276003358 2.821597590833422
50.321 -1.2465410947799682 3.8303037524223327 10.103471183776856 91.07022900763359 -0.4267175572519082 -0.665648854961832 204.24 70.92 240.84 2.1998230742604785 0.8844946303156773 2.8215975908334223
50.336 -1.20901198387146 4.1275439143180845 10.06917428970337 86.39923664122138 0.32595419847328244 -0.7297709923664122 204.06 70.26 237.18 2.197109194271709 0.8842518184970819 2.821757681895286
50.351 -1.2254122734069823 4.539466333389282 10.084976100921631 82.52442748091605 0.40839694656488545 -0.8923664122137405 203.28 70.08 233.64000000000001 2.1971867305735815 0.8840084912815804 2.81774603482762
50.381 -1.2025476455688477 4.727471041679382 10.020272827148437 81.14580152671756 0.21832061068702288 -0.8076335877862595 204.66 69.3 230.1 2.202541249385504 0.8835223522474835 2.8256905273300106
50.396 -1.1562198460102082 4.89590311050415 9.923367500305176 78.56183206106871 7.633587786259333E-4 -0.9351145038167938 205.32 68.88 226.32000000000002 2.207119602683444 0.8832792832607934 2.8256106441240205
50.411 -1.1299434840679168 5.140949678421021 9.866265773773193 74.58854961832063 -0.22366412213740464 -1.199236641221374 205.44 68.39999999999999 222.96000000000004 2.2067317942128866 0.8825500720577955 2.822735212106165
50.441 -1.1297040641307832 5.377616500854492 9.793182754516602 70.49160305343511 -0.3954198473282443 -1.281679389312977 205.73999999999995 68.69999999999999 219.06000000000003 2.2023058799349973 0.8824283437598274 2.8196200188411606
50.457 -1.097502052783966 5.57549729347229 9.712797451019288 66.04732824427481 -0.10839694656488552 -1.0984732824427481 205.79999999999995 67.55999999999997 216.11999999999998 2.2031595896276324 0.8816991325568294 2.818341487197543
50.471 -1.0769717693328857 5.792771100997925 9.64510145187378 61.42595419847328 0.06793893129770993 -1.065648854961832 205.49999999999994 67.49999999999997 213.3 2.2061848210257473 0.8816991325568294 2.8165838176181257
50.501 -1.0734403252601623 5.9616820335388185 9.525870227813721 56.969465648854964 -0.05419847328244278 -1.1122137404580152 206.09999999999997 67.02 210.42 2.206495082593643 0.88109113530884 2.8185074021343093
50.516 -1.071405255794525 6.163273811340332 9.476370143890382 52.41450381679389 -0.03358778625954201 -1.1923664122137405 206.21999999999997 67.5 208.14000000000001 2.2073476866058184 0.8812128636068082 2.8219540080904397
50.531 -1.0575188875198365 6.293817663192749 9.39299201965332 48.58549618320611 -0.39236641221374047 -1.366412213740458 206.4 66.96000000000001 205.8 2.2082007871725957 0.8809695363913066 2.8228350357767695
50.561 -1.018852525949478 6.333800792694092 9.250596809387208 43.73893129770993 -0.4931297709923664 -1.4106870229007633 206.82 66.78 203.82 2.2068049369401974 0.8810912646892749 2.8237159821875593
50.576 -1.0082581877708434 6.486251544952393 9.138428497314454 37.03358778625955 -0.49160305343511446 -1.5404580152671756 206.7 66.66 201.78 2.2068824820260025 0.8810912646892749 2.820256172192166
50.591 -1.0235810816287993 6.695444917678833 9.071510505676269 30.971755725190842 -0.46412213740458 -1.5106870229007634 206.76 66.35999999999999 200.39999999999998 2.2081231340938805 0.8812128636068082 2.8248211513891044
50.621 -0.9977237045764923 6.775231647491455 8.99226245880127 26.98396946564885 -0.2687022900763359 -1.3106870229007632 207.42 66.05999999999999 199.14 2.2102944270708793 0.8816995191053589 2.832027538632136
50.636 -0.9733627021312714 6.738839817047119 8.89906816482544 23.76412213740458 -0.3 -1.3152671755725192 207.9 65.22 198.06 2.218442987649625 0.8819428463208604 2.8393940819150965
50.651 -0.9491214096546173 6.7032859325408936 8.783488082885743 19.933587786259544 -0.6030534351145038 -1.4854961832061069 207.6 65.52 197.28 2.222786179547715 0.8824295018194113 2.8412325496739887
50.681 -0.9315240263938904 6.7397376537323 8.710883903503419 15.621374045801527 -0.8022900763358779 -1.6351145038167938 207.84 64.91999999999999 196.07999999999998 2.2243367811898613 0.8827939125555397 2.851833187853562
50.696 -0.9071630239486694 6.782294607162475 8.655637741088867 12.352671755725192 -0.9526717557251908 -1.664885496183206 207.77999999999997 64.85999999999999 195.18 2.2247245751543834 0.8830374990674004 2.85569361358944
50.711 -0.8763975322246551 6.70406403541565 8.550113296508789 10.230534351145039 -0.9358778625954198 -1.6221374045801529 208.37999999999997 63.9 194.7 2.2223990147351977 0.8835231237585377 2.8569796592564023
50.741 -0.8402450859546662 6.640677547454834 8.466256427764893 7.3801526717557255 -0.6106870229007634 -1.4557251908396946 209.03999999999996 63.59999999999999 194.4 2.2251899559976125 0.8837664509740393 2.8601910942533038
50.756 -0.8285733520984649 6.669527673721314 8.411189842224122 4.305343511450382 -0.42748091603053434 -1.4381679389312976 209.22000000000003 63.17999999999999 193.86 2.229531416980382 0.8842520756651766 2.856832207398501
50.771 -0.8157643735408783 6.660549449920654 8.364443016052245 2.4709923664122138 -0.31526717557251915 -1.4687022900763358 208.74 63.65999999999999 193.74 2.2284456617818966 0.8844954028806781 2.8515490814250124
50.801 -0.7789535164833069 6.5295267581939695 8.274121761322021 1.3541984732824432 -0.2687022900763359 -1.5931297709923664 208.5 63.779999999999994 193.74 2.226972350281373 0.8848594286542821 2.846984102228075
50.816 -0.7854777157306672 6.469192886352539 8.201397895812988 -0.8152671755725187 -0.27786259541984737 -1.8541984732824428 208.38000000000002 64.5 193.73999999999995 2.2253439790564604 0.884616359667592 2.841933424421439
50.832 -0.7810484409332276 6.492356777191162 8.13657488822937 -3.196946564885496 -0.06412213740458009 -1.9282442748091604 207.95999999999998 64.92 194.04 2.22231958481224 0.884737829736749 2.8352848194369282
50.861 -0.7904456794261933 6.499419641494751 8.110777330398559 -4.197709923664122 0.2648854961832061 -1.9091603053435116 208.56 64.92 193.92 2.2192953437547622 0.8843730324520905 2.830735417321424
50.876 -0.7869740903377533 6.41837592124939 8.062234878540039 -3.893893129770992 0.581679389312977 -1.869465648854962 209.04000000000002 65.4 194.16 2.215340267549163 0.8841302206334951 2.81814153665949
50.892 -0.7736264169216156 6.3346985340118405 8.03212776184082 -3.830534351145038 0.9061068702290077 -1.8404580152671755 209.52000000000004 65.76000000000002 194.28000000000003 2.2137888642224395 0.8841302206334951 2.807646418044031
50.921 -0.7753023564815521 6.325420999526978 8.03212776184082 -4.222900763358778 1.104580152671756 -1.8816793893129773 210.0 66.12 194.76000000000002 2.2147191965931734 0.8835228676443897 2.7983655586451737
50.936 -0.7787739515304566 6.3137492656707765 8.030152511596679 -4.1152671755725185 1.214503816793893 -2.0427480916030536 209.1 66.54 195.18 2.2106873240245637 0.8834012687268563 2.788845937571173
50.951 -0.769257003068924 6.280050897598267 8.033504390716553 -3.5564885496183196 1.2786259541984735 -2.2366412213740454 208.74 66.66 195.3 2.2041735811494454 0.8826720575238584 2.785897194909264
50.981 -0.7794323563575745 6.25245771408081 8.03817310333252 -2.7450381679389313 1.3145038167938934 -2.448854961832061 209.22000000000003 66.3 195.78000000000003 2.2020011601593663 0.8825504586063252 2.7831876585706485
50.996 -0.7996633648872375 6.2574855327606205 8.066783809661866 -1.7404580152671758 1.4633587786259543 -2.447328244274809 209.76 66.24 196.07999999999998 2.1992857702807873 0.8816992587345593 2.7795205375859107
51.011 -0.7772775769233704 6.211995697021484 8.08952875137329 -0.325954198473283 1.7900763358778626 -2.2656488549618317 208.92000000000002 65.52 195.72 2.2014568159237085 0.881577530436591 2.7770458966169302
51.041 -0.7731475830078125 6.175663661956787 8.118917608261109 0.5450381679389312 1.9877862595419846 -2.155725190839695 208.92 65.76 195.48 2.2061865109782466 0.8812127331519326 2.775530903659445
51.056 -0.7894880115985871 6.211397123336792 8.146151685714722 0.8145038167938932 2.1763358778625954 -1.9694656488549622 208.26 65.58000000000001 195.66 2.2116909762353605 0.8813344614499009 2.77648679763976
51.071 -0.8001422107219696 6.239768409729004 8.166382694244385 1.370992366412214 2.438167938931298 -1.650381679389313 207.54000000000002 65.69999999999999 196.01999999999998 2.2165762142813827 0.8810911342343994 2.7756906910792627
51.101 -0.8132504642009735 6.193560314178467 8.166681957244872 2.225954198473283 2.62824427480916 -1.429770992366412 206.88000000000002 66.24 195.95999999999998 2.221616386062557 0.8812127331519326 2.7780032545266033
51.116 -0.8189965486526489 6.146633958816528 8.161833667755127 2.3694656488549617 2.691603053435115 -1.347328244274809 206.7 66.06 195.29999999999998 2.22254657036102 0.8814560603674341 2.780873162859298
51.131 -0.8502408802509308 6.159442901611328 8.168717002868652 1.7404580152671756 2.763358778625954 -1.162595419847328 207.0 66.0 193.79999999999998 2.2262684036032665 0.8815776592849675 2.7841415355799315
51.161 -0.8746018826961517 6.17704029083252 8.176498126983642 1.4679389312977105 3.0114503816793894 -0.7854961832061069 207.54000000000002 66.9 193.73999999999995 2.2331696360915894 0.8819428447143615 2.7874894822106793
51.176 -0.8863334715366363 6.160999155044555 8.175121402740478 1.4870229007633586 3.3213740458015266 -0.3839694656488549 206.51999999999998 67.08 193.07999999999998 2.245572641361201 0.8821859137010517 2.790518311434856
51.191 -0.8878298461437225 6.157527589797974 8.162252616882324 1.0374045801526717 3.4908396946564886 -0.1381679389312977 206.04000000000002 66.72 192.71999999999997 2.252706813174691 0.88255148888168 2.7936264480900186
51.221 -0.9191340327262878 6.19403920173645 8.141841983795166 0.24503816793893124 3.4473282442748094 -0.04122137404580154 206.16000000000003 66.6 192.6 2.2587513722756847 0.883037627915777 2.7945835747077776
51.236 -0.9470264852046967 6.253594970703125 8.12107219696045 -0.10076335877862586 3.4526717557251914 0.07786259541984733 206.04000000000002 66.0 192.24 2.2618510500203226 0.8834024252004353 2.7961783733749197
51.251 -0.9616311192512512 6.251440191268921 8.091683340072631 0.14122137404580157 3.4656488549618323 0.13740458015267176 206.21999999999997 66.06 192.06 2.2642531671396133 0.8837668359365638 2.7972150360675663
51.281 -0.9685743033885956 6.286036396026612 8.083423376083374 0.18625954198473285 3.3351145038167944 0.04274809160305344 206.58 65.69999999999999 191.45999999999998 2.268980082255584 0.8838885642345321 2.7997649679713468
51.296 -0.9984419643878937 6.333441591262817 8.063731050491333 0.4969465648854962 3.146564885496183 -0.04580152671755726 206.64000000000001 64.31999999999998 191.16 2.2726221829688154 0.8842525900081363 2.7987275836241734
51.311 -1.002033269405365 6.373185348510742 8.056069612503052 1.0572519083969467 3.189312977099237 0.07557251908396947 206.28000000000003 64.55999999999999 190.92000000000002 2.2790537335298504 0.8841309910906029 2.797450969627062
51.341 -0.9995193541049957 6.412210845947266 8.071871328353883 1.787786259541985 3.1877862595419844 0.0900763358778626 206.51999999999998 64.32000000000001 191.52 2.2890498657432365 0.8844950168642068 2.7951380054781394
51.356 -0.9929951548576355 6.396169710159302 8.070973539352417 2.5526717557251906 3.0755725190839693 -0.006106870229007621 206.45999999999998 63.660000000000004 191.46 2.294163849727156 0.8842516896487054 2.790199961704822
51.371 -0.9796474814414978 6.38653302192688 8.060080003738403 2.662595419847328 2.9244274809160307 -0.08091603053435115 207.42 63.05999999999999 191.7 2.2966434729312137 0.8841302195795485 2.7854220248439807
51.401 -0.9859921157360076 6.405985879898071 8.061217260360717 2.5648854961832064 2.7221374045801525 -0.23969465648854965 207.54000000000002 63.42 191.7 2.30470203218339 0.8840084912815804 2.7804856505067423
51.416 -0.9916783511638642 6.412510061264038 8.067681646347046 2.5923664122137406 2.5656488549618315 -0.332824427480916 207.6 64.2 190.92000000000002 2.3060966899585056 0.8836440805454517 2.7757891300829067
51.431 -0.9906009495258331 6.390722846984863 8.076121282577514 2.72824427480916 2.4236641221374042 -0.42977099236641225 207.84 63.96 191.16 2.312373077220493 0.8834010115587617 2.771012803949414
51.461 -0.9800664603710174 6.378452587127685 8.096292495727539 2.6213740458015264 2.2656488549618317 -0.5572519083969466 208.43999999999997 64.08 191.04 2.317487044933653 0.8829148725246647 2.767031885235978
51.476 -0.9783905148506165 6.347627258300781 8.102098369598389 2.269465648854962 2.0969465648854966 -0.7206106870229008 208.32 63.720000000000006 191.4 2.3197340088292475 0.8827931442266965 2.765676365737048
51.491 -0.9703100919723511 6.3570843696594235 8.117301559448242 1.2664122137404585 2.000763358778626 -0.865648854961832 208.67999999999998 64.32 191.64 2.3238405896258745 0.8820639330236986 2.769352508729678
51.521 -0.9813832700252533 6.392638254165649 8.132804012298584 0.33206106870229024 1.8114503816793892 -1.0709923664122136 208.8 63.959999999999994 191.4 2.3257777282659333 0.8819422047257304 2.77382863879605