57.241 -1.25361078152526 -7.22272894044782 6.4638785557991 9.57985525064955 0.241128019580843 0.00332728273201038 363.086956775339 126.672452554808 70.6512610648284 0.839571017332827 0.864857836092609 0.866486980508724
57.253 -1.26962731930138 -7.20542874270736 6.55125367972663 12.408892626348 1.07961063747009 0.130475470489344 362.958261097805 126.305207299327 71.0861349583455 0.839237732314194 0.864627222404053 0.866340785109045
57.27 -1.28302465664614 -7.20572012365513 6.63312343657087 14.90311786753 1.94645873402842 0.0983439539747605 362.482434988025 126.214686569394 71.597521462511 0.83906454757666 0.864419670084352 0.866209209249334
57.301 -1.28700183737817 -7.18880397409784 6.74283898979488 16.718912951006 2.45562965451871 0.112173680714689 362.474191489222 126.193217912455 72.3577693162599 0.838781909533643 0.864232872996621 0.865967193505903
57.314 -1.30303114868887 -7.14472931322981 6.84218151369747 17.866105625371 2.5177002768531 0.27652883172719 362.1067723403 126.413896121209 72.6819923846339 0.838527535294928 0.864064755617663 0.865872976806506
57.331 -1.34181853131373 -7.11086808768686 6.9212348848497 18.5901820857347 2.53157910412962 0.480173658478135 361.59609510627 126.552506509089 72.9137931461705 0.838171674930518 0.864037185237399 0.865416975403758
57.359 -1.38438861366438 -7.05998239929476 6.99884725718932 19.3059730374666 2.89368836928918 0.672614307897497 360.956485595643 126.61725585818 72.8224138315535 0.838105095931351 0.863640750371887 0.865377780514575
57.373 -1.40163272139127 -6.99808425320683 7.0932988027564 20.3532383291398 3.48065541022286 0.744284174817671 360.920837036079 126.615530272362 73.4001724483981 0.837918403052866 0.863531845255403 0.865095172383822
57.39 -1.41266328260328 -6.98217952203898 7.17345695196074 21.431654954241 4.00663567072729 0.601153467259568 360.768753332471 126.733977245126 74.1601552035583 0.838003771933272 0.863557565911365 0.864964560326942
57.42 -1.43725528268539 -6.94883140282764 7.21848494260146 21.7060467107253 4.34719347770036 0.493709876258802 360.031877999224 126.600579520613 74.1241396832025 0.83795398323383 0.863456979240933 0.864970606945441
57.436 -1.45555735184422 -6.86997638067842 7.27816372914881 21.8499458564467 4.68728329023567 0.626018277945899 359.968690199301 126.480521568552 74.8117257148822 0.83803579409614 0.863366451237544 0.86509950916763
57.451 -1.47520152825419 -6.78464161683238 7.35725319806132 22.5015924921761 5.15214274747164 0.656546221143675 359.311821179371 126.132469411697 75.070553143394 0.837982803180412 0.863532308764982 0.86509206090206
57.479 -1.48120956508789 -6.76787493821188 7.41843792578631 23.2216622505921 5.59418038112143 0.542036637197247 358.540639061434 125.999222470527 75.6034978290546 0.838061732048063 0.863557983069987 0.865085357463047
57.495 -1.49248258669799 -6.69544382866804 7.4861934374069 23.5620914453802 5.8439226483528 0.491649767370652 358.206575155291 126.119300223474 75.9631480461491 0.838259238311408 0.863704687414181 0.865326108277923
57.51 -1.47868628859185 -6.61654900291488 7.5705767563249 24.0799281023689 5.88166778809767 0.415767233381678 357.785917639762 125.987370201127 76.1668332415342 0.838436993948419 0.863960181589496 0.865419460366864
57.54 -1.48554294907746 -6.58157638411754 7.61832998614896 24.5009429257198 5.58281398638714 0.24594623523435 357.287325875785 126.108633181014 76.5901499173808 0.83847050373927 0.86419012634728 0.86538001698137
57.555 -1.5168530607554 -6.50024178952902 7.68656672020008 24.6317646636822 5.09247151904613 0.248069168962824 357.318593288207 126.337769862913 76.6111349256427 0.83887962485887 0.864273616363745 0.865714489446958
57.57 -1.52719535210723 -6.44996512530085 7.74786009471938 25.041870640062 4.72520909996595 0.259903473440587 356.926733959386 126.123992876621 77.1700214330785 0.839121662387552 0.864718728891096 0.865769003418996
57.601 -1.56116369169052 -6.38095366297218 7.80853074265711 25.3934087668955 4.4862759762289 0.109485645180498 356.334060563448 126.291593588959 77.7930192897706 0.839591690717723 0.864749358653179 0.866187629376827
57.614 -1.58497158409144 -6.31315715913224 7.87761930352323 25.6998694169235 4.46436593585792 0.0519721951662649 355.920654507103 125.602434230063 78.2337173607936 0.839509730831643 0.865146896951586 0.866194829355878
57.631 -1.61663390148567 -6.24411971394045 7.92256067746168 25.9184320935518 4.72174613616525 0.0673856626725391 355.668589056393 125.702190807057 78.5103456247142 0.839814929242006 0.86501111243793 0.866447820584015
57.66 -1.64668621673185 -6.1555300863727 7.96456421512323 26.1716270521355 5.32896083552583 0.0667539666342929 355.381730150753 125.731971726351 78.9393110622428 0.839584024811691 0.865382475357862 0.866429001442347
57.673 -1.65607605624793 -6.08765073229171 7.99051608828864 26.6865254156243 6.22736246189691 0.0180938371464361 354.583557135678 125.818774553716 78.9053799560185 0.839881793824049 0.86509939774278 0.866658575461837
57.69 -1.65566836221753 -5.99597335704532 8.03990970422174 27.2010789809321 7.07256514700493 -0.156997989316299 354.16520142211 125.836897098345 79.2948419604167 0.83964420293553 0.865461932132227 0.866495220566846
57.72 -1.64841811439757 -5.93142026229233 8.06628772946607 27.8053985637549 7.49507962467085 -0.251985213285433 353.668681279899 125.85320738851 79.645357764375 0.839809782656546 0.865170908839709 0.866718172673887
57.735 -1.65512085480718 -5.86206969228563 8.0849402904428 28.082873974555 7.48755639502819 -0.15503096676605 353.041813151909 126.527886649659 79.5408219879375 0.839579392884777 0.865156320606931 0.866548858057691
57.751 -1.68850707283522 -5.73991888112287 8.13219377040121 28.6310751267178 7.44032747308262 -0.0364744349749409 352.717631836718 126.415097984693 80.2867397891438 0.839372042090185 0.865019593727741 0.866643258813102
57.781 -1.70263323132013 -5.63363429319674 8.2077020583086 29.9297996751147 7.63980617615604 -0.110689586897294 352.005868653047 126.853588186224 80.7780658102294 0.839185426375052 0.864772804275671 0.866481435582985
57.796 -1.69008794674708 -5.57179626594615 8.27619824804659 31.2207891732521 7.75521487151754 -0.240842002253366 351.665281787742 126.828229367602 81.0402592292065 0.838890700452196 0.864426820126006 0.86645925494142
57.81 -1.70501369758934 -5.49609060976475 8.3367673575681 31.9116873551635 7.40335750650319 -0.225918107371541 351.058753608968 126.985406430841 80.9762333062858 0.838752218900862 0.86423930803411 0.866315832098471
57.84 -1.74382541052541 -5.36528729105207 8.4235414999546 32.3151751081968 6.88668587799027 -0.0491278233519442 350.092878248071 126.826865787757 80.6186099756572 0.838373890175858 0.864070547151403 0.865939418809328
57.854 -1.77899537210501 -5.25576442513656 8.53366060893131 33.1004514905069 6.60870431309201 0.0237238902809601 349.163590423264 127.104179208981 80.4767489780915 0.838413710343965 0.863918662356967 0.865971439845128
57.871 -1.79532544962916 -5.18017820746116 8.63055318451279 33.9591086315325 6.49592548483624 -0.177121781189884 348.747231380938 127.653761288083 80.7690740802824 0.838196156024218 0.863781966041975 0.865753201042118
57.901 -1.8250461442979 -5.12220624891292 8.69836343994456 34.3723580737228 6.42877568444422 -0.238035557269369 348.072508242844 127.608385159275 81.3321666722542 0.838127128915682 0.86353506571568 0.865433050858611
57.914 -1.85939634058283 -5.01550353593264 8.77549374405191 34.4511528007017 6.51032559691583 -0.178354138947012 347.285257418559 127.507546643348 81.1789500050287 0.837938232738763 0.863436729064816 0.865268650954252
57.93 -1.87594632101124 -4.91204907619924 8.8355735925166 34.6388619481124 6.82036173951433 -0.169679030395822 346.816731676703 127.896791979013 81.5210550045259 0.837894997958772 0.863224352436237 0.86524428851002
57.961 -1.88222217373907 -4.81804222575399 8.86175305730058 34.8894795700951 7.15053930602091 -0.0870622723944081 346.335058509033 128.427112781111 81.8889495040733 0.83785608665678 0.863157087113318 0.865222362310211
57.975 -1.87715638708644 -4.68752725164509 8.88956424372751 35.2768674909482 7.4026609479379 0.176605786906101 345.30155265813 128.184401503 82.100054553666 0.837821066484988 0.863220283583489 0.865326088995923
57.991 -1.86164370505428 -4.56940535819902 8.93680052260183 35.8278066960518 7.54636431879297 0.462762002108621 345.091397392317 128.3259613527 82.2900490982994 0.837916169022182 0.863400757876333 0.865542766657511
58.02 -1.87066662903204 -4.42472857340909 8.99038638144394 36.2434993088894 7.41844544416558 0.779844580523713 344.242257653085 128.87336521743 82.0410441884694 0.838128231588115 0.863439587270202 0.865614452908493
58.035 -1.87363973196364 -4.32606307957831 9.02341046455199 36.8603707520462 7.08576120509253 1.15147844308203 343.238031887777 129.006028695687 81.9369397696225 0.838192617614996 0.863598131194375 0.865678970534377
58.05 -1.88373754265323 -4.21469879413483 9.06689880957628 37.5476161195897 6.65962783267488 1.39129243083489 342.514228698999 128.705425826119 82.5032457926602 0.838629527347024 0.863864280991671 0.865860360042119
58.08 -1.91395440556778 -4.06209776638302 9.13357166055225 38.1714804618292 6.20511543108678 1.51323189004148 341.862805829099 128.794883243507 82.6529212133942 0.838770254080473 0.864103815809237 0.8657768266891
58.094 -1.95341986588991 -3.93068249677139 9.22051194551631 38.8940270721349 5.99681762843612 1.62450412088466 341.096525246189 128.695394919156 83.2076290920548 0.839149400165953 0.864072339409816 0.866071618183915
58.108 -1.98379125153145 -3.83425583530531 9.29438884773592 39.5641663496542 6.04522746864594 1.70098500650612 340.28687272157 128.24585542724 83.5868661828493 0.83911166933505 0.864537579632559 0.866090419282257
58.14 -2.00214722712446 -3.75417559822559 9.37757756458586 39.7917191803376 6.07352914926227 1.65073383409978 339.438185449413 128.321269884516 83.6881795645644 0.839456673895072 0.864462726850806 0.866476903653763
58.154 -2.05517919325479 -3.63493760955476 9.45669707787215 39.4583487890214 5.95701592899253 1.66657648122416 338.734366904472 128.689142896065 83.599361608108 0.839388215691258 0.864765740726906 0.86645517620512
58.169 -2.1009327363698 -3.51427574633488 9.5156942707197 38.9346513146994 5.95368074830702 2.07625471096434 337.740930214025 128.540228606458 83.5194254472972 0.839705565615659 0.864668071835718 0.866805184884339
58.198 -2.15192716643765 -3.35342663239475 9.55741927342678 38.6251556488784 6.41938137576639 2.59916359101294 337.086837192622 128.766205745812 83.6874829025675 0.839358825768743 0.864950551213326 0.866627169047098
58.213 -2.17429910891254 -3.21985532383057 9.59640829548596 39.13515916796 7.37362644429662 2.87054494183531 336.97815347336 128.729585171231 83.8387346123107 0.839805137760794 0.864710666012698 0.86695997844212
58.228 -2.19180023783147 -3.11640054172217 9.63078020321153 39.5475974496373 8.19656914337841 2.90868128734644 335.920338126024 128.936626654108 83.7348611510796 0.8395752124786 0.864865562328161 0.866766483249101
58.258 -2.20808996063798 -2.98851546811407 9.65692642605444 39.195891139788 8.54714123667416 3.03613376929882 334.968304313422 129.002963988697 83.7613750359717 0.839621370698892 0.864634176016049 0.866839121485371
58.272 -2.23047199221548 -2.83954094499957 9.67147985049612 38.7549279800077 8.7206713878159 3.11038298778878 334.71147388208 129.182667589828 83.5452375323745 0.839409822122888 0.864549663595947 0.866410379257538
58.288 -2.25420714353409 -2.64261608109425 9.72055081381077 38.8412672430757 9.07074165361446 2.93980270427708 334.120326493872 129.464400830845 83.2307137791371 0.839219428404485 0.864349867157057 0.866395304248518
58.317 -2.26048529983956 -2.54403323637441 9.75633493531055 39.4663008241116 9.34458351878737 2.92444838804784 333.468293844484 129.71796074776 83.0676424012234 0.839048074057922 0.864293785622854 0.866258276474859
58.331 -2.29390837706385 -2.43579592740829 9.78931874753511 39.3219608180363 9.11165188446588 3.21673637367054 332.821464460036 129.766164672984 83.460878161101 0.838767083366779 0.864119576981272 0.866011354008876
58.348 -2.32787973246507 -2.33018220457103 9.80487844993004 38.6332761866144 8.66766226853838 3.80956655309738 332.179318014032 129.869548205686 83.5147903449909 0.838640963523987 0.863962789203849 0.865912721259181
58.377 -2.37581189776837 -2.14367135160565 9.84713373466726 38.1577348274949 8.31310978214256 4.30723585198612 331.421386212629 129.782593385117 83.5033113104918 0.838400683886238 0.863821680204169 0.865576619053967
58.392 -2.42613346849721 -2.03883894497215 9.86355580584165 38.4175338638294 8.30698964362296 4.58719928968827 330.919247591366 129.404334046606 83.3129801794427 0.838311203991499 0.86344679584198 0.865521459799764
58.407 -2.48177780635513 -1.9303041358059 9.86079817142447 38.5750171186678 8.67934411437517 4.96359386453624 330.22732283223 129.663900641945 83.1416821614984 0.838103900306999 0.863481021439284 0.865224483740492
58.437 -2.51713336045167 -1.78012993269551 9.88148019128764 38.72362227703 9.30835626782315 5.3580741727391 329.244590549007 130.25751057775 83.1075139453485 0.838044098770185 0.863264215573259 0.865204538017635
58.452 -2.54195031405647 -1.65269444882919 9.9146387822663 38.839046308869 9.81797865630801 5.58638889286977 328.180131494106 130.491759519975 83.0167625508137 0.837990277387052 0.863069090293836 0.865186586867065
58.468 -2.56027530027472 -1.52399643510624 9.94136900728064 38.4833859527913 9.92244033266194 5.97813168297211 328.062118344695 130.702583567978 83.2950862957323 0.837815066362996 0.863017351185156 0.865170430831552
58.5 -2.58101747983435 -1.38829634860198 9.95010333381698 37.9419175865198 9.72866958183849 6.44825744597261 327.055906510226 131.07232521118 83.4855776661591 0.837910768912389 0.863094521248143 0.86515589039959
58.515 -2.61189588207369 -1.24431918025053 9.96167526056712 37.8713899500052 9.45198582976152 6.66602712122267 326.810315859203 131.585092690062 82.8770198995432 0.837996901206843 0.863287571774522 0.865266264276364
58.529 -2.65812180309026 -1.10803596416148 9.96909726926993 38.2415028634017 9.24342846815941 6.73301219535995 325.809284273283 131.866583421056 82.5093179095889 0.838074420271851 0.863461317248263 0.865365600765461
58.561 -2.68482120515581 -0.972572090378693 9.97565729560832 38.5188792946187 9.25954363661065 6.75971097582395 325.088355845955 131.93992507895 82.35838611863 0.838270657712817 0.863494090704939 0.865578327250095
58.576 -2.67383548928805 -0.837187220589481 9.98293804355603 38.4448539605767 9.22671904394195 6.82114445839423 324.979520261359 132.305932571055 82.162547506767 0.838447271409687 0.863647184285638 0.865646457441818
58.59 -2.68070774060644 -0.680086216273453 9.99439880157836 38.2377731446717 8.7406883609218 7.09551856217313 323.741568235223 132.81533931395 82.1662927560903 0.838732544283288 0.863784968508268 0.866077337997368
58.621 -2.72154883845589 -0.534086472638738 10.0059106311678 38.4888049905099 8.03532181490596 7.36611937771154 322.687411411701 132.613805382555 82.2296634804813 0.838736499040652 0.864155758218621 0.866095567114364
58.635 -2.75387655768342 -0.420463651581071 10.0162712777984 38.9208405219932 7.48904154181231 7.28065247810833 321.798670270531 132.492424844299 82.1066971324331 0.839119020630114 0.864119087578261 0.866358484566653
58.65 -2.76184268361522 -0.314132973697897 10.0299054186343 38.7432602865878 6.86380150976848 6.94037348983948 320.998803243478 132.863182359869 81.5160274191898 0.839084327752795 0.864456465381615 0.866348599026721
58.681 -2.77445898860269 -0.139725975823804 10.0704875887154 38.0292396014405 5.86902441222675 6.86236667520668 320.33892291913 133.496864123882 81.1644246772708 0.839432066471043 0.864513321494647 0.86670926542378
58.694 -2.79706642397857 -0.0114302509716789 10.0930652946876 37.8133385420598 4.74853418474453 6.97154985501425 319.925030627217 133.767177711494 81.2679822095438 0.839112676538588 0.864811275906362 0.866664301798136
58.711 -2.8460238221462 0.105891405908021 10.1015938100797 37.8816230084645 3.99658152962886 6.88584525119222 319.792527564495 134.250459940345 81.3611839885894 0.839457580378256 0.864709053497228 0.866993397918053
58.739 -2.87727649001856 0.211540752084034 10.1031642416938 37.8407889518929 3.93051116292551 6.62779507721803 319.313274808046 134.32541394631 81.2050655897305 0.839389031526123 0.864987434708685 0.866796560777441
58.754 -2.891098537939 0.348403990356008 10.1056549960217 37.280374178841 4.27639134434289 6.30318350842753 318.221947327241 134.572872551679 80.8845590307574 0.83958012838808 0.86486759641932 0.866866191260877
58.77 -2.89456013342489 0.486963647682559 10.1081360471703 36.7332527914912 4.61669114120631 6.06828500491302 317.419752594517 134.495585296511 80.7761031276817 0.839372704043158 0.865006799694121 0.866558477316292
58.801 -2.89564049989655 0.587306336831234 10.0952256941012 36.4713778940215 4.74128156907041 5.95611299297134 316.937777335065 134.78602676686 80.7984928149135 0.839439113106994 0.864761289645413 0.866528592501396
58.814 -2.89433834031827 0.693117209915384 10.0752865216027 36.0349271275201 4.70226791598016 5.99485283871237 316.323999601559 134.027424090174 80.6386435334222 0.83924579029018 0.864787663332065 0.866378235902449
58.83 -2.89424378641492 0.829287852624712 10.0419584996304 35.3375412849971 4.67249913964932 6.05567289835258 315.951599641403 134.484681681157 80.4347791800799 0.838945027975811 0.864440193276761 0.866242914963397
58.86 -2.91576634914916 0.989669804972104 10.0133400040985 34.8320314313066 4.85868434018821 5.96155599019672 314.596439677263 134.836213513041 80.4313012620719 0.838801113672116 0.864375079130588 0.866121126118251
58.874 -2.93358042601861 1.10211084354075 9.9753728936423 34.8724924103133 5.38655636418465 5.80509504766559 313.976795709536 134.672592161737 80.6681711358648 0.83867159079879 0.864192741138233 0.86576418342713
58.89 -2.93590629187927 1.21719413460629 9.95119833621166 34.7066172150835 6.03568698730817 5.70321149709751 313.359116138583 134.945332945563 80.3413540222783 0.838555020212796 0.863904763302313 0.86569026773561
58.921 -2.95410057384705 1.35285139198307 9.91794907754167 34.1687799210561 6.44127859392087 5.63747050005951 312.923204524724 134.710799651007 79.8072186200505 0.83806933534893 0.863769456892786 0.865376410882753
58.936 -2.96951774786951 1.49194176300052 9.89239409898672 33.7938866617749 6.57883012384176 5.70349444241997 312.110884072252 134.319719685906 79.3864967580454 0.838012990307923 0.863399794861735 0.865341272445671
58.951 -2.97926322249509 1.60425426337436 9.87011292578239 33.8083911253684 6.49957306565606 5.84077858596424 311.619795665027 134.327747717316 79.3678470822409 0.83783550799178 0.863314985296266 0.865309647852297
58.981 -2.99509703780357 1.73221043741686 9.86849515737407 33.6832772036713 6.24579896519732 6.01853278843652 311.057816098524 134.574972945584 79.1110623740168 0.837675773907251 0.863114783044542 0.86528118571826
58.994 -3.01934326587746 1.83881171938166 9.85698352844697 33.5241097886476 5.8654938778379 6.28003828821882 309.892034488672 134.497475651026 78.9399561366151 0.837785405702219 0.86318220992159 0.865255569797627
59.011 -3.05624832718339 1.93271780368434 9.84422886304123 33.344981252531 5.54841013890907 6.36806499374808 309.502831039805 134.367728085923 78.9659605229536 0.83788407431769 0.863242894110934 0.865232515469058
59.039 -3.09419143803805 2.03752413114977 9.85399819551763 32.9906357990336 5.43708057539984 6.28622032643434 308.792547935824 134.250955277331 78.1493644706582 0.837846255379806 0.863421107351033 0.865458550483332
59.054 -3.08721982784173 2.13406447220807 9.86141396587065 32.4312668756188 5.43383053312703 6.16675859913442 308.093293142242 134.325859749598 77.8344280235924 0.837938839027518 0.863581499267123 0.865415198086192
59.071 -3.08657174718768 2.24112192078499 9.87557002030287 31.6324149972172 5.38892076225708 5.99664762471716 307.943963828018 134.393273774638 77.5509852212332 0.838148634592918 0.863725851991604 0.865376180928766
59.101 -3.10017411779515 2.32927347973646 9.87268833031482 30.9394025051291 5.20041036542068 5.86873858743628 307.329567445216 134.693946397174 77.5358866991099 0.838463771148195 0.863855769443636 0.865587849397069
59.114 -3.12378872219758 2.40801133294995 9.84992364385927 30.2118744683566 4.94601818384045 5.70094869815831 306.056610700694 135.084551757457 77.2822980291989 0.838494603219068 0.864219479060453 0.865655027374096
59.13 -3.15419966683421 2.50431380492534 9.82835806017402 29.233435113124 4.86973697614342 5.4346706222356 305.990949630625 135.436096581711 77.294068226279 0.838901314390689 0.8643000338056 0.865961998800411
59.161 -3.15828591619998 2.59972485740858 9.79871382062391 28.3161984720406 5.06520602662069 5.28051653711128 305.151854667562 135.81248692354 76.5246614036511 0.839014862419771 0.864742504588765 0.865991761837103
59.174 -3.14460557134512 2.68834813392053 9.77574503789623 27.4815251897221 5.35334191250824 5.04559465439252 304.816669200806 135.371238231186 76.252195263286 0.83949557074672 0.864647159311392 0.866265059817118
59.189 -3.13127573816385 2.75212779005667 9.72730032536638 26.4578001516659 5.33174817927268 4.75706572330441 304.335002280726 135.874114408067 75.4669757369574 0.839549693140199 0.864808406296986 0.866387840396586
59.22 -3.1386120601452 2.86459611380369 9.69303750932144 25.0295773884077 4.90391687279579 4.74242785326405 303.781502052653 135.966702967261 75.1202781632616 0.839850895319707 0.86470647084879 0.866621530520653
59.235 -3.14515490686505 2.97090529076103 9.65160660690004 24.0228028556738 4.51199846795896 4.76360491526589 303.463351847388 135.630032670535 74.5082503469355 0.839743014973429 0.865108297927636 0.86646188011978
59.25 -3.14990621229061 3.04892631773809 9.60156969498933 23.4556370739232 4.50507343032337 4.32312228633472 303.297016662649 135.927029403481 74.3174253122419 0.839898713490655 0.864976373316375 0.866688166271527
59.281 -3.15065093117996 3.12620813016289 9.55551890377409 22.8383176413401 4.67899356820706 3.8305047141898 302.967314996384 135.894326463133 73.8456827810177 0.839659430635475 0.865228022545917 0.866398254825877
59.295 -3.14150496075788 3.19899393049651 9.51185856918281 22.1476156481984 4.78361329535582 3.71844660918303 302.850583496746 136.28489381682 73.961114502916 0.839697167040079 0.86496039021203 0.866630903507014
59.311 -3.13447068706369 3.28108099336422 9.47477889054822 21.5351441597145 4.71441227116375 3.63591492536396 302.265525147071 136.516404435138 73.7050030526244 0.839478038829957 0.86496685384202 0.866346718337816
59.34 -3.1439415804316 3.35986748249826 9.45116355413622 21.0098740185522 4.51625348679547 3.34484251679703 301.438972632364 136.304763991624 73.1745027473619 0.839280823440847 0.864849073639321 0.866461333065214
59.355 -3.15342306421125 3.43586298446205 9.41871685738349 20.714993486926 4.27302508468081 3.0828773490868 300.935075369128 136.594287592462 72.3370524726258 0.838976557811411 0.864743071456891 0.866317702409886
59.371 -3.14711233966879 3.50497719604087 9.38664179106043 20.7610513901418 4.00602791972418 2.80817740043766 300.541567832215 136.554858833215 72.2433472253632 0.83870271874492 0.864647669492705 0.8660648373504
59.401 -3.13143689328431 3.54395622871798 9.38033959620731 20.7360912892955 3.57565413538535 2.23270317184427 300.307411048993 136.399372949894 72.2790125028269 0.83870965605612 0.864438072464139 0.866084316532093
59.415 -3.15264347994922 3.59639535125328 9.36610839384977 20.0189707099843 2.75854673711399 1.86057789282779 300.036669944094 136.319435654904 72.4911112525442 0.838462507165158 0.864373170399227 0.865731054799588
59.43 -3.18232375208675 3.65819517770022 9.35695145384834 19.0254705855508 1.83841725424228 1.87910025621676 300.033002949685 136.487492089414 72.3220001272898 0.838493465634335 0.863943137017532 0.865536854501132
59.461 -3.21286671600466 3.72740211485574 9.33679900637 18.3526945193621 1.33396484179516 1.9003505359386 299.189702654716 136.878742880473 72.7698001145608 0.83826793578555 0.863927728497282 0.865238338971723
59.474 -3.21653307594411 3.78519922255351 9.31237708989437 18.1128449147541 1.45553018967671 1.61565899379512 298.730732389245 136.930868592425 72.8728201031047 0.838191730700881 0.863542239305781 0.865093410256053
59.488 -3.20145730779367 3.8134541549582 9.27722922084024 17.751942102668 1.8031069417014 1.19989462113317 298.85765915032 136.797781733183 72.7855380927942 0.838249766816485 0.863443185295908 0.864962974411951
59.519 -3.18992418592391 3.87126517638254 9.24822980568371 16.9156791901111 1.88386494982134 0.993645617035116 298.491893235288 136.318003559865 72.5869842835148 0.83830199932053 0.863354036687021 0.864969179621949
59.533 -3.17804798971311 3.93257263014932 9.21638415818418 16.0760196680466 1.72372272964837 1.00496807823237 298.102703911759 136.306203203878 72.4682858551633 0.838222387882362 0.863521135669512 0.865098224576487
59.549 -3.15293434999015 4.0073818210681 9.19490576891606 15.5875016707076 1.56127412080567 0.92737203376791 297.992433520583 136.53558288349 72.721457269647 0.838150737588012 0.863424192023265 0.865214365035572
59.576 -3.13446208007598 4.03448749577281 9.17162471808646 15.1501255494384 1.42041388429762 0.627764601383485 297.293190168525 136.502024595141 72.3493115426823 0.838212873014903 0.863460678002441 0.865195431183207
59.59 -3.13657165915487 4.07821577485154 9.1540236514597 14.1679374219754 1.16615875540984 0.446667530558114 297.263871151673 136.471822135627 72.3743803884141 0.838395265181564 0.86374057311893 0.86530185098162
59.607 -3.13422056452081 4.13684455480352 9.14111562148829 13.254960473671 0.94343600963985 0.624901540861081 297.357484036505 136.564639922064 72.2769423495727 0.838559418131559 0.86386901845823 0.865520952444638
59.636 -3.13425935878437 4.18721625738896 9.13111449101061 12.7172506858459 0.967413019362888 0.614319783721538 297.501735632855 136.708175929858 71.7692481146154 0.838833476332973 0.86386102179391 0.865841331363899
59.667 -3.13495269036962 4.21381614387236 9.11517024772009 12.2852202737499 1.10425950368614 0.402506125960071 297.211562069569 136.657358336872 71.4923233031539 0.838827337885368 0.864224206175699 0.865883161144243
59.669 -3.12713712409144 4.24074881476344 9.10345409575082 11.4895226738558 1.16024576705799 0.350805131684675 297.190405862612 136.611622503185 71.4830909728385 0.839200775590358 0.864304288209322 0.866167319193543
59.698 -3.13063759167497 4.29701064707799 9.10224688884297 10.4573642996 1.20223645752776 0.393587213936055 297.051365276351 136.810460252866 71.7147818755547 0.839031286525208 0.864746333552115 0.866176550190922
59.713 -3.13049600028549 4.31801806701985 9.09421727213275 9.67116985437281 1.37132578887422 0.364915515443212 297.046228748716 136.98941422758 71.9233036879992 0.839384329366214 0.864774202848096 0.866554421471561
59.731 -3.12270710620482 4.3375232709685 9.08417737322758 8.86893836511874 1.52045275197153 0.223843811227135 297.221605873844 136.610472804822 71.6909733191993 0.839323105615286 0.865046069124467 0.866524942241139
59.76 -3.11749277490258 4.34753625034443 9.06718076322416 8.01334223853053 1.45237694242323 0.167108285066254 297.07944528646 136.80942552434 71.6618759872793 0.839646966547284 0.864920367393523 0.866867974316756
59.774 -3.1191445050646 4.37049413119988 9.04931003797596 7.03872557192938 1.33767359932595 0.100779135948942 296.891500757814 136.928482971906 71.5756883885514 0.839559479078249 0.865300804817895 0.866683679536274
59.788 -3.12428220433078 4.39869797583136 9.04082802786123 6.02950950328606 1.36344822412618 -0.018459082989464 296.962350682033 137.395634674715 71.4981195496963 0.839733531184993 0.865149629517608 0.866764598143826
59.819 -3.12022717287018 4.41779662688714 9.02445531952701 5.08304710257578 1.48435531011051 -0.093712411331739 296.906115613829 137.696071207244 71.9083075947267 0.839383994781143 0.865260629482581 0.866343308250148
59.833 -3.11927110692746 4.43049632477887 9.00558990003158 4.26329201063881 1.57332435925213 -0.0881579640916949 297.155504052446 137.426464086519 71.977476835254 0.839322804488721 0.864989736455027 0.866581451588858
59.849 -3.12481514281827 4.45377731592769 8.97957295562169 3.52703914545279 1.68774764851775 -0.105296366155808 296.359953647202 137.363817677867 72.3397291517286 0.839141112533735 0.864993265460717 0.866302211611475
59.88 -3.12633318603156 4.47365284208639 8.96094610439546 2.86899171945713 1.9136293722156 -0.228354515799769 296.543958282482 137.727435910081 72.0057562365558 0.838977589774247 0.86474910883535 0.86617449310152
59.894 -3.10872538298474 4.48860788563654 8.94376289379722 2.24545132613737 2.06883132049022 -0.374221354296128 296.349562454233 137.334692319073 71.4651806129002 0.838830419290708 0.864653103133317 0.866059546442561
59.911 -3.10347268053984 4.4933884640315 8.92165413676613 1.59495199505035 1.97645200523509 -0.465806852454302 296.53460620881 137.701223087165 71.4586625516102 0.838697965855523 0.864566698001488 0.86570876171901
59.94 -3.11646234752919 4.51079923806597 8.90157667856437 0.962174352797226 1.77193657570395 -0.535256701560016 296.101145587929 137.911100778449 71.4527962964492 0.838578757763856 0.864241324479242 0.865516790728611
59.954 -3.12815304781961 4.51737097708591 8.87422943169793 0.549163024387732 1.72756734561447 -0.658830268045236 296.131031029136 137.439990700604 71.1475166668043 0.83834469870212 0.864196097212821 0.865220281576454
59.97 -3.1299358503756 4.52023292608448 8.84357156802643 0.228597866987127 1.82580297746524 -0.821954874828499 296.157927926223 137.735991630544 70.9927650001238 0.838134045546557 0.863783771149767 0.865077158600311
60.001 -3.12986443311606 4.52639997924019 8.82256356283511 -0.0385367288718913 1.88749748887902 -0.886324272841832 295.5821351336 137.642392467489 71.0934885001115 0.837944457706551 0.863660563955494 0.864948347921783
60.015 -3.12986000064582 4.54170670143946 8.80365635816293 -0.243843361328214 1.91477827434226 -0.908378868458412 295.18392162024 136.83815322074 71.1841396501003 0.837773828650545 0.863425803837847 0.864956015780798
60.03 -3.12249383643481 4.52974508433507 8.78807639358077 -0.275947574813713 1.98436914919811 -1.05265548542936 295.065529458216 136.834337898666 71.1457256850903 0.837747034279376 0.863338393374767 0.86483931938422
