0.01 -3.27207625267751 -7.64172819171181 1.39859227218671 21.9598965078685 -4.10648228280541 -3.91288972534258 295.2 -2.4 -33.6 0.838772091856926 0.862551699207043 0.866259629167332
0.01 -3.23606340013009 -7.62891574126926 1.50300146232644 32.4799373914328 -4.76911649727296 -4.11091372990756 293.4 1.8 -30.6 0.838772091856926 0.86502502651193 0.86502502651193
0.01 -3.19796562125142 -7.51940179546875 1.692498383736 42.5823253316788 -5.61739568724032 -3.91661625004658 298.8 3.6 -24 0.838772091856926 0.866259629167332 0.86502502651193
0.01 -3.15212559637299 -7.43454607141199 1.93175923032944 53.3584439435491 -6.58466375210408 -3.70358057924039 301.8 1.8 -18.6 0.840036794681514 0.866259629167332 0.867492865611799
0.01 -3.10841550770584 -7.39666268657609 2.17851784709142 63.7767980224766 -8.20176989597764 -3.44009275032399 300 -1.2 -12 0.840036794681514 0.866259629167332 0.867492865611799
0.01 -3.06518584200606 -7.2694331893113 2.4765566606794 72.6304159301526 -10.6502951964562 -2.89684683407021 305.4 -1.8 -1.8 0.841300000145693 0.867492865611799 0.866259629167332
0.011 -3.05638623573361 -7.12440057594658 2.82912734921046 80.8772980012595 -13.5814488829175 -2.35220031860212 310.2 -0.6 0.6 0.842561714935271 0.867492865611799 0.869955262997314
0.011 -3.04445629422049 -6.92294303177966 3.21383775271715 88.2910949186908 -16.7072734602746 -2.23530089742893 307.8 3 5.4 0.840036794681514 0.86872474163725 0.866259629167332
0.011 -3.03880703244371 -6.75695411800599 3.58761045632727 94.5497716863637 -19.5716606180639 -2.14841202906009 309 -0.6 15 0.843821945689256 0.86502502651193 0.869955262997314
0.011 -3.07340658718731 -6.5044936934643 3.98900847403378 99.1092983345212 -21.7702197470972 -1.94502120783347 311.4 1.8 22.2 0.841300000145693 0.86872474163725 0.866259629167332
0.011 -3.09544822884547 -6.19839039440748 4.41886052580032 103.173177661374 -22.6748771617005 -1.64670229315699 315 -3 22.2 0.843821945689256 0.86502502651193 0.86872474163725
0.011 -3.07434484940423 -5.8791433721405 4.88090532801765 107.33753928455 -22.1241833386602 -1.88966565162755 308.4 0 38.4 0.838772091856926 0.86872474163725 0.866259629167332
0.011 -3.04757065995025 -5.63647291805939 5.29949900313215 111.165617417164 -20.3926810353285 -2.84268381928922 308.4 1.2 38.4 0.843821945689256 0.863789051815026 0.86872474163725
0.011 -3.05483792504806 -5.3552815712684 5.6852713775992 113.883406820485 -17.822115221872 -3.68513299461221 318.6 0.6 45 0.837505884938855 0.869955262997314 0.86502502651193
0.011 -3.01253674877708 -4.97597507809343 6.11303139499065 116.179798962864 -14.7963922493031 -3.89066549667771 312 -2.4 45.6 0.841300000145693 0.863789051815026 0.86872474163725
0.011 -2.93508108663283 -4.63878908313581 6.55733175967249 119.026704562761 -11.8114095129224 -3.9298432218191 312 -4.8 54 0.837505884938855 0.866259629167332 0.86502502651193
0.011 -2.89170720762958 -4.39134601256789 6.94606908465129 121.204186778241 -9.62645176773707 -3.71472149505703 314.4 -1.2 57.6 0.838772091856926 0.86502502651193 0.867492865611799
0.012 -2.85895547795549 -4.16804869921394 7.30509052549036 121.30972229889 -8.35464628561985 -2.574547055475 310.8 0 64.8 0.837505884938855 0.863789051815026 0.86502502651193
0.012 -2.85342093880405 -3.87233058170725 7.63886398560612 119.903177549917 -7.79857097003497 -0.83312288427864 311.4 1.8 60.6 0.836238167146494 0.862551699207043 0.866259629167332
0.012 -2.84814059056726 -3.45594811638816 8.02706746894248 118.925073535383 -7.49962990356582 0.708204671324796 307.2 4.8 74.4 0.838772091856926 0.863789051815026 0.86502502651193
0.012 -2.80340509996909 -3.24975569427571 8.35633932922597 119.633329540624 -7.49088828725504 1.52669718129155 303.6 -8.4 76.8 0.836238167146494 0.863789051815026 0.862551699207043
0.012 -2.7918137316653 -3.06178831500317 8.61701038516446 118.95396605221 -8.17233380967458 2.01906563110133 300 -2.4 85.2 0.838772091856926 0.862551699207043 0.866259629167332
0.012 -2.82339974684258 -2.76937614329909 8.86693721148566 115.984523645462 -9.2780011920659 3.09731173974692 304.8 0 80.4 0.836238167146494 0.863789051815026 0.863789051815026
0.012 -2.83411006131237 -2.40253625316848 9.12060174763079 112.903628532825 -9.98302550034022 4.36467980241345 298.2 1.8 83.4 0.837505884938855 0.862551699207043 0.863789051815026
0.012 -2.83261629341661 -2.11571540537562 9.33728798705229 111.091128274962 -9.74731837015353 4.60912785270646 301.8 -4.2 85.8 0.837505884938855 0.863789051815026 0.863789051815026
0.012 -2.86054102538781 -1.93604660126346 9.46592634151478 109.269038348229 -8.80388424306184 4.16042880789383 302.4 3.6 94.8 0.837505884938855 0.862551699207043 0.86502502651193
0.012 -2.87280445062003 -1.64308257185916 9.54854112771242 105.894042910353 -7.51815230730527 4.19858440038689 297 -7.8 89.4 0.837505884938855 0.86502502651193 0.86502502651193
0.012 -2.86552588429643 -1.34020989492685 9.66964126146218 102.467234039165 -6.09534471016253 4.78635954813446 297 0.6 95.4 0.838772091856926 0.86502502651193 0.866259629167332
0.012 -2.84197635906869 -1.06475143452123 9.77330425247294 99.4472281925002 -4.52932168952796 4.84360145591643 291 -5.4 101.4 0.840036794681514 0.866259629167332 0.866259629167332
0.013 -2.8259293150121 -0.798343618091658 9.88258223710724 96.6696809457693 -3.05196203965913 4.60122604314922 293.4 -4.2 102.6 0.840036794681514 0.866259629167332 0.867492865611799
0.013 -2.79101654689438 -0.53086370173995 10.003318211242 93.7538578893603 -2.12539178989169 4.77469122509384 288 -2.4 104.4 0.840036794681514 0.866259629167332 0.866259629167332
0.013 -2.73876549721593 -0.293842786048988 10.1287399835626 90.5883957645464 -2.09605871777275 5.3956953850272 292.2 -3 105 0.841300000145693 0.867492865611799 0.86872474163725
0.013 -2.69934114743025 -0.0940512002961091 10.2239025033033 87.2135256537406 -3.08034597576647 6.02101134270769 292.2 -0.6 103.8 0.841300000145693 0.867492865611799 0.866259629167332
0.013 -2.69013560648636 0.150344826448895 10.3126013871892 83.6150738517254 -4.71887626368601 6.3479178420247 283.2 -3.6 109.2 0.843821945689256 0.86502502651193 0.869955262997314
0.013 -2.68562147172578 0.383589057030324 10.3775264558373 80.3688336421253 -6.4584390189968 6.65816422576117 282.6 -0.6 113.4 0.838772091856926 0.86872474163725 0.866259629167332
0.013 -2.6719220860507 0.606497408064047 10.4378145817379 77.2296602015769 -8.14007603312765 7.09005772684917 283.8 -0.6 109.8 0.842561714935271 0.86502502651193 0.869955262997314
0.013 -2.66707452389949 0.775391758482313 10.468012119841 74.0486789142437 -9.57492339164695 7.41692981675967 281.4 -5.4 115.8 0.840036794681514 0.86872474163725 0.866259629167332
0.013 -2.68563621270674 0.963429398239245 10.4840569008989 70.299536213659 -10.4846066250013 7.43783225493104 283.8 -3 112.2 0.843821945689256 0.86502502651193 0.869955262997314
0.013 -2.69294448817984 1.1702522518342 10.5082535782101 66.4924833556519 -10.6285123747149 7.32229330424709 284.4 -3.6 110.4 0.837505884938855 0.86872474163725 0.866259629167332
0.013 -2.66737977378264 1.35064674157846 10.5318262611606 63.1027770048195 -10.311462663961 7.24731588221933 280.2 -4.2 111 0.843821945689256 0.86502502651193 0.86872474163725
0.013 -2.63036544066096 1.50953016941799 10.5470561297039 60.0459344188414 -9.98107975634353 7.00579040086763 273.6 -3.6 115.2 0.838772091856926 0.867492865611799 0.86502502651193
0.014 -2.58627864368044 1.62762555716979 10.5366414408058 57.0008829616901 -9.86999468147254 6.55864647528468 272.4 -1.2 116.4 0.841300000145693 0.863789051815026 0.867492865611799
0.014 -2.55073053223445 1.79586139832629 10.5463620203886 53.376367184605 -10.2242165873711 6.19972839264171 273.6 -7.2 115.2 0.837505884938855 0.866259629167332 0.862551699207043
0.014 -2.50012229605813 1.94338306946778 10.5558287541407 49.9242266493506 -11.0437796614584 6.12937387398822 277.8 0.6 109.8 0.837505884938855 0.863789051815026 0.866259629167332
0.014 -2.45930343917876 2.05454488840601 10.5407060838048 46.6386742134232 -12.193600168595 6.04315404384131 274.2 -6.6 117 0.837505884938855 0.86502502651193 0.86502502651193
0.014 -2.43447762178066 2.17164923173399 10.5141670038972 43.2679365630733 -13.3124080906668 5.78693024251061 271.8 -3 120.6 0.836238167146494 0.863789051815026 0.863789051815026
0.014 -2.40854308706536 2.27997602303813 10.4739413855082 39.9854177159262 -14.0094115564093 5.50518378314505 272.4 -1.2 116.4 0.838772091856926 0.863789051815026 0.86502502651193
0.014 -2.38963127465857 2.4067991013526 10.436421495462 36.7632118221962 -14.0496917748142 5.12642113002138 274.2 -7.8 119.4 0.836238167146494 0.86502502651193 0.862551699207043
0.014 -2.37129383383822 2.52315451817505 10.4044492677908 33.9929975102056 -13.258463055348 4.54125993304978 274.2 -10.2 119.4 0.838772091856926 0.861312962779027 0.86502502651193
0.014 -2.34479434280364 2.59106354221814 10.3610695990379 31.6555298202537 -11.698265604775 3.78866065730205 274.2 -4.2 118.2 0.836238167146494 0.86502502651193 0.862551699207043
0.014 -2.2980203180501 2.65762847934764 10.3330413096358 29.2815798916635 -9.66050011299983 3.08155031676269 270 -7.2 118.8 0.837505884938855 0.863789051815026 0.863789051815026
0.015 -2.23958327314161 2.75344993717612 10.3212831610331 26.8091470933368 -7.6020836894861 2.52606704081161 270 -8.4 116.4 0.838772091856926 0.862551699207043 0.86502502651193
0.015 -2.1777123982391 2.82873577517696 10.3075285250445 24.5656369641558 -5.93653180908711 2.01239163444037 271.2 -7.2 118.8 0.837505884938855 0.863789051815026 0.866259629167332
0.015 -2.12412353527676 2.88883159138942 10.2830586696714 22.4251038020914 -4.87570305565932 1.51954941756122 269.4 -3 120.6 0.838772091856926 0.86502502651193 0.86502502651193
0.015 -2.08840326224683 2.93447826127575 10.240984320496 20.31160105547 -4.38965946765064 1.13782348343869 268.8 -7.2 120 0.840036794681514 0.86502502651193 0.866259629167332
0.015 -2.05912806768642 3.00261474091142 10.2090430616031 18.0735707209154 -4.32244924607641 0.937781593110086 270.6 -4.2 113.4 0.840036794681514 0.866259629167332 0.866259629167332
0.015 -2.03607241671764 3.05286438857016 10.1736520611069 16.0188854045491 -4.4879142451329 0.916522517768543 272.4 -3.6 118.8 0.840036794681514 0.866259629167332 0.867492865611799
0.015 -2.02867000426188 3.09330067272034 10.1375503971715 14.2002029709644 -4.66736709542877 0.891282479732147 273 -4.2 124.2 0.840036794681514 0.866259629167332 0.866259629167332
0.015 -2.02009247355463 3.12490492971283 10.0930281073933 12.6206406891351 -4.62811130191642 0.773909956949772 273 -5.4 123 0.841300000145693 0.86502502651193 0.869955262997314
0.015 -2.01339023065092 3.14670484582969 10.048947750725 11.1654468492292 -4.30652154577058 0.5407937704151 274.8 -8.4 114 0.838772091856926 0.867492865611799 0.866259629167332
