30.08 0.803830924484419 9.9295788543624 -0.861380372124399 -0.410653334495723 3.40145443458247 -1.3735888803299 173.965607240339 -35.0826247419885 4.09605914152847 0.842228774925517 0.867596315161661 0.868885235567196
30.111 0.800022391588651 9.93084077091355 -0.886913902440432 -0.0344612620102375 4.1209032828515 -1.31268332894508 173.858141864675 -35.2749260410107 4.33180790463806 0.842266250067848 0.867711908205736 0.869063431179791
30.156 0.788976761072916 9.93237167995755 -0.897630195788342 0.209414622046517 4.62457288048376 -1.15495288575849 173.717094910387 -36.1566900932186 4.36076440275683 0.842183317135142 0.867336946871179 0.868863315842122
30.201 0.778030643284057 9.91514642621362 -0.916928678936915 0.286648744621037 5.09781243013841 -1.31047366952545 174.286846877413 -35.5269189755071 4.50421916623303 0.84190179841537 0.867021142268462 0.868590475496205
30.231 0.759653320143605 9.90509652042468 -0.939270205946363 0.335925941158308 5.9112891371144 -1.65392642040722 174.022345970705 -35.3108043701607 4.62641752464876 0.841433624451725 0.866641880274721 0.868270938338166
30.276 0.757127759939718 9.89076115235393 -0.942145702439341 0.728970241345863 7.09768618579549 -1.99464223259091 174.018100236271 -35.0937515398302 4.88739819496549 0.841054403541172 0.866087345329302 0.867900999001168
30.321 0.753573704610162 9.85881071141572 -0.973259146342886 1.48153459778023 8.16156855858595 -2.24619455954368 173.684661191379 -35.2599387472625 6.02879253792205 0.840620764321165 0.865873021523297 0.867478024493753
30.349 0.763090898363206 9.8370129808732 -1.00132808845984 2.07737126847679 8.88590870039355 -2.4252954558258 173.714575565017 -34.6505503852826 6.53332195571686 0.840509810089632 0.865600664748416 0.86736985302618
30.397 0.782196225635623 9.84376568410873 -1.02716441976046 2.73877759769521 9.21949444426534 -2.66441298334104 173.702806207664 -34.8529458120789 7.16999078413066 0.840533625653866 0.86572586798801 0.867393225417448
30.442 0.798850689281082 9.82592193722133 -1.04418930313868 3.75199764039266 9.04855385863355 -2.90626611955967 173.609273028208 -34.7048861077839 8.36969253514583 0.840918962617333 0.865950606256528 0.86753534465692
30.471 0.798508301276699 9.76420092221019 -1.06535359273876 4.51278221085546 8.56650419801226 -3.09575494615631 173.245511152848 -34.380957747305 8.71745095346812 0.841243554302078 0.86624363553403 0.867896430617936
30.515 0.809196410842713 9.77682127421194 -1.08131752412443 5.02443756025857 7.92413557596245 -3.39267601020341 173.166864033807 -34.562575775317 9.22713527230918 0.841745903228888 0.866591858091097 0.868533308924933
30.562 0.798568481601338 9.7694284601085 -1.12857518733292 5.79979442380944 7.37412233561356 -3.34386909498232 172.947159867384 -33.9656863780068 9.14797957057044 0.842039251528543 0.86709529080166 0.868938433431196
30.591 0.787439964077492 9.73710402084279 -1.16060502344377 5.92287165122458 7.16502382467141 -3.09044236388224 173.141199492581 -33.8782059661855 9.01186345216206 0.842402591892752 0.867392445780283 0.869266584281268
30.637 0.786368632622472 9.75592621275424 -1.18097070615834 5.79821306039267 7.45962349645712 -3.24295297123317 172.968371588991 -34.0293468326103 9.45960939625127 0.842558848346229 0.86738635740298 0.869409603555948
30.681 0.771788065919686 9.72861517755188 -1.2240724711288 6.11922433464326 8.33267671151958 -3.45694457845459 173.122380987082 -33.6417709344143 9.39628361096353 0.842205978696351 0.867381425817365 0.86918067180511
30.711 0.768477214658678 9.6965393778014 -1.25559111241717 6.43557934464882 9.65252157144537 -3.73004877267036 172.623128599537 -33.3278344568756 9.21298972488046 0.841793833733532 0.867044824188319 0.868859988628381
30.751 0.768752267917376 9.68019464916245 -1.29629447302637 6.68075820046326 11.0984661369929 -4.02126316998513 172.668734165625 -33.2715459100692 8.48252167715317 0.84133352603119 0.866772176868791 0.868353451345243
30.797 0.80648022758753 9.65267399348882 -1.34033139363476 6.81080345535234 11.7732690213459 -4.10310103028337 171.829674674156 -32.9499521871561 8.87484255849407 0.840834056100486 0.866452440843807 0.868066616411442
30.829 0.840643150338636 9.58739441029662 -1.38709243745202 6.07094927211784 10.847034930191 -3.80855000246846 171.972036486066 -33.3674612715964 9.4266224723802 0.840556106148423 0.865946396928338 0.86795760375951
30.874 0.835951499154742 9.56515768217913 -1.4441943277377 4.81174371957575 8.93647997284399 -3.31950565467121 172.399349553714 -33.4656436299931 10.269564202628 0.840343613715497 0.86578355909204 0.867856848709289
30.921 0.806988198288845 9.57647501298563 -1.51115070985368 4.45064218384873 7.73862511388149 -3.36009729020735 171.701473138508 -33.5211713402944 10.4843470041286 0.840285318099041 0.865874012406345 0.867910879523311
30.953 0.7930508633158 9.5587851039937 -1.58266553598001 5.30868429105487 8.25271382316004 -3.88908338522062 171.778193242192 -33.3081487856385 11.0843210733442 0.840604279166862 0.866181594515382 0.867954644482669
30.995 0.805075162207894 9.50413193307523 -1.64788887845533 6.04476710018193 10.0348508685154 -4.1689361679829 170.814336526175 -33.2496005163672 10.8323000694088 0.841089612730719 0.866442932346244 0.868211709864445
31.037 0.89722925263664 9.44651514353141 -1.73324500816183 6.81038348855194 11.8556337836501 -4.14676196018829 171.047612586202 -33.4841764182574 11.2341630562211 0.841356561438485 0.867011576646288 0.868530558340617
31.068 0.993002895601559 9.39203448404914 -1.813534455604 7.85587627458204 12.1483305403291 -3.29773214958458 170.570566194824 -33.6921828987885 11.4696720755391 0.841559757143352 0.867472178529324 0.868911877742323
31.113 0.996347320985054 9.38842695277072 -1.86848932867883 8.15783993508321 11.1208347605673 -2.10230807933145 169.992158617807 -33.5006681480187 11.3724343811867 0.841850666210712 0.867722348813546 0.868974506719154
31.158 0.931318352478858 9.40203684439382 -1.87844845887191 8.21609462222656 10.5336776827771 -1.50767870456381 169.925648480424 -33.6155411998951 11.8276718487612 0.842086302555274 0.867813995463764 0.868901912545939
31.187 0.870755995695864 9.39968328550258 -1.86738569062248 8.4070977127058 10.9827369383166 -1.60450219344478 169.847775269143 -34.2005883719151 11.5604141974966 0.842037559649956 0.867530875272902 0.868953615888127
31.233 0.825956182044655 9.38512355197059 -1.86260272624343 8.63654304042147 12.2588413475174 -2.04361624233913 170.510697968006 -34.2964765812512 12.5499354999722 0.841771102797728 0.867066986551137 0.868897689100321
31.28 0.821217923217165 9.36977470783348 -1.85156388347767 8.79056169480246 13.8262263769853 -2.55441312576034 170.249665354085 -34.1041460308135 13.0814477549775 0.841681593293842 0.866666530912983 0.868531854721059
31.31 0.835719518036693 9.33969689948404 -1.83928250079345 8.43379008729381 14.7797777165031 -2.98579218911779 170.242228936809 -33.4923582849589 13.3079726815318 0.841267620227078 0.866231047607093 0.867989017626865
31.357 0.866020878214191 9.31208974172538 -1.83444021217071 7.64740050505913 14.5352077366271 -3.12810999379609 170.050205438815 -33.0748102108167 14.0734578720407 0.840919940119208 0.865989420368308 0.867549319580567
31.401 0.932295913743402 9.29208619932722 -1.86405473945891 6.98218066863988 13.0011518544542 -2.83850191940232 169.73266640544 -32.6585962707615 14.531500876353 0.840752142486046 0.865929645801136 0.867304278402053
31.431 1.02162235831262 9.25195932256894 -1.94206768332588 6.69465031106395 10.2706276585964 -1.70407205089908 169.367459788407 -32.6934629793169 14.4585157098459 0.840742546949603 0.865868882375174 0.867450978814195
31.477 1.1000041979808 9.20093142879854 -2.0528788171959 6.40037667562593 7.01966641873029 0.00252606625265894 169.551642428609 -33.0937050132467 14.7833977249752 0.840986969119441 0.866177439190133 0.867582124908285
31.521 1.1362055662065 9.18331938538163 -2.1560613407919 5.25995396221883 3.63035728008756 1.78586290755778 169.712830367174 -32.9739010607298 14.8185521572299 0.84105892800161 0.866304046565803 0.867922274222795
31.55 1.11434663210902 9.20755235610504 -2.22839839739856 3.63338713687817 0.29829932053505 3.26570926046532 170.005392597411 -33.2188598591911 15.2010272473562 0.841356926263342 0.866763978629378 0.868320712408585
31.596 1.0688561837715 9.23131699531337 -2.27268606008527 2.18525732132933 -2.21639281754218 3.91858327960286 169.918368003903 -33.5852764859448 14.2028320703586 0.841610491694674 0.867234708437668 0.868876977175359
31.641 1.03528298825841 9.23608741210837 -2.3240854736265 1.29288285775768 -3.37642322037711 3.39199138777603 170.177878083161 -33.9720739536153 13.7362939769904 0.842043122516892 0.867505374065449 0.869216804714041
31.671 1.02846335382824 9.23145809300761 -2.38799705712379 1.07990687050891 -3.39444479323828 2.42018477982377 171.276081247361 -33.9853799024284 13.0823981213622 0.842393553482887 0.867588454830899 0.869258413264204
31.72 1.03264793911941 9.25457125194566 -2.44694802594969 1.1388467025168 -2.62568348862988 1.70080768692443 171.517625810362 -34.296157720967 12.1327424783034 0.842324284411401 0.867434377811573 0.869070010670847
31.761 1.04134061673371 9.27283203803534 -2.48522324403682 1.24948872980196 -1.12458988533219 1.23047865388971 172.307276906393 -34.8178877539833 12.0055214074258 0.84201598190914 0.86719870658363 0.868770353109628
31.79 1.05979603110414 9.27037902160941 -2.49306825461837 1.39987213068158 0.522135627995433 0.716153358505624 172.028894294179 -34.9464890807265 12.3404723400149 0.841639936335891 0.867020281874533 0.868293315560592
31.836 1.06878336030955 9.2636994952203 -2.48433328238041 1.3352704716536 1.89315886630989 -0.0557173063280019 171.761404378285 -34.6126561553884 12.329782595412 0.84119593693907 0.866542044163739 0.868017906425875
31.881 1.07928929253975 9.27571885026845 -2.46839342096644 1.30034770799362 3.15895486491712 -0.898108117362323 171.406737546411 -34.8402514858646 11.6311239022838 0.840849229627676 0.865907613882765 0.867683833746752
31.911 1.11602673088405 9.26519362163798 -2.45138804037522 1.40694576561223 3.9980664176821 -1.45403246055966 170.675457412593 -35.5286037035504 11.3412103608498 0.840694866987905 0.865863382547847 0.867524226156664
31.956 1.14838774656716 9.25730267550675 -2.44443115407737 1.24329019228331 3.87446433267365 -1.67387316328234 170.8211205042 -35.0481689998758 10.3923803922884 0.840569833249691 0.865827555166563 0.86751826765314
32 1.16240769824312 9.25970359069867 -2.4127112716412 0.671187193154065 3.05549168198474 -1.70621894164801 170.825107608402 -35.0970168898994 10.2418281177536 0.840582244413514 0.866020640506711 0.867513441265285
32.029 1.15517288906127 9.26760992181737 -2.42212913641136 0.1297684966838 2.07968108683512 -1.73760986181885 170.384337162806 -35.9525836808185 10.6958807753804 0.84083217233369 0.866312559599221 0.867964960775298
32.075 1.14484151556916 9.27733606006379 -2.42672293652226 -0.317177594022 1.42370198567996 -1.797616659829 170.051313101873 -36.273592781463 10.9436634280581 0.841034613949032 0.866660005344156 0.868343118197481
