81.042 4.88277506174802 -8.36066672433795 4.44191558531212 0.85506486901111 -2.16622023181991 -6.7336499015021 268.916941073087 -0.538712273278282 92.3264801847789 0.839544440329784 0.864443506220947 0.866642103521644
81.085 4.89596906847903 -8.32746737634936 4.39452049464725 1.13222086450969 -1.95334067785046 -6.39051596220144 268.6547222692 0.0316430586445912 92.8804489496709 0.839397694119941 0.864207798149103 0.866569433394325
81.13 4.86485342615039 -8.25457126580673 4.34967205999197 -0.01778659593036 -2.25617541470773 -5.69914235686408 268.232325038052 -0.292369122497881 93.4791636492335 0.839632811718416 0.864474185777027 0.866744885515645
81.16 4.8767539428759 -8.27255290879039 4.31725341442327 -0.600285005299012 -2.37582269660028 -4.88317553806754 267.848183280822 -1.48481898922328 93.5021225558791 0.840189303329618 0.864825629426645 0.867231805101156
81.206 4.90876117739495 -8.25972234296714 4.24947884911409 -3.40180337337617 -3.59724081172714 -4.01857829270493 267.579028457466 -2.34870338127086 93.9827192702621 0.840274015178255 0.865344600624368 0.86762620996542
81.235 4.92184213627048 -8.18505123954227 4.19483284453184 -5.70828515991561 -4.41994826360586 -3.20741482930474 266.953013050547 -3.2524497388294 93.4840026089123 0.840569606874571 0.86575277097198 0.867933115819862
81.283 4.97434818487585 -8.1971718346872 4.16802334907353 -5.50500868945531 -4.05443290268105 -2.64220448501928 266.565940570943 -3.58848428845181 93.248042113219 0.841061528173963 0.866095585276089 0.868304897164505
81.327 4.98764488608031 -8.19455760910078 4.12892570355919 -6.92630894685575 -4.26187691071364 -1.83942227408699 266.648411862464 -3.90867227364597 93.1049141117074 0.841207492401094 0.866262150623431 0.868359528806674
81.358 4.96643471860304 -8.14768653012426 4.08818857938154 -6.80626444542644 -3.74639510683835 -1.35252746185779 266.175213608596 -4.40802454165323 92.868980430483 0.841212302657212 0.866285830832056 0.868527104081277
81.403 4.98699303980833 -8.1763036883539 4.07133440878773 -4.9220818343832 -2.74053423501235 -1.33218846547886 265.983923022963 -4.70449987873912 93.3378741486912 0.841089728682209 0.866058500554051 0.868318143969921
81.448 4.97562114058032 -8.20054902192945 4.03991157504415 -4.60635193470536 -2.32349685249741 -1.14327113032032 266.0569776486 -5.41264490177869 93.7416780604399 0.840763200939618 0.865503570032838 0.868050349801876
81.478 4.91289952718275 -8.11796728790965 3.96246299883645 -4.26099239535562 -1.69455153449236 -0.970171752964037 265.198151895366 -5.83624237044074 94.0627592289563 0.840397401873739 0.865165314033377 0.867722322286773
81.523 4.89713417342977 -8.14449782388553 3.91876953333761 -2.90148017611591 -0.773579109351028 -0.921564310740564 265.300503035246 -6.557356320057 93.6448349754546 0.839987010029065 0.864668727216373 0.86744441059408
81.568 4.87137566953756 -8.16047490086046 3.87295108802138 -3.3911913090661 -0.481179231246089 -0.740894572615888 266.22340745855 -7.40545861924617 93.8943163301182 0.839642216953732 0.864501588890117 0.86699695016129
81.613 4.82730550517027 -8.15926662923067 3.83095996728823 -3.26106343362599 0.198107418110516 -0.607758191605129 266.388960041425 -7.8104214815894 94.6303962273958 0.839489404845172 0.864613264581081 0.86696785045244
81.643 4.80739241589111 -8.19880381933199 3.79259570094487 -3.26863695375613 0.767566245310739 -0.526100929093284 266.583057633554 -7.91044140008741 94.9026209441906 0.839845900939453 0.864567901878252 0.867079799655261
81.685 4.75982099152298 -8.18072419172715 3.75364370543319 -3.30087837529056 1.34569812435055 -0.456981447222049 267.358276683179 -8.8614575340708 95.2131229647944 0.840008491296862 0.864889330063177 0.867281469789549
81.729 4.7054624227198 -8.13394959502433 3.70987618796857 -2.20745194200062 2.25024448835754 -0.546872529501768 266.696204113375 -9.25378060259735 95.9146296014834 0.840506072532496 0.865371547015259 0.867678743576618
81.76 4.68453006930001 -8.15310391211253 3.6846956260462 -1.3186467600434 2.72773620350854 -0.732814077140707 266.159925331834 -9.46356228810386 96.5068499772016 0.840783090257962 0.865762142746446 0.868123452585182
81.805 4.62600555379536 -8.10644755942852 3.65506972039164 -0.942836700062637 2.87618388209382 -0.815793142941988 265.467539518785 -10.4554854533641 96.8365484815333 0.841133497690987 0.865955065023167 0.868372798039828
81.854 4.60682828298281 -8.11451083986379 3.63350284917336 1.118668685163 3.67604482235859 -1.09628862898912 264.288707010216 -10.6409432172249 97.733604270042 0.841303639219961 0.866111332067311 0.868463776578089
81.884 4.5909595152494 -8.03900481025793 3.61527951068458 1.83848804719577 3.97293981756084 -1.16745943833615 264.395852678275 -10.9771640059522 98.142219458734 0.841201607528819 0.866003442061086 0.868414551953044
81.926 4.59907304895053 -7.99449660913088 3.58681180318683 2.7274959289156 4.50884461100291 -1.36655817558663 264.572640669403 -11.1235028448213 98.8991977615745 0.840626040928533 0.865916051156044 0.868116107903761
81.97 4.56349511939511 -7.88998274221132 3.56101758852399 2.96721063371935 4.59827100514136 -1.35630143520227 263.833838942216 -11.5840373043052 99.5663501868754 0.840273790604928 0.865623159003972 0.867750907958301
82 4.5427993309355 -7.87118500762611 3.58095138207659 5.47366962094626 5.86353081187443 -1.4980698113688 262.725409543195 -11.3870702164872 100.460743651369 0.839861847151001 0.865163316903354 0.867232990483491
82.044 4.51300526571309 -7.82790481028634 3.66833725966835 8.68481743113441 7.9292309499847 -1.50794036400262 261.827581729988 -11.2875268753547 100.405202357609 0.839641996207533 0.864790844801853 0.86680099409819
82.107 4.49022481698542 -7.84145013105789 3.79591623536982 11.1885952489899 10.017486229793 -1.17456146583449 260.45234120129 -10.9668967690373 101.164213909663 0.839476714380917 0.864600504134356 0.866587020522341
82.123 4.40977479165382 -7.70017454550321 3.91749901920271 11.6763499379413 11.7591256781934 -0.348799367478608 259.518396373045 -10.5991863829202 101.419013266827 0.839342836101359 0.864569925663374 0.866290241660363
82.167 4.36620595423306 -7.60867180025359 4.06561288429565 12.42364497645 13.6673345474282 0.659838924556068 258.695901062167 -9.85134097016536 102.43540074613 0.839588376723365 0.864545157101878 0.866641927813681
82.212 4.35742501018464 -7.49739653560104 4.23254139191455 12.3436867820696 14.1617623574627 0.86843899453927 257.879679860355 -9.69558618583394 104.068674604365 0.839673576135413 0.864883116199775 0.86702522176002
82.243 4.31399835859136 -7.5249925055205 4.41614629390739 10.2351038507283 14.2452259828272 2.11618367717986 256.708540686888 -9.1434248105255 104.881626429536 0.839969830482011 0.865267977308058 0.867348130536694
82.287 4.2257194144394 -7.43465609415971 4.53065314596843 6.68127381374638 13.9684803743343 4.38365076324851 255.993917956379 -8.49817409652565 105.198117407924 0.840449537817031 0.865591788169326 0.867707871482594
82.333 4.16144396846707 -7.33012554012069 4.62847341449877 6.4356485830277 13.757675210081 6.79671131670458 255.283073544667 -8.76752101818578 106.486475100419 0.840951388556392 0.866088241341945 0.867999261648773
82.363 4.16702724862123 -7.323836018438 4.77840857282256 8.76814252782495 13.2820375308527 8.55754990698873 254.71328957118 -8.53569202473048 106.924044831339 0.841118279310862 0.866133014434229 0.868111964038931
82.407 4.15403609184523 -7.31261830641214 4.88976448879371 8.48540155440844 11.8321145221281 9.8760429055769 254.671764552656 -8.40791054003169 107.002476313385 0.841013569771665 0.866292468241525 0.868203252974959
82.451 4.02424010250529 -7.27981144251268 4.9608032014533 7.29859510639908 10.1337837552901 9.54417490618904 254.620129287651 -7.49440753742567 107.336005813842 0.841042175812775 0.866063876855721 0.868055824573803
82.483 3.91051018970196 -7.40222908129385 5.05804045104155 6.77407577664127 7.99874652117432 8.08696488012 254.206304722998 -7.00647010531479 108.554164709212 0.840724683115377 0.86550792483719 0.867714547446573
82.528 3.85695954319792 -7.48815334942712 5.13681455844211 5.07837542488096 5.65516788825807 6.38074689640865 254.231106825628 -6.51524078530498 109.060873414461 0.840492522982521 0.865044967782101 0.867326998734531
82.572 3.88045357711251 -7.58802069481698 5.20135783631394 3.17317875064212 3.99541881391652 4.95176376471696 253.765196528759 -6.71134503609704 109.489307465714 0.839937587844719 0.864806343748356 0.867013084277778
82.603 3.88270640083333 -7.63140806613122 5.22014295158604 0.989969444508671 3.03300679652429 4.66230269522226 253.165809188295 -6.5761894792386 109.314339047228 0.839716143607039 0.864600560742947 0.866647575845085
82.648 3.8427463579538 -7.73619923489075 5.21585812915597 -0.0512545209403433 2.36780420747475 4.41386976328271 253.568305442519 -6.67071347818327 109.808614628255 0.839663244056976 0.864693431781872 0.866339291471786
82.692 3.76060923584041 -7.78482585680875 5.14757041878382 -1.40327188715252 1.45914278210035 3.61294443192311 252.77832740844 -6.15927791732845 109.836977848886 0.839860539222056 0.864521599588172 0.866570666880931
82.721 3.74318326517609 -7.84809555213887 5.07905933623485 -1.87199374004392 0.520302600066168 2.15961476085009 253.170445200836 -6.09301511303604 109.823952057598 0.839894027759354 0.864851825208212 0.866869072242341
82.768 3.76082731697738 -7.93817197776837 5.02408607508369 -2.51013172332871 0.0891550297177179 0.990051315067198 253.764060612678 -6.78334224155919 110.161401166654 0.840299668575338 0.865230299240447 0.86733239634978
82.811 3.78251108830335 -8.0083027858791 4.97080692292808 -2.97427539818633 -0.146181372493534 0.290872862914354 253.914889096269 -7.58850721566295 109.70873494499 0.840741926128062 0.865647732048848 0.867609125248115
82.842 3.74728278971892 -8.06903528463824 4.90790467301669 -2.95817070611871 -0.0109259956892282 -0.0424845840928083 253.797060167978 -7.59269084468699 109.846075305442 0.841100154745768 0.866096599546059 0.868067061739094
