0.015 -2.89462274088589 -9.25734546708391 1.54610196942026 -2.77523933698043 4.90714454831136 0.092950737173094 385.2 28.8 27.6 0.840036794681514 0.86502502651193 0.86502502651193
0.015 -2.90449554122205 -9.26690583462113 1.49097085172475 -2.32519631931293 7.80421635302221 0.0897625336847922 384 32.4 27.6 0.840036794681514 0.86502502651193 0.866259629167332
0.016 -2.94498451706811 -9.25899014205867 1.42938183702118 -1.92550111486255 10.6871534963459 0.00521376123234353 388.8 33.6 32.4 0.840036794681514 0.86502502651193 0.867492865611799
0.016 -2.9863327040408 -9.22505098579348 1.4142940189578 -1.36272199574271 13.5627129558717 -0.243399217944326 385.2 26.4 37.2 0.841300000145693 0.867492865611799 0.866259629167332
0.016 -3.0502414191485 -9.17702804206032 1.36156978721659 -0.78217498700813 16.233922576315 -0.561044028974321 383.4 25.8 33 0.841300000145693 0.866259629167332 0.867492865611799
0.016 -3.14044013184791 -9.12901899395781 1.31106537445105 0.17772190100566 19.2433547461644 -1.08661901538987 387 29.4 30.6 0.842561714935271 0.86872474163725 0.867492865611799
0.016 -3.15547913219766 -9.10490465025661 1.3245686220859 1.83628558876769 22.9877215616243 -1.96116322072111 386.4 26.4 31.2 0.842561714935271 0.86872474163725 0.869955262997314
0.016 -3.13399903094384 -9.09630999440453 1.3366018349887 3.59464176271535 26.4545982604237 -2.92000873071007 390.6 23.4 40.2 0.841300000145693 0.86872474163725 0.867492865611799
0.016 -3.17117011650455 -9.09683476812692 1.35676911607036 4.8672386551461 29.428222403847 -3.57304602557799 386.4 22.8 42 0.845080699000308 0.867492865611799 0.871184435407686
0.016 -3.26645435187863 -9.05822177166091 1.33882707775816 5.96753769039485 32.7281482550654 -4.37070325508126 385.2 22.8 38.4 0.841300000145693 0.871184435407686 0.866259629167332
0.016 -3.25745961630624 -9.034662873456 1.36212371368275 7.74940987555384 36.8255624371924 -5.4443199524739 384.6 24.6 41.4 0.845080699000308 0.866259629167332 0.871184435407686
0.017 -3.26145508495821 -9.0408136286519 1.3921886555469 9.54393453685342 40.4987313843129 -6.50141467478376 387 23.4 42.6 0.840036794681514 0.86872474163725 0.866259629167332
0.017 -3.30090417809356 -9.02156932099301 1.41391999770247 10.7452662740078 43.772522368019 -7.54669305463363 391.8 21 45 0.845080699000308 0.866259629167332 0.871184435407686
0.017 -3.27637375307442 -9.01029488095914 1.50715977474192 12.0669228527139 47.458628909843 -8.60652756596416 386.4 21.6 56.4 0.838772091856926 0.869955262997314 0.866259629167332
0.018 -3.27925591092433 -8.9638756452436 1.58353382221585 13.1983985063738 50.7349034234389 -9.5267908399021 391.8 19.8 54.6 0.843821945689256 0.863789051815026 0.869955262997314
0.018 -3.24072944302373 -8.98751991436792 1.66531887535803 14.5449708694769 53.8285886536141 -10.4359438169806 383.4 16.2 57 0.838772091856926 0.86872474163725 0.86502502651193
0.018 -3.19821460705113 -8.97857295375388 1.74652701811093 15.3332218741322 56.6800809332909 -11.0824257711604 392.4 13.2 58.8 0.842561714935271 0.86502502651193 0.866259629167332
0.018 -3.17419676477711 -8.98261146755208 1.80776303585855 16.3976096103831 59.664744595687 -11.4795267054947 388.8 18 64.8 0.838772091856926 0.86502502651193 0.866259629167332
0.018 -3.16173853124678 -8.93554889867773 1.92973352888067 17.3448715501082 62.5562854032938 -11.7804289967773 390.6 16.2 70.2 0.840036794681514 0.86502502651193 0.866259629167332
0.018 -3.11479265968949 -8.95765648821059 1.9534354336754 18.3317584408989 64.9785194583843 -12.1665082345042 388.8 14.4 69.6 0.838772091856926 0.862551699207043 0.86502502651193
0.018 -3.04159631265059 -8.97887005691883 2.06281391331811 19.0787352685647 66.7745606423169 -12.5842085560919 390 10.8 78 0.836238167146494 0.863789051815026 0.86502502651193
0.018 -3.03150449335148 -8.94684608833632 2.08326341702872 19.4678083065937 68.081074043734 -12.9471617462843 385.8 13.8 77.4 0.838772091856926 0.863789051815026 0.866259629167332
0.018 -3.0618064833245 -8.97099626114942 2.10819217557609 20.0706457965451 69.6699132042461 -13.1509188540986 386.4 6 82.8 0.836238167146494 0.86502502651193 0.862551699207043
0.018 -3.05915075831663 -8.94819921300689 2.15654530222625 20.3154896138371 71.4769676853483 -13.2541475793757 385.2 12 81.6 0.838772091856926 0.862551699207043 0.866259629167332
0.019 -3.02222424411522 -8.90020841997158 2.12536401237914 20.6350856906213 73.0643854206302 -13.4043053405221 390.6 12.6 84.6 0.836238167146494 0.86502502651193 0.862551699207043
0.019 -3.07913208303225 -8.92142071701251 2.1635603906441 21.3479129994218 74.368633901468 -13.5279969438745 388.8 10.8 91.2 0.840036794681514 0.86502502651193 0.86502502651193
0.019 -3.1047311809424 -8.89615925291623 2.28418824688151 22.1802972719987 75.9676483739166 -13.901914806739 389.4 11.4 94.2 0.837505884938855 0.86502502651193 0.86502502651193
0.019 -3.04882156134517 -8.90029885893565 2.36617768063147 23.2073057127378 77.8983644525555 -14.4498912649964 387.6 12 96 0.840036794681514 0.863789051815026 0.867492865611799
0.019 -2.97444117618386 -8.93622646205575 2.48210610378383 23.9071858284869 79.445169228674 -14.6255128255196 391.8 10.2 96.6 0.838772091856926 0.866259629167332 0.866259629167332
0.019 -2.87619463699565 -8.9673642528619 2.60703182305633 24.1248641922031 80.4456904737455 -14.5759386422043 387 10.2 103.8 0.840036794681514 0.867492865611799 0.866259629167332
0.019 -2.83852982608234 -8.98383621685793 2.66032819824581 24.1612327348149 80.9484496706458 -14.5817035566098 389.4 11.4 107.4 0.840036794681514 0.867492865611799 0.86872474163725
0.019 -2.71694386083861 -9.02493738215945 2.79376792499869 24.3199186216387 81.4658184440392 -14.6281133536206 382.2 9 108.6 0.842561714935271 0.866259629167332 0.867492865611799
0.019 -2.68263458084148 -9.0227233566205 2.83533386817082 23.9108275228336 81.2093129355132 -14.513393621312 385.8 6.6 112.2 0.841300000145693 0.867492865611799 0.867492865611799
0.019 -2.65283361856116 -9.03222289061788 2.86915191796872 23.912111182764 80.9456335503588 -14.2261763965854 388.8 9.6 114 0.843821945689256 0.867492865611799 0.869955262997314
0.019 -2.65953156754947 -9.0127004955075 2.86768542040098 23.9247168583807 80.5052686686054 -13.9921083752474 385.2 12 115.2 0.841300000145693 0.869955262997314 0.86872474163725
0.019 -2.61641874377945 -9.01105174188571 2.90227861084379 24.1551459359014 80.2440547788441 -13.9280120415395 384.6 12.6 126.6 0.845080699000308 0.866259629167332 0.869955262997314
0.02 -2.66326976834254 -9.00142758576355 2.83171875665638 23.9617687468915 79.4875882322574 -13.8886459518894 385.2 14.4 126 0.840036794681514 0.871184435407686 0.86872474163725
0.02 -2.67383221106395 -9.01120122809662 2.81891211918044 23.9655918722023 78.8731805540698 -13.8371859368531 382.8 16.8 124.8 0.845080699000308 0.866259629167332 0.869955262997314
0.02 -2.65197437390684 -8.99306269174325 2.86215349183424 23.8988036773485 78.2652518116399 -13.8473604729388 384 15.6 128.4 0.840036794681514 0.869955262997314 0.866259629167332
0.02 -2.58794974134861 -9.01582339720882 2.90998913180181 24.0844958286976 77.9326197602469 -14.0923954180113 381 18.6 135 0.843821945689256 0.86502502651193 0.871184435407686
0.02 -2.51189221304505 -9.03032248601577 2.96914221046581 24.2233744901027 77.3897394636116 -14.4159803036911 379.8 17.4 135 0.838772091856926 0.869955262997314 0.866259629167332
0.02 -2.36969902540906 -9.06126831816371 3.08965705512358 24.4376782624664 76.2484754409145 -14.7430845633983 378.6 15 137.4 0.842561714935271 0.86502502651193 0.869955262997314
0.02 -2.36664263986645 -9.06936744612517 3.08966308842653 24.1290249400366 74.1404217899529 -14.9649593131654 377.4 12.6 136.2 0.840036794681514 0.867492865611799 0.86502502651193
0.021 -2.29206582829145 -9.10933745886739 3.14970312724012 24.1130690109184 72.4134025117209 -15.1585397177267 377.4 18.6 142.2 0.840036794681514 0.86502502651193 0.867492865611799
0.021 -2.19932874075879 -9.14453236746063 3.18518409320263 23.7590140182235 70.4522149323046 -15.2480292574044 375.6 15.6 146.4 0.838772091856926 0.863789051815026 0.86502502651193
0.021 -2.14555346994676 -9.16627183396164 3.18718944658531 23.1655553644928 68.1184438207535 -15.3285698431143 376.2 19.8 143.4 0.837505884938855 0.86502502651193 0.866259629167332
0.021 -2.13193150784741 -9.16375082884916 3.23705785277212 22.4451830341504 65.5997292096705 -15.2972395763602 373.8 15 148.2 0.840036794681514 0.86502502651193 0.866259629167332
0.021 -2.07370306634459 -9.14681746501942 3.2975017380958 21.4289090055445 63.2412830062607 -15.1667522599455 367.2 12 156 0.836238167146494 0.86502502651193 0.862551699207043
0.021 -1.98903559670049 -9.1531252319147 3.33400455882357 20.2539570362878 60.8324218812072 -14.8477869576151 375 17.4 154.2 0.838772091856926 0.863789051815026 0.866259629167332
0.021 -1.93821341119884 -9.20261611829964 3.38475377354211 19.104133851743 58.3354392350712 -14.2668250557467 376.2 18.6 157.8 0.837505884938855 0.86502502651193 0.863789051815026
0.021 -1.88475213935386 -9.22776494882197 3.40091952377426 17.9830334436679 56.2919716474419 -13.734035679943 372 14.4 152.4 0.838772091856926 0.863789051815026 0.863789051815026
0.021 -1.77408848247299 -9.27374236400447 3.39015000486851 16.8305316260187 54.0788050170489 -13.1079603562235 373.2 18 158.4 0.837505884938855 0.86502502651193 0.863789051815026
0.021 -1.70609465278419 -9.32182579590847 3.43019698939753 15.4688525092183 51.3029855840463 -12.4047979083874 370.8 18 158.4 0.838772091856926 0.863789051815026 0.866259629167332
0.022 -1.47455275390058 -9.3520524265227 3.6935687203589 13.8280741285255 48.3070381706798 -11.6337837664037 370.2 16.2 160.2 0.837505884938855 0.863789051815026 0.86502502651193
0.022 -1.39174092710175 -9.35142379062092 3.8274730330154 11.8009919065126 44.1259526742225 -10.368878672206 370.8 16.8 152.4 0.838772091856926 0.866259629167332 0.867492865611799
0.022 -1.23999727577113 -9.4340565656726 3.83779380489391 10.3018087463957 40.4263345060369 -9.14115111032895 369 18.6 159 0.841300000145693 0.867492865611799 0.86872474163725
0.022 -1.23899966010579 -9.48538185850719 3.68978343399467 8.71742939847372 35.8684338798607 -7.65833370921972 367.2 19.2 154.8 0.841300000145693 0.866259629167332 0.867492865611799
0.022 -1.36206159766729 -9.47100133027977 3.50653528564067 7.23270935938971 31.0831172094319 -6.40776751387027 375.6 18 158.4 0.841300000145693 0.867492865611799 0.866259629167332
0.022 -1.56906425156786 -9.36223089390706 3.29672066622577 5.9437895684889 26.5686986182597 -5.48989152584202 372.6 19.8 154.2 0.842561714935271 0.867492865611799 0.86872474163725
0.023 -1.78469560621912 -9.2555986973081 3.07424898374321 5.33872358873925 22.9080119625406 -4.93326878547156 372 19.2 154.8 0.841300000145693 0.86872474163725 0.867492865611799
0.023 -1.93219659994901 -9.18357171408242 2.94644907201745 5.23385886345311 20.1408748884239 -4.68650679242058 370.2 18.6 157.8 0.845080699000308 0.866259629167332 0.86872474163725
0.023 -1.99605434779103 -9.17213812284386 2.88074970619754 5.35932793893986 18.0909095369861 -4.59800878493425 369.6 18 154.8 0.841300000145693 0.869955262997314 0.867492865611799
0.023 -1.97792940417327 -9.2129641665165 2.85214634278604 5.46079972519855 16.4589178199287 -4.49698653239502 373.8 19.8 156.6 0.845080699000308 0.866259629167332 0.869955262997314
0.023 -1.9498853660768 -9.27077656028966 2.85854547803869 5.36357471451075 14.8824916867908 -4.25034131427003 370.2 15 160.2 0.840036794681514 0.869955262997314 0.867492865611799
0.023 -1.90986153875104 -9.35123884414106 2.91667787061873 5.09286609802151 13.226303586814 -3.9627117629957 370.2 18.6 156.6 0.843821945689256 0.86502502651193 0.871184435407686
0.023 -1.93148050362747 -9.37397523881021 2.9239860280759 4.16296880119646 11.6593984189723 -3.52369249509307 370.2 18.6 154.2 0.838772091856926 0.86872474163725 0.866259629167332
0.023 -1.96189104606105 -9.33637858773192 2.8789683256513 3.08178642489361 10.3728478900522 -3.11865148985857 368.4 15.6 156 0.843821945689256 0.866259629167332 0.869955262997314
0.023 -2.01577630420976 -9.29045082341063 2.80253935521539 2.22704289690806 9.27220432242102 -2.72510695155974 373.2 19.2 157.2 0.838772091856926 0.86872474163725 0.86502502651193
0.024 -2.07947622639346 -9.26354092249657 2.72513416408624 1.68449127897298 8.35490755430105 -2.44572602739613 375.6 15.6 158.4 0.842561714935271 0.863789051815026 0.867492865611799
0.024 -2.08467240544326 -9.25889465113925 2.69096353351288 1.36184367779324 7.78888244772591 -2.32252747045805 366 16.8 158.4 0.840036794681514 0.867492865611799 0.863789051815026
0.024 -2.07731810282618 -9.2562093219201 2.68145849733841 1.12107915734216 7.33213160753347 -2.20248846387026 375.6 15.6 157.2 0.838772091856926 0.86502502651193 0.867492865611799
0.024 -2.04675721291557 -9.26654172072174 2.69086048390828 0.987597195806419 6.97296424830684 -2.13033122053667 367.8 19.8 157.8 0.838772091856926 0.86502502651193 0.86502502651193
0.024 -2.01931226698031 -9.27817518826749 2.69166083383289 0.87509701821051 6.44971362500288 -2.06844313665094 369 19.8 155.4 0.837505884938855 0.866259629167332 0.86502502651193
0.024 -2.02878905934814 -9.2733224330821 2.68771243614906 0.7005644156261 5.77191783502167 -1.97381256344386 373.8 21 155.4 0.838772091856926 0.86502502651193 0.86502502651193
0.024 -2.05288046839287 -9.26823664592013 2.68194425573606 0.567149195437536 5.15426803625233 -1.87490458954222 373.8 16.2 155.4 0.838772091856926 0.86502502651193 0.86502502651193
0.024 -2.05786318399713 -9.26695152121459 2.66166941348307 0.470739619405233 4.63578779751259 -1.79581107715289 373.8 21 154.2 0.838772091856926 0.862551699207043 0.866259629167332
0.024 -2.0895218147475 -9.2512501358778 2.62750060579413 0.313741993342572 4.08518611699798 -1.72844370989561 376.2 16.2 160.2 0.837505884938855 0.86502502651193 0.863789051815026
0.024 -2.11400431039678 -9.23939340231932 2.60949780244738 0.185421229122819 3.65758353583253 -1.70063750684498 369.6 15.6 156 0.838772091856926 0.86502502651193 0.86502502651193
0.024 -2.12095507659983 -9.2331515871118 2.60149542420307 0.0943600222410712 3.35289388453935 -1.66187146608415 372.6 23.4 156.6 0.838772091856926 0.862551699207043 0.86502502651193
0.025 -2.12637279640262 -9.23471655153905 2.5947122805941 0.0253820352841396 3.17485640448236 -1.64682935764367 371.4 11.4 157.8 0.837505884938855 0.86502502651193 0.866259629167332
