10.588 -0.710001365605452 -7.1139332690564 8.70292880091579 -20.4618603001088 -7.05131307355226 -8.6339379525253 285.129221122197 -2.62829852663419 112.899064876627 0.839824634577567 0.864662747110796 0.865949275168658
10.632 -0.602412962142031 -7.21066422476063 8.5574679794147 -20.2157098965233 -13.3498078643865 -9.26822256597298 285.84866910898 -3.91092180657369 112.586242550068 0.839991265543735 0.864607982727321 0.866476613797691
10.662 -0.505833200099895 -7.24288603745986 8.43127702295878 -20.2088471535884 -18.102810019008 -8.95199310286559 286.713421978273 -5.32784666332469 111.558856465555 0.840252408105289 0.865032786830925 0.866792889244916
10.707 -0.433355663904143 -7.31190777338845 8.25683522306164 -20.1197005455517 -19.521902069595 -9.86569456599289 287.155871802402 -7.129555797293 109.8926737371 0.840589956655546 0.865253417889304 0.867405910576503
10.752 -0.274122317629814 -7.33633162437891 8.08581338233398 -21.352987976248 -18.7006796076696 -11.2250293923474 287.982256159945 -9.20094019580733 108.519065727051 0.841102934804135 0.865666458154422 0.867791589012798
10.796 -0.0752984547597023 -7.29410509890121 7.92734199627622 -21.2946988867151 -17.6509855967162 -12.4251745711602 288.819627489556 -10.3867615586039 106.746443238911 0.841392571773388 0.865988307426033 0.868103988546197
10.825 0.147166133142978 -7.31891869929333 7.75808120678019 -19.1937442661781 -18.8300464249432 -13.3780555247771 289.35989826654 -12.2892768624692 104.248619023518 0.841387466151308 0.865903792101652 0.868134926649262
10.871 0.30254655140256 -7.26662901417204 7.61540147321644 -16.9018946876654 -22.3111162301582 -12.2183623796496 289.557517595898 -13.7103142586 102.46538140905 0.841395530418608 0.865946203531193 0.868025131374687
10.903 0.336030399666907 -7.20716184709856 7.44450091771633 -13.8712217199097 -26.3839888792526 -10.4532857412567 289.813589252677 -15.677354549466 99.7489589413302 0.841263691174978 0.865882294136519 0.86768968595529
10.946 0.36673165137769 -7.20237633914605 7.31365506208344 -13.9485140206078 -27.7294279387595 -9.81410801530339 290.039007294668 -17.4926571850675 97.3146567424775 0.840790287304548 0.865496813830408 0.867183400661052
10.991 0.503803918638955 -7.16200647590551 7.19954761791912 -15.5242505551656 -26.1833557143646 -9.39003817941864 290.419595908681 -20.1810523199047 95.3008719614068 0.84026726095267 0.864825755773447 0.866760826342015
11.021 0.692925330601231 -7.28299665261084 7.07609169753627 -18.7015895145696 -24.2330982813071 -8.73623626884055 290.691872686032 -22.2386523791228 92.8657062887395 0.840097002078692 0.864752379491037 0.866418541143594
11.068 0.815491841681498 -7.37536037768033 6.90718132166576 -24.1918752930609 -21.4953744933549 -6.27963382050894 291.830416875686 -24.3193084270895 90.419222093879 0.839845269136556 0.864581582967567 0.866264887602564
11.113 0.896550835790868 -7.40735469393071 6.70212919221217 -29.4203808194404 -17.8256044846557 -2.71123621903972 292.296637669306 -26.2686398259425 87.981569896042 0.839868877199416 0.864665837240996 0.86626388849987
11.142 1.03010219883356 -7.45017315196028 6.4990345707712 -31.5558519751971 -14.1072892508917 -1.18846774963592 293.466276512138 -27.3435982590134 85.107071615794 0.84001447001279 0.864746305745292 0.866608262993428
11.187 1.14178631451389 -7.56591180135901 6.29682523823318 -31.9732171991463 -13.5955302474208 -1.58922376270128 294.191683974831 -29.1443145898009 83.2407280087931 0.840132400191624 0.865157160839927 0.867010393935754
11.231 1.21831019972558 -7.6805614774205 6.06339431287244 -32.3868555496291 -16.0952802637696 -1.92093536992544 294.569264019613 -30.1528948177387 80.9309896871225 0.8404548987354 0.865724132349128 0.867212932396493
11.261 1.2663183864592 -7.81855242702066 5.79032669216325 -32.4034293310775 -20.3588564029663 -1.57336222979228 295.205103855887 -31.6598448023683 77.7821016465692 0.840842443102276 0.866072387991578 0.867721548591576
11.305 1.30715031543147 -7.96139586264577 5.4967771790171 -32.9461670711498 -25.346093533731 -1.64320203208594 295.324134123268 -33.6364742899184 74.967502333721 0.841143321291023 0.866354475061964 0.868133527709594
11.351 1.29316016918624 -8.1373730552067 5.17804811533421 -32.6570823505321 -29.1359846172839 -2.78679517270717 295.894548639847 -35.1835441748339 71.241676890314 0.841273744825913 0.866471851349989 0.868344043192643
11.38 1.29567859528289 -8.23034862697267 4.88404834678039 -31.0423893756868 -29.8241933415267 -4.04860179981647 296.188584398276 -36.5566707816154 67.6477582811544 0.841239584712903 0.866455688420569 0.868280611572532
11.427 1.37053218748012 -8.34867067710873 4.60699077817117 -28.4447934095735 -29.4863752325908 -4.22188654182081 296.306753362604 -37.4049033331085 64.0526842077351 0.840998272816257 0.866072624935206 0.868118485037837
11.488 1.43519183760215 -8.39847108857648 4.36544961394444 -26.7309696846553 -29.2338112666428 -4.52545328971455 295.556470223709 -38.6739716998179 61.1586742082654 0.840815591970656 0.865626248504295 0.867876293702443
11.502 1.52438896437404 -8.41864417871655 4.16412700648979 -24.3775816277769 -27.8996924694922 -5.56561716466879 294.948740881204 -38.7899170768525 57.902526108695 0.840313368326421 0.865277181133334 0.867569127440772
11.547 1.66809360551171 -8.49458809190457 3.99926005684395 -23.4468334849115 -27.5247050987619 -6.91334074307637 294.678480113776 -39.9098328322505 55.1750461480429 0.839792472573278 0.864994436562855 0.867097970807111
11.588 1.8366879611963 -8.5544327015649 3.78450650389272 -23.9351412296485 -26.9720340307605 -8.90446249044148 294.435568892158 -40.5289645941229 52.6657873799148 0.83972507051963 0.86500024865318 0.866704111391027
11.618 2.07991106904553 -8.55349043638768 3.60500157392398 -25.7953269914352 -26.5167368778931 -11.9553627088607 293.524810802648 -41.9244613212396 49.631287777731 0.839670474856175 0.864881358976652 0.866619659768525
11.665 2.28473883781409 -8.61579049886587 3.43513382731144 -27.4248255500854 -24.9715339703301 -14.0759811987573 292.367096750145 -42.1668136702041 46.9453430999621 0.83974007562299 0.865032116073895 0.86679776520129
11.711 2.38214525212841 -8.62894595326654 3.20772847115193 -31.239757550531 -22.2287745770361 -14.6014684351155 291.771348367618 -42.4771190728653 44.4517279109693 0.840162632761261 0.865610527328387 0.867040703121578
11.74 2.51922354251441 -8.62476972754751 2.93667448509879 -34.7284784250904 -16.859887560071 -16.4465024095428 290.85079217777 -43.6104664490209 41.8378996078851 0.840517238626883 0.865857180322234 0.867372853733271
11.784 2.79188352795184 -8.59321323288404 2.64744948674052 -37.6622812647813 -12.3284936564819 -20.1290715318824 289.619141663994 -44.4504778237069 39.822698682387 0.840930344709143 0.866142792381961 0.86776481296978
11.83 3.08102673805863 -8.58742866391805 2.32012060221369 -38.8891959160759 -10.8256218464832 -21.8706548110537 287.781504747835 -44.9628870372026 38.3463859327334 0.841378649127549 0.866374138150339 0.868082299951353
11.863 3.31008520721256 -8.54068300718708 1.95533154734405 -38.8161265546169 -12.8257765964147 -22.2315662748161 286.683018845746 -45.6479385001341 36.4125726055141 0.841388388629364 0.86632718383063 0.868105555885387
11.905 3.50182355790412 -8.566139671521 1.58755949433674 -35.8771693794687 -15.7491080507295 -21.8726831864178 284.749245265055 -46.5388301851087 34.2461838104664 0.841156295927809 0.866289150831666 0.868235384471957
11.951 3.66399699462207 -8.55593420265759 1.24681390553498 -32.2513468920261 -20.7053271394115 -22.0054229993191 282.678888664694 -46.516452449938 31.4354088864778 0.840956087983218 0.866036483980212 0.867748876725092
11.982 3.82851120303401 -8.63397273312909 0.948448137403777 -27.1246596848312 -26.4040630745264 -20.7603468279217 281.457899818402 -46.4263264844498 28.702681198047 0.840528331281628 0.865844307061238 0.86712010746187
12.029 3.91207004567947 -8.72419058801364 0.656254208414369 -23.6957071691408 -32.9853826934198 -19.8783236787082 279.724898852906 -46.8213244524043 25.6131717704181 0.839941253319891 0.86546604429943 0.866820550130679
12.072 3.99572802140894 -8.72009593459488 0.418769083049075 -19.4029121199811 -36.0931218137311 -17.6585414163949 278.153168070854 -46.7332728064475 22.0306691340387 0.839706315204334 0.865271013197084 0.866590514882103
12.103 4.11323652236871 -8.72652957431617 0.263803560552203 -13.6190305729099 -38.1864973714123 -16.8899070968982 276.922066137392 -46.3559509732225 18.0188419985713 0.839528812768327 0.865001676269465 0.866280588861066
12.148 4.20784979890845 -8.73463789432879 0.170866572960153 -7.8939338480265 -40.0740399700806 -15.0731148248234 275.774873571287 -45.9003202883102 14.4152620188428 0.839625329331832 0.864771277623121 0.866288815924717
12.193 4.22727705640753 -8.72619393195514 0.10923456164617 -3.62820855430604 -41.89623191775 -13.8243375119237 274.041647592743 -45.0992594335313 10.5603622352626 0.83982982829469 0.864942950177535 0.866517585365263
12.223 4.25276951887766 -8.7414228897085 -0.00437313338062029 -1.82090999769019 -42.0867112121561 -13.5738965907651 273.063734550121 -43.8684001411603 7.44389341056273 0.8403488867564 0.865193119185597 0.866936945056941
12.268 4.29460108407173 -8.74523504341047 -0.152856629055263 -2.01417373935043 -38.7429078375717 -13.756917307222 272.463624985598 -42.9554041143399 4.33155366255581 0.84051683208501 0.865630071006575 0.867140862082613
12.313 4.42609629376277 -8.68585218478406 -0.248384186803134 -2.73896164490438 -32.1648087835476 -13.4115763012926 271.611536238335 -43.0618773326153 1.40855846667021 0.841005896913455 0.866119250440117 0.867539984034789
12.342 4.57109423764816 -8.65314072972758 -0.326186479563369 -3.40848259649468 -25.4163195421544 -12.5224607735126 270.765344353051 -42.0201206394184 -1.53506764199713 0.841275718878078 0.866269246042735 0.867739949171604
12.387 4.66112893217305 -8.5368619174862 -0.349055572710665 -4.35201594132863 -19.9016463100611 -11.6580787227285 269.683928925971 -41.9202977179289 -4.08740479001768 0.841367804386964 0.8665139300834 0.868135749199362
12.433 4.7931399576737 -8.49503727227393 -0.353507617645868 -5.5581863475907 -15.6097991600045 -11.1838071241887 269.191982430037 -41.5034411515224 -5.55479787991432 0.841442393649161 0.866366584592087 0.868111893437974
12.461 4.90001497712011 -8.52899298122181 -0.371921909076035 -7.78846681941106 -12.1942426631151 -10.1579677400585 268.37350576833 -41.4297873327332 -7.2113862827306 0.841162548054625 0.866111688556857 0.867870954506555
12.508 4.96583798862977 -8.53606256376733 -0.456371091902126 -9.75842911608937 -9.19344342735222 -9.20428974730996 267.614539672347 -41.5861277395139 -7.79722288901179 0.840708361377063 0.865546652315111 0.867441342426562
12.552 5.02534963432313 -8.51844557235772 -0.517855686655535 -10.0537168970095 -5.1072998631782 -7.91448232890885 267.167777134601 -41.6767634690062 -8.13975054009955 0.840238887226757 0.865101346485376 0.867105702668322
12.583 5.04072954627 -8.53752100317884 -0.545404103195493 -9.72602977054715 -2.06111136245678 -6.37256274748487 266.073899479027 -41.6781784098951 -8.42919793748063 0.839846237483863 0.86460440159441 0.866734558651155
12.628 5.0179566192768 -8.54918323037882 -0.566491288050629 -9.70388564086075 0.360957811677183 -4.48299719950855 266.039858578012 -41.859324512015 -8.51965032935931 0.839540566873265 0.864573082606017 0.866298509821981
12.668 4.96995413571546 -8.54489898446268 -0.579040880108615 -9.40533820879187 1.89787201066462 -3.81099872396834 265.62828544819 -41.7660528547322 -8.80891676678104 0.839521026902619 0.864424116755729 0.866303331903058
12.699 4.91120024540682 -8.56911765861594 -0.622443555826783 -9.088552956755 2.90605495459254 -3.38309217252122 265.126911213034 -41.906502812333 -8.91122258109265 0.839505199526397 0.864772864113934 0.866418352027717
12.744 4.8523149479937 -8.58486217077323 -0.656211087523123 -8.56501033771964 3.67092741398332 -3.04511382004753 264.582798082557 -42.1822672779898 -8.68809029068505 0.839972383123021 0.86505534947408 0.866733378450984
12.789 4.80048784171584 -8.6047498920635 -0.67363882047808 -7.77735303004146 4.63574128166237 -3.01761089652858 264.310066446871 -42.2016364951717 -8.35135313545489 0.840476824911685 0.8653951538958 0.86712392075009
12.818 4.80028072326963 -8.61027664230776 -0.67446148083736 -7.18515213753969 4.88128631600911 -3.37472284145533 264.047153821966 -42.4993255610891 -8.69659603971846 0.840885422760503 0.865892011242089 0.867563177253404
12.864 4.78946475920045 -8.60921662978406 -0.67565455959007 -6.63684346041478 4.31697168695975 -3.82367817333454 263.492194595792 -42.0024537044822 -8.35824279217195 0.841216387018045 0.866060258504638 0.868029843863378
12.909 4.83461527582944 -8.57925655250729 -0.67409506708254 -5.71439282125659 3.32308294429999 -4.4936678700193 263.600677622592 -41.4019875006306 -8.37817666165928 0.841370779574879 0.866072941317612 0.868296974975167
12.938 4.89137629361075 -8.56929424307778 -0.699437447275662 -4.45568108598119 1.35154451312727 -4.78842059303624 263.460548874299 -41.5276098755108 -8.04632309594402 0.841255991216302 0.866193961318526 0.868279442654676
12.985 4.9162717567862 -8.57926502894012 -0.724525730994954 -3.11726961857606 -0.477462684824928 -4.72045274142806 262.915044588183 -41.7493639991637 -8.00552170771466 0.841024343874693 0.866193969224261 0.867907887497542
13.032 4.91196237054015 -8.55597741094455 -0.748911399604845 -2.24949220784051 -0.942088286158573 -4.6379178655949 262.719186116428 -41.2869848393226 -8.36247258324887 0.840596415991317 0.865737034916507 0.867594718414802
13.062 4.91901822783253 -8.53765909330698 -0.752137812732849 -1.65804288682409 -0.374236549956383 -4.67999591387996 262.632540754307 -40.9844577198513 -8.68760279243159 0.840110225188952 0.865490515596916 0.867093993722552
13.11 4.95139290369688 -8.51453130851078 -0.743929414883203 -1.45003763909087 0.605952364000978 -4.65217073604429 262.088358010988 -41.4174107530796 -8.96895826186958 0.83972935916406 0.865290834948047 0.866799398001832
13.153 5.00879490848861 -8.49837156953424 -0.732989004887449 -1.43391980064071 1.43242446827591 -4.76054837253176 261.797569988901 -41.4381027099945 -9.32285619211437 0.839420857683898 0.864894134418055 0.866227432226339
13.182 5.06964371230156 -8.47158134287425 -0.739300528592089 -1.46521549653424 1.63224855212791 -4.82337242602553 261.568031691009 -41.4968631950955 -8.63151351561264 0.839297592176773 0.864696404458451 0.866233549645127
