0.009 -4.30249564357617 1.55788571804208 5.36008443487694 112.386455966552 -11.6882501656991 9.17862595419847 347.4 153 55.8 0.845080699000308 0.866259629167332 0.869955262997314
0.009 -4.5244266078593 1.75314697476723 6.46907206225106 125.059260751576 -6.01026484378568 17.3309923664122 342 153.6 61.2 0.841300000145693 0.867492865611799 0.86502502651193
0.01 -4.96454233101502 1.90811239051072 7.27251237494685 133.793029332907 -5.63977271055215 23.9757557251908 340.8 158.4 73.2 0.843821945689256 0.863789051815026 0.86872474163725
0.01 -5.33682417426849 2.38468486995025 7.52131733175759 140.270214949235 -7.54602444713052 28.855279389313 336 160.8 72 0.841300000145693 0.866259629167332 0.866259629167332
0.01 -5.52241980631064 2.46386708257071 8.04733014890532 151.256170553548 -11.1364601703564 31.6239499236641 330 162 81.6 0.842561714935271 0.863789051815026 0.866259629167332
0.01 -5.84256504415492 2.79508152101163 7.87759927024525 155.777118383689 -17.5953332372902 4.28549618320611 327 167.4 94.2 0.841300000145693 0.86502502651193 0.867492865611799
0.01 -5.77761090790349 3.59972778404109 8.16669137874319 144.952078301046 -19.7151892265383 8.82641221374046 327 167.4 96.6 0.840036794681514 0.86502502651193 0.86502502651193
0.01 -5.85466396506236 4.2601637313755 8.83742000698215 144.951526959491 -25.4902351893807 10.9040763358779 319.2 160.8 100.8 0.842561714935271 0.863789051815026 0.866259629167332
0.01 -5.59450973000174 4.86096057921574 9.11743962203711 150.509809378045 -26.1602956399082 12.7266458015267 322.2 165 106.2 0.840036794681514 0.86502502651193 0.86502502651193
0.01 -5.42710928552787 3.34272417095237 7.39717372150943 160.471805539478 -19.4320523354594 15.7906224427481 324.6 167.4 112.2 0.841300000145693 0.863789051815026 0.866259629167332
0.01 -5.92940758854247 3.76561804414033 6.8394156803941 160.187983764156 -21.9361753461883 5.03664122137405 303.6 168 118.8 0.841300000145693 0.86502502651193 0.866259629167332
0.011 -5.80070251694408 3.4676459115765 6.49054264815944 164.440177754152 -24.3150768955389 7.24137404580153 303 162.6 125.4 0.842561714935271 0.86502502651193 0.867492865611799
0.011 -5.8209783536591 4.11854519981338 6.56621324830321 165.629747764997 -25.6171569922446 8.63708396946565 298.8 162 134.4 0.841300000145693 0.866259629167332 0.867492865611799
0.011 -5.45513677916508 5.0389442313152 6.91659313273192 166.798070698421 -21.000479460959 11.5596351145038 295.2 159.6 139.2 0.841300000145693 0.86502502651193 0.866259629167332
0.011 -5.27336218644602 5.53175600782968 7.10929203479076 169.882385765983 -20.4729505988326 13.3342059541985 285 162.6 141 0.840036794681514 0.86502502651193 0.866259629167332
0.011 -5.26933858414968 5.91543152704183 7.1792915861182 170.539948716102 -21.1653501954379 2.18396946564886 277.8 161.4 139.8 0.843821945689256 0.866259629167332 0.86872474163725
0.011 -5.15594322938156 6.12055900193164 7.37247588041776 169.701221020065 -22.6037770079552 3.15488549618321 273 159 141 0.841300000145693 0.866259629167332 0.867492865611799
0.011 -5.27373494617729 6.42506337014057 7.49893659773487 165.753999681417 -22.4884374750986 4.87451145038168 269.4 154.2 148.2 0.843821945689256 0.866259629167332 0.86872474163725
0.011 -5.09280243437817 6.63908264500396 7.49214329501705 161.174019560604 -15.996082277207 7.17102977099237 265.2 154.8 148.8 0.842561714935271 0.86872474163725 0.867492865611799
0.011 -4.8765724800944 6.85390629883852 7.15844267172262 156.362724474772 -10.6964740494863 9.18751458015267 258 157.2 146.4 0.843821945689256 0.866259629167332 0.86872474163725
0.011 -4.71303029384491 7.04467381104451 6.85122877564411 153.11805508073 -8.68484191171328 2.31526717557252 258.6 160.2 145.8 0.842561714935271 0.86872474163725 0.867492865611799
0.012 -4.65801907354245 7.27873353717883 6.57419758623583 149.777241939069 -9.62399130832821 4.18450381679389 255 156.6 145.8 0.843821945689256 0.866259629167332 0.869955262997314
0.012 -4.63059550023362 7.51638190053248 6.25633547531732 145.868983394017 -10.6707524828389 5.89582442748092 248.4 154.8 151.2 0.842561714935271 0.867492865611799 0.867492865611799
0.012 -4.49332695153014 7.70877742858837 5.82882211649866 141.900405665303 -9.68764670020387 7.45662366412214 247.2 154.8 146.4 0.845080699000308 0.866259629167332 0.869955262997314
0.012 -4.29077660691729 7.98542280279496 5.44268342892335 138.814181892666 -7.46315683934379 9.22241167938931 242.4 151.2 144 0.842561714935271 0.86872474163725 0.866259629167332
0.012 -4.17845183299772 8.22482684209554 5.19254276490217 136.838870573628 -6.27332970502773 2.74274809160305 237 151.8 144.6 0.843821945689256 0.86502502651193 0.869955262997314
0.012 -4.20269601661079 8.30633490343042 5.0189513683558 133.987807943746 -5.9620272688761 5.43335877862596 233.4 153 144.6 0.841300000145693 0.86872474163725 0.86502502651193
0.012 -4.17830766247015 8.3641298150344 4.81573288919692 128.853912645555 -3.35055736641597 8.51063358778626 223.2 152.4 139.2 0.843821945689256 0.86502502651193 0.867492865611799
0.012 -4.08680658048065 8.53417940753609 4.39587014867811 122.672338174892 -0.13153216412552 11.558806870229 226.2 144.6 139.8 0.840036794681514 0.867492865611799 0.867492865611799
0.012 -3.83225266193453 8.67854503230372 3.99794224459483 118.103577639846 0.760247006485505 14.1288803816794 224.4 151.2 140.4 0.843821945689256 0.863789051815026 0.867492865611799
0.013 -3.75057709266338 8.74532702657091 3.66674189768928 114.62146415067 -3.64020517507908 3.40916030534351 218.4 148.8 136.8 0.840036794681514 0.866259629167332 0.867492865611799
0.013 -3.93181215569014 8.71229632281518 3.34645536544351 111.052447506596 -8.48534496291468 6.45908396946565 214.8 145.2 138 0.840036794681514 0.86502502651193 0.866259629167332
0.013 -3.7809241549191 8.73973030671409 3.18963916601922 106.702927946776 -7.99711581013466 9.10172519083969 217.2 148.8 139.2 0.841300000145693 0.86502502651193 0.866259629167332
0.013 -3.74005505466614 8.84139442585347 2.87827683987187 101.686833625381 -7.55694621385402 11.1900259541985 213.6 150 130.8 0.840036794681514 0.86502502651193 0.86502502651193
0.013 -3.64778723440308 8.90733404286895 2.56459177883238 97.0044098048274 -7.07148060010221 12.4236951145038 210.6 139.8 131.4 0.841300000145693 0.863789051815026 0.866259629167332
0.013 -3.54810648669367 8.95177586670096 2.24995350258145 92.1512970686195 -6.7734928454355 2.35267175572519 204.6 144.6 137.4 0.841300000145693 0.86502502651193 0.866259629167332
0.013 -3.53237464585511 8.98572807129062 1.92051109746033 87.1865490411469 -6.43354814104462 4.15251908396947 207.6 140.4 128.4 0.842561714935271 0.86502502651193 0.867492865611799
0.013 -3.32931347988792 9.00581046893451 1.62628743417502 82.1755277248184 -5.64897195289436 5.33345038167939 202.2 139.8 135 0.841300000145693 0.86502502651193 0.866259629167332
0.014 -3.19653739007784 9.0120932068311 1.3564583066175 77.3449978531 -7.12682284920797 5.98941832061069 201 141 132.6 0.840036794681514 0.86502502651193 0.867492865611799
0.014 -3.21027624731486 9.01990240268852 1.07392820147303 72.7975209685533 -9.34238483909634 6.00040015267176 202.8 140.4 134.4 0.841300000145693 0.866259629167332 0.871184435407686
0.014 -3.22066599242591 8.98215910303246 0.853948048600198 68.40555513124 -8.99287917961419 0.117557251908397 198 136.8 134.4 0.842561714935271 0.86502502651193 0.867492865611799
0.014 -3.09612103205356 8.93675786710666 0.647286926372624 63.3306484730778 -6.4386294295917 0.269923664122137 196.2 137.4 135 0.841300000145693 0.866259629167332 0.867492865611799
0.014 -3.04119213731378 8.96125844529467 0.428491349217692 57.8662859158464 -4.4146138148768 0.0994198473282443 201 139.8 127.8 0.842561714935271 0.86502502651193 0.866259629167332
0.014 -2.94812181274255 9.01311672399519 0.195183463571131 52.768970301361 -3.54567151735859 -0.51433893129771 194.4 142.8 128.4 0.842561714935271 0.867492865611799 0.867492865611799
0.014 -2.81096781504298 9.02483386400411 -0.0590265026590294 48.7500885384004 -4.00866161753113 -1.31863022900763 193.2 141.6 127.2 0.842561714935271 0.866259629167332 0.86872474163725
0.014 -2.76486194025407 9.03154857101801 -0.280034324309325 45.181949913568 -5.13909316570168 -0.717557251908397 197.4 143.4 133.8 0.842561714935271 0.867492865611799 0.866259629167332
0.014 -2.68990768096682 9.03585602470723 -0.468646282655981 41.8416175176311 -4.86335178806281 -0.786259541984733 192.6 138.6 131.4 0.845080699000308 0.86502502651193 0.869955262997314
0.014 -2.65734433920834 9.06559008623797 -0.644322700532961 38.4963870635779 -3.31289447185195 -0.533587786259542 194.4 136.8 129.6 0.842561714935271 0.86872474163725 0.867492865611799
0.015 -2.53173055462527 9.07732712863956 -0.772444105654378 35.5780460671438 -1.68542181855988 -0.648167938931298 195.6 140.4 132 0.845080699000308 0.86502502651193 0.873638756054537
0.015 -2.46386870931823 9.0697544423259 -0.894277563550549 32.8774933688263 -1.92756665960466 -1.02762595419847 196.2 136.2 131.4 0.842561714935271 0.86872474163725 0.86872474163725
0.015 -2.51298619381701 9.04270796843022 -1.02200390475256 30.3347821998826 -2.32259625318618 -0.50763358778626 196.2 142.2 127.8 0.843821945689256 0.866259629167332 0.869955262997314
0.015 -2.54821365838154 8.98706197322294 -1.0799157522076 27.8493955829478 -0.409420597333209 -1.21946564885496 195.6 140.4 122.4 0.841300000145693 0.866259629167332 0.867492865611799
0.015 -2.50575799135778 8.97199577910499 -1.09947526770416 24.7934636582408 2.29411688224744 -2.21660305343511 194.4 142.8 129.6 0.845080699000308 0.86502502651193 0.869955262997314
0.015 -2.41954413403642 8.98997984072086 -1.21739589259848 21.5507585137908 3.63111740776315 -3.48272900763359 196.8 144 128.4 0.840036794681514 0.867492865611799 0.866259629167332
0.015 -2.27682937994217 9.03082570201621 -1.41306758301697 19.3101864792056 4.19090643034562 -4.39705152671756 201 143.4 126.6 0.842561714935271 0.860072836582279 0.869955262997314
0.015 -2.13342234326555 9.02526949137269 -1.54763272145905 18.4692441671629 3.86036540563167 -0.540458015267176 194.4 139.2 126 0.840036794681514 0.867492865611799 0.867492865611799
0.016 -2.12478434592325 8.98722895046907 -1.60966441696451 17.5368235672405 2.2124968039998 -0.604732824427481 196.2 139.8 126.6 0.842561714935271 0.86502502651193 0.867492865611799
0.016 -2.19308591678594 8.98160316998515 -1.63999469577282 15.9052786150966 1.10651429917234 -0.682427480916031 193.8 143.4 129 0.840036794681514 0.86502502651193 0.862551699207043
0.016 -2.25216313119102 9.00419299413043 -1.69296974687883 14.0422316696175 1.50349645704136 -0.998917557251908 195 147 123 0.841300000145693 0.86502502651193 0.866259629167332
0.016 -2.24457975550326 9.03350210734556 -1.76907844617166 12.4784665179229 3.01039871973417 -1.48757541984733 192.6 139.8 123 0.841300000145693 0.863789051815026 0.866259629167332
