60.447 -6.31960953850118 -6.15898746955845 1.17969367186075 -1.83347179511582 5.60382217842943 25.3570732723367 249.328916262668 157.815295893217 6.81327826476546 0.840920497607277 0.866324902199638 0.867925261856093
60.488 -6.39511894423405 -5.95925756011255 1.15920266942853 -1.21877627618122 5.39825626987135 29.3226644650966 246.578422172761 157.212389673506 6.82075539446002 0.840385679822904 0.865843090626562 0.867732115289675
60.534 -6.6441725025902 -5.78329668410834 1.07039583706564 -0.7188118371419 6.78548834195458 32.9433429495526 243.930521959937 157.44403563554 5.54281186951262 0.839825705638325 0.86557642072206 0.8672052851912
60.563 -6.75311262046964 -5.49230989847834 1.0263367934704 -0.970405527016237 11.200825709655 37.1201383234888 241.407722787549 157.469668864787 4.57367761430522 0.839498898328052 0.865360418099414 0.867013141561127
60.61 -6.89533737992142 -5.23998285648969 0.906001968620318 -1.05221168299002 13.9010657713854 39.4077700572931 237.498255457915 157.400431780478 2.90667886758723 0.839234184406731 0.865074094240352 0.866511802232089
60.657 -7.1815273319966 -4.91007592546319 0.785187293971439 -2.34236779909978 16.773832740471 43.5394540517509 234.331586920911 157.008349742187 0.764409882745654 0.839146386822268 0.864842171914512 0.866463889349785
60.687 -7.40869040963868 -4.5817752519903 0.65728017618928 -3.03441715391204 19.037644214438 48.2207745758114 229.468585405938 156.888763291171 -1.08482799497602 0.83932806160773 0.865123698198009 0.866671591162111
60.731 -7.7213928637806 -4.27155894896611 0.523705990278181 -4.14138934505044 19.307591050336 52.9708884751095 225.57155417881 156.005898265849 -3.05671067593058 0.839589041438167 0.865339525082181 0.866938502149843
60.775 -8.1580537197691 -3.89160738624724 0.369889386487404 -4.67796048399467 16.9951792851233 59.8949692831593 220.674958884836 154.714777595338 -4.07793564750377 0.840027677923659 0.865748659782808 0.867154700049905
60.802 -8.59570167844876 -3.52445247304886 0.222265714281642 -4.52227776302805 15.8183089614079 63.6421006918781 216.060716696717 152.132969852223 -5.43312787447805 0.840483361496343 0.86610419310988 0.867551192788295
60.848 -8.73104334008854 -3.25455437552218 0.117277217942291 -4.00251063690768 17.4551966709541 63.5333840031694 210.475180524341 151.025705580301 -7.15483357832722 0.840739177392222 0.866392175104808 0.867749028261944
60.894 -8.88414873706351 -2.92188315099021 0.000261974394946109 -4.87562140215476 20.3443581584347 62.6685295921855 204.924896224716 149.342821520044 -8.66341519844505 0.840819917985426 0.866613502623679 0.86801977961809
60.926 -8.99212904773068 -2.53090773393201 -0.174534597824902 -6.24772661818811 24.2152659861947 61.3800585879909 200.07516594202 147.061685431236 -10.6713663107405 0.841011788148379 0.866558476072434 0.868128583594078
60.972 -9.07599578262913 -2.13779472871905 -0.339822416556896 -9.02226161416748 27.0316173572147 60.8799085249749 195.396884413036 144.127965199301 -12.4718067116998 0.840813757598992 0.866513904565925 0.867748284640058
61.016 -9.12694690375382 -1.60416438765398 -0.563679643167006 -10.5895586250329 28.1035489906416 58.732573233474 190.785476374559 141.397651811434 -14.8361634364768 0.840539664362213 0.866231017735666 0.867576431380242
61.046 -9.35952010727497 -1.27963296066252 -0.763834406963276 -10.4459394328415 29.2654777358548 52.5764377542284 186.306235863393 138.886097967261 -16.1872923835462 0.840089866963582 0.865767044210745 0.867091664455263
61.092 -9.41297905575259 -0.907922096027207 -0.922745543445491 -11.7658674291513 32.1518308591722 49.289128321383 182.258051049348 136.527739353482 -17.7137068306725 0.83985200135315 0.86526749039476 0.866834549433295
61.137 -9.43134523425628 -0.603197109945963 -1.14668694789959 -11.660657961124 33.0997768890592 45.1753389784882 179.153021349972 134.11946887632 -19.8801025328447 0.839532859926241 0.865097824787332 0.866379502355515
61.167 -9.43008493508145 -0.402308616063162 -1.31844880780736 -12.8287970706478 32.7280711885349 41.1293528168502 175.305947293478 130.992769789819 -21.3948830516042 0.839261693301264 0.864737796187875 0.866480050094207
61.212 -9.43348733913351 -0.182427372085197 -1.47812416500786 -14.7866691386751 31.8563788840873 40.3982108961525 172.165817307717 128.280143529754 -23.3178552717994 0.839408962563512 0.865026944453972 0.866450379523561
61.272 -9.39490145711574 0.0696692350574478 -1.68406965475302 -16.0074310099604 30.3247355984008 40.245069909853 169.580312019251 125.6089162591 -24.7374627701575 0.839768259704126 0.865384478193957 0.866771639482872
61.287 -9.3450917951014 0.345112953313708 -1.85566792541968 -16.5377748432588 28.1528068270711 39.9510257109504 166.916052735593 123.343222169871 -25.3533448438276 0.840185461866982 0.865550756878899 0.867166838146955
61.332 -9.30630819230423 0.661302940567435 -2.03671669383768 -15.8145289207496 25.0990407055001 40.6942239556408 164.18200271583 121.112009957596 -25.3122093235003 0.840523395618895 0.865907302735994 0.867475023103827
61.374 -9.31105789130536 0.954437160672031 -2.21326974402009 -14.2651882731354 22.1217496890123 40.0994206407103 161.271422199823 117.336728065653 -26.1308895520353 0.840923145033343 0.866319428524688 0.867835521761183
61.405 -9.28627654070002 1.22166575112625 -2.32290854066424 -12.6599170050565 18.3486172481 39.7145765205021 159.435851981856 114.716749733179 -26.3440205371486 0.841145305644162 0.866406466503543 0.86825044291468
61.45 -9.2921626902125 1.47645804947748 -2.4368670637205 -10.9219373542484 14.1096318793579 38.5225474396219 157.187040105304 112.288567283875 -26.3186566350904 0.84119938040782 0.866476967266415 0.868241751685682
61.495 -9.31303151692613 1.67625577240754 -2.5145508840068 -9.07654024930762 11.9631529673181 35.7574618993762 154.225502485296 109.409739499939 -26.6821118744232 0.840978489119822 0.866423204042051 0.868000545415201
61.525 -9.20788489539413 1.83951646707009 -2.55745925977338 -8.95665409048879 12.1646577203216 32.3770555888764 152.58865701309 106.71188899495 -26.9105106182828 0.840559273639872 0.865798979858118 0.867681980733567
61.569 -9.07383841588875 2.04958713375982 -2.59804491961352 -9.29603485146386 12.5356628297963 28.9324379277533 151.010812180603 104.97063008591 -26.6395136008091 0.840206911663518 0.865540690999621 0.867275667480754
61.617 -8.96418344929787 2.24616439721981 -2.64837302942202 -8.80856685563992 12.6774746783946 25.6955800649916 149.144757866288 103.068210369587 -25.9400060166553 0.839807675208459 0.86522011528952 0.866946553745975
61.647 -8.86396048151977 2.45152825972855 -2.70911839212071 -7.79906129047292 11.6221896040034 22.746320616002 147.195253871693 100.297250399365 -26.3754048734908 0.839598116934073 0.864948213229366 0.866581463571507
61.691 -8.80160434051014 2.59761206306765 -2.74754226396604 -6.18800300406169 9.72763770138018 19.9558174088853 146.108155636072 98.6767728234859 -26.3440779475276 0.839453683829248 0.864616610825923 0.866520315034714
61.736 -8.70502541455589 2.74234796522237 -2.75477742944162 -4.6424351050457 7.80961554575153 18.3164258416551 145.233606065218 96.9141859870236 -25.7967031374973 0.839564474891179 0.864928784310791 0.866594108364358
61.766 -8.67045472199023 2.80650459822142 -2.78502885414303 -2.38617396180457 6.59471988976866 16.2276026416643 144.051220912827 95.0844906494891 -25.8873295413728 0.839894224689536 0.865070530594548 0.866641548596925
61.811 -8.62675851035896 2.89105656015734 -2.80843718458855 -2.18333526020674 6.36485288170498 14.2059611931832 143.60948893939 93.7944374260862 -26.764736928512 0.840274876357268 0.865530774247826 0.867148102196993
61.858 -8.57912421677027 3.00316001094348 -2.8403385798515 -2.74506644626364 6.50812625402836 12.042019406173 142.435686040906 92.5934943151298 -27.2594369120947 0.840683592227567 0.865927705826544 0.867558410613047
61.887 -8.51865137226727 3.10838886682931 -2.87510308936325 -3.25915267643538 6.61150592988511 9.59892121518336 142.276905693134 91.5247303952552 -26.6401438987967 0.841027684830931 0.866237282508286 0.86787819834444
61.931 -8.42484894645165 3.18323341482522 -2.90056886777501 -3.51563885875236 5.80272438335962 7.91604221483288 142.250293611438 90.6650316201567 -27.5245165580253 0.841180079293239 0.866499977517517 0.868137226406868
61.976 -8.36730432623704 3.245826716956 -2.92347662199764 -3.41240030001689 4.48585560548312 6.73787205661005 141.310737825265 89.7346756123269 -27.6588584120005 0.841177048525249 0.866712760474994 0.868223715492988
62.007 -8.32232128711944 3.2690538419749 -2.94258256877338 -2.98404424301368 3.80193998700621 5.93790537348773 140.885697638465 89.3170872459848 -27.2036753137204 0.841061172835319 0.86628085329929 0.867948938947866
62.05 -8.29173285143821 3.30251434100739 -2.95467656832088 -3.16570179103956 3.66598360321549 5.08832930672353 141.015415087156 89.4168406692477 -27.5249770041136 0.840740070703637 0.865931008486971 0.867726369946317
62.097 -8.25748118763736 3.35195525873689 -2.96034871026606 -3.50627951944433 3.89089710028394 4.44345513539263 140.580486220597 89.3056409420906 -27.989231373332 0.840252196100136 0.865635274442023 0.86744768919831
62.127 -8.21764660929156 3.40690031841477 -2.96321332546703 -3.54741465502472 3.79475642222236 3.88072537722528 140.930193838683 88.9215691630934 -28.0952774123989 0.839983487953758 0.865148120962015 0.866987383287898
62.172 -8.18022707834001 3.45509886809205 -2.97095056250723 -3.38019976369979 3.52077560276347 3.464761601354 139.713457009334 88.6704710221057 -27.7611747040431 0.839512743380927 0.86487740028601 0.866614535500464
62.216 -8.15860221768087 3.49105716283214 -2.97479358691748 -3.17132058722279 3.05824045197887 2.97645689709674 139.53190017756 88.3710815279056 -27.6585515102749 0.83948584284558 0.864794211546214 0.866423643031629
62.247 -8.1522370605427 3.52642625524029 -2.97290253616182 -2.96846433213901 2.62740377373647 2.31818199504531 139.630839143824 87.7265760376036 -27.8574267233227 0.839464053411949 0.864949180628686 0.866392480397413
62.292 -8.1266766773953 3.53286901138498 -2.96269182424957 -2.85033397162801 2.71239553000898 1.62940680529968 139.416979706497 86.9465265904589 -26.6205156458914 0.839699194799584 0.865087051612043 0.866490562308144
62.333 -8.09729382531922 3.55464952874225 -2.97036651541376 -2.87632776892709 2.76368160068132 0.975544703132433 139.201753562263 87.1246865382717 -26.524617673172 0.840141853877925 0.865198727108562 0.86692723967439
62.364 -8.05055724224483 3.58241322683607 -2.9776843588885 -2.76448198138056 2.45026148586485 0.639885866025821 138.451420385433 86.7049960960001 -26.7109403152693 0.840500407731381 0.86549869835648 0.867280948341049
62.411 -8.0382467267835 3.60626653739139 -2.99564866017127 -2.31197849652131 1.84753623103144 0.433498391175571 138.737650512201 86.9830468377601 -26.1958616553682 0.840916711683786 0.865975882255241 0.867690369602081
62.457 -8.02598877508624 3.60691294000291 -3.01121727894314 -1.74171021577005 1.61871808759348 0.286706215936182 139.035496914882 86.9742679385857 -26.5646479408482 0.841253917885234 0.866017325183 0.868022000823516
