0.007 -3.9310292533922 2.10033777915169 10.5972411322863 7.71627934971214 61.4163613147923 -21.9137404580153 257.4 40.2 162.6 0.840036794681514 0.867492865611799 0.867492865611799
0.007 -4.3769144414563 2.12984388675745 10.5600805719141 9.67823920100047 80.2877022825497 -43.9819083969466 253.2 54 168 0.840036794681514 0.866259629167332 0.867492865611799
0.007 -4.78485507357409 2.10534302240422 10.4616335308054 11.6516366549462 97.2719091535314 -64.5974580152672 249.6 60 165.6 0.840036794681514 0.86872474163725 0.86872474163725
0.007 -5.08233034540675 1.96669462781379 10.2625985689908 12.9811294780012 112.557695337415 -83.1514526717557 252 73.2 168 0.842561714935271 0.867492865611799 0.869955262997314
0.007 -5.27218667205687 1.7436889451256 9.91880588662172 12.8028638584454 126.31490290291 -99.8500478625954 253.8 88.2 162.6 0.841300000145693 0.86872474163725 0.867492865611799
0.007 -5.33513872209056 1.46918256653941 9.43904502032588 12.0042568619138 138.696389711856 -23.5335877862595 250.8 92.4 156 0.843821945689256 0.866259629167332 0.871184435407686
0.008 -5.31727602824149 1.06464819526907 8.83787049208632 11.3229151451881 149.839727839907 -41.0092366412214 258.6 108.6 155.4 0.840036794681514 0.869955262997314 0.867492865611799
0.008 -5.238112378817 0.651246706392493 8.14472175855533 9.97230301998225 157.505373376527 -51.9464809160305 263.4 112.2 154.2 0.842561714935271 0.86502502651193 0.871184435407686
0.008 -5.1434617835592 0.29025855041694 7.42631692784216 8.26514905386189 155.194530695363 -56.2564129770992 264 111.6 146.4 0.840036794681514 0.86872474163725 0.866259629167332
0.008 -5.1244160889069 -0.0956829216138895 6.72444651809799 6.94092422481158 143.823932587658 -54.6956571755725 271.2 117.6 140.4 0.842561714935271 0.866259629167332 0.871184435407686
0.008 -5.22830186115024 -0.437224301045213 6.0764227237177 5.4491218786663 126.060623298358 0.222900763358779 264.6 117 141 0.837505884938855 0.86872474163725 0.867492865611799
0.008 -5.49513923370526 -0.718694322417742 5.49846855335284 4.3698585457615 105.66143119753 3.19068702290076 265.8 113.4 142.2 0.842561714935271 0.862551699207043 0.871184435407686
0.008 -5.85129194775539 -1.01140194515339 5.00207225262685 4.02447574462046 86.3975781541129 6.89986259541985 265.2 114 145.2 0.837505884938855 0.86872474163725 0.86502502651193
0.008 -6.24377515303478 -1.30602328818993 4.5675858656725 3.71897473504391 70.8738508730528 9.56254809160305 261.6 114 148.8 0.842561714935271 0.86502502651193 0.867492865611799
0.008 -6.63447932947325 -1.55256758488973 4.18145623208529 3.36234443711204 60.3215802895643 10.1368276335878 264.6 111 149.4 0.838772091856926 0.866259629167332 0.866259629167332
0.009 -6.94523202671391 -1.80187105856324 3.83531622649533 3.04443060408786 54.5230100468674 -0.569465648854962 266.4 116.4 150 0.837505884938855 0.86502502651193 0.866259629167332
0.009 -7.15876966083451 -2.04288389434204 3.5236106565115 2.1407509024577 52.0233807979059 -2.74763358778626 264.6 113.4 149.4 0.837505884938855 0.862551699207043 0.86502502651193
0.009 -7.30767836598519 -2.21909400954651 3.2323615894184 0.464843751143228 51.0439434814741 -5.58966412213741 264.6 111 154.2 0.836238167146494 0.863789051815026 0.86502502651193
0.009 -7.39704431081978 -2.35152644933588 2.95700946558703 -1.07095360107033 50.232678904319 -8.19710992366412 265.2 109.2 148.8 0.838772091856926 0.862551699207043 0.866259629167332
0.009 -7.44694759534449 -2.50956158955091 2.69770038523545 -1.80965976768086 48.6849835329711 -9.99877297709924 263.4 111 148.2 0.836238167146494 0.86502502651193 0.862551699207043
0.009 -7.50006072002635 -2.65987362670178 2.4662375724161 -2.36380829472956 45.928698920132 -1.80687022900763 266.4 112.8 146.4 0.838772091856926 0.862551699207043 0.866259629167332
0.009 -7.5559429193555 -2.81347010917015 2.25618524633446 -2.99078624388256 42.1144549823173 -2.59488549618321 265.8 115.8 148.2 0.836238167146494 0.863789051815026 0.86502502651193
0.009 -7.64873396143484 -2.91339972960842 2.06869438245236 -3.73292899354011 37.5823987970627 -2.6682213740458 266.4 111.6 146.4 0.838772091856926 0.86502502651193 0.86502502651193
0.009 -7.7688174019918 -3.00525174749993 1.88822101909821 -3.97413991097999 33.1325558639213 -2.39605572519084 268.2 115.8 144.6 0.837505884938855 0.86502502651193 0.866259629167332
0.01 -7.89215548372255 -3.10701229166779 1.72842861138796 -3.96756561453848 29.4979262317276 -2.19690816793893 271.2 114 150 0.838772091856926 0.863789051815026 0.867492865611799
0.01 -7.99142822804439 -3.21302186839395 1.58126356234862 -3.90974035079456 26.8267595627533 -0.379389312977099 265.2 111.6 142.8 0.838772091856926 0.866259629167332 0.86502502651193
0.01 -8.07526699169625 -3.27736571484161 1.44157255915445 -4.12945333861586 24.9036255912108 -1.12389312977099 264 112.8 146.4 0.838772091856926 0.867492865611799 0.867492865611799
0.01 -8.13156828401222 -3.33377881395834 1.31112210805096 -4.23330189788405 23.4766218107157 -2.02066412213741 270 112.8 146.4 0.840036794681514 0.866259629167332 0.86872474163725
0.01 -8.16146975562931 -3.41896725488916 1.19521307815502 -3.996994608859 22.1465168815525 -2.90027709923664 264 114 147.6 0.840036794681514 0.866259629167332 0.866259629167332
0.01 -8.17485378211106 -3.50587206596031 1.09113437118581 -3.91027224720974 20.548659086527 -3.40414251908397 268.8 116.4 150 0.841300000145693 0.867492865611799 0.867492865611799
0.01 -8.19049075268535 -3.56828463238979 0.989742234490373 -4.03603891561854 18.4930298190957 -0.279389312977099 265.2 110.4 146.4 0.842561714935271 0.867492865611799 0.871184435407686
0.01 -8.21342251619245 -3.60991119291637 0.895496559270077 -3.93319838283531 16.0818947761174 -0.199541984732824 274.2 117 144.6 0.840036794681514 0.86872474163725 0.86872474163725
0.01 -8.24740882444869 -3.68316842567552 0.816960230882036 -3.34598541478079 13.6027129320935 -0.0330229007633588 274.2 108.6 142.2 0.843821945689256 0.866259629167332 0.871184435407686
0.011 -8.29565378184757 -3.75556427346136 0.742267247660518 -2.89917313284469 11.4653424022429 0.15272213740458 271.8 114.6 147 0.838772091856926 0.869955262997314 0.867492865611799
0.011 -8.34709473987498 -3.79222951626598 0.673487331679667 -2.86040085772816 9.89667075743847 0.206152213740458 268.8 112.8 147.6 0.842561714935271 0.866259629167332 0.871184435407686
0.011 -8.39087771660159 -3.80769071247416 0.606677293882478 -2.77054397806222 8.90395024658012 -0.325190839694657 267 112.2 148.2 0.838772091856926 0.86872474163725 0.867492865611799
0.011 -8.42064570742312 -3.84692448317621 0.54762565056 -2.42707736651554 8.45095980207478 -0.992671755725191 271.2 115.2 148.8 0.842561714935271 0.863789051815026 0.869955262997314
0.011 -8.42780446431753 -3.89187151735675 0.498070474352066 -2.23704138558918 8.37685618827951 -1.60638167938931 270 112.8 144 0.836238167146494 0.869955262997314 0.863789051815026
0.011 -8.41784710367069 -3.91640239845799 0.465441823797486 -2.19425327756461 8.28344537861187 -1.94956030534351 270 115.2 144 0.842561714935271 0.86502502651193 0.869955262997314
0.011 -8.4018824578483 -3.93614588282484 0.423326914725061 -2.07101115591502 7.73143671861328 -2.06529129770992 269.4 112.2 147 0.838772091856926 0.867492865611799 0.86502502651193
