66.837 3.51378366724842 -8.30799251640796 -3.09902553034218 -0.612506006348477 -4.15834242214989 -5.79230058907727 368.485988492452 -33.5083616838759 101.885378814744 0.840987423340868 0.865680569473497 0.86782709988099
66.867 3.5135065940491 -8.25185105735478 -3.12519730191069 -2.0136107811728 -4.58428789629256 -5.8390917214274 368.127650678886 -34.1077729639395 101.217156839943 0.840566510358919 0.865654524360097 0.867529280445395
66.897 3.48821489257137 -8.23279649657883 -3.22237643260872 -3.65384916023088 -4.83487624943209 -5.51287040122642 367.291397049898 -35.175296100791 101.389897040354 0.840111612220914 0.865411322299255 0.867040988967333
66.956 3.47125405506732 -8.11630302767685 -3.29864943319444 -5.22236591139007 -4.90892151776518 -5.19412731506974 367.388031610417 -35.1219898416407 100.383816602686 0.839603710880713 0.864880242894012 0.866657956100806
66.985 3.46556627803562 -8.22048249862186 -3.35200896857228 -6.25683394547787 -5.01179894847377 -5.0245713694813 367.334305604438 -36.110811771729 99.928891448176 0.839192310795151 0.864437819593488 0.866335216248216
67.017 3.55671529216915 -8.12316590475529 -3.40508833078958 -8.57872251873784 -5.51383195742406 -4.6602081527913 367.704787539595 -36.9177575351005 99.0264020730225 0.839112469196888 0.864203191980862 0.866209740463862
67.061 3.50176187591864 -8.20837821723289 -3.48644369626262 -9.72502478216238 -5.97704358016998 -4.8432418862037 367.890877907072 -36.8093836034314 98.2653856791482 0.838921176810488 0.864124505349353 0.865984644812995
67.107 3.48905656647743 -8.14512648771828 -3.55312563424524 -11.5685677834752 -7.34369537627356 -5.5499724927105 368.461611104728 -36.6616007187794 97.0249624001101 0.839006673923525 0.864184366647521 0.866394394367313
67.151 3.52219010818769 -8.06217543898431 -3.67475024670984 -12.6303872328592 -8.34602684256784 -6.04448535268329 369.61390499483 -36.9798965822113 95.7982195440892 0.839075926585084 0.864467552287299 0.866590649101609
67.197 3.56448286014103 -8.04275537988454 -3.77780322876182 -13.0058044983106 -9.04318250583873 -6.36198733414675 369.329263045812 -37.9877162315912 94.7145578307122 0.839485734346244 0.864931370538952 0.866996126683381
67.227 3.60257670444465 -7.99941996557848 -3.83459272070479 -13.7593581321812 -9.59688622667594 -6.45527080936116 369.404703067108 -38.4140501475889 93.1347918428769 0.839931099400642 0.86531913668635 0.86742274836141
67.258 3.62544804196949 -8.0460922811121 -3.94776159890333 -14.9333243618759 -10.12874501918 -6.16594492810162 369.201809484357 -39.071380619547 91.6991813927303 0.840405132892699 0.865744341504729 0.867644988276167
67.3 3.62757954397728 -7.91272338428985 -4.04508465168823 -16.4175957865546 -10.5448941525587 -5.7703695902356 369.18746568233 -39.8018183018331 90.0503369281115 0.840675812223271 0.865854455566084 0.867714377090187
67.344 3.55892250471446 -8.0809974543363 -4.1437941873743 -16.5817640374909 -10.7317459429619 -5.61193829938854 369.421847202687 -40.6394728244848 88.6607729117704 0.84052855073891 0.865943647955782 0.867757747280936
67.376 3.49322471541005 -7.87318083210878 -4.25185088004528 -18.8280990993753 -11.4198134504403 -5.32063185456579 369.371696234176 -41.0779729878327 86.803226058534 0.840535889628384 0.865781332424269 0.867694964961644
67.421 3.5568345669179 -7.96127428627923 -4.32763322219794 -18.5332793544634 -11.4402015666124 -5.13413928311432 369.451073949683 -41.7931581201445 85.1786131074125 0.84031459130602 0.865279063847714 0.867187676656199
67.463 3.48749925746995 -7.80109877421162 -4.42330188771776 -19.4940936816955 -11.3493113605591 -4.65857648344474 369.125369899243 -42.366458077317 83.3886766170042 0.840034028070525 0.864748352657904 0.866900233394328
67.494 3.51123216136423 -7.7847699385613 -4.57953277318438 -18.4188418363719 -11.0602704463277 -4.2916912263994 369.569549618387 -42.3748310426268 81.6148280597734 0.839566206966002 0.864566085497757 0.866556166629491
67.539 3.40219842921836 -7.70959362765165 -4.69058332186834 -18.2539947118887 -10.7031702065636 -3.62886531323084 369.413335190894 -42.2136131445277 79.6020107284165 0.839301366472651 0.86429471383724 0.866277472549974
67.582 3.47860219220545 -7.71470294155488 -4.76212289697861 -17.6970334265535 -10.1972014551028 -2.83441907165591 370.192801504624 -42.9410266470674 78.5536286900173 0.839327274578123 0.864210873787991 0.866162968068286
67.612 3.45110771232429 -7.71140150054123 -4.79811508736231 -17.883681044974 -9.9873667664195 -2.26511608926266 370.068169218745 -43.0982315841246 76.5404392389141 0.839474580689972 0.864130727613128 0.866304657321552
67.658 3.51963129391871 -7.74030690409043 -4.85632241624382 -17.3831098907037 -9.68785868385323 -2.05344632237909 370.051217067184 -42.865567583141 74.4657557835204 0.839467578094152 0.864411758642887 0.866530416896699
67.704 3.46109956212826 -7.68560342534395 -4.90393124912984 -17.2194793168135 -9.38411209880662 -1.84046709364615 370.481485824419 -42.6771097423442 72.5572621846515 0.839828221271127 0.864873845322533 0.866947338597404
67.736 3.490165650283 -7.66382304271708 -4.98345919792646 -17.4384652695197 -9.09601629621657 -1.61375544509002 370.608003517779 -43.2744588912988 71.4973823695678 0.84037224065098 0.865124675267507 0.86729722846869
67.782 3.49580054654887 -7.68069335248993 -5.01922423520965 -17.3015690820514 -8.49090297092779 -1.39195107082826 370.644482849401 -42.948311701952 70.3328797193499 0.840674686433933 0.865562176630766 0.867580639264433
67.825 3.46189599385968 -7.6213650630495 -5.06339710049052 -16.7778587427212 -7.74121919271105 -1.10022845897395 370.728031108015 -42.8941324785811 68.6636325726734 0.840932002101748 0.865669494999776 0.867933119250021
67.855 3.44284890266657 -7.64030489807632 -5.07780889436302 -15.3150274136652 -6.94962418731732 -0.908971311310881 370.657705197492 -42.9042473076507 67.2335423838655 0.841026604538465 0.865521818775585 0.867861667381302
67.9 3.4198371215626 -7.63791109803417 -5.15886634518112 -13.2754012127024 -6.06133299630718 -0.756877449184714 371.656741209969 -43.3684403191971 65.907169330931 0.840851037957849 0.865649533764479 0.867692677128653
67.947 3.35736572977018 -7.65201328916659 -5.19737269285141 -12.2544490280905 -5.10334384914622 -0.209406611702214 371.745960380075 -42.8684366585496 64.6768071580542 0.840456038198674 0.865407279916804 0.867309283777016
67.976 3.35395363878459 -7.5834098951606 -5.24659113188866 -10.8569434074098 -4.11760164757943 0.427937896429604 371.75822790786 -42.9434336934252 63.6802137980239 0.840009467701935 0.864864719581949 0.867109849401176
68.021 3.32476983356588 -7.55600889923536 -5.27547466716398 -9.45504019053629 -3.11869244904316 1.12632435259653 372.128164605367 -42.0561812916744 62.5249731763993 0.83952097382034 0.864425245710717 0.866577514560717
68.067 3.30958246319862 -7.49122125234122 -5.35191387741363 -8.11514743983058 -2.21881263945015 1.78461280193907 372.571813330347 -41.7935068462563 62.0452282728835 0.839378686247291 0.864193007135817 0.866282541831448
68.093 3.251862707285 -7.40611028754702 -5.46474835033181 -7.47052133465972 -1.58647487917599 2.18294094972332 372.289168797581 -41.5267405454676 61.6986349010356 0.839263433313122 0.864004893890149 0.866055836463558
68.139 3.16767635252456 -7.29828856535785 -5.53936687242508 -7.09951922763925 -1.0098538124379 2.58238064255833 372.600226726041 -41.0466598418288 61.8378942698388 0.839283901690658 0.863976119630847 0.866094557077275
68.199 3.11987801142701 -7.27080204665568 -5.58773514048786 -6.68091591789925 -0.479966320899126 3.03814053421271 372.822183648093 -40.4117944718813 61.7286943585695 0.839553271905339 0.86442219584824 0.866360235698835
68.215 3.17600766336934 -7.22786999394222 -5.61567265964935 -6.19406097746786 -0.109154399317605 3.01967245866649 372.767968754955 -40.3595535222239 60.9382424304413 0.839885150271006 0.864894631823314 0.866686304224589
68.258 3.12561482278479 -7.22031713531689 -5.64778905445025 -5.28802908640545 0.159905547239763 2.78242324113818 373.006054691514 -40.0712383530013 60.4719763686574 0.840141205531841 0.86540049256567 0.867061166652855
68.304 3.07120355617263 -7.2019888791947 -5.6857503986387 -4.80284554472124 0.234485325325277 2.52070939020742 373.606904300126 -40.3297030659311 60.2743008586125 0.840588351607393 0.865699125527991 0.867352107092238
68.334 3.04213608550548 -7.16230912657001 -5.73832822523347 -4.89083924236924 0.194971281452405 2.40841582744206 373.985592483102 -40.4310594834042 59.9821836954762 0.840697749099714 0.865941018227472 0.867477143331204
68.381 2.98374382665247 -7.16498026686558 -5.77840238881393 -4.62638894662443 0.254567959350494 2.29455727824333 374.130329911313 -40.0991581815574 59.8235687933357 0.840659740376687 0.865902525988784 0.867578422684767
68.428 2.91677773960926 -7.12161213124291 -5.83765951274385 -4.05943611546808 0.279482489821992 2.07439292209466 374.541567228164 -39.8963181270615 59.5210907226019 0.840642153234984 0.865748023631001 0.867549712038747
68.457 2.819535324022 -7.05391684086364 -5.96060827312495 -4.32226539093373 0.498518221335966 2.55361704552263 374.586669454812 -40.1040176829198 58.9880834853076 0.840514353319142 0.865375818985966 0.866946424318961
68.501 2.84553325725229 -7.05120538073883 -5.95499558189985 -3.96889756207617 0.827387545541675 2.77392599007943 375.043202258398 -40.0442543231651 59.2163476230991 0.840069365018695 0.865074333223487 0.866704819001166
68.547 2.83423991767199 -7.01486780546571 -5.9344500229853 -3.84633374283895 0.946214446239902 2.85252890692617 374.878993829303 -40.0618460017637 58.6152415747103 0.839708924495332 0.864595032760363 0.86627442070549
68.577 2.83035358838023 -7.01520028536516 -5.94793915034722 -3.40331659124153 1.17941080069096 2.88093009399951 375.189985001735 -39.4640952614286 58.5963456755153 0.839302873070096 0.864318161119951 0.865913438339023
68.621 2.80783058059159 -6.99434673794357 -5.9642403091781 -3.15744979768427 1.3960861073383 2.88492742194113 375.267887851405 -38.9139171617572 58.1910399971674 0.839214536299427 0.864205132813938 0.865633402369154
68.667 2.77947145193888 -6.9721162665554 -5.96999828778625 -2.65043509948304 1.67930302938678 2.90160037207766 375.738989159638 -38.4682729010233 58.0547423977056 0.839130471855352 0.864126077424145 0.865875709105255
68.697 2.75735648281336 -6.96642778579604 -5.98078539270129 -2.15425701073393 1.91229652250558 2.93243370596306 376.564581219307 -37.7113010498289 58.1363413421416 0.839542682230516 0.86453145225535 0.866071977561496
68.744 2.74200514161227 -6.97888474975041 -6.01305801810177 -1.70891764434334 2.11208995422188 3.03130183618122 377.017310787639 -37.2061538503614 58.4544364871347 0.840002744113358 0.864983129513074 0.866699054871896
68.787 2.70498211577481 -6.95802987559983 -6.0176988771011 -1.57399428428452 2.34300660337774 3.25978196822282 377.036021737987 -36.7729846187927 58.7600935545791 0.840513604153187 0.865213195461845 0.867219035892066
68.817 2.7267979883145 -6.93852772638125 -6.04044402158897 -1.04142391988878 2.63875137927032 3.44637759273377 377.62117760777 -35.9961175412221 58.3536757792091 0.841041089277225 0.86551041772264 0.867640220518404
68.859 2.70009832257255 -6.93199651323942 -6.03860066948811 -0.90675948198014 3.10372449507156 4.03042081194641 377.945153862294 -36.2248552083899 58.2344773811593 0.841228788404814 0.865640298911593 0.867870388785736
68.906 2.69812798208119 -6.93285337205114 -6.04457146725027 -1.09424617277033 3.6439405051301 4.72242711721858 378.627574628458 -35.1861327187958 58.6899266787391 0.841392876775053 0.865609038786447 0.867933907841237
68.933 2.59710677625694 -6.91980468991855 -6.05041334379499 -1.61343863658519 4.31411089312485 6.16951710998522 379.018335449051 -34.7227675022246 59.2208406097786 0.841273889948444 0.865720181973277 0.867628004298656
68.977 2.57306966911938 -6.95119966435832 -6.04707085145032 -2.03543491395461 4.89191073946166 7.42906458427887 379.334851713731 -33.8914416768019 58.8828808939207 0.840798548311056 0.865464504965931 0.867368013023705
69.024 2.56879080258072 -6.92651893405523 -6.02886694026527 -2.85893128793682 5.66313472186471 8.78487055754069 379.069229888122 -33.1280677582096 58.8671335240758 0.840286900892964 0.864911071871742 0.866922845586468
69.053 2.56129069951208 -6.97293672505824 -6.02921123639301 -2.84306258750364 6.35026889570278 9.87910393023392 379.658076209379 -32.2097348841498 58.9623781545014 0.839859517959287 0.864697888060966 0.866426041470803
69.099 2.55981846074159 -6.95225431492413 -6.00878623308539 -3.13005626839703 6.90364146964139 10.6486390689857 380.681041729597 -31.0638852561613 58.9975263051461 0.839399514528795 0.864290112178721 0.866147365397913
69.148 2.51987581143891 -7.03097032225224 -6.00092694935459 -2.3083990125161 7.16385798735609 10.8966190199242 380.279643800974 -30.6337470574907 58.3839963071684 0.839153683529333 0.86407117544882 0.866057581275117
69.179 2.48594209153447 -7.05391511599258 -5.98276352524339 -2.46934518487086 6.85715245067446 10.3495438488867 380.338511478789 -30.4773351165674 58.3910370088064 0.839321474648247 0.864029807693372 0.86620696165464
69.221 2.47383852129365 -7.09203110532789 -5.96821273752112 -1.99253601195914 6.2790263094738 9.31259616645317 381.172194297819 -29.6966414444196 58.8107399771332 0.839583706000986 0.864453473773424 0.866463479729043
69.268 2.47703514390587 -7.0979215838654 -5.96041297241378 -1.74303813915255 5.50387390609362 7.89350823833852 381.475477381233 -28.8362795699799 58.7906993814779 0.83990980188848 0.864796643298267 0.86653573940232
69.299 2.4477336487537 -7.09713829556067 -5.96606620721723 -1.18132654156853 4.66103862729461 6.28732945931374 381.895136678799 -28.4213864516837 58.7444664989971 0.840400914656271 0.865210007621395 0.866939209146818
69.342 2.39961447178383 -7.09801816194412 -5.98448377593251 -0.890385949052188 3.88460159345215 4.91021777807467 381.983060709827 -27.8453230258638 58.9230178641876 0.840785683249759 0.865655946962115 0.867389207242406
69.387 2.3827125019415 -7.09372699133374 -6.00301723810586 -0.990907275220822 3.24835935176494 3.67094052237789 382.20427917496 -26.9287116509497 59.205644469992 0.841097345810484 0.865782855986567 0.86750719445284
69.423 2.34595377396871 -7.09346538798185 -5.98931090908614 -0.951795198272378 2.78223977721968 2.70659159411845 382.197466131718 -26.2522564372693 58.9965720206935 0.840983413712411 0.865786240441478 0.867602764093292
69.462 2.35601270708021 -7.08525085521837 -5.99614732017783 -0.792328156402153 2.40498826534947 1.9463086568848 383.109947566691 -25.9143277141881 59.7332233367618 0.841030798919379 0.865653832337683 0.867556715236518
69.508 2.3406793218373 -7.07155216275861 -6.00333684410692 -0.52461023416666 2.15788782317734 1.35941077543547 383.21905752902 -25.8626054484924 60.395910902777 0.840601644577513 0.865299524038378 0.867186808617833
69.537 2.31893983608784 -7.08599637823066 -6.00242065626475 -0.280583144636826 1.93537005280418 0.964405170850821 383.565436598506 -24.9867104132788 60.4826878312494 0.840266541220434 0.864777437320424 0.867010644522237
69.581 2.3229744602472 -7.09475730230586 -5.99572298152104 -0.302539522728349 1.74230623132101 0.5692597914426 383.82200364479 -24.3972354347558 60.444977143312 0.839868637218741 0.8644659088136 0.866645599643098
69.627 2.32525489738352 -7.0882665574535 -5.99235687643799 -0.358186784402329 1.57989400156849 0.22384852267156 384.35982295228 -24.3817607021522 60.4444314860827 0.839432240376057 0.864213570723073 0.866226453025455
