25.273 0.273417473673937 -10.2961231068874 0.412624769027772 4.08032120527222 -2.18240201454292 -3.84040017627824 373.075028543128 -45.2835530174306 158.101896163947 0.840716681333893 0.866034919338517 0.867614476657584
25.302 0.355998346289491 -10.2928639241899 0.407368926126512 5.63803727550714 -1.11377616613091 -2.67431192904491 373.164773119933 -45.5056779441188 158.800535892797 0.840587502869941 0.866089823611453 0.867357055634436
25.349 0.43324377134959 -10.2632353272999 0.386992727929541 5.15116133819895 0.161200084059917 -1.34062014344241 373.765466227146 -45.0255991347362 159.090434073166 0.840710111136978 0.866356401591519 0.867739968110977
25.39 0.505521059596253 -10.1961465260626 0.38499088259885 5.64305137096405 1.03278580854655 -1.43956643832576 373.886027643988 -45.6987352991363 159.427251599264 0.840935744379696 0.866707578213922 0.868271499656315
25.419 0.520862290716775 -10.2212860366509 0.374109816745946 7.76132962574806 2.04800688660209 -2.84864423489119 373.833682391631 -45.7459755923004 160.450073795404 0.841105607527738 0.86710302255807 0.868578988072032
25.479 0.527572532156956 -10.2250273075156 0.404489234366798 8.52896707319181 2.72461076898739 -4.35831786079622 373.593282737221 -45.0462402297634 161.416559774277 0.841595960439405 0.86742333247683 0.86906161044726
25.508 0.5195943144207 -10.2311942286915 0.507434844151949 8.42800531401819 3.47563701295612 -5.99115349777929 373.632559017149 -45.7214545861083 162.793413417165 0.84176670308252 0.867916569594353 0.869206294832643
25.554 0.522104230927258 -10.1506625107107 0.68133956604442 8.39508125091962 3.96099117133415 -8.05222364617832 373.076372803891 -46.3763782147477 164.472664867903 0.841778684077026 0.867848262160211 0.868966200652325
25.586 0.537101864218246 -10.0873112728053 0.828636809932443 9.36650436286321 4.48367002435318 -10.4579500083663 371.899861971151 -46.6008663539457 165.418858543002 0.841788388682576 0.867558631297025 0.869018508276255
25.631 0.58762899886928 -10.099856156546 0.89596347952413 8.18335708353752 4.88681088766501 -11.9804051556316 371.114888196633 -47.118701746696 166.269275419831 0.841442804031691 0.867200706653397 0.868605312525562
25.662 0.644770702119701 -10.0513475447246 0.930973359198046 6.65928259644402 4.92198094114606 -12.6305403898021 370.317059439272 -47.5921484148238 167.420113090063 0.841301982801576 0.866774844195814 0.868171842092959
25.724 0.727327648719933 -9.98301992461808 1.00479724534655 7.86684333060057 5.33268242492373 -13.6714247386405 368.746818145811 -48.6236402160072 167.704291602951 0.840707344899466 0.866540886885174 0.867820731042551
25.752 0.81802706855122 -10.0076707662447 1.04560259588487 8.58886065503837 5.54168650464624 -13.8469074734133 366.832922698107 -49.4051485749659 168.216476198391 0.840706260904473 0.866141635691536 0.867770632933251
25.796 0.880163036976683 -10.0028639878488 1.08484992069424 8.18575575653528 5.37762103059551 -13.6056897099533 364.922667385466 -50.8901703457224 169.615345720696 0.840579062322111 0.866040594186398 0.867606865862173
25.828 0.984937312789248 -9.93302217314457 1.14852503729622 8.70550033073251 5.39014784394267 -13.5429750772759 363.975360582228 -51.8410379800351 170.676430033764 0.840602352016815 0.866082210832775 0.867708393417147
25.871 1.09347715586013 -9.9538728267327 1.19803089928762 8.53649343583227 5.28701212000578 -13.1091991255706 362.776042071605 -52.7792407638284 171.331908327349 0.84086107664026 0.866226911596343 0.867913682872683
25.901 1.21366228296126 -9.9400142803792 1.27603085931172 7.53234594256612 4.72461722178483 -12.3344054901855 361.498594078 -53.437185018701 172.336845745153 0.841184197916312 0.866578311701571 0.868190836173957
25.949 1.26721030238618 -9.79966369189353 1.31776476222063 6.72349028981443 4.12693994964572 -11.7850669203327 360.48786120318 -54.6181198651478 173.174845053574 0.841584270225356 0.866862945786805 0.868648994511432
26.007 1.31484588373019 -9.74315321528117 1.34263287442332 5.65129431032221 3.54740151188479 -11.1442248161565 359.303167574576 -55.1366770907698 173.631624493395 0.841908328795682 0.867314871835184 0.86903213875626
26.021 1.33772474601402 -9.77978217787933 1.35387559722362 4.8418232005213 3.50308988111523 -11.0370511087203 358.289565735406 -55.7187084435235 174.37961583965 0.842284370568707 0.86744698277299 0.869453232516976
26.066 1.45394003868473 -9.90325637848961 1.37623410813315 5.5585180137963 3.73574707851249 -11.2475686499719 356.862548245679 -56.724153839254 175.315488830116 0.842235846250915 0.867541157884007 0.869461711418458
26.111 1.52571857600512 -9.910016334408 1.43598566102749 4.89568203392309 3.48114597328978 -11.4135077057139 355.634664079 -57.0105646097958 175.881545952394 0.842196541553503 0.867396067284591 0.869222879173742
26.142 1.58020803123288 -9.77898051564526 1.48288204684546 2.6618383253403 3.12621678798304 -10.9557809362847 355.49207790399 -57.8545573339346 176.400052221439 0.841672366393612 0.867167675056774 0.868894176596973
26.186 1.60652564564897 -9.61348325850518 1.53137867605586 0.587463089327169 2.49391498757924 -10.1237245431234 354.374583102232 -57.632191440487 177.498042299366 0.841235137485855 0.866884032098794 0.868504603865343
26.232 1.63691693848012 -9.46951244852921 1.49578228050747 -0.82171214955339 1.97793373535903 -8.93991153641854 353.289412312808 -57.7280750667945 178.111414262486 0.840754361378765 0.866295985844878 0.868189049952723
26.269 1.65444704599745 -9.43608876517817 1.43996655174062 -1.51177004724512 1.82975991342707 -7.27247338266696 352.800423973374 -58.0877408041035 178.626245552614 0.840491553423828 0.865943265848897 0.867809991017961
26.306 1.68100052568445 -9.39948665862916 1.39486953710171 -2.2185032039174 2.09187652224234 -5.04375687507474 352.386343418433 -58.2890700513239 179.421258897617 0.840405149262789 0.865768800374873 0.867761933513333
26.353 1.67845309147671 -9.33897168090112 1.34335923956502 -3.03042270967691 2.72556502118424 -3.04109192377237 351.144938168931 -57.7501467415723 180.62321970707 0.840335161892347 0.86586205784544 0.867710810612042
26.383 1.68645130335532 -9.34696643935278 1.31460648557545 -2.61616911239555 3.71992140761725 -1.05671957275944 351.615399916834 -57.0856188606736 180.792807962727 0.840632035491545 0.866060920041047 0.868014204429237
26.426 1.71136521397815 -9.31591899080251 1.29975032212944 -2.22840995813963 4.96344168368142 0.881461726217527 352.326473932636 -56.2533512771456 180.768174449809 0.840758948775833 0.866456177302035 0.868383005557172
26.468 1.75215357412911 -9.2999703961151 1.34566249724343 -2.05615710426104 6.07741066454531 2.71925117380872 352.500443885435 -55.189214534488 181.486221304345 0.841214895113985 0.866899387819442 0.868669307851726
26.501 1.74789047315432 -9.32700531391354 1.36899491830322 -1.8288460330774 6.96667210393056 4.36221177139575 353.289359547202 -54.6512637729352 182.51183925652 0.84145804016893 0.867381305579578 0.86877802510777
26.544 1.74029539764442 -9.31773701522272 1.41757628871758 -3.09189963793773 7.85956928967993 6.09613962643361 353.778381233234 -53.4895236560775 183.420589797781 0.84176827546143 0.867660667685287 0.868976590707656
26.594 1.65699024379074 -9.27957793318184 1.44222082911476 -3.99420969909597 8.65548776586212 7.35886546382344 354.432488798919 -51.4745141614228 183.970677736202 0.841893245501938 0.867875025029876 0.868903600576626
26.62 1.55764025546763 -9.25725221233359 1.46643261072061 -4.69187474176392 9.49155577737122 8.48518484249088 355.472315927125 -49.2243564707525 185.382248966324 0.841754713154295 0.867592259101277 0.86907830683743
26.667 1.39662581820388 -9.2634515968303 1.45979172195184 -5.61064754846237 10.3195342254722 9.12284705066189 357.076575900971 -47.4437287413095 185.787621662722 0.841428308644467 0.867227945174841 0.868653749360113
26.713 1.10134537868371 -9.24176574468071 1.39766404734256 -7.26386115547589 11.6317998218691 9.60553664538727 358.886026479787 -45.3714202804607 186.181973546805 0.841163920991506 0.866685793159198 0.868087752284499
26.742 0.939369254416856 -9.19137576443711 1.35334408702476 -8.86739165807288 12.70618533663 9.38010300337438 360.447681448627 -43.4048504271732 186.789398572912 0.840962264284813 0.866468755545515 0.867740408892237
26.786 0.890846363719675 -9.21573004454806 1.28760717850764 -9.57144220487109 13.0284223364108 8.5930742724279 362.234621973388 -41.2659288460103 186.615412844059 0.840659954777727 0.866194447029134 0.867236708782798
26.831 0.867404409183326 -9.21083858606867 1.22168896693875 -10.0258452851822 12.3971442298973 7.7973367255521 363.442043798444 -39.6174023652683 187.218484403688 0.840415084076988 0.866083371369851 0.867174387300306
26.86 0.896653603738489 -9.22907670764226 1.26199230094851 -10.277957581761 11.2250456048428 7.59805648815522 365.04405547674 -37.2620959158673 187.514972366987 0.840469529638266 0.866116860351373 0.867012792660502
26.909 0.91391702422799 -9.23051993714531 1.35354135709486 -10.4995731221424 9.14221060404479 7.71969293097824 366.125684936159 -35.5342976918525 187.92312761726 0.840627319034677 0.866143986426405 0.86746111510209
26.953 0.900432909158211 -9.23684251368121 1.42025609537721 -11.6267152976376 7.1241218869862 7.92455432752749 368.033804798289 -33.4267811304006 187.82173336998 0.84089363450835 0.866511142313921 0.867824256279777
26.981 0.892994347361869 -9.17794285226525 1.42566880839125 -13.1166470246743 5.23924101853516 8.29385083735834 370.179381886614 -31.2756927156245 187.583604029684 0.841223038533802 0.867153098624693 0.868364100788619
27.026 0.866905692964791 -9.15563659615334 1.3410546403946 -12.8595222579251 3.79317453799058 8.44397337673354 371.287299328158 -29.4913110996558 186.436719264044 0.841502042633747 0.867549895633873 0.868801374840781
27.072 0.81344019178301 -9.18105320697112 1.23216888126487 -11.5974344029651 2.59605916203191 8.23396958019233 372.976712455808 -27.6139619907212 185.495742603876 0.841829403446435 0.867747977566862 0.868921915066863
27.102 0.725343609065189 -9.2034902272395 1.12026283444535 -9.92041041602008 1.44074685254356 7.66890467293289 374.069137089204 -26.9213092124842 184.901551509139 0.84198101137365 0.86767433815011 0.869031344283866
27.146 0.607795241249505 -9.26912320566129 0.995902592284207 -8.32408205529687 0.660974416209138 6.93440820492297 374.468001042256 -25.7902604621122 184.318256722403 0.842116000634024 0.86749109275285 0.868985273074725
27.192 0.522618753459107 -9.33344287771662 0.886108741976427 -7.02220112127902 0.158213704610318 6.2132065238502 376.075080844227 -25.2221109743109 183.953787945146 0.841847272049465 0.867368105951603 0.868590724376767
27.223 0.438901457537514 -9.42601580729019 0.783199567707639 -5.0949294731215 -0.15146521987633 4.57407133012019 377.496815483824 -24.6539098891918 183.430568235569 0.841376811067096 0.867046381123606 0.868258807566977
27.267 0.376704851420407 -9.50730860750918 0.67376429739687 -3.93689287322842 -0.0481066754280713 3.34873823541262 378.420420541897 -23.6416670102454 182.898760270811 0.840982805471345 0.866204640541736 0.867878963671044
27.313 0.38881426572965 -9.54975245537406 0.613894046063279 -3.20063895250586 0.201873287559751 2.31278331419567 378.256540638937 -23.2177502782987 182.479995819357 0.840803063421278 0.865869276153352 0.867447829849799
27.341 0.403213774575142 -9.58321016008712 0.557175059297874 -2.38198320038471 0.625502095747826 1.55686593488017 378.399797917539 -22.766377725422 182.488796613679 0.840657472360723 0.86559763099876 0.867333063000133
27.386 0.41351866710664 -9.56840647051529 0.536084497208543 -1.50627662131925 1.04459562885345 0.73014537671859 378.947836313207 -22.6287659575918 182.39992525708 0.840653232093449 0.865599950385249 0.867129110571901
27.431 0.428216249850092 -9.61795835534468 0.552011193464666 -0.368710017467062 1.53703848990564 0.148745999416867 379.361747413697 -22.2113004256494 182.621939458235 0.840889672354438 0.86586068636185 0.867309092871772
27.463 0.434249511357571 -9.64813552220847 0.584496390343388 -0.344227633232289 1.92133705468617 -0.164630244289131 379.589015405095 -21.849153344776 182.80177096117 0.841081188965838 0.866293988021886 0.867701118273219
27.506 0.407604814973577 -9.64866093273312 0.598383490176748 -0.244396902002124 2.201168510479 -0.320984085660456 380.259102478127 -22.2218142092686 183.001434478548 0.841236317421073 0.866768014502521 0.867883166032246
27.553 0.378008019566292 -9.66645052130057 0.612373404090323 0.240969807088203 2.3759999286025 -0.297630697171229 380.045873007283 -22.3436695095075 183.103161927624 0.841714851514624 0.867385762035163 0.868497994595033
27.58 0.321473473363321 -9.69570410506901 0.599936797451597 0.396177910153658 2.4868500185039 -0.527569414327016 380.101157135899 -21.9383723027011 182.765561161375 0.841976292651442 0.867775268694313 0.868639261369849
27.625 0.318369107080592 -9.70910441247773 0.60222321224969 0.0133468553160664 2.65625691193472 -0.570155653085799 380.265937280078 -21.2860815651879 182.804104540714 0.841935269143389 0.867856860567185 0.868753687457449
27.672 0.319188497337506 -9.70544978467825 0.642627842356133 0.252032326851815 2.69164443454499 -1.03984134617507 380.231409196863 -21.3937260678022 183.435324677978 0.841902040101865 0.867811835745225 0.868723048943959
