50.611 -9.93235690614891 1.99773364907855 -0.222115865135727 1.35291225855991 13.237148888481 -18.1144981332159 174.345665980146 135.145917868029 120.154406646631 0.84040720204005 0.866066310102458 0.867576912101896
50.628 -9.81294495363216 2.09980926793534 -0.206069347963814 1.90540729224591 15.8363347629917 -19.4488498466118 174.851099382131 136.091326081226 120.078965981968 0.84011707032993 0.865962181743405 0.867321723542899
50.656 -9.6674063786791 2.13511430515395 -0.192704872971252 3.79196579966254 17.1519379279139 -20.3497663886682 175.065989443918 136.822193473104 119.651069383771 0.839855951790823 0.865868466220258 0.867215514105343
50.672 -9.46812708839115 2.0888977226038 -0.230595949309 4.86696769297873 16.7733853564965 -20.7407439482747 175.259390499526 137.359974125793 118.905962445394 0.839747565797433 0.865660524779735 0.867243249255989
50.686 -9.39765209851566 2.15043303159647 -0.20963128087693 4.4405762671923 14.9700926223736 -20.3307916908518 175.733451449574 137.903976713214 118.655366200854 0.839396625932339 0.865596974952954 0.866897829511892
50.73 -9.55682544914993 2.4467313479284 -0.146290782193305 6.50796902215246 13.6112512990675 -19.9656514530643 175.740106304616 138.933579041893 118.489829580769 0.839334172524798 0.865168573735562 0.866710549211896
50.734 -9.51357319064241 2.64462641992267 -0.0379885641634123 10.4693858603952 15.2852406729776 -19.0469489031777 176.346095674155 139.620221137703 117.620846622692 0.839151343766204 0.865154219013198 0.866418399472209
50.744 -9.17914177871318 2.57367513285365 0.0767216854185173 13.5949663583252 17.2979379797256 -17.9071395090432 176.171486106739 140.358199023933 117.558761960423 0.838860026104233 0.864770093389781 0.866279062176181
50.775 -8.89802541044269 2.53124707078594 0.162004396875826 14.3499735392866 15.1673808229744 -17.0294026573755 176.374337496065 141.14237912154 116.902885764381 0.838851232679502 0.864671989232306 0.866277118875296
50.791 -8.9832016978286 2.58912917198829 0.272576933109875 15.9577242769609 9.15216945823424 -16.7844776588135 176.976903746459 141.788141209386 115.892597187943 0.838716697905437 0.864583695490578 0.86615190963896
50.805 -9.19231952014169 2.5843009134122 0.366705267135008 19.1398144446847 5.20870823760166 -16.9129001219398 177.519213371813 142.729327088447 115.703337469148 0.838722237300586 0.864751288858253 0.866039221326257
50.835 -9.20191809638679 2.4058371585597 0.363074724528525 21.5876650612849 4.89089084895599 -17.2796253769214 177.167292034632 144.176394379602 114.933003722233 0.838600602064413 0.864778662623621 0.866061262110364
50.851 -9.19122364316291 2.20086719411517 0.260328153955936 22.068593211645 3.73233611520543 -17.5982277247254 177.210562831169 144.878754941642 113.99970335001 0.838744221326123 0.864803299012452 0.866081098816061
50.865 -9.25970952088153 2.33416463569914 0.23686910530597 22.3235659515492 0.549178839562752 -18.3735194560697 177.369506548052 145.270879447478 113.639733015009 0.83899979920808 0.86494893202794 0.866222275495635
50.895 -9.41968856192692 2.39984382661683 0.282374622172147 24.9247971426538 -2.61031919706528 -19.0819690371803 177.512555893247 145.74379150273 113.195759713508 0.839229819301842 0.865080001741879 0.866349334507252
50.911 -9.29079057518003 2.34738528852913 0.302559889923957 26.4201036879304 -3.61417277354196 -18.9974362555996 177.521300303922 145.929412352457 112.796183742157 0.839689031940583 0.865074504218885 0.866709927356258
50.926 -9.11379014620207 2.25791494958329 0.306241709802831 26.2109177466183 -5.47183946565341 -17.5671582788946 177.88917027353 146.936471117211 112.556565367942 0.839723808214676 0.865439527960721 0.866788221181812
50.956 -9.11508079024275 2.45565775256807 0.497979031933204 26.229520628445 -8.55213643511861 -16.2738012296311 177.800253246177 147.66282400549 112.160908831147 0.840007598886736 0.865521538081382 0.867104925363362
50.971 -9.21643978046286 2.58454511661638 0.744403743981888 28.2462632220891 -9.74501439466018 -15.0242837020879 177.900227921559 148.496541604941 112.104817948033 0.839884048183755 0.865964910572976 0.867143719388206
50.988 -9.10295858699299 2.67247174470999 0.894000802254293 29.4399575105672 -8.34608547427813 -13.8959011334058 177.570205129403 149.426887444447 111.634336153229 0.840277837934305 0.865994382432411 0.867547790990154
51.016 -8.90727206514672 2.65128866096775 0.924849504663599 29.3814579427166 -8.44048456043811 -12.216998042966 177.633184616463 149.664198700002 110.970902537907 0.840127263326567 0.86614423075035 0.867418974807872
51.032 -8.95974058311935 2.90199055010474 0.98158317306702 29.0593426827961 -11.7361307608828 -10.3891913684404 177.629866154817 150.417778830002 110.553812284116 0.840496731562836 0.866155770592048 0.867795520867853
51.046 -9.25248770476957 3.16539080501553 1.15456819682477 30.3518816969592 -14.3388535626572 -9.51286765144367 177.506879539335 150.856000947002 110.178431055704 0.840324267592245 0.866412667696569 0.867765255342248
51.076 -9.22452592159731 3.33541335667035 1.26386706962429 31.7327240616144 -13.0301590460861 -10.235626687826 177.336191585401 151.070400852302 110.140587950134 0.840674035401946 0.866273903578105 0.867984256107754
51.092 -8.99878601406892 3.28654261235769 1.20302163601734 32.4403676859873 -12.6843950498744 -10.5738960801121 177.482572426861 151.203360767072 109.92652915512 0.840357220355637 0.866518987384019 0.867564735678482
51.122 -8.94681390680265 3.30648411337473 1.13102249241607 31.9581629784573 -16.7953448578641 -9.39436906752076 176.894315184175 151.563024690364 109.133876239608 0.840325177788225 0.86624599382712 0.867680736274358
51.136 -9.11443977854304 3.67925214490835 1.16318843308154 31.8745604210696 -21.6104668606273 -8.51676422183738 177.024883665758 151.586722221328 109.680488615648 0.840169869195095 0.866247357361141 0.867538625563656
51.152 -9.12212984533596 3.85834216822574 1.24349340387937 32.6687837682756 -22.6623972738012 -8.8047824561422 176.662395299182 151.608049999195 109.572439754083 0.840030091461278 0.86612512427622 0.867287265658483
51.166 -8.98749373648901 3.88969759717038 1.19665634562453 32.7751878341961 -22.5015010578715 -9.17850268381042 176.636155769264 151.087244999276 109.655195778675 0.839777670809036 0.866015114499791 0.867061041743828
51.197 -8.87679587269728 3.86434721268222 1.0461055093695 32.3327835545933 -24.4689082039927 -8.48736997268128 176.552540192337 151.278520499348 109.549676200807 0.839550492222018 0.865916105701005 0.866733842750948
51.211 -9.02879838763092 4.07508622989362 1.01439840081536 31.6704975655462 -27.9594219637461 -7.17145740289407 176.057286173104 151.270668449413 109.274708580726 0.839472652185509 0.865579665051609 0.866562961127046
51.225 -9.12436053113712 4.28707729028438 1.05032588079456 31.527111931129 -28.9337087750051 -6.5817925786352 175.971557555793 151.503601604472 109.747237722654 0.839275975460843 0.865524201197641 0.866285570195844
51.256 -8.9934517588309 4.32476007562972 1.04638845653727 30.6942480662604 -27.3968264471229 -6.49384232840527 175.594401800214 151.173241444025 109.512513950388 0.839098966408645 0.86535068625938 0.866282976092993
51.272 -8.84049897606 4.24740403552738 0.966050758344485 29.7362736413137 -26.3853880772198 -5.9284275612136 174.954961620193 151.175917299622 109.36126255535 0.838939658261666 0.865070787554146 0.866280641400427
51.287 -8.83308606041811 4.14426478439469 0.952883614047664 28.6802035290908 -26.4018111015589 -4.68825656081743 173.959465458173 151.23832556966 109.045136299815 0.838796280929385 0.864818878719436 0.866278540177118
51.316 -8.88914245986946 4.1549886527112 1.00543720687416 27.244244244884 -26.2906376249908 -3.52935456885782 174.323518912356 150.994493012694 109.060622669833 0.838667241330332 0.864839493498685 0.866153188810599
51.346 -8.88733978233344 4.2800406869457 1.00850255934882 25.4785984463498 -25.336383022797 -3.05657178372776 173.99116702112 150.715043711425 109.85456040285 0.838677726382991 0.86485804680001 0.866163832846272
51.347 -8.71357429470068 4.5386338224595 1.04400208874185 23.377303487211 -21.858469911357 -2.76694513970613 174.112050319008 150.643539340282 109.789104362565 0.838687162930385 0.864874744771202 0.866296736122825
51.378 -8.44429873626333 4.499446152799 1.02148357585346 21.118962451467 -17.0397984927404 -2.64521245779659 173.740845287108 150.699185406254 109.490193926308 0.838695655823039 0.865013233210815 0.866293025427276
51.392 -8.22613219500394 4.40773396416247 0.982302721338946 18.2475242215875 -13.9907804755274 -2.21351563949785 173.586760758397 150.929266865629 109.401174533678 0.838829769708886 0.865137872806467 0.866289685801282
51.407 -8.15152746511231 4.2336746399737 0.908313741681706 15.26093973836 -12.2878856340816 -1.05170606028089 173.508084682557 150.596340179066 109.62105708031 0.839076792752567 0.865126588177013 0.866533191384879
51.436 -8.17081390088258 4.04565721259743 0.856088871119378 13.0852274439133 -11.3667306584597 -0.291573622191729 173.317276214301 150.536706161159 109.338951372279 0.839172792945462 0.865363215920492 0.866629158807571
51.451 -8.25640642284266 3.87344875490275 0.868821818552576 11.8751779819647 -10.5644087376519 0.358957785828971 173.025548592871 150.843035545043 109.325056235051 0.839511685144443 0.865452857245176 0.866961769226545
51.466 -8.37318340217094 3.74204403062707 0.96264201306298 11.2090342295698 -9.59346404709279 0.908558190452181 172.522993733584 150.638731990539 109.552550611546 0.83956419609815 0.865780045684383 0.867138066467615
51.496 -8.47187818832714 3.70464394599241 1.09436567338998 10.7904208829487 -8.17533901642932 1.29556496682681 172.070694360226 150.814858791485 109.277295550391 0.839863947981862 0.865828004032678 0.867542703361623
51.512 -8.5633371628599 3.65410476425327 1.20088610392238 10.4922948251882 -6.60360664150394 1.63547411899909 171.543624924203 150.733372912337 109.389565995352 0.839881232651827 0.866240729929142 0.867660907189185
51.541 -8.61195187186688 3.58629355578754 1.267664933277 9.81863786175332 -5.43026887811691 1.74520914984727 171.369262431783 150.120035621103 109.550609395817 0.84027530395557 0.866242619852961 0.868013260011035
51.556 -8.67916826381227 3.51921810283482 1.30041212803677 8.89097254886043 -5.14525725748079 1.82030655547323 171.392336188605 150.108032058993 108.795548456235 0.840251453028165 0.866613884167396 0.867961220571112
51.571 -8.78443459249086 3.46621237016517 1.33748619824548 8.25989056114996 -5.11012084470981 1.8672835335137 170.633102569744 149.437228853093 108.775993610612 0.840482479218876 0.86645499840185 0.868037572677726
51.6 -8.86702371457112 3.41736997798203 1.38420053484946 7.93924501648535 -4.82200952359761 1.67368495115469 170.66979231277 149.433505967784 108.518394249551 0.840311440482681 0.86668197272539 0.867859778326686
51.615 -8.91914771335327 3.39513919623302 1.42540546801307 7.34379379727956 -4.49095360940579 1.36662179955067 170.582813081493 149.790155371006 108.406554824595 0.840410296448982 0.866516278104044 0.868069326793749
51.63 -8.96402417126599 3.34221122746116 1.44124136459784 6.50101747098672 -4.26933916449574 1.03606648982461 170.624531773343 149.991139833905 108.065899342136 0.840372946272235 0.866613936854819 0.867641299295877
51.661 -9.00974011275145 3.27739763931435 1.43639990769586 5.69900732694148 -3.95309227094693 0.894291901910855 170.482078596009 150.232025850515 108.299309407922 0.840339331113163 0.86608383944724 0.867626455927469
51.675 -9.04585668909227 3.23073714383842 1.41875477805222 5.02910659424734 -3.44938609728735 0.788068818589999 170.113870736408 149.968823265463 108.14937846713 0.840055986495732 0.865977958153709 0.867489773251455
51.69 -9.07279501081415 3.23632747002007 1.4078421369894 4.52848601115848 -2.9685696249632 0.597811555051609 170.502483662767 149.491940938917 108.374440620417 0.839927597031852 0.865759067519841 0.867243298577503
51.721 -9.08117798913337 3.22573660076464 1.42764900109502 4.28098092149301 -2.47018594490963 0.34719070488996 170.072235296491 149.482746845025 108.036996558375 0.839812046514359 0.865562065949359 0.867144931636486
51.735 -9.07663189126984 3.19316061372285 1.46558647735118 4.04982939422921 -2.08957956415912 0.110944916843712 170.285011766842 149.234472160523 108.093296902538 0.839454658577573 0.865384764535926 0.86680934365434
51.751 -9.08211720067801 3.15815601379923 1.48704093739271 3.70896859221087 -1.99588878331573 -0.00167629239791114 170.356510590157 148.65102494447 107.903967212284 0.839386401905508 0.865101458003038 0.866630911940099
51.782 -9.09579287837632 3.13395418195056 1.49252343813967 3.41593432840963 -2.02759761490782 -0.187004846364227 169.700859531142 148.725922450023 108.213570491056 0.839198350208843 0.864970217384237 0.866346725927592
51.796 -9.09612999144811 3.13084731222505 1.4906342086827 3.25449356732439 -1.994303502272 -0.483571537300323 169.650773578028 148.493330205021 108.31221344195 0.839155724373651 0.864728365566517 0.866338016251566
51.81 -9.09260257885115 3.12841025937779 1.49366244592982 3.15805184417974 -1.92769757952572 -0.673382322501589 169.185696220225 148.703997184519 108.820992097755 0.839117361121979 0.864634434191368 0.866206717277602
51.84 -9.0905651641362 3.09174039318427 1.4932155452852 3.16743749945642 -1.78836293607696 -0.784670044449903 168.947126598202 148.953597466067 108.49889288798 0.839082834195474 0.864673493423424 0.866212008466575
51.855 -9.07658091716228 3.04772419650195 1.48407449507873 3.05298382584666 -1.57212206231659 -0.837500749928577 169.092413938382 149.05823771946 108.809003599182 0.839051759961619 0.864708646732275 0.866216770536651
51.871 -9.10014755307667 3.01559150444422 1.47070002124453 2.93699842036123 -1.35765794768799 -0.903368995546406 169.583172544544 148.792413947514 108.848103239263 0.839150263433608 0.86474028471024 0.866221056399719
51.901 -9.1141749272856 3.01432510817308 1.46734197943579 2.87306957069152 -0.80662497734667 -0.995474844083369 169.424855290089 149.273172552763 109.003292915337 0.839238916558399 0.864768758890409 0.866101453410941
51.915 -9.09501655549821 3.01324519459241 1.48317407377813 2.82164047621779 -0.151916678085286 -1.02340827570557 169.222369761081 149.165855297487 108.602963623803 0.839445024917128 0.864917845918102 0.866363782233572
