32.69 1.95467876048549 -1.74868582778626 -6.73941444815494 -5.99770929770462 -22.0706232806725 12.3132960578181 244.151766367829 -57.7774746615051 -46.9914419102857 0.840207366700139 0.865412302444514 0.867421535073924
32.735 1.75557056057302 -1.66239185915089 -6.97064861579389 -14.6946330807591 -26.5543804298638 10.6648385091227 244.898930757942 -57.2637544758192 -48.7430679473314 0.839934664479928 0.864856275921311 0.866731363254734
32.779 1.56306056042668 -1.54383160180265 -7.3001458671506 -21.4128054671706 -26.9650023466629 8.21248865803827 245.252133913933 -56.1516411254135 -50.7018850373385 0.83972628734139 0.864405894437517 0.86641938181642
32.809 1.44447101957328 -1.34154311557805 -7.58580321289309 -27.6332273902402 -25.4149343435451 6.33066543133161 244.224228470286 -54.9448293115849 -52.6665268802442 0.839431031576716 0.864053597343727 0.866043216585845
32.853 1.3834406616633 -1.10834139048615 -7.82763635988969 -32.1752805983083 -25.2006006350654 5.56364052609616 242.887625060931 -54.2433117423838 -54.6658867729978 0.839305833029956 0.864003333693274 0.865837277241097
32.899 1.31304483837876 -0.836476933779741 -8.02089965362857 -35.8920536205076 -27.9896620869221 5.03777020018369 240.502976299354 -52.8530825113309 -56.4593682861282 0.839457213035957 0.863962620136407 0.865806409868096
32.93 1.17997839246059 -0.551850725090666 -8.14155378238165 -39.2636321349012 -34.0971988094909 5.85899080871368 238.391410802477 -51.546996834178 -58.3440883117639 0.839567333548613 0.864164477347756 0.86623770530169
32.974 0.97996992013882 -0.24887889622618 -8.19109431087574 -41.4625496628578 -42.5464409593517 7.67730927261533 236.279042750006 -49.5230674356842 -60.6207115325287 0.839795199935027 0.864673547473478 0.866599373363156
33.019 0.624870694230443 0.0587356287323924 -8.18449925954617 -43.7343598834034 -52.0707851160062 10.4573228008948 233.668024627505 -47.3916846229042 -63.4967763413483 0.840219618037634 0.864962434009772 0.867249162712278
33.05 0.210233907308043 0.409417547429366 -8.15756760732468 -45.7306330322743 -58.8148168599955 13.7005841404805 231.577099948279 -44.4052645445524 -67.1583888364921 0.840563396700745 0.865430761212001 0.867664623242775
33.094 -0.142195756704859 0.733399217617768 -8.05519999527802 -48.0821944355315 -61.9100016565964 15.2688471995907 229.397450958106 -41.5482642810875 -70.4782949575586 0.840955545909642 0.865686645980267 0.867890154992477
33.138 -0.496419274143094 1.15682244309458 -7.91820918188229 -50.8061958133912 -65.0140479067286 16.9860868423555 226.659935276066 -38.1420940676808 -73.7074189156225 0.841033475201673 0.865783043800271 0.867961721470748
33.17 -0.91654772788156 1.55775288350408 -7.80132700919355 -53.2378277691522 -68.2256536136105 18.9796463728423 223.662547573613 -35.6110961948215 -76.2750093216542 0.840982774674006 0.865737528564784 0.867884835180091
33.214 -1.35716283297731 2.02347714703968 -7.68484725827564 -55.8155412563721 -69.0793443125207 20.9664143253611 221.144663534627 -31.7069879178054 -78.3007575505399 0.84068921522122 0.865602153174742 0.867452585772127
33.259 -1.76583568673051 2.47436542899777 -7.59301850599465 -59.2255502497225 -67.5222078244395 23.7505055272066 217.893177463048 -28.1126602134224 -79.8216136159373 0.840198341090197 0.865146302181677 0.86699134951269
33.289 -2.07802432160358 3.03148616819589 -7.46122424896516 -61.8979628778477 -63.4961944446662 26.5108102403961 215.169473745069 -24.5832547728721 -81.1075070289093 0.839660860969478 0.864541841337975 0.866605264911841
33.334 -2.30309442915949 3.5139384733627 -7.31211754727091 -62.7785713051025 -59.001154141401 29.6218478977743 212.069273733506 -21.2504363660264 -82.1550806934165 0.839365374146286 0.864398811328615 0.866292536385154
33.38 -2.47338233781984 4.04737133922792 -7.10769962796229 -64.2032381769803 -56.6645226407943 33.2905670262048 209.34211172414 -18.9588534564814 -82.0196153616674 0.839252650511308 0.864047860025516 0.866051709509242
33.409 -2.64888652819828 4.52360704804976 -6.88701860287004 -64.8363786485449 -55.8913167741579 37.0035272301572 205.897110496553 -15.6626712997499 -81.2858884429506 0.839275167621188 0.864109924188245 0.865980100005293
33.46 -2.81582494311862 5.11808453088076 -6.65176974201553 -64.7420468579932 -56.4228062817244 41.7515593465037 203.166659502208 -13.7007637527975 -81.42356963879 0.839533565254426 0.864296016172564 0.866144201826082
33.496 -2.95565986776352 5.65492326745299 -6.36326542214677 -63.7300655885622 -57.5588853019372 46.1740302462405 200.666994196789 -12.3516186397659 -81.2110914074199 0.839629178845573 0.86468131204703 0.866412644267911
33.525 -3.15502164479732 6.20834144046322 -6.09894907633525 -61.1069256458194 -58.1346818273936 50.6342469422029 198.774265299399 -11.1508110982104 -80.3789840400101 0.83993386867724 0.865104515944335 0.866605431521094
33.57 -3.34576183389106 6.72922636581695 -5.88149498233845 -59.5265334372358 -56.3983289214102 54.1337400231844 197.685154892513 -9.99815698955043 -79.7649770724082 0.840533696553162 0.865570498703696 0.867106285279958
33.617 -3.45857831878153 7.25436913992684 -5.62116507616656 -57.1593928475198 -51.3417303958079 56.054054609619 197.000975462936 -8.86650716153585 -79.3816314286507 0.840779948788245 0.865947944738779 0.867278027663258
33.651 -3.52087611202972 7.65634944340422 -5.46760309279843 -53.9936120232849 -44.313137498467 57.3022575162342 196.350790124978 -8.83787080084404 -78.255121457207 0.840979413098663 0.865908136462943 0.867527764510664
33.694 -3.4635862793337 8.04779998008088 -5.29556127864237 -51.6981081816089 -36.6774581676514 57.8355919469283 195.926140001232 -7.92067534868367 -76.8926483803377 0.840774467447977 0.865764530024798 0.867385218652183
33.739 -3.33314502631691 8.31884040703751 -5.17724646118555 -47.4771470164162 -30.4782067646526 57.4424783319738 195.222173400998 -8.78574703243377 -75.5610451880735 0.840621527831667 0.865512786634632 0.867158887664523
33.77 -3.2463958259424 8.53540239611274 -5.17368397911084 -45.883206640549 -24.7778054946358 56.5710792046239 195.635960454808 -9.73845509627136 -73.8704466023396 0.840396605278925 0.865061541758108 0.866988028550057
33.812 -3.12179856745008 8.76868544898425 -5.09023349302759 -45.179672188005 -17.636663672029 55.0234138504019 196.097127968395 -10.6241486279798 -72.6750617478951 0.839847368414312 0.864584671673406 0.866738518428353
33.858 -2.9466904537932 8.99893873387988 -5.03365791501977 -42.2741604264825 -10.164323528542 50.6843850661538 196.9266736544 -12.0375603886636 -71.310800015795 0.83941501264447 0.864198406904797 0.866190355506793
33.89 -2.71915841013345 9.11999238707698 -4.85841908868677 -38.3307722355272 -3.12730053140145 45.1629015219052 197.226605660064 -13.6264239148175 -69.257748012794 0.839292857694836 0.864231867160462 0.865968942997769
33.934 -2.42976396965209 9.0209192954922 -4.65515415908283 -34.6231926863495 1.59200107338162 40.5857670266363 197.511550584652 -15.0514033710022 -67.6247758903631 0.839320382468092 0.864023996984031 0.866036382775447
33.979 -2.21576503680797 9.06850244680779 -4.46687878492994 -31.8868471446454 4.76822315951545 36.2076010625678 198.222355973568 -17.0456367305118 -66.0140684711941 0.83934267753443 0.864214192594331 0.866436302116899
34.01 -2.02825223854172 9.13298597101953 -4.26012911550257 -29.8450637444147 8.11546686607774 31.8413629675501 198.75610833859 -18.5829657517146 -64.1753954616672 0.839840740309528 0.864590356557663 0.866747918023221
34.053 -1.80992776726981 9.19399837209101 -4.0303886908607 -28.1062573581667 11.5126121309886 26.8126490418836 199.026447754258 -20.1342022588888 -62.1880703239505 0.840130482665581 0.865141833277949 0.867135697803602
34.099 -1.58620048509034 9.23385354993925 -3.83909755949539 -27.1059921242372 14.7668952154138 22.0394670979715 199.221422680949 -21.6307038296999 -59.9783369623999 0.84037737379517 0.865452614353685 0.867449799425711
34.129 -1.37288113282377 9.29944558924169 -3.65314681593114 -26.0609681244489 17.2857652771569 18.2029607157691 198.635352371569 -22.4348701020569 -57.5764529395439 0.840804867356125 0.86558074955534 0.867593230459617
34.174 -1.17003923739459 9.3401492987915 -3.43874519709212 -23.766407081567 19.1022332332757 15.0214974164142 198.760635420971 -23.6262447826661 -56.1229268810306 0.840923625394511 0.865560803807882 0.867709409597081
34.218 -0.997429422976846 9.35993319207666 -3.24284972082778 -21.8981179803441 20.3116638807854 12.5111533653108 198.670114690986 -24.3272582739596 -54.8135707736347 0.84065366622862 0.86566838301324 0.867803514698427
34.25 -0.903033482013387 9.39560258724225 -3.04307192323879 -20.6353381594986 21.1563408732072 12.0450265923139 199.334792899699 -25.8490792019072 -52.8469923266441 0.840422637380457 0.8654225478083 0.867386716181979
34.294 -0.881962625635044 9.3589116254819 -2.96523450597329 -17.662333832858 23.5981628248551 12.5507463489346 199.531182248756 -26.8717541535449 -50.6600637845818 0.839855641259943 0.865112183569578 0.866826757421948
34.339 -0.791261556095307 9.34707064099031 -2.99623044943019 -13.3967957481264 30.541534788896 10.2907610311866 200.542257621492 -28.1801208643713 -48.6006516655112 0.839523146181563 0.864749426801495 0.866471945318341
34.37 -0.556897353033825 9.36735909939014 -2.97037058610038 -11.0673587544557 36.3177271484714 6.79345536655889 200.491228673409 -29.9898979001408 -47.0945278490641 0.839253825168075 0.864455593819347 0.866197030745123
34.414 -0.304082873294243 9.43299960837528 -2.83973974869684 -8.99868272851367 36.3641528833916 3.83399655683637 201.151895225461 -30.909817299114 -43.8405675577419 0.83903567514715 0.864341186573498 0.865850752471126
34.459 -0.151634406340009 9.40115024362077 -2.64014189300625 -7.26649026200447 32.6804600187533 2.0185143102741 201.753035132624 -32.2729520122824 -40.922859721771 0.83909941757622 0.86412491923467 0.865817324804419
34.489 -0.101593285497455 9.36108287760016 -2.44362003539729 -7.75700215039156 28.5220886457245 1.08614162948996 201.555958457425 -33.5330911299487 -39.1115163746345 0.839290016518431 0.864308162160168 0.866012353913375
34.533 -0.054050951579319 9.40037055012187 -2.27485453702142 -8.19340074945075 26.4092276808995 0.14015639927618 201.600326350514 -33.9538038152585 -36.9963282634539 0.839671913407611 0.864567826652543 0.86641683873862
34.577 0.0135718294013775 9.42105449626095 -2.14930546690896 -7.18978437804748 26.3623904520629 -1.13609163719698 201.306264343917 -35.5725810903594 -35.3610258933977 0.839968483672491 0.8650125927748 0.866842899609221
34.608 0.113303403010337 9.41217860028436 -2.08570246668656 -6.1497558805696 26.4462080218962 -2.02000521849597 200.612074118572 -35.8277906831911 -33.6044309736521 0.84044844690132 0.865384926697387 0.867298634431341
34.65 0.235858811100124 9.45523746133531 -2.05915556932806 -5.56542440066596 24.9876880397206 -2.45521186056952 200.595780036044 -36.1845104533848 -31.6475890886582 0.840837217116671 0.865674443811123 0.867433830475877
34.695 0.318291472652988 9.49354488541439 -2.03639562779773 -4.48081819202034 21.8719357091203 -2.62994298110711 200.588581829195 -36.3234534672417 -29.9005471618132 0.840899330162229 0.865921026036808 0.867653964788886
34.725 0.369792904138708 9.4922341162036 -1.97677979947952 -3.73152380423877 17.9673366266775 -2.39277289866623 200.426751281648 -36.6999973084658 -27.8854432010687 0.840949641729132 0.865774970579629 0.867708813316882
34.771 0.377750821511861 9.4811527379152 -1.9116956604151 -3.87688542647157 13.9785044996698 -1.83051246013339 200.559668538135 -37.4009978198573 -26.4332089928656 0.840876973330464 0.865632481206766 0.86742099934293
34.816 0.366240222609781 9.5025052955464 -1.8376152400403 -4.25455200460228 10.4757947516028 -1.31248608507445 200.235331515889 -37.7288082340844 -25.8448992842212 0.840477045850492 0.865047132626819 0.867076878744026
34.85 0.356970506686927 9.52873722472583 -1.76954164884739 -4.01496574968204 7.74295100070666 -1.06540380524619 200.56661852787 -37.5683346696084 -24.9903684202191 0.840039145969088 0.864808097272578 0.866699249362747
34.894 0.336479477287291 9.53271097465976 -1.73605758402372 -3.35341996716612 5.7111796235495 -1.03801525018834 199.850961007575 -36.9223510823828 -24.6821984203775 0.839570352463838 0.864478107454765 0.866282007829192
34.94 0.306414359343823 9.5286992300048 -1.73703145570989 -2.87207170012211 4.43262038057128 -1.12659387937011 199.955278416136 -37.3711043767301 -24.8765807205058 0.839304724325899 0.864235825148496 0.8658083461865
34.967 0.291494769614487 9.53832450130389 -1.73995710279369 -2.43172158854929 4.07118586704136 -1.30238837053407 200.19577551707 -37.2665945451514 -24.6260303836097 0.839089565534168 0.86391584121962 0.865906299358319
35.011 0.273472279893214 9.53865706762903 -1.73225926857508 -1.9240456317631 4.51392009428824 -1.60065977097229 200.072578168827 -37.9919415815726 -23.6610846107238 0.839029245535492 0.864126586425159 0.866096755666478
35.055 0.270551783318671 9.56780643216172 -1.72603000835644 -1.50473650371284 5.61894703209866 -2.00966418547992 200.25478831675 -37.8414726810738 -23.6174785346863 0.83946068891143 0.864420750307186 0.866596073000925
35.087 0.28193488499029 9.5596704100632 -1.70336297755653 -0.874867102358546 7.03127076012205 -2.35362951695629 200.042378536567 -37.5995928716698 -23.0181576130959 0.83994866410852 0.864646677025073 0.867012703335543
35.134 0.309021924756049 9.53235238792512 -1.69110789100551 -0.662001131536377 8.0028102317294 -2.52079105377277 199.582326614619 -38.2796702260525 -22.3647076666077 0.840583487841044 0.865174998054395 0.867350173906583
35.178 0.330160370176915 9.54019422473143 -1.69108130794943 -0.632480458529198 8.12013888312066 -2.6658102192048 199.863684557842 -38.3325328831025 -21.7814132099522 0.840971819733284 0.865479477822606 0.867623525069126
35.209 0.347468064101304 9.54625876093627 -1.69397471340861 -0.350400774462085 7.33334302967888 -2.8821307050368 199.725584491852 -38.1293516353131 -21.3869447000613 0.841298555405327 0.865491640122875 0.867844939510785
35.254 0.361307728545001 9.53038343379124 -1.69785664492664 -0.192526917390625 6.11901548762768 -2.88941136726302 199.7337234384 -37.9407748246036 -20.6474252070497 0.841083531016339 0.865612360428384 0.867802179689541
35.3 0.369908179131613 9.51760818001897 -1.69893002700003 -0.357626192399384 4.90777659077995 -2.70347664259755 199.734315985104 -38.2620276079289 -20.4864144177102 0.84077082785851 0.865488283753554 0.867521304495782
