70.182 1.27976662648433 9.33421338981792 5.26238302538451 -7.98730325627353 -1.18503492232929 0.32298840595687 163.924638231256 41.1255236434743 -61.5996311306725 0.839349863564543 0.864960801411487 0.866397634650963
70.229 1.29243141942718 9.30825860304622 5.29628071786186 -11.2973492253678 -0.860259966476042 0.554674043939568 163.042956967317 41.1236741512142 -61.3077012158447 0.839594068968544 0.865207578685098 0.866482404889075
70.275 1.31761176121367 9.26209014328738 5.40606243945151 -14.8129139412502 -0.528413626280708 0.800354677881127 163.252795143527 41.0141760624835 -61.1192379848342 0.839905429676846 0.865530791921169 0.866908448871229
70.321 1.32610866718519 9.14600234185319 5.51765873536429 -18.8773152542447 -0.393663892249206 1.36989034251883 162.558764066257 41.0934826106117 -59.8505827677157 0.840157631850572 0.865915782244932 0.867351729333567
70.351 1.35758558479302 9.04596167259688 5.61823908914148 -22.8210833712054 -0.582150195469948 2.30151957438682 162.320598893668 41.3857209145954 -58.7629720418498 0.840361915611289 0.866350676543186 0.867833974110606
70.395 1.35466271886782 8.95663281298829 5.70816069948182 -25.7740851642642 -1.32283936825432 3.41507054990981 161.017685103871 40.5124339408223 -57.0600073538983 0.840640806225328 0.866813932204774 0.868101404777463
70.428 1.39483416936934 8.79432632340882 5.78483988192756 -27.6383066929777 -2.13279759820967 4.42788653473992 159.464324934136 39.6430714920661 -55.0026059566576 0.840753286854842 0.866844011635666 0.868084074456236
70.473 1.3953565893405 8.66064939527963 5.86701944243048 -29.3129062839073 -2.93061948966433 5.17414534504774 158.15210319665 39.0048879085735 -53.5701108248927 0.840844396164748 0.866621864727697 0.867946576630503
70.513 1.44140126502961 8.53373227238353 6.00062848652024 -30.0601716472168 -3.4070842293762 5.82953101193141 157.959203589286 38.4459592059446 -52.1397897681631 0.840437860908668 0.866095866009261 0.867847916734793
70.544 1.50195113638167 8.35685873938554 6.17138838087461 -30.7934718586731 -3.51095959984053 6.39115676088582 156.872954907322 38.6712269568151 -49.8112297122121 0.840361658325509 0.865657571312356 0.867435027857989
70.586 1.53156159374606 8.16928047437958 6.35495433017714 -31.8004984650672 -3.62845742854258 6.87202781601217 156.155093474931 37.6596938350202 -48.0750960668918 0.839958057754998 0.865290055069787 0.866754528144798
70.632 1.59571478111871 7.97568896159121 6.52760271004968 -32.8145869628113 -3.4200428835317 7.37199138593169 155.489625714694 36.8283520063664 -46.9808278141824 0.839745235894197 0.864992366913306 0.866438145377372
70.663 1.67970131166871 7.78841965976474 6.68148985560167 -34.2792047528543 -2.97809733108053 7.81261073252833 154.398596828902 35.9149651251568 -44.5824705294877 0.839560338527116 0.864887334514323 0.866169652792938
70.711 1.72394400920229 7.67816316686397 6.84214127495782 -35.4002016513387 -2.85951074657217 8.32638263227925 153.322863431411 35.139121751377 -42.819801128885 0.839537041942238 0.864913495993869 0.866297739584075
70.755 1.80868815789087 7.51450346745931 7.04280211440987 -35.0208808948362 -3.22154721617384 8.60589664970344 152.907519379443 34.3186886186154 -40.9000389143969 0.839758315509119 0.865169261296827 0.866302708010355
70.785 1.95183847190604 7.30645589847054 7.21753582824206 -35.1695852805425 -4.04311736723822 9.35390605725216 152.121090697349 32.7961377810785 -38.9430315206615 0.84006371857725 0.865376431192223 0.866885946535471
70.846 2.04455448559671 7.13029989543692 7.35633477439322 -35.8691961383082 -4.69103193769196 10.2435341353819 150.302083464852 31.8448716026735 -37.1838555317358 0.840311095062436 0.865766098929786 0.867247500898525
70.876 2.03450467736638 6.92865032954951 7.42028535827566 -36.1446595590525 -4.99294197640072 10.8389420389723 149.24868760653 30.4383459981656 -35.302922980706 0.840523669836622 0.866081729797213 0.867663277173636
70.905 2.0811017718554 6.70037740978788 7.5598926861475 -36.0506856932142 -4.24672574897619 10.5989323645447 148.86343696129 29.3590602585141 -33.5513676143719 0.840809678657926 0.866448137722234 0.868000055956476
70.947 2.132240987716 6.50969436522012 7.7546289033399 -36.7614370908928 -3.8670234291898 10.4896390320751 148.665383938645 27.9388388093964 -31.7786077676412 0.840915322727783 0.866621467875961 0.86791588611353
70.993 2.1470402221752 6.27923118186101 7.86938328087646 -37.7199701504934 -3.74389203107885 10.1363022724694 148.312960990302 26.5484594356111 -29.8026722917894 0.840887071170155 0.866416652066093 0.867859646437765
71.023 2.21107755125632 6.02714041114653 7.97426939862627 -38.4598170432737 -3.02285788868532 9.289946825433 147.217498402145 25.536252142845 -27.8481645563494 0.840725518637313 0.8662507512601 0.867555643156383
71.069 2.31966640429761 5.8042182634776 8.17430442069673 -38.8564212707006 -2.28515611120915 8.24378822631066 147.560173705737 23.8343642357045 -26.355013290643 0.84035436754904 0.866017863557948 0.867074825993937
71.116 2.39146852811599 5.56917721326244 8.41333036433368 -39.2030905422446 -2.09922072488858 7.62639976102156 147.237740701647 22.5158350309206 -24.8575607654209 0.840040937729944 0.865495138783243 0.866796478331342
71.146 2.36501715202673 5.33050295173153 8.53379844960247 -40.2824422705158 -2.72777336731242 7.96906319574044 147.168569968334 20.4158263750457 -22.8526242199909 0.839673236322264 0.864948134246042 0.866459902485654
71.191 2.366013214507 5.05534895908644 8.62351267519302 -39.7851904528583 -2.41346589317191 7.75127706641235 147.340541674351 18.498819363787 -20.7246256181926 0.83950201887385 0.86483914630687 0.866298390289632
71.232 2.48881059375388 4.78173510837521 8.81664550379905 -38.461118770632 -1.78681577041582 7.38151152303065 147.347838756224 17.0780436846675 -17.968946750736 0.839363332740634 0.86476322582311 0.866167565410855
71.261 2.54255321149484 4.56155638230297 8.93254924716109 -37.7048802500134 -2.25022153739559 7.95223044052505 147.233749392542 15.0152153845807 -15.7368468680962 0.839478508718719 0.865035073472974 0.866419372449035
71.308 2.5683377087594 4.36181343465335 9.02034399519621 -36.520342315488 -2.37084738422172 8.12710818354285 147.759337007959 13.3263244615103 -13.6228459631579 0.839938146420906 0.865403136062908 0.866844951914656
71.355 2.61800146136577 4.20864077433072 9.1267782042852 -35.2576604816521 -2.4803863812196 8.28761411721933 149.217062976447 11.4783228138234 -11.4545052301579 0.839944107799739 0.865812380999741 0.867202111961949
71.385 2.6957462385044 4.02542814154962 9.24122950715314 -33.9782469748711 -2.36178472451307 8.11159338914613 151.135821010922 10.1434414791969 -10.0281492364279 0.840302381897973 0.866266921534581 0.867589596437051
71.431 2.79344742708841 3.80306901173817 9.32500475127317 -33.9123800496456 -2.34899982532887 8.09519980551371 152.786015018847 9.18218759814952 -8.30880088150661 0.840718904463961 0.866635099367802 0.867903458861883
71.49 2.84843983196105 3.58399249798051 9.37185358760597 -34.3413179165488 -2.26398756844005 7.97932558292412 154.302672165266 8.36757195450111 -5.92012871402035 0.840803496913534 0.866822209173725 0.867923738264617
71.521 2.89234323276815 3.34181928322368 9.41613974137954 -34.4969255276717 -1.94184519761201 7.40340639392426 156.461164453865 8.3737332831459 -3.88330425835649 0.840885066312288 0.86661629065525 0.868050790097764
71.549 2.92390069970218 3.13990689263124 9.47173970968247 -34.699227234666 -1.81121522075275 6.90897291953667 158.371543207631 7.97672395934818 -2.28747644926875 0.840698046551013 0.866449496655285 0.867808869377735
71.591 2.94775040728916 2.93068248317398 9.55287430728359 -34.2146946707665 -1.93853471048912 6.84283295032089 159.918949998181 7.64314640707202 -0.67085592390769 0.84044593841335 0.866055249858357 0.867403399498772
71.622 2.99962980334248 2.72269996932609 9.63352113819476 -33.7042080268323 -2.37693067274809 7.03612980426373 162.192349498527 7.18094858972834 2.01860670163477 0.840013948945003 0.865612174692047 0.867074968896813
71.666 3.02662251686326 2.51257501994059 9.69058517400074 -33.517736746009 -2.66729857775038 7.58628804221698 163.211803093807 8.43256835767996 4.28707142832417 0.839676413156788 0.865154419610695 0.866808940109225
71.712 3.09467074453006 2.30491055243346 9.73483775322393 -33.5624965352596 -2.83867978690911 8.00519865770721 163.953560505983 8.46238036972076 6.12452785694257 0.839390633487188 0.865018597199208 0.866370857333839
71.742 3.13470635051656 2.07982207423883 9.72485132966887 -33.5689046363084 -3.0758191770147 8.34802770663597 165.064384009847 9.28452809947382 8.84286756412349 0.839399580859897 0.865143279034165 0.866226263716663
71.79 3.1807462267126 1.82399243275339 9.74558852516717 -32.7584463431961 -3.05065017460328 8.62350549581025 166.048151047976 9.36246776057379 10.94872272694 0.83953314877821 0.865108327824237 0.866479114399282
71.836 3.21077213133939 1.51013268033278 9.77624207403775 -31.8845705456224 -3.06682816814622 8.7101539554231 166.86300234886 9.63559888606477 13.4524654088214 0.839755162046255 0.865327075079425 0.866917966868212
71.866 3.19566060514162 1.24614392280266 9.77365185290453 -31.3897082488244 -2.82817661772515 8.64560638328202 167.715031902577 10.3728350977125 15.6364969811454 0.840174852764106 0.865849444122867 0.867384306210336
71.911 3.18418641272025 0.956099605742548 9.84566625585756 -30.1225339105554 -2.0358612282963 8.20317017809203 169.101175841087 10.7419964291471 17.6095625547277 0.840640825320964 0.866149239403608 0.867774089476202
71.956 3.16344803194302 0.720684865920343 9.90508728534765 -29.7794051393056 -1.71087965598871 7.99998769158279 169.179952431281 10.9210171076092 19.9997456693295 0.841018263092019 0.866502820503414 0.868089813921555
71.986 3.13205728880842 0.486843441868786 9.90806979399658 -29.093837246807 -1.62398046028215 7.46869232025839 169.657761469337 11.4200238571634 22.3137939921569 0.841210299194797 0.866665760928717 0.868111642201251
72.03 3.12463517806278 0.249595738158048 9.93575039460269 -27.8735654218221 -1.1336684476377 6.39765604658487 170.224786790163 11.6802193243024 24.7641731336471 0.841126002108436 0.866563398281116 0.868018208868818
72.077 3.11630091642629 0.0858143440200795 9.94936698787159 -27.0634658542713 -0.777508083807914 5.36317010002382 170.516077300032 11.6749776526849 26.1369802382541 0.84067875916065 0.866369615694268 0.867918393649985
72.105 3.11206405238296 -0.053408695681466 9.95026292355184 -25.8998806244025 -0.521384601319525 3.88401510926357 171.472022613026 11.4427318986748 27.6089539929858 0.840442962655401 0.865990546279934 0.867467161943052
72.149 3.15999382247079 -0.218343023134365 9.99098984261923 -24.2318040691248 -0.212321527068815 2.2258232308699 171.664338316551 11.7286128379266 29.9352527343185 0.839998876511884 0.865584498066573 0.866891918488418
72.196 3.19131709359819 -0.359673108433889 10.000234025787 -23.8052422120216 -0.609156009444824 1.46406185517256 172.012114036406 11.9121763987205 31.783554714798 0.839639166735635 0.865132001544061 0.866524725782181
72.224 3.23801527530367 -0.52175917851718 9.99594239139281 -22.876979016165 -0.736164459253361 0.4260427744455 172.569812369489 11.7368628829636 32.4286793189864 0.83947442250868 0.865000438565235 0.86648656683082
72.269 3.29199567347205 -0.711545215532296 9.96460959824338 -21.9231010946967 -0.859041303598276 -0.353531306897618 172.787548019286 11.2528589352005 34.313230248379 0.839340979684847 0.865017332817926 0.866085276700541
72.314 3.33455264644467 -0.830663730952086 9.91246293450451 -21.0671775355593 -0.900403608586359 -1.25574967156417 173.077913895622 11.2268157375124 35.677716501187 0.83958687302599 0.865018794619787 0.866475906196225
72.344 3.37375232638996 -0.94332854261486 9.89766768889323 -19.3857115137267 -0.569555930588539 -2.25066868434866 173.499110255454 10.3717207473851 36.9089503659615 0.83967235814054 0.865377876828267 0.866779997327475
72.388 3.42924858590251 -1.05407584559416 9.89654112204038 -18.2476935016911 -0.457141830494274 -2.49655308470409 173.486279306918 11.0050938053819 38.1162497964288 0.839968843906163 0.865791921019681 0.867026311143787
72.433 3.45602854711643 -1.17849109977197 9.86993291654925 -17.1428454768278 -0.27845282163166 -2.54129196807596 173.079886238603 11.5901259823594 39.5861623351073 0.840448738690594 0.866238288094729 0.867570385376884
72.463 3.45134220147623 -1.24121760757631 9.83505049715221 -16.2811246835588 0.00376619157759245 -2.38302664681329 173.254707853269 11.7760020457111 40.6327914914369 0.840837453465984 0.866611906281522 0.867887897903148
72.509 3.45694946880976 -1.28192253609311 9.82786477773906 -14.5788560318506 0.300302523574797 -2.27674013353708 173.534313361148 11.464561657026 41.4865611080639 0.841025991887631 0.866668297274273 0.867898299139435
72.557 3.45546399300327 -1.2966078185722 9.81713017570289 -12.9464306377074 0.172863364706272 -1.94232744709633 173.42479382253 10.900294942191 42.4781144975318 0.840938816958849 0.86672604734196 0.867906724140827
72.599 3.5007441622364 -1.35996627008762 9.84734093075318 -11.1011126333368 0.100401004801393 -1.62511729321673 174.176082996249 11.1512389031747 43.2332727430007 0.840868205266534 0.866415075927073 0.867815636218156
72.63 3.51971597112233 -1.42531064936157 9.87552870243303 -9.98472566048376 -0.296156102141406 -0.761993862467386 174.406627226962 10.3885035115715 43.7069509218306 0.840583766972922 0.866027369068505 0.867285420373973
72.671 3.52159778571111 -1.47683898994123 9.87586726340557 -8.85846747964834 -0.597825374032249 -0.108054723255071 174.095368053839 10.0046878443729 43.8206302466828 0.840252060360715 0.865465717609466 0.866979405805725
72.702 3.51723233699545 -1.56042759612127 9.87337617606176 -7.73810675011821 -0.755688934645511 0.414918422254996 174.21524812361 10.3417971539421 43.9727104998131 0.839856907722369 0.865147151108522 0.866731534005444
72.748 3.50415541519914 -1.63535287823169 9.83912652084733 -6.93672142942781 -0.893482082864391 0.645778578515096 174.276350980124 10.4468556946931 44.6238955048486 0.839536834085309 0.864876614704681 0.866419520124496
72.792 3.49994366178966 -1.70290174986094 9.80993577374119 -5.8155382509663 -0.834483845898782 0.563691335620129 173.9478442939 10.3219531127014 44.8933553589274 0.839518003344375 0.864917035490877 0.866278026603649
