81.869 1.86969579644621 -7.96376115891661 5.24723631013369 13.7138112279927 5.23781033627637 -13.3163586362746 343.034909429314 -36.8278204576812 44.1436296880434 0.839988029280612 0.865958821673749 0.867456167532485
81.913 1.86727512522511 -7.9030769967913 5.29020083858409 14.6091031252084 5.04232102887241 -14.3716703427107 342.022276637744 -37.4025345707217 45.3803400473151 0.839883471452571 0.865781400593004 0.866994250738579
81.945 1.92974834125855 -7.82607229293806 5.36685878654529 16.125510935999 3.45603575857749 -14.8131140462979 340.770044076573 -38.5520530022846 46.2140754383253 0.839925100158275 0.8656376895176 0.866977996284489
82.007 1.9403983977448 -7.8226617053206 5.4508945735531 16.8779997360218 0.120610338493569 -14.355492606509 339.683735702024 -39.0631629318505 47.6334011050435 0.83994632211769 0.865755858051049 0.867199009059223
82.035 1.94638533869177 -7.74314100690631 5.52154332158088 16.7760652823609 -3.33780180902632 -12.4505444311196 338.113825918639 -39.4471619747989 47.9730548950852 0.840329692421969 0.866319945932427 0.867488898249048
82.065 2.03890445885876 -7.66007242947656 5.61012689216203 17.1784602069566 -7.57537519050216 -10.1934906075275 337.190198994098 -40.2382011995871 48.944174465019 0.840652556952057 0.866665988274053 0.86796967786985
82.109 2.2240919454578 -7.59253549320865 5.74686416341907 18.4260794851921 -15.39200810278 -7.21718540736444 336.808061185219 -41.4129429716656 49.1367813166654 0.84092612929832 0.866921387088475 0.868481892276579
82.169 2.3689163355811 -7.5603480509135 5.82446170138098 19.899322856288 -29.7808853418778 -1.45134002729344 336.066529560028 -41.7404838070491 48.812792866499 0.841488788975845 0.867251583772603 0.868663134189859
82.183 2.42182605319368 -7.49870436138734 5.9152560042569 21.2032606738986 -45.6694636918065 7.83830770766331 335.573888943623 -41.4777918837098 47.1223622218642 0.841717300491801 0.8673957194423 0.868821731773493
82.243 2.43765238256304 -7.41153714065679 5.95574143289084 22.2070838939495 -63.0686778041037 19.0534567241233 336.026850044334 -41.6850114258049 44.28911339971 0.841662696234408 0.867512469334755 0.868704495661321
82.273 2.29356173096249 -7.38421287033947 5.97141609504252 24.8147608548625 -76.1477664259042 27.9109335343261 337.377748535911 -40.796859254902 40.3141818537651 0.841492443710521 0.867372829559697 0.868350962307465
82.306 2.45896305688919 -7.41982836220794 6.07121962418842 26.349727284805 -84.8657213393335 32.9205279185294 339.413976314088 -40.3234559964706 35.4924873015497 0.840975576858338 0.867161321485148 0.8679658184163
82.351 2.41966376403419 -7.36007947467017 6.1537185075845 27.6051111617608 -93.4896312314251 35.9398260872912 341.531320814411 -38.8479993571412 30.2669147142553 0.840544117270476 0.866767647983055 0.867740042315749
82.396 2.50460253414067 -7.37747554124614 6.16357255041621 28.9977736288125 -100.274463892874 41.0262972986448 343.696369859673 -37.2028794792844 24.4322009185468 0.840194635004307 0.866436549903542 0.86745876381755
82.428 2.64231407789198 -7.25943636650233 6.18421964932102 29.1372042729259 -108.464605829564 44.6068733309863 346.344059586335 -34.7723323782204 18.9800827440229 0.840038175060518 0.866057122736414 0.867341919514011
82.471 2.62899681091035 -7.14876512091413 6.15431071799776 31.2864026366425 -115.887704767748 45.9763002225264 348.944688264931 -31.8075892263585 13.7478670226586 0.840037912788507 0.866095598958289 0.867259607992589
82.517 2.71558201560752 -7.22642822141304 6.15797094106915 32.8790853723216 -121.479498877143 46.8487421115441 351.627197494594 -27.8101472733504 8.36977228835343 0.840164020894597 0.866250088342454 0.867537983385074
82.547 2.80294828257953 -7.10663380712899 6.13036176240639 32.9830515179927 -125.25824141873 46.5611452324881 354.880029970622 -23.8402192914138 3.88151555356627 0.840506028431263 0.866609403626175 0.867886519588994
82.591 2.97311025778469 -7.0920326445243 6.11916131444493 35.5845923402611 -128.314671732378 45.0559016841169 356.890824276203 -19.5325776260452 -0.161972401611318 0.840770437388067 0.867011317848279 0.868267154217502
82.636 3.16871952052129 -7.06953357699815 6.0119206690873 36.0695503299627 -130.812899370402 43.7884864710049 360.103567663725 -14.4233878770966 -4.33719764530517 0.841211317208931 0.867471968902937 0.868562785286539
82.665 3.39463761268579 -7.02421893542087 5.98771200111598 38.6071754619263 -131.061272917506 41.8806587743384 362.369889807617 -9.60094418044824 -7.47913009269719 0.841568429863831 0.867722179016172 0.868802246452459
82.711 3.63268592718247 -7.01096528957995 5.87677616636141 40.441964795916 -130.901921139516 40.8524939125576 365.05761074417 -3.96676478616308 -10.0840953750847 0.841604900285424 0.867813857927891 0.868996209996854
82.756 3.8327535017136 -6.99429816339887 5.85738545493035 41.7008159121729 -131.081930168809 39.5661689241335 367.954664702778 0.788920523207909 -11.2701172538186 0.841634441326914 0.86765395147139 0.868808866683944
82.786 3.98030536843147 -7.00828925580706 5.83043225454247 43.0063631789364 -129.468882520705 38.5611922483955 370.22927840925 5.66102562379841 -11.8347949755931 0.841558131287126 0.867389030233619 0.868669695322527
82.827 4.2092254614132 -7.148035059838 5.94604531641836 45.335383182572 -128.809642170015 35.8065504540248 372.377715511493 11.5454307552767 -11.8541839302304 0.841155254077847 0.866927386295794 0.868446097677489
82.872 4.28799502460071 -7.58783418544083 5.77738314161686 43.8979199198681 -126.340466646262 33.8155196082181 374.765949564309 17.0797989117741 -10.4778889834866 0.840600870314392 0.866331102744448 0.868141659940561
82.901 4.33581704944775 -7.72678568196732 5.60441084111621 35.6151013946351 -116.659289433854 33.8635479818933 376.30441914709 22.6426371185371 -9.75909007662417 0.840139443784847 0.866070465029566 0.867808233378932
82.949 4.60250482629566 -7.89920339473362 5.28059018252255 29.4191481601888 -102.447688563559 31.915351727929 378.042579509143 27.292536066015 -9.45286296206558 0.839892158578375 0.865995291976755 0.867390538313188
82.993 4.85841530475389 -8.06154077535374 5.02912921313791 25.458364971585 -89.4502613242692 28.1895265026759 379.342489402406 31.6469542134722 -8.50881899927312 0.839805816183758 0.865922055777425 0.867422176822467
83.024 5.09203900923163 -8.03411894402164 4.76978064725322 22.5862374590449 -78.6337956421236 25.8819897496103 380.935416415949 35.6540329129125 -7.58814338941123 0.839735878844119 0.866109518365954 0.867558795294986
83.07 5.29981135451956 -8.05543987058221 4.56690885276708 22.7227912731241 -72.2913134014179 25.7700605521461 381.757687296918 39.2597666594591 -6.7223961454231 0.840159233370376 0.866483223184955 0.867780325100016
83.117 5.36972322236073 -8.04238725506386 4.38340513842704 25.0666059693985 -70.393979122324 27.933978054872 382.021726710504 42.6064109941619 -5.48714087779271 0.840628173612043 0.866785924088346 0.868205733619134
83.146 5.31296241957112 -8.02256098678239 4.25832607546742 28.0234164840677 -70.064390264655 32.1074382549806 383.369598635508 45.1791929052711 -2.68058411101209 0.841133890538898 0.867252484259432 0.868673097433498
83.188 5.24865255305481 -7.9987624850405 4.19355354648262 31.9445398711788 -70.7100187097904 35.9516051392061 384.191374894762 49.2611462532696 0.126726870080205 0.841669249491139 0.867507074353565 0.869051662123133
83.233 5.12166496331436 -8.04036432354565 4.15896049631196 34.2646956162655 -71.264657139663 39.3104184833676 384.629013664757 53.2875284651484 3.85264876476497 0.84186347350919 0.867602666812879 0.869124647765568
83.264 5.0417534285198 -8.06277308402083 4.19545790263982 35.7997469606255 -70.8452883136614 42.0467824829781 384.773501068453 57.4908980567702 8.10064549945962 0.841655073303094 0.867790722221857 0.869183766135941
83.311 4.91468607509756 -8.15872374818199 4.18021328185267 37.8797034350532 -69.8549888775772 43.4591151852581 385.340535865447 61.3936274259839 12.3875228545623 0.841347600364994 0.86759821439825 0.868751503756352
83.357 4.79607950340654 -8.26555726958149 4.1769451532439 37.7608803930801 -68.0488005328223 45.9422649794484 385.037834051012 66.0008382150469 17.3778935121955 0.840972077002674 0.86723276896539 0.868401371228885
83.385 4.61688749094472 -8.37826715793804 4.19950895520819 38.0313512863338 -66.998459729296 47.3664407402234 384.43264558132 69.720678954188 22.2600937448783 0.840654970879164 0.866813297899232 0.867981971251652
83.432 4.41399379572003 -8.60443948684278 4.17586914519813 38.0375319465106 -65.7554699379817 48.6191070759168 384.206442920869 74.0417499528923 27.1746759333514 0.840284426427345 0.866485748878464 0.867642257270093
83.477 4.18327665210357 -8.71673473251159 4.26166474674622 35.9855917163682 -65.0568161459484 50.900179021569 382.877218765904 77.9918174618428 32.3134875060147 0.839984285421371 0.866220434171641 0.867268443691583
83.505 3.90937252425431 -8.98265010785221 4.25740578891962 35.8794743284262 -64.6586164980655 51.0531908089976 381.752547200382 81.3713721440927 37.8559248798719 0.839753968644127 0.865993306716296 0.867311083856424
83.551 3.67352204106704 -9.20057348135749 4.29986484178826 33.587488709842 -61.8614182947308 49.4889624178835 379.87556323231 85.074811436715 43.7672991526962 0.839934026137648 0.866290419228985 0.867456491232236
83.592 3.45489598385283 -9.18626764909573 4.38217662032871 30.3047208168041 -59.7608785897243 47.4331587951268 378.175206218171 88.5905972637392 48.9635123136839 0.840193561199177 0.866531080364263 0.867808205731595
83.621 3.24125539449999 -9.1882968492496 4.37700515536177 27.5383505791686 -57.6495177645469 43.8662021355031 376.881917036718 91.1503837836287 54.360444974084 0.840517338930077 0.86694787600613 0.867859159951124
83.668 3.17292888822556 -9.01830022923373 4.4391715829933 26.0853006103479 -55.5458803816494 39.2284176228873 374.946352799742 93.3318108647393 59.451960429008 0.841006307457959 0.867297663769759 0.868244992910827
83.714 3.06171573051358 -9.15239870714844 4.34335436178695 25.6235973111757 -54.8928501320368 36.1106671295006 373.024545767791 95.9927668004388 63.9900879474965 0.841402371965544 0.867703909099335 0.868557517608187
83.747 2.9120653232666 -9.04924536482331 4.31901339630579 22.1196939747241 -53.8067200573315 35.2266632756588 371.395882071911 97.6561411083555 68.3019712374722 0.841470393387811 0.867910050575255 0.868797979632994
83.791 2.68934034568002 -9.16439793701995 4.17994628023743 20.5064941042593 -52.232603551782 33.3200094670241 369.266664478248 99.3574742977679 71.8125967023525 0.841525490739847 0.867842981754742 0.868882249250597
83.834 2.44580998184446 -9.28239163616084 4.05799446974226 16.6143823618546 -47.1110042967908 31.178367973633 368.237998227381 100.483554181192 75.4242033289055 0.841469881311602 0.867665468407581 0.868482351291529
83.865 2.28351770352674 -9.29073378061865 4.0247308238741 12.7994054382931 -39.1675470681868 27.6612719517725 366.786778564178 101.833678886766 78.9796046964135 0.841071124569427 0.867287244712947 0.868405217854671
83.911 2.19698815339998 -9.3247250427668 3.96565108555168 9.99637336684947 -31.2959421328649 23.2498287542182 365.413290636984 102.36927989828 81.8294798040949 0.840760778636511 0.866980883520294 0.867997556004077
83.957 2.14350898785689 -9.30822854806885 3.93412496106489 6.39988685462899 -23.4874993871625 19.4725139626725 364.258765415957 102.773116717607 83.8198786413169 0.84038292814839 0.866596787458001 0.867568321587835
83.986 2.16317633167775 -9.19583617877586 3.93049574593601 3.59558774156246 -16.9542638165788 15.822583638009 362.891599986926 103.424224541262 85.7801016994667 0.840089380912844 0.866421613143788 0.867208555788953
84.045 2.22754157875435 -9.10724043347056 3.91929008570231 2.36204439127628 -12.75005292807 12.754231678085 362.18019598941 104.551621878422 86.023882376568 0.83983909599222 0.866045023961013 0.867262574655294
84.076 2.2695499536247 -9.03728546453583 3.90565855925881 1.65745443021623 -10.104031421355 10.583065063829 361.171958751422 105.464813721522 87.0013447250201 0.84011666778138 0.866209122594661 0.867429517539575
84.106 2.2876852282136 -8.97949673751975 3.91230417188742 1.69864495870415 -7.52983797038155 8.66480178567094 361.417286588652 106.306499114433 87.6670892272663 0.840581226740619 0.866576221370462 0.867564741275843
84.151 2.30845008034328 -8.97067791418421 3.9392828417456 2.52842150051983 -5.1176420384518 6.92681005708048 361.388002136808 106.52026428269 88.2063422740857 0.840843965166541 0.866873571378862 0.867920241879263
84.196 2.31298736779336 -8.97189633110079 3.97114926863064 2.75512065206228 -3.28544272290168 6.13667034470847 360.926281730815 107.203414068979 88.4811372420094 0.841308681698041 0.867212853047816 0.868441849124203
84.226 2.27874438205599 -8.94629568624217 4.02226781898303 2.73149505641472 -2.01571242234426 5.37848923875585 360.90628820196 107.858765395873 89.0577211660276 0.841685102088557 0.867598296716603 0.868753482150314
84.271 2.25833980991228 -8.95091972909225 4.05655109925455 3.01373236974173 -1.08104767278587 4.22588926049148 360.554093443587 107.717599970657 89.5247541444824 0.841762490858885 0.86767655692694 0.869104737752281
84.316 2.26233640323644 -8.95141502451003 4.072415367714 2.91020718895645 0.178091843058712 3.34747411779199 360.814815689306 107.993255976232 89.7170508570307 0.841813123685959 0.867850573214246 0.869167639025178
84.346 2.28166867175259 -8.93117825336448 4.1098419031706 2.75780217419976 1.46051393486229 2.48328609648021 360.060000708338 108.210537340748 90.3228111941949 0.84148811846732 0.867646693702085 0.868861628399179
84.392 2.32119798890384 -8.91205109237855 4.14231815109425 2.9089342649186 2.05637506586441 1.78779761601157 359.634600573754 108.332535246006 90.7594770672979 0.841212366948017 0.867136093705252 0.868490572189575
84.436 2.34010248609008 -8.90818190370175 4.19658820348498 2.96722912099628 1.68932792548758 1.93697103080143 359.64402646474 108.665353549265 90.7951764245113 0.840735917243115 0.866858451204061 0.868054224029811
84.466 2.3199031439858 -8.89092206550916 4.22700775086074 2.72498230556424 0.87873729903425 2.02749615326977 358.72766143644 108.598936374905 91.5920929038541 0.840236169727932 0.866398862789835 0.867811650862692
84.512 2.29329449165108 -8.88625501782255 4.25274292210283 2.27624330109482 0.665364998477284 1.97524898338515 358.633405763516 109.409138463673 91.2655952521219 0.839945197494847 0.866261294162573 0.867282192236048
84.554 2.28927900557594 -8.8775786406234 4.29505242963065 2.02719218839062 0.952228091514692 2.10338679104579 357.933058668448 110.365402155575 91.7571321542187 0.839975098252519 0.866026403308951 0.867198896532994
84.585 2.25949873282065 -8.8963841910772 4.31104935753483 1.718361550459 0.795579563287206 2.28343795723564 357.305777521443 110.131975746016 91.7712770449172 0.839986820574028 0.866305031146492 0.867389999116516
84.629 2.2043478427368 -8.9202238551424 4.31882943326227 0.76484995510843 0.612892728705385 2.52805802780362 357.559679792369 110.368900354273 92.4247344063829 0.840236324692644 0.866653907297446 0.86740954375062
84.674 2.17255043961708 -8.90930717067255 4.33056615101629 -0.299937185217133 0.720412575900217 2.11314684984918 356.625340631819 110.980809286961 92.1140348691701 0.840678148838744 0.867059549115725 0.867893230407492
84.704 2.16394899350667 -8.8889067148152 4.32164950677693 -0.809132326132748 0.399183041441008 1.29706879570608 356.378525911773 111.122455522438 92.5163682440278 0.841010242937561 0.867400044949566 0.868272589980485
84.75 2.1473212276939 -8.8655647567646 4.30024738989514 -0.980740695617908 -0.159715171547288 0.624747861926502 357.222605988536 110.817188973175 93.1422582776626 0.841292271906027 0.867786837854979 0.868813427993107
84.793 2.1503128580635 -8.82721690999531 4.28481501842157 -0.717606070320734 -0.551735701167043 0.0176488215955809 357.420310850714 111.079923068272 92.8992292049067 0.841520715370484 0.868100140108363 0.869005267044779
84.823 2.15475321428299 -8.8263220757278 4.27588816273946 -0.462405955127734 -0.887516604968206 -0.224177736950328 357.430451789079 111.2507376853 93.0203756559744 0.841692721828272 0.868230997692568 0.869037333032187
84.869 2.14330235977192 -8.83289360282084 4.26070866772412 -0.219815999225984 -1.11881211414638 -0.0566221348686966 357.612665949154 111.119097525093 93.4245042813393 0.841605338493226 0.867868647078234 0.868718716077023
