52.866 -1.20963863598093 9.59916124855121 2.39638773715862 -0.611298489310814 1.35774064147061 -1.25713018220154 167.692386149488 150.910787197517 70.3351990511066 0.840156541167321 0.865623066047159 0.868075839875737
52.91 -1.21353524977064 9.60449070486286 2.39054952715097 -0.520571623670004 1.27816686615608 -1.21522201246874 167.738832781085 150.257737629989 70.5195112313964 0.840019966080805 0.865632898801005 0.867854083485587
52.954 -1.21988177760261 9.60826287338948 2.39250039329081 -0.315708816699421 1.203330428762 -1.28631456292411 167.806454552679 150.670767480291 69.8588040974311 0.840149484061358 0.865875301215054 0.868019508534403
52.984 -1.22226315037104 9.60316613110454 2.40008403905887 0.0161842554200341 1.22645337248806 -1.11382319291509 167.65722818767 150.309321659036 69.8276313189192 0.840620276671738 0.866059314805989 0.86816568611766
53.045 -1.22117537110558 9.59065206390586 2.41101522425228 0.232574895745189 1.34006845308937 -1.22509754962 167.734354832013 149.926550543819 70.1083813683245 0.841115173017208 0.866319234656937 0.868517876043426
53.059 -1.21088505564236 9.58820703376326 2.41602676088934 0.357011619752077 1.17224934013216 -1.69469542740594 168.11482741393 150.138505940493 70.4017889083429 0.841402484725976 0.866763840303057 0.868913896805702
53.104 -1.229490652385 9.60821724957907 2.42708916256838 0.961927503602236 0.607308225049038 -2.31216894505378 167.643010205284 149.3261898118 70.2554490157577 0.841647394049408 0.867000647231968 0.86912392670074
53.149 -1.25634065619025 9.60393117777124 2.42320480445932 2.11534448402468 0.438789891297354 -3.16194081495921 167.89083826628 149.610213747558 70.1429137027638 0.841959459093164 0.867192460844386 0.86918318207343
53.18 -1.24899362876256 9.64988771278071 2.51511427864361 2.65388704732717 -0.426793928507158 -4.09956900668185 168.181578995687 149.618273135522 70.5377600992387 0.841858844701512 0.867458455387377 0.869231178925309
53.221 -1.2979894693388 9.61847084354073 2.70681698853763 3.74086988238081 -2.45242063934271 -4.96149059006878 168.507078986506 149.570801239773 69.7955856803833 0.84163897574413 0.86709461195034 0.869036147854291
53.266 -1.39816559381403 9.56173688261187 2.9706492903366 0.591783994041431 -4.70623171023401 -6.00361653826106 168.86073397907 150.114349004216 69.9084244011105 0.841347058634438 0.866935965221569 0.868730469426062
53.298 -1.52756340972548 9.55700456511642 3.30108274527915 -6.33248702589514 -6.22937592956435 -6.7446851211823 169.861194523047 150.896622693415 70.0538237648995 0.840845017509117 0.866572886866738 0.868248540791365
53.345 -1.63119648669453 9.5934179127559 3.69785314939328 -15.063818307769 -7.39732122050438 -7.98204990998972 170.107567563668 151.590264381666 71.0475972495686 0.840438364197606 0.866291015942143 0.867636073078272
53.391 -1.71976606813248 9.62502562793884 4.12616223509059 -25.0888684018119 -9.67526530311237 -9.62713981640465 171.237129726571 151.678114149149 73.0105537721506 0.840362065989549 0.865827878492963 0.867362079749656
53.42 -1.78197253129296 9.59686605167551 4.58077182328806 -37.5352658482158 -14.6124610787271 -10.7721053886924 173.124075078522 151.689272460811 75.476548555442 0.840300264441023 0.865909911121093 0.867399125386006
53.466 -1.90291690060441 9.65972130562914 5.15265040898766 -53.4721149553754 -21.5407499623186 -11.3846420060622 175.918500813603 151.116310693257 79.892004329908 0.840363893678492 0.865988566955339 0.86729361238446
53.509 -2.05679840897962 9.65763247632486 5.77366191840769 -68.7418024268312 -26.7173204465773 -14.1491936126966 178.883985659019 150.418211661538 84.9145235072255 0.840528987691905 0.866274383700067 0.867688579078497
53.538 -2.15541146352798 9.66776187087135 6.37820129299409 -83.5299439351989 -29.2956097143994 -16.9385567499484 184.436028383805 149.822751445846 91.1727640408526 0.840902455157045 0.866641143721845 0.868106822403999
53.585 -2.22084500973898 9.64004174034476 6.98822280616005 -97.9900942821676 -30.7239476854574 -19.1687042499009 190.919182990882 148.242428671135 96.9919388730907 0.841078643257391 0.867049210619488 0.868568651633663
53.629 -2.24036328011986 9.54836603204559 7.58511739819106 -111.951365681533 -30.8587640374342 -21.9309252515801 198.912538222615 147.23236722362 103.799470487203 0.841334643416666 0.867379744806579 0.869053237932181
53.66 -2.24952320348751 9.35191466611745 8.13235355315183 -124.883430629523 -30.5286523054362 -24.5062631942379 208.063155960318 146.354217451132 109.433571094635 0.841555036294102 0.867770394739159 0.869199513095429
53.705 -2.27534216358404 9.04809542758981 8.59272145755127 -137.002678046554 -29.2931701994644 -26.4515999048899 218.631156327857 144.874916135417 115.425192586654 0.841480763695948 0.867618746288518 0.869084167710722
53.751 -2.24850316711718 8.6122553834678 8.9448496732801 -146.84606234748 -26.1686128997341 -28.9765592817395 230.497236625565 142.986682069688 119.85240599519 0.841547073173902 0.867372723440953 0.869114061593557
53.779 -2.15217821849831 7.99432451132761 9.18066317531355 -155.576760883138 -23.1187138533648 -31.8639137815678 243.102761666707 140.959212476447 121.296448856104 0.84113364997789 0.867050121289979 0.868682710712576
53.823 -2.01885493172499 7.26807516881922 9.38199116370319 -162.242672498548 -22.0762345571033 -33.8045029874974 256.175236950033 139.646962105922 122.352123573444 0.841051568017996 0.866529134790647 0.868345648863427
53.87 -1.86850365295377 6.41162068363001 9.48926393589182 -169.061373884129 -24.4116736553758 -35.8087466565141 268.671941929527 137.468039305797 121.32322009449 0.840618467547393 0.865996021487203 0.867961514526629
53.898 -1.75224374411938 5.47456984321213 9.46937347496203 -173.917270098053 -27.2082648211598 -36.5402756314711 281.254272962917 135.319111837696 119.013808276537 0.840394126448663 0.865700294719179 0.867872471232812
53.946 -1.56709953138763 4.31944398036548 9.33073893195557 -175.607645267973 -28.8692288562845 -36.4002950172168 293.221961099962 133.266480588533 115.595184703995 0.840199763130446 0.865571993759802 0.867689354884817
53.99 -1.37534791520757 3.14929792841542 9.09762763415769 -177.525017094539 -28.839876900308 -35.7443916357013 304.50578849097 130.901849276712 110.828099610236 0.840295119671567 0.865591530248247 0.867652021922944
54.02 -1.1249254297826 1.84111036244846 8.70010489486006 -175.452973770241 -27.0938117396311 -34.270209133315 314.569688677685 127.954497914137 104.746760684291 0.840372358469875 0.865718469042873 0.867868021962378
54.065 -0.797740353028656 0.649216759611089 8.31389897259574 -174.423397303513 -25.3586592648264 -31.6947472605806 323.303447828925 125.105143310451 97.4268761542757 0.840674781867238 0.86616647323326 0.86815385083661
54.11 -0.498225978844714 -0.544959128885245 7.81104439979718 -169.983180823479 -24.4838727831354 -28.3377834490092 331.445792741429 122.845166081465 88.1617696849633 0.841045767894501 0.866529356627473 0.868619036388181
54.137 -0.204126031383887 -1.67590920110634 7.24177045915127 -164.588513871598 -24.5747613818206 -24.9512381814837 338.419092120558 120.444584525987 78.9830334448203 0.841472141907689 0.866934039099191 0.869007872676426
54.185 0.0399726855160177 -2.68007337077333 6.65083297041869 -157.593490129125 -25.5504422154579 -20.6364571254751 343.989464617652 118.170113466049 69.7422570903045 0.841805183858328 0.867261831901283 0.869433576992311
54.229 0.28470279616069 -3.65702417184251 5.98103249269457 -147.376681203064 -26.5458581945209 -17.2004921036959 347.895466340298 116.8137919075 60.1272282431466 0.841961393507284 0.867391185677924 0.869445790443479
54.26 0.467742978850806 -4.49179713267449 5.27179780761562 -137.702134675245 -27.3784046795466 -15.3896505123906 350.909327735641 116.009171445075 51.4810548769488 0.841974234831162 0.867040123485683 0.869320974464011
54.305 0.614814413834653 -5.14571510110373 4.56773754159343 -125.914301606033 -27.125820767532 -13.6724108081662 353.18855546587 115.159428870511 43.8356544503285 0.841492297948516 0.866879360579658 0.868850310137645
54.35 0.728603198460464 -5.78056599603892 3.8211576674559 -111.41867590394 -26.3659606232277 -11.8311413042329 355.010729927354 113.955137385114 36.2268801047661 0.841089282045327 0.86665049737233 0.868469072033287
54.379 0.751657496302025 -6.27954410895217 3.11038877501432 -97.1373717570005 -24.2439090208449 -9.76116338772638 356.456691241157 112.661661281942 30.0697728848605 0.840762839163744 0.866106822716442 0.868160269168758
54.422 0.710326796204889 -6.68618848543815 2.54325517147103 -80.2327978407277 -19.912222795434 -6.72753471047058 357.189919905337 112.399945638373 24.764516036737 0.840498420429661 0.865666446245173 0.867786678582949
54.466 0.684612130124515 -7.05123801195002 2.16079068496573 -60.8922303731268 -13.0756180215535 -3.68678403151171 358.143835123323 112.247955967082 20.047257989757 0.840284241255055 0.865544576495857 0.867854041720976
54.495 0.704586427360086 -7.3530692855749 1.93522245958394 -41.1283554571946 -5.82155594096975 -1.2903408670512 359.006506449892 112.970844333337 16.5202789717032 0.840237226406082 0.865680436503437 0.86767442698023
54.543 0.697051044870356 -7.52914424242468 1.83614765179859 -22.6583190653658 0.133470985524426 0.967266645780132 360.407270224412 112.890383910003 14.8214259670796 0.84055270774767 0.865802692515038 0.867873986765064
54.589 0.675187552790683 -7.60089059071274 1.85160527988168 -3.50262775592337 5.4872718036183 3.34279896018114 360.773888881774 112.789210967102 13.1693550333344 0.840694693303294 0.866136021725966 0.868269429249192
54.62 0.659040338103852 -7.54171917548965 2.00498283142599 15.7443982352593 10.2632397792514 5.29911753942612 361.310849994237 113.163260883353 13.0671775770009 0.841036676702271 0.866640061802826 0.868466685525329
54.667 0.570040960020775 -7.35942177599733 2.38601471255372 37.9025045552929 14.960247121957 6.16839207716416 362.039788495332 113.148241315516 15.0184138373707 0.841426971053436 0.867060260226117 0.868613901023388
54.708 0.51863736750149 -7.14359194663279 2.87446708509148 59.1571355600162 19.9281818481745 6.11929834586175 362.480228681219 113.574075465568 17.8409152082703 0.841616788931463 0.867400620948984 0.868843650199307
54.736 0.324819011902663 -6.71684592811228 3.50959351592605 77.7410202616284 24.6177051596168 6.58571562961367 362.716985231787 114.01500112711 22.1791413186989 0.841657253614669 0.867553395893468 0.86891924240931
54.784 0.213369844920278 -6.29202930745332 4.20895011878023 94.5867912974152 30.1985091182209 7.50275027067409 361.918758037748 114.630150912959 27.9551044681461 0.841563559725608 0.867319789620963 0.868980472099413
54.829 -0.0193470149843486 -5.68391322393862 4.94278961143263 107.486674996708 32.774074828507 9.52417428413151 361.272194010576 116.040422239497 34.1336346191984 0.84127347436723 0.867007244895787 0.868808695709057
54.859 -0.229299719928002 -5.03704488429143 5.70882196738629 119.313748732066 34.8624967942968 12.2064132312152 359.890477148566 117.032742013992 41.6042440415507 0.841038505226944 0.866383290672366 0.868213258827143
54.905 -0.481273030834019 -4.38696096543172 6.33175023999402 125.308411282134 33.4870956858231 15.9926145646126 358.141286490339 118.130521031334 49.1614376736561 0.840620398346473 0.86598900199038 0.867730954952793
54.95 -0.822020495566986 -3.45046376541253 7.09869082938967 128.517446726315 31.0176772765091 22.9127964232904 355.380442057174 119.75172203538 57.2747645156614 0.840383043367672 0.865805846649475 0.867340288814569
54.98 -1.22876130357677 -2.67055672484186 7.76159570355002 131.318979176559 30.1966086703083 25.8525712097354 351.200158066311 121.868894848658 64.9505592576858 0.840190785834844 0.865645007592637 0.867369278406043
55.026 -1.5926918828526 -1.67191463473253 8.55803225605105 134.535472369654 33.6576499695146 29.0552391684353 346.308128033712 124.381804827413 72.8179529987255 0.840174024807916 0.865761785691829 0.867293842058694
55.083 -1.71983365949705 -1.01366967904447 8.99660401062584 137.183885291176 35.1096430401923 30.9453544134555 340.929583707307 127.101261910205 79.8145419289676 0.840387960122094 0.865732915686635 0.867799512037032
55.1 -1.95540338512996 -0.0106291769721255 9.35557020960547 134.702305864478 33.6967497938535 34.4646683726089 334.058962802919 130.666022147266 86.9037789624638 0.840699753789158 0.866178175014707 0.868209104719485
55.157 -2.13338194234131 0.850914764502615 9.62172037541092 138.300623475418 32.4427642795862 35.8181371070041 326.933759870364 133.853477939285 93.0540609595957 0.841065995151256 0.866649581992851 0.868786574947189
55.188 -2.21138677968379 1.77904566105223 9.77545979703634 138.730909595241 27.7919978450908 36.3015460185054 318.654345494995 136.651317130821 98.1077893772725 0.841602080316722 0.867154609247692 0.869143578909222
55.221 -2.35058064618483 2.66410492162479 9.93113727667915 140.359059672909 19.5354877201724 36.4475347177374 309.560019850946 138.785566875965 103.569309395591 0.841796879638583 0.867427795594056 0.869309969204591
55.267 -2.41519224008528 3.44980032507047 9.99579486163635 139.872288716736 12.9100045953244 31.8841061748024 300.399616079266 140.796309169532 108.323140610429 0.84195466708929 0.867427704095271 0.869579308566235
55.31 -2.51651897511971 4.07166282061146 9.89297540683414 137.208843936892 7.5365693710677 27.0520038641854 291.617689024206 142.311010427321 113.067743894447 0.841854963178374 0.867180572246025 0.869429124143443
55.34 -2.72709644049898 4.76609351173996 9.67360511775892 132.189316260638 7.54515554170988 24.9469322902955 281.654328109607 143.42391844613 116.184872554502 0.841522008456176 0.867116584341075 0.868950243742429
55.386 -2.80539763739209 5.39851709254709 9.42697414356893 128.392201132949 14.4385225536705 24.8335037047577 271.634005768781 144.895373941365 118.391746769147 0.841113347556531 0.866731410896356 0.868426557987623
55.429 -2.79424821400747 5.94784240880592 9.13443975930139 122.220354673414 22.2768063219082 25.9672754054339 262.059544672713 147.101252892506 119.249314883009 0.840642628248552 0.866061000936185 0.86812583279177
55.472 -2.67974061570491 6.43904587682859 8.79743320187556 113.075281178595 26.7171138841044 28.9883785745846 252.546231184898 147.81401484293 117.729945055237 0.840401049588356 0.865752928072855 0.867758785117588
55.501 -2.56710562337994 6.91397208706527 8.40519071277885 102.97426019741 26.8195645362009 32.2550141263296 243.802447259767 148.829352022773 115.701255494742 0.840218017901843 0.865503389053558 0.867584936767042
55.546 -2.45045083439294 7.33292336281291 8.03014520458475 94.415868317154 23.921480862109 33.4224393049224 234.457982280411 149.333775138446 113.152016950741 0.840183585489981 0.865523614409635 0.867567443247546
55.576 -2.33415526188924 7.66348114294889 7.68632123071151 88.2424258559787 19.0509796509801 32.4618704934757 225.982965647133 150.324357862141 110.6131337301 0.84038293805921 0.865675666619058 0.86778732994159
55.622 -2.2555241414943 7.88794583929873 7.42192570339183 83.0501817372359 13.801751532561 29.8525120462802 218.392202174178 150.700729868335 108.286638321381 0.840557179855642 0.866144122030224 0.868322154463215
55.667 -2.15379505569948 8.08585130126447 7.20242026305335 77.8895021689932 9.5882737032065 26.6517561315328 210.713683761084 150.891591193351 105.616177040319 0.840925290809672 0.866523570913269 0.868386205346142
55.698 -2.07913375878655 8.25782635440874 6.93821411046854 71.7566036271135 5.81215055455909 22.6263957489843 203.990083846478 149.954188866614 103.633103402658 0.84146291995939 0.866953976644541 0.868905456439289
55.745 -2.04508410530588 8.3712448093361 6.59733840205185 63.1664367242215 3.83730759804783 18.4949378085857 198.459967915647 149.554892981958 101.210813756153 0.841645907545285 0.867425522527909 0.869092493066241
55.789 -1.95479973650191 8.51370933697459 6.25789643949378 52.5929816855507 3.25173060480042 15.2036477165574 194.274574011674 149.069463315386 98.3907591424841 0.841680839691865 0.867573566172397 0.869231309754018
55.82 -1.87081767839127 8.63056011028218 5.91352856990842 42.553139592777 2.25451247691124 12.7279317496482 190.482404949456 148.382265285462 96.8685149054121 0.841582664448137 0.867582367285447 0.869109923004179
55.865 -1.83045123412973 8.71700903944148 5.53847538310379 32.6765163525921 1.47119327423704 10.1244338775204 186.96074800906 148.611634881225 95.4854970733838 0.841516192015317 0.867219932804019 0.868913550941918
55.925 -1.76901201506218 8.83137931932309 5.17705982855214 23.7409553448362 2.11678105594879 8.17560060109684 184.492205887338 148.461424253792 94.2452526294409 0.841235106521894 0.866679303138832 0.868520297084749
55.939 -1.67874833187268 8.9486256169531 4.83405896310324 16.7504791728288 3.73390563241776 6.2123128227663 182.672686768744 149.491753645571 93.5046546298472 0.840893604018009 0.86624139311003 0.868214093824886
55.985 -1.59479500010662 9.01447559784602 4.52838367810145 12.1113232444952 5.1372879897393 4.57746956964681 181.132876282683 149.324320452913 92.8027702501762 0.840388933765923 0.866010283456391 0.867854954945412
56.03 -1.49912780499054 9.07819292949148 4.26297385392725 9.5278817517052 6.31807350069647 2.93713966439102 179.633629788973 149.608699566859 91.5142439026427 0.840208204085673 0.865823084636944 0.867551843047577
56.062 -1.42486954728991 9.12011349266044 4.04419709034257 8.20277505857587 6.6534410622817 0.868167097622371 179.169240129068 149.401046649156 90.6445375611406 0.840188133591088 0.865671453593191 0.867663824937324
56.104 -1.37038264960236 9.1512799375541 3.87963525928924 7.19760657607241 6.24707351999016 0.131459623883281 178.499084504545 149.886847785816 89.9940754245239 0.840159379198269 0.865783206952278 0.86786539911031
56.149 -1.29490815336556 9.18707714515552 3.79059102204516 5.8891452960843 5.14135092523783 0.220604432750038 177.020258448682 149.764346706511 89.1192010938644 0.840628291732636 0.866329657862284 0.868151726326435
56.178 -1.27363128597926 9.21917336434599 3.7421617888841 5.14394814784355 3.34403623417547 -0.056653920922851 176.902409343432 149.485120832274 88.7105528860302 0.841008110885473 0.866550667334692 0.868617315534939
56.222 -1.2795489646958 9.22582017235841 3.70756689772812 5.44064380127999 2.00233347181953 -0.322607233199418 176.72895156818 149.528947874142 88.4695478376844 0.841202075907495 0.866827977127592 0.869006478785301
56.267 -1.27916480566591 9.23754268319247 3.70463028245473 5.4593642271284 1.11013438698298 -0.441388194769391 176.582450770226 150.122447778055 88.1363337485244 0.841598751398214 0.867052598059841 0.869321701018093
56.3 -1.2971633111147 9.24242909509916 3.70352654597736 5.26956594000454 0.426155418341712 -0.249509170587634 176.265785123883 150.261182700225 88.1844303363048 0.84180637005392 0.867111080749422 0.869577031026655
56.344 -1.32462888937329 9.25783743664396 3.69818527144866 4.87407360224337 0.776101919391138 -0.281949756420259 176.063285950345 150.775557987182 88.4213885724069 0.841734842579725 0.867047704805578 0.869316288056382
56.39 -1.33336672588904 9.27310741410519 3.67386728625067 4.50059503766446 2.019100569974 -0.334409837051555 175.72526161978 150.598201969617 87.9833247436496 0.84142471077127 0.866885501448773 0.869080706634202
56.419 -1.30775154767257 9.28538033741068 3.63821233413081 4.20036747669142 3.06226535480871 -0.120642960378171 175.859461912022 150.85054359539 88.0844930423562 0.841034536431757 0.866655471476313 0.868668025559944
56.466 -1.29012768349683 9.29592597758427 3.58565916590077 3.8601602515399 2.98448073892177 -0.220621561265097 175.554164148737 150.532940312266 87.6924393643085 0.840718495216753 0.866357909475899 0.8683088301021
