78.041 4.15664207547169 -7.26271661799599 6.00618939451421 -0.702646168487694 1.01064860925522 -2.14626431283987 239.130096640952 -6.39190045772046 106.657870202281 0.840222767238278 0.865563210002199 0.867297044032899
78.084 4.16401753707231 -7.22718063425992 5.99857216447747 -0.876853320139154 0.863052854412758 -2.16656569645373 238.905378279171 -5.86743937075357 107.098874863848 0.840641383841184 0.865953978787586 0.86766649141452
78.114 4.17096734608845 -7.22956896324852 6.0119268825633 -0.637045082442486 0.796859071616319 -2.1672082904634 238.843356406128 -6.17462589031039 107.204088639717 0.840980463289538 0.86627050150375 0.867965743793633
78.16 4.19623509623771 -7.19440539285459 6.0150408570067 -0.519746974793681 0.584005466329829 -2.15742344809978 239.531118688964 -5.92544697115142 106.65931179817 0.841015359562252 0.866403832767836 0.868195319198758
78.208 4.18707976717069 -7.19524587790155 6.02360254302797 -0.521911080117233 0.406708549864566 -1.94140612273181 239.638206138061 -6.17361204663265 106.236042556518 0.84104362554315 0.866388643489201 0.868394094298866
78.236 4.18881574315264 -7.15690717196452 5.99297849533849 -0.856335761154501 -0.174764547892144 -2.01742445559597 239.640946971829 -6.74662575777245 106.76919447078 0.840953100219818 0.866265102450785 0.867852479468646
78.282 4.17455782119802 -7.16645245718707 5.97536759774182 -1.01210524897789 -0.676979131120881 -2.02655655712434 240.789167047182 -6.54476686379568 106.955047521332 0.840538708630869 0.865918250299681 0.867537368925858
78.328 4.17333988662304 -7.11831546012439 5.92869127166507 -1.48087395396217 -1.41094851605524 -2.07288485707224 240.807225308217 -6.2612611596745 107.201588492279 0.840329521726279 0.865624940310318 0.867183484132752
78.372 4.18233716145903 -7.15247931389948 5.90764881791187 -0.709813246220808 -1.86462402319559 -2.46667032201478 240.605852499656 -6.69162153933635 106.957286678746 0.840033610051102 0.865263623958136 0.867020161094783
78.402 4.21362682423152 -7.11670570443314 5.82611664884712 -2.22563575233962 -2.40026912291056 -1.81113273182434 241.108740524721 -7.55021344686244 106.957402209784 0.839679962971582 0.865205807212653 0.86665330806686
78.448 4.11395823076703 -6.99170965060489 5.7139632452555 -3.05474969221952 -3.40353096665679 -2.16564346697619 241.756079825024 -7.44167289195858 106.537495789925 0.839507467459797 0.864936623687103 0.866689500355952
78.476 4.14477853182379 -6.96623334432608 5.65050864822787 -2.2033548842856 -3.36350130436605 -2.20798800214384 241.47042465827 -7.44375504248645 107.127371589839 0.839848048670118 0.865187994728347 0.866620034235575
78.522 4.0883101920761 -6.88260008064332 5.65878593694934 -0.854564784515608 -3.71695514050596 -2.84824127410292 240.735043973198 -7.31344158441403 106.63317098777 0.840123919450477 0.865391605271754 0.867019928641893
78.568 4.12870821032789 -6.90023438200963 5.67559406216078 0.184825425305716 -3.29661152640525 -2.93119756942795 240.937385618291 -7.51388768337536 105.854868500094 0.840473546261526 0.865433069546374 0.867478943645764
78.598 4.19579936092925 -6.78752370887146 5.75795214905995 -0.0541081993954997 -4.11147671043406 -3.55465171062595 240.627282350816 -8.21024902353404 105.974443485076 0.840882767053874 0.865811975996649 0.86796161464119
78.643 4.20699372401758 -6.93048876576273 5.80935724301212 -0.524285656777531 -3.73991445606227 -3.10270300011084 240.502098704161 -8.58830170906258 105.429299222911 0.841340111226781 0.866118890221371 0.868352578147485
78.685 4.26816497081367 -6.8416101191704 5.82272583977073 -4.12703779420354 -4.91475055673869 -2.37418179650199 240.66469995037 -8.33052438434069 104.627732370558 0.841470996183955 0.866120433008166 0.868669258587584
78.713 4.18483546063718 -6.97378396470887 5.7515290420841 -5.16129755986975 -4.75392505019498 -1.88476664447959 241.1924069598 -8.84172475131596 104.398463220152 0.841463189745052 0.86624528013516 0.868580992380734
78.759 4.23079977765866 -6.95450875817169 5.62830639995024 -8.78095636700595 -5.84358005401671 -1.21834037134145 241.919849637438 -8.93179704856593 104.224755208323 0.84119217468298 0.866111939996044 0.868275330378194
78.806 4.15018829555812 -7.08002208732891 5.47605110113499 -9.21081893208398 -5.38780366054743 -1.32174119696978 242.773078206325 -9.2207556093384 103.280051718742 0.84073235894603 0.865546855980853 0.868015670792577
78.836 4.32488175600486 -7.26806461772616 5.33492342484781 -10.6426717319346 -4.85183088870754 -1.16732792679743 243.194193347123 -9.37681204356411 102.664841892181 0.840347110761506 0.865212873189346 0.86743496514855
78.886 4.32124094664525 -7.31861355392783 5.1662137639598 -12.9510984540121 -4.70097538626532 -1.01866539169828 244.13529661117 -9.61121775528693 102.790521932667 0.839921236477829 0.864719499114985 0.866964593576888
78.927 4.3950619630473 -7.36211999511526 5.08768413891211 -13.0537485263757 -3.42946945218789 -1.02565331842065 245.617590255047 -9.92108638178241 101.94432276546 0.839690101562264 0.864431352393274 0.866596075834546
78.957 4.32733582429988 -7.46427820411526 5.02848646330982 -11.5699485201048 -1.74932063795158 -1.30047384440927 246.788248106588 -9.41007996924375 101.672901440023 0.839528191378082 0.864197953548689 0.866643142247777
79.017 4.34029345639598 -7.51387857966259 5.01901714288594 -11.4100552478498 -1.05908712132093 -1.53491053152876 247.100480966337 -8.78016477508744 102.173050166418 0.839624826005734 0.864355097411705 0.86669359840694
79.048 4.30961481245082 -7.55442001237307 4.98605229367371 -11.2955798652621 -0.638547591170718 -1.89472791221769 248.433389582733 -8.64193346782083 100.850170634799 0.839943109092326 0.864482383940747 0.866845459175863
79.078 4.35321536624923 -7.51974205999777 5.0000880371207 -10.7962135839921 -0.511116678619274 -2.45388991423984 249.453045562013 -8.14596610893487 100.126638214187 0.840074597846048 0.864943384178246 0.867190082163387
79.123 4.42232597948353 -7.57084115099566 5.03850553419649 -9.84852078929314 -0.532706799757948 -3.27627678473274 250.392966905231 -8.42223254823725 99.7025769534915 0.840408078835484 0.865451919870184 0.867592414385827
79.168 4.50491112983033 -7.57055435934506 5.06211787034106 -11.0315003126099 -1.72607266047569 -3.74538724906864 251.964303193237 -7.92000836407217 98.9930873323281 0.840804518983344 0.865740781644648 0.867795115883458
79.198 4.58636184332571 -7.61758358707688 5.04908374260779 -12.3002480776415 -3.13979824429829 -4.48880183968453 252.559085586522 -7.89120677489846 98.7004007391858 0.840999314956693 0.86609781181797 0.868069929613473
79.243 4.60359695391078 -7.68972879428502 5.00662936967454 -12.6712162100652 -4.03690070001902 -5.13638750541164 253.358859325083 -7.99387748766775 97.8453245987405 0.841030629412647 0.866263954122354 0.868045744824798
79.288 4.66688991683064 -7.79211198688405 4.98291345818333 -11.6868149011452 -4.30614910900014 -5.86467235266587 253.964676053317 -7.92704076501088 97.2907129249798 0.840942573354111 0.865917320153653 0.867804782706632
79.318 4.71559540916327 -7.81579185599779 4.92585722874233 -11.3350986958818 -4.59156856454966 -6.22817086520134 254.677387603187 -8.21490301965881 96.5114774692337 0.840770475406318 0.865747784361725 0.867733063656458
79.363 4.70599567806685 -7.78294055611394 4.88463959911674 -9.86875818793905 -4.31535374339209 -6.3664214542482 255.374683958581 -7.60807144592364 96.0002967500793 0.840276823909307 0.865375625177853 0.867453111103524
79.407 4.74524202875227 -7.73889524747836 4.82857418570478 -8.15232008642911 -3.66948233367431 -6.31512198862807 255.741494006451 -7.31453787119815 95.4722403675642 0.840003436479187 0.864937805058037 0.866991775031121
79.436 4.78187980030838 -7.64549433865174 4.74586558278385 -8.46773041504575 -3.80235702615406 -5.87769155888034 256.332610145225 -7.0107756756705 94.378514697727 0.839414807085212 0.864471933038265 0.866741553078015
79.497 4.86683258888761 -7.57533427337011 4.66195656009661 -8.8230601094695 -3.89494735912372 -5.36215153673888 256.583414217633 -6.9927282972931 94.1525969051589 0.83940651444605 0.86434218560585 0.866427635573278
79.528 4.9337588905979 -7.55682982057286 4.5465551111102 -10.5369076963039 -4.27444934562304 -4.55685419514017 257.752565516282 -7.36810992080741 94.0716034931787 0.83939979740833 0.864471925378005 0.866519038000595
79.557 4.95325924548983 -7.55658950577638 4.42350557658373 -12.7282540126321 -4.8152810691913 -3.66570838661316 258.567578068189 -7.28816903585401 94.0179988294748 0.839760835928429 0.86458923713627 0.866716261569267
79.603 4.9927571305704 -7.61306564050986 4.25458317004415 -14.0097330784763 -4.82091201718999 -2.88502531987421 259.545738235233 -7.33741691904175 92.9965790518746 0.840179448608667 0.864783151356631 0.8671100560759
79.647 5.01488030792755 -7.735748894521 4.09414319487657 -15.4847540225734 -5.03486239804603 -2.10656516558666 260.422047970539 -8.09730770442381 93.0812290320184 0.840644547955058 0.865174673420667 0.867429029626272
79.678 5.04468128523827 -7.82205606707116 3.91781113978941 -16.7658568651547 -5.02961258821881 -1.1181498451939 261.455858856136 -8.16081924058329 92.7177955159349 0.841033465264964 0.865602675134826 0.86793309835699
79.723 5.05859687892294 -7.90883195180323 3.77839988404256 -17.1705730684089 -4.61665795218243 0.0868940452402703 262.44324567347 -7.47426358487247 92.2854143679073 0.841348488285988 0.865825896257755 0.86810761983499
79.767 5.08601739648813 -8.00311040104118 3.68088943606944 -16.9807596052585 -3.6757524832525 1.02771242091943 263.537028995511 -7.6201535037467 91.8691856380049 0.841477781601912 0.865883107897636 0.868237056271136
79.797 5.16874743443236 -8.20074218599753 3.63421575094788 -17.2978503947632 -2.89926790838109 1.65000431285313 265.538993486364 -8.14632433803483 91.232040366784 0.841216491379242 0.865929449325941 0.868119794265425
79.844 5.21677274031062 -8.37216648590458 3.59673926722087 -18.7506481327353 -2.87138410502532 1.91345005829653 267.022584723955 -8.41052271380821 90.745952697095 0.840865878724215 0.865745125760574 0.867655248657801
79.886 5.22814588669262 -8.49801969008479 3.52851302273843 -19.0831394913324 -2.42032494186441 1.76493271515912 268.206293626403 -8.01852339818465 90.526221684647 0.840341438527623 0.865484709433641 0.866784300076795
79.917 5.17112256435445 -8.5161337762697 3.44584214475449 -17.3023811559182 -1.12657007313918 1.17074053744683 269.753097837387 -7.13700395252957 90.6122395645641 0.840030465222597 0.865298230486617 0.866437554868767
79.964 5.04059792172702 -8.43881499040077 3.37789711184526 -13.3462264462174 1.07442480564276 0.398147163576207 271.054009248283 -7.23897320154895 90.1539140472969 0.839664753591312 0.864763877635415 0.866514740265497
80.007 4.85998235717963 -8.27835366971334 3.34331409404726 -7.30578693288647 3.78295584829583 -0.726508431091059 272.113747491109 -6.99156829325465 89.2366703783105 0.839381189239153 0.864467298994822 0.866342808891305
80.038 4.72182400868532 -8.2715796869606 3.40221138933044 0.693304950774176 7.22159881727229 -1.13137259254254 272.096135467799 -6.04717031753627 89.6457030064315 0.839505754273201 0.864573267223073 0.86632700474375
80.083 4.66546719904164 -8.28130780495249 3.49771242610992 4.52783655211182 8.64628893512033 -0.930228593852584 272.027869728917 -5.45620795720437 89.6110194352095 0.839732972497199 0.864893675992482 0.866425194664233
80.128 4.61287505273709 -8.2653533520103 3.56293567131587 5.95518119499683 8.79845586950854 -0.254095848043494 271.510574480423 -4.52752844533554 89.9009257425197 0.840144262081475 0.865177366380988 0.866972855511512
80.158 4.5838145997544 -8.26912381812517 3.59643329470961 7.0974372259627 8.87972635353856 0.937006790565686 271.019565329142 -4.32729804072179 89.799749851441 0.840477406644738 0.865518393318399 0.867403898712196
80.198 4.59140622327726 -8.25174332536571 3.64957340682132 8.39106155760994 8.81234933873264 2.11622740875515 270.939847916605 -3.83511141298465 90.5157973796672 0.840620933194564 0.865905739376688 0.867876231307296
80.245 4.64409874086679 -8.31319631328805 3.7256269441139 9.564011770061 8.65853731551848 3.14254114765656 270.99527681245 -3.18444024451757 90.6397958775304 0.840850610467781 0.865985187842371 0.868135633106781
80.274 4.71906544671587 -8.32657533769215 3.79961431868215 9.19715487726086 7.86746102709669 3.86194687922013 271.226174218085 -2.97539659805923 91.1422346607996 0.841023466574623 0.86617272870212 0.868111799402985
80.32 4.81306193216609 -8.34980834927527 3.90624303903525 9.45961911470344 7.31768159988725 4.20008536911487 271.197201116649 -1.79807124442798 91.0932100752477 0.841063241737771 0.865966887828803 0.867969033837369
80.368 4.91056134238455 -8.37775502025245 4.01448925278524 9.54763499436016 7.06984117987814 4.23435922531893 271.011732904485 -1.64243770798666 91.2515001609506 0.840855435006399 0.865565334721157 0.867989430716801
80.398 4.93626487142877 -8.4160858316175 4.12713425827991 8.97121793321799 6.51466295875473 4.01044165953123 270.447503652633 -0.574374543469196 91.73371513037 0.840573423062213 0.865104105708194 0.867672977827863
80.443 4.9280191257447 -8.50813198065668 4.22835454933948 7.54096133506688 5.66771669124782 3.59021346941114 270.674477958633 0.410756619789952 91.7643092555997 0.840129587191728 0.864730510207694 0.867058629355114
80.488 4.88134493547961 -8.55747839908289 4.27372366995033 4.71283516995379 4.29634670311684 2.89494313923065 270.414327146493 0.0207128620298608 92.2090904970358 0.839757704455489 0.864304024209487 0.866807791002175
80.518 4.81091782009414 -8.59713785222565 4.26518633123673 1.71396137315875 2.69286525700556 2.06643066033408 270.257604988659 0.970777418244187 92.155363302599 0.839696908344221 0.86432977692423 0.866592526014569
80.562 4.71581601232496 -8.58357460082401 4.20134893006796 -0.774286707588738 1.4348849803119 1.08846532342022 270.628660040814 1.69832970877779 91.7338442751052 0.839761486748307 0.864227039153481 0.866640266893596
80.608 4.63142143026459 -8.56921247454953 4.1406683503274 -1.59877528658199 1.13782935313661 0.155473705863511 270.869214633059 2.07164706411001 91.8364138628352 0.840066287280992 0.864489770990573 0.866703342733612
80.637 4.54877438993979 -8.51875125614903 4.10564288087029 -1.28187821113905 1.35851200504829 -0.741928893670403 270.872063852778 2.32603412192911 92.1114952288965 0.840313175712467 0.864702583778617 0.867210460661309
80.687 4.50539521723887 -8.47217351427637 4.1309682106549 0.713587045923937 2.2106237317227 -1.61920667868219 270.33437172075 2.24408763876258 92.3103111354062 0.840386983863004 0.865220282524766 0.867633274581491
80.725 4.5449751560233 -8.50771404273391 4.23127446574125 3.25327268277091 2.9122082761305 -2.47804595935089 270.618841093808 2.72971098739769 92.363352019679 0.840698963019295 0.865639618509146 0.868209405613008
80.755 4.5962363710917 -8.55273457113241 4.32746835412328 3.08515087304444 2.02171313114662 -3.16080501333377 270.393261285984 2.66706589979213 91.79431513594 0.841065354627667 0.8660900275789 0.868676071748536
80.803 4.6486216933571 -8.55300082834662 4.42333593853327 2.35973556594462 0.753541834702048 -3.98017572492249 270.468541641647 2.27432337883162 91.8433952601114 0.841248443338672 0.86620780119017 0.868586511041105
80.848 4.74609644793914 -8.61483127711616 4.48759913265 2.26077512139224 -0.0929898925172951 -4.80485836772157 270.319518729734 2.34620193685362 91.6371501606902 0.841270722119188 0.8659705907706 0.8684028526291
80.877 4.82257897518666 -8.64254614848997 4.53388229939963 0.961762199472753 -1.46684853049626 -5.42750779693844 270.300810171085 2.18242356885143 91.5000916301591 0.84103627590603 0.865778450330748 0.868007849576825
80.922 4.8531538514167 -8.56230193220253 4.53535086578366 0.0886457021836167 -2.31715494328976 -6.00193017048197 270.081656238579 1.62976309076966 91.7010742204289 0.840479460244894 0.865635299805173 0.867552227433481
80.966 4.91151610264924 -8.55356178455122 4.51474119782102 0.46210836228018 -2.47315504604944 -6.5970596212965 269.562141553249 1.48810810352342 92.0138701185474 0.840142262813586 0.865061664673805 0.867183173497373
80.996 4.91346132389997 -8.46086570497135 4.47624218526798 -0.244241844873665 -2.79516398424661 -6.67399997263948 269.507334658131 0.179367563853972 92.3092347960234 0.839881930331821 0.864597020217397 0.866884239809125
81.042 4.88277506174802 -8.36066672433795 4.44191558531212 0.85506486901111 -2.16622023181991 -6.7336499015021 268.916941073087 -0.538712273278282 92.3264801847789 0.839544440329784 0.864443506220947 0.866642103521644
81.085 4.89596906847903 -8.32746737634936 4.39452049464725 1.13222086450969 -1.95334067785046 -6.39051596220144 268.6547222692 0.0316430586445912 92.8804489496709 0.839397694119941 0.864207798149103 0.866569433394325
81.13 4.86485342615039 -8.25457126580673 4.34967205999197 -0.01778659593036 -2.25617541470773 -5.69914235686408 268.232325038052 -0.292369122497881 93.4791636492335 0.839632811718416 0.864474185777027 0.866744885515645
81.16 4.8767539428759 -8.27255290879039 4.31725341442327 -0.600285005299012 -2.37582269660028 -4.88317553806754 267.848183280822 -1.48481898922328 93.5021225558791 0.840189303329618 0.864825629426645 0.867231805101156
81.206 4.90876117739495 -8.25972234296714 4.24947884911409 -3.40180337337617 -3.59724081172714 -4.01857829270493 267.579028457466 -2.34870338127086 93.9827192702621 0.840274015178255 0.865344600624368 0.86762620996542
81.235 4.92184213627048 -8.18505123954227 4.19483284453184 -5.70828515991561 -4.41994826360586 -3.20741482930474 266.953013050547 -3.2524497388294 93.4840026089123 0.840569606874571 0.86575277097198 0.867933115819862
81.283 4.97434818487585 -8.1971718346872 4.16802334907353 -5.50500868945531 -4.05443290268105 -2.64220448501928 266.565940570943 -3.58848428845181 93.248042113219 0.841061528173963 0.866095585276089 0.868304897164505
81.327 4.98764488608031 -8.19455760910078 4.12892570355919 -6.92630894685575 -4.26187691071364 -1.83942227408699 266.648411862464 -3.90867227364597 93.1049141117074 0.841207492401094 0.866262150623431 0.868359528806674
81.358 4.96643471860304 -8.14768653012426 4.08818857938154 -6.80626444542644 -3.74639510683835 -1.35252746185779 266.175213608596 -4.40802454165323 92.868980430483 0.841212302657212 0.866285830832056 0.868527104081277
81.403 4.98699303980833 -8.1763036883539 4.07133440878773 -4.9220818343832 -2.74053423501235 -1.33218846547886 265.983923022963 -4.70449987873912 93.3378741486912 0.841089728682209 0.866058500554051 0.868318143969921
81.448 4.97562114058032 -8.20054902192945 4.03991157504415 -4.60635193470536 -2.32349685249741 -1.14327113032032 266.0569776486 -5.41264490177869 93.7416780604399 0.840763200939618 0.865503570032838 0.868050349801876
81.478 4.91289952718275 -8.11796728790965 3.96246299883645 -4.26099239535562 -1.69455153449236 -0.970171752964037 265.198151895366 -5.83624237044074 94.0627592289563 0.840397401873739 0.865165314033377 0.867722322286773
81.523 4.89713417342977 -8.14449782388553 3.91876953333761 -2.90148017611591 -0.773579109351028 -0.921564310740564 265.300503035246 -6.557356320057 93.6448349754546 0.839987010029065 0.864668727216373 0.86744441059408
81.568 4.87137566953756 -8.16047490086046 3.87295108802138 -3.3911913090661 -0.481179231246089 -0.740894572615888 266.22340745855 -7.40545861924617 93.8943163301182 0.839642216953732 0.864501588890117 0.86699695016129
81.613 4.82730550517027 -8.15926662923067 3.83095996728823 -3.26106343362599 0.198107418110516 -0.607758191605129 266.388960041425 -7.8104214815894 94.6303962273958 0.839489404845172 0.864613264581081 0.86696785045244
81.643 4.80739241589111 -8.19880381933199 3.79259570094487 -3.26863695375613 0.767566245310739 -0.526100929093284 266.583057633554 -7.91044140008741 94.9026209441906 0.839845900939453 0.864567901878252 0.867079799655261
81.685 4.75982099152298 -8.18072419172715 3.75364370543319 -3.30087837529056 1.34569812435055 -0.456981447222049 267.358276683179 -8.8614575340708 95.2131229647944 0.840008491296862 0.864889330063177 0.867281469789549
81.729 4.7054624227198 -8.13394959502433 3.70987618796857 -2.20745194200062 2.25024448835754 -0.546872529501768 266.696204113375 -9.25378060259735 95.9146296014834 0.840506072532496 0.865371547015259 0.867678743576618
81.76 4.68453006930001 -8.15310391211253 3.6846956260462 -1.3186467600434 2.72773620350854 -0.732814077140707 266.159925331834 -9.46356228810386 96.5068499772016 0.840783090257962 0.865762142746446 0.868123452585182
81.805 4.62600555379536 -8.10644755942852 3.65506972039164 -0.942836700062637 2.87618388209382 -0.815793142941988 265.467539518785 -10.4554854533641 96.8365484815333 0.841133497690987 0.865955065023167 0.868372798039828
81.854 4.60682828298281 -8.11451083986379 3.63350284917336 1.118668685163 3.67604482235859 -1.09628862898912 264.288707010216 -10.6409432172249 97.733604270042 0.841303639219961 0.866111332067311 0.868463776578089
81.884 4.5909595152494 -8.03900481025793 3.61527951068458 1.83848804719577 3.97293981756084 -1.16745943833615 264.395852678275 -10.9771640059522 98.142219458734 0.841201607528819 0.866003442061086 0.868414551953044
81.926 4.59907304895053 -7.99449660913088 3.58681180318683 2.7274959289156 4.50884461100291 -1.36655817558663 264.572640669403 -11.1235028448213 98.8991977615745 0.840626040928533 0.865916051156044 0.868116107903761
81.97 4.56349511939511 -7.88998274221132 3.56101758852399 2.96721063371935 4.59827100514136 -1.35630143520227 263.833838942216 -11.5840373043052 99.5663501868754 0.840273790604928 0.865623159003972 0.867750907958301
82 4.5427993309355 -7.87118500762611 3.58095138207659 5.47366962094626 5.86353081187443 -1.4980698113688 262.725409543195 -11.3870702164872 100.460743651369 0.839861847151001 0.865163316903354 0.867232990483491
82.044 4.51300526571309 -7.82790481028634 3.66833725966835 8.68481743113441 7.9292309499847 -1.50794036400262 261.827581729988 -11.2875268753547 100.405202357609 0.839641996207533 0.864790844801853 0.86680099409819
82.107 4.49022481698542 -7.84145013105789 3.79591623536982 11.1885952489899 10.017486229793 -1.17456146583449 260.45234120129 -10.9668967690373 101.164213909663 0.839476714380917 0.864600504134356 0.866587020522341
82.123 4.40977479165382 -7.70017454550321 3.91749901920271 11.6763499379413 11.7591256781934 -0.348799367478608 259.518396373045 -10.5991863829202 101.419013266827 0.839342836101359 0.864569925663374 0.866290241660363
82.167 4.36620595423306 -7.60867180025359 4.06561288429565 12.42364497645 13.6673345474282 0.659838924556068 258.695901062167 -9.85134097016536 102.43540074613 0.839588376723365 0.864545157101878 0.866641927813681
82.212 4.35742501018464 -7.49739653560104 4.23254139191455 12.3436867820696 14.1617623574627 0.86843899453927 257.879679860355 -9.69558618583394 104.068674604365 0.839673576135413 0.864883116199775 0.86702522176002
82.243 4.31399835859136 -7.5249925055205 4.41614629390739 10.2351038507283 14.2452259828272 2.11618367717986 256.708540686888 -9.1434248105255 104.881626429536 0.839969830482011 0.865267977308058 0.867348130536694
82.287 4.2257194144394 -7.43465609415971 4.53065314596843 6.68127381374638 13.9684803743343 4.38365076324851 255.993917956379 -8.49817409652565 105.198117407924 0.840449537817031 0.865591788169326 0.867707871482594
82.333 4.16144396846707 -7.33012554012069 4.62847341449877 6.4356485830277 13.757675210081 6.79671131670458 255.283073544667 -8.76752101818578 106.486475100419 0.840951388556392 0.866088241341945 0.867999261648773
82.363 4.16702724862123 -7.323836018438 4.77840857282256 8.76814252782495 13.2820375308527 8.55754990698873 254.71328957118 -8.53569202473048 106.924044831339 0.841118279310862 0.866133014434229 0.868111964038931
82.407 4.15403609184523 -7.31261830641214 4.88976448879371 8.48540155440844 11.8321145221281 9.8760429055769 254.671764552656 -8.40791054003169 107.002476313385 0.841013569771665 0.866292468241525 0.868203252974959
82.451 4.02424010250529 -7.27981144251268 4.9608032014533 7.29859510639908 10.1337837552901 9.54417490618904 254.620129287651 -7.49440753742567 107.336005813842 0.841042175812775 0.866063876855721 0.868055824573803
82.483 3.91051018970196 -7.40222908129385 5.05804045104155 6.77407577664127 7.99874652117432 8.08696488012 254.206304722998 -7.00647010531479 108.554164709212 0.840724683115377 0.86550792483719 0.867714547446573
82.528 3.85695954319792 -7.48815334942712 5.13681455844211 5.07837542488096 5.65516788825807 6.38074689640865 254.231106825628 -6.51524078530498 109.060873414461 0.840492522982521 0.865044967782101 0.867326998734531
82.572 3.88045357711251 -7.58802069481698 5.20135783631394 3.17317875064212 3.99541881391652 4.95176376471696 253.765196528759 -6.71134503609704 109.489307465714 0.839937587844719 0.864806343748356 0.867013084277778
82.603 3.88270640083333 -7.63140806613122 5.22014295158604 0.989969444508671 3.03300679652429 4.66230269522226 253.165809188295 -6.5761894792386 109.314339047228 0.839716143607039 0.864600560742947 0.866647575845085
82.648 3.8427463579538 -7.73619923489075 5.21585812915597 -0.0512545209403433 2.36780420747475 4.41386976328271 253.568305442519 -6.67071347818327 109.808614628255 0.839663244056976 0.864693431781872 0.866339291471786
82.692 3.76060923584041 -7.78482585680875 5.14757041878382 -1.40327188715252 1.45914278210035 3.61294443192311 252.77832740844 -6.15927791732845 109.836977848886 0.839860539222056 0.864521599588172 0.866570666880931
82.721 3.74318326517609 -7.84809555213887 5.07905933623485 -1.87199374004392 0.520302600066168 2.15961476085009 253.170445200836 -6.09301511303604 109.823952057598 0.839894027759354 0.864851825208212 0.866869072242341
82.768 3.76082731697738 -7.93817197776837 5.02408607508369 -2.51013172332871 0.0891550297177179 0.990051315067198 253.764060612678 -6.78334224155919 110.161401166654 0.840299668575338 0.865230299240447 0.86733239634978
82.811 3.78251108830335 -8.0083027858791 4.97080692292808 -2.97427539818633 -0.146181372493534 0.290872862914354 253.914889096269 -7.58850721566295 109.70873494499 0.840741926128062 0.865647732048848 0.867609125248115
82.842 3.74728278971892 -8.06903528463824 4.90790467301669 -2.95817070611871 -0.0109259956892282 -0.0424845840928083 253.797060167978 -7.59269084468699 109.846075305442 0.841100154745768 0.866096599546059 0.868067061739094
