45.268 -0.568471682177422 -9.64958546774907 -0.408589078231265 -0.514627119511224 1.18286690541439 -1.53056138996071 387.615876412264 21.3369613009837 183.760730333977 0.84169282862935 0.867170153157957 0.868687638058565
45.331 -0.57301947375756 -9.64908120389811 -0.401987131165787 -0.508909035506381 1.16629013231695 -1.51387686327276 387.798859893934 21.3329386537968 183.328191570521 0.84195845411437 0.867477708262739 0.869260001172078
45.346 -0.57403963277244 -9.64666168946411 -0.407024404842786 -0.50519341799681 1.18141256442864 -1.49471354169368 388.007076514087 21.1256803095754 183.505835172122 0.842173610757237 0.867849745138649 0.8693796742998
45.39 -0.573429435991225 -9.65039406912816 -0.398463209535378 -0.516000561707187 1.18808921535514 -1.4896492664818 387.99573197641 21.3538010507561 183.913726489419 0.842461043055299 0.868040103728134 0.869340602908753
45.436 -0.562173242377651 -9.65124449277726 -0.395503018253262 -0.488952821395035 1.1504438674911 -1.48966934096477 387.746542900892 21.2265788511124 184.17211845643 0.842341099454977 0.867948324808573 0.869321774103962
45.48 -0.562171647703651 -9.65921182599956 -0.388059485457444 -0.438570869299444 0.986745028850995 -1.45044896007459 388.120699749723 21.7115288694011 183.973415949708 0.842256844917275 0.867528444319477 0.869195897255148
45.509 -0.568664628965023 -9.66579705879597 -0.362774855481291 -0.344173701842474 0.976973397033428 -1.37112319964515 388.177766797275 22.2063383842149 184.094466919263 0.842075044410675 0.867163909175029 0.868884517565455
45.554 -0.575773466377372 -9.69123033671043 -0.217029673690826 0.275112431278589 1.05860035999402 -1.15534261614005 388.691991105793 21.4671340912141 184.024518204603 0.841700274254339 0.866745038238336 0.868274674530825
45.583 -0.456548310126236 -9.73434284081711 -0.0199015765354402 1.68452045864863 0.627924306862334 -1.18307942747039 388.604512795693 22.1763786138834 184.399859745729 0.841270389881289 0.866294638540629 0.868015139556208
45.633 -0.336829989217073 -9.79471423693527 0.0333259723124953 3.05972874707791 -1.70557978472395 -1.84371418357926 388.917655364511 22.2228666772455 184.53588639404 0.841036006793332 0.866287986759702 0.867570478343336
45.705 -0.383396529098852 -9.73732453663254 0.0645351208195907 2.86196807139265 -6.29220664852717 -2.56226345053126 387.821300845254 21.9665220085689 184.280067979173 0.841086165530281 0.866393590097154 0.867666600766635
45.719 -0.515027978998232 -9.68570337180371 -0.065904352463671 2.59338497752271 -10.2319545608795 -3.05741812775475 387.761253684656 21.5308828269408 184.13285506313 0.841139277094391 0.866725640047482 0.867768839545765
45.778 -0.701555944457913 -9.80948506357372 -0.336101830653235 2.4273593890453 -11.2578068584346 -3.451699523176 387.106615484571 20.128015089822 184.079612601135 0.841295985953096 0.866982281746993 0.868307177242597
45.794 -0.579584888882589 -9.81187936221859 0.0605635286092495 2.45829850970685 -12.6204266087671 -3.50312852216951 387.314358542503 19.5016922227559 184.31848620692 0.841662497535108 0.867411533962936 0.868632483854625
45.823 -0.465303834582511 -9.81945708602463 0.270137041507461 3.04755767072514 -16.0302554767655 -3.75226692738478 387.428630419427 18.6043707004323 184.253973827605 0.841971692916581 0.86775922825785 0.869018765124246
45.899 -0.35467791347545 -9.90612391193642 0.388691579456748 2.34363621710416 -21.137865714806 -4.43628277606717 386.897190639736 17.0855402673501 184.44171880036 0.842222141175574 0.868164048239275 0.869442399875044
45.93 -0.426984798401214 -9.89744121316618 0.667811345732265 1.45727663356429 -27.9758697022753 -5.13316004098082 385.950724418186 16.0352876165536 183.753792228292 0.842425004265358 0.868245441177238 0.869441145344617
45.946 -0.46393372983395 -9.83629317970745 0.668137112714453 1.63886735562982 -32.6735842298354 -6.32404283930134 385.364086778731 13.7565829694084 182.692571704916 0.842475634876307 0.868200743940054 0.869329137894968
45.99 -0.358087185213802 -9.92358603986357 0.73296062902675 1.16839858859451 -38.7140765086094 -7.33331439449057 384.996910290772 11.8148322052208 181.844983080982 0.84225226427749 0.867942923413239 0.869103433763711
46.05 -0.453239411298204 -9.91441063482489 0.910558741215998 -0.296726914230814 -46.5611500635767 -7.85494649159843 383.955497335525 10.0620140862289 180.618436295595 0.841831325054255 0.867746421150964 0.868686434534846
46.08 -0.534460670797877 -9.88843542777628 0.906702932862985 -1.77752437304604 -53.2310201011154 -8.05311734521763 383.237952841776 7.48423140984538 178.394933399432 0.841464516132007 0.867364902356813 0.86821287252948
46.109 -0.654706003377409 -9.86705432354346 0.848872220009887 -4.09475657422837 -59.9639965109111 -8.18478077481712 383.028741801838 4.92822744197476 175.11789605354 0.841066778773954 0.866697726488845 0.868076071215121
46.156 -0.731951537637663 -9.83376038268544 0.902154849715196 -6.64537877932345 -65.8602264868151 -8.49722967951027 383.381280859489 1.97586422799956 171.533495803368 0.840984770288167 0.866626697403218 0.867841938506043
46.186 -0.75568646605421 -9.80861190118614 0.763540003960532 -9.10237513186268 -70.4299895611905 -9.17069497170103 382.952837496186 -1.04554997532036 167.532131600728 0.840930975469321 0.866569163843861 0.867775614656137
46.231 -0.826566647059155 -9.72569904961348 0.522807070468678 -11.416664314824 -74.1197419262437 -9.79177437745951 382.635798371911 -3.43889548000949 163.337026596589 0.841127261636789 0.866633675899767 0.867832761180003
46.276 -0.825064283171108 -9.74392281664322 0.405559112253188 -12.7593301560762 -77.2243192045322 -10.8237799938338 382.414996681248 -5.60550533880769 158.162991543238 0.84151322853136 0.866932170403603 0.86822360990622
46.305 -0.82952162927651 -9.68527184030669 0.125247133368396 -13.2491032279484 -80.200629853381 -11.858025153784 382.068147311811 -7.81645932443423 152.844023150022 0.841825861715961 0.867518728315039 0.868675541234565
46.349 -0.958618175765609 -9.66256258986412 -0.118032279609386 -13.2791781947909 -81.1745712499409 -12.6270614432673 381.391199322567 -10.2073320527917 147.527658751518 0.841939890368108 0.867882971381012 0.869029313886421
46.396 -0.856866044344898 -9.70388547562197 -0.197730818121615 -13.1326992232768 -80.9430821017651 -13.0060113721 380.746871451279 -12.2279389627613 141.50540358873 0.842523924094461 0.868288877106741 0.869180134618363
46.426 -0.902380985279223 -9.70265905127858 -0.18972436875742 -12.9887077449 -80.7130568077732 -13.0105944022407 380.788965875536 -14.3686305598367 135.487376906871 0.84263164144111 0.868506791902291 0.869302299411237
46.467 -0.854313784867591 -9.67854956441529 -0.33159585530976 -12.2727616703156 -77.6674996784185 -13.0272074200134 380.175062359184 -15.9705907534677 129.844775294566 0.842605604693902 0.868326342229641 0.869290748270974
46.527 -0.696399496609324 -9.71347698051989 -0.430440682427981 -11.9778835178411 -75.1057892433357 -13.0421143460887 379.497800510939 -17.1961785103088 124.350267988598 0.842458194382245 0.868069063755808 0.869293953932972
46.542 -0.689378156619893 -9.64283982185722 -0.460418286113031 -11.9628490082299 -73.5559182947355 -13.0652576584998 379.417218413861 -18.3689045933502 118.843717070764 0.8422381374773 0.86771280219846 0.869074934754494
46.589 -0.627630636696694 -9.65874857075256 -0.521187785240363 -11.560060368422 -71.3467060324763 -13.3198052682704 378.637946915227 -19.3848127206136 114.113410827319 0.841706059091888 0.867078527348329 0.86866335033738
46.634 -0.645825946072528 -9.65516262290345 -0.528273125894471 -11.5903664556737 -70.4975494435577 -13.3940040993601 377.676737001334 -20.093698303697 109.231862770129 0.841401396146122 0.866675878958709 0.868329966959518
46.664 -0.708316505580375 -9.57477565765726 -0.7633109388055 -11.3945327069583 -67.242328026381 -13.6468532441458 377.138156971081 -20.6438956259946 104.353808843804 0.841268442414264 0.866485677259361 0.867948812184463
46.71 -0.558156102367122 -9.5585159374265 -0.825188770375082 -10.9848386682087 -64.1849879914449 -13.6001343338649 376.497907146575 -21.1735554570556 99.3465851634814 0.84116074989146 0.866553719401878 0.867973051177948
46.757 -0.591478904057524 -9.58805204406583 -0.911180942386347 -10.7662689395697 -62.2119013417727 -13.181452321881 375.475304788726 -21.8905799202151 94.7867339824199 0.841313378918722 0.866374381991774 0.868005003522925
46.785 -0.622223291968182 -9.45641314575986 -1.08545523186054 -10.234799978456 -58.4655332166069 -12.8543809608763 374.826996878868 -22.3033697353742 90.2052545257601 0.841550562761866 0.866586893879579 0.868375552823059
46.831 -0.535113517425109 -9.45140740899078 -1.23248320671535 -9.10843225735855 -53.7508986993447 -12.1999111737296 374.469867471883 -22.2177294856531 85.4382561658657 0.841868704750212 0.866869897350991 0.868798614997204
46.877 -0.555276888832585 -9.43350229261859 -1.44461453140397 -8.09241028113218 -48.2396783281486 -11.010248661408 373.694592652225 -22.226360883379 81.7149874943512 0.842252275091877 0.867086553440795 0.869153331349735
46.906 -0.475021137359103 -9.4191249475362 -1.48282648708723 -7.06767675519798 -41.9370402091591 -9.76982813329775 372.994620048302 -22.053352315537 78.6751398704245 0.842562967068625 0.867495994034915 0.869329782752995
46.95 -0.432046619390956 -9.42952984085088 -1.43907909358446 -6.04039069079434 -35.9472468442281 -8.51745391774217 372.799642239125 -21.625215375585 75.9488632950439 0.84270107323873 0.867827640916153 0.869460794318047
46.996 -0.355979178992922 -9.48593763613133 -1.29023634989632 -4.92958668855105 -30.3879569667255 -7.19249645199711 372.251710213691 -21.9084244542238 72.8465792689855 0.842573375413633 0.867615267993345 0.869456044843449
47.028 -0.19480766014744 -9.52807263338344 -1.35555955087795 -4.33105682077978 -25.5211153720553 -6.37118930169018 371.57388527309 -21.5558238079213 70.5437292078783 0.842217745620948 0.867579556738695 0.86920622839198
47.07 -0.199914200075033 -9.54808203181683 -1.16745304242452 -4.05578961261788 -23.1727904742655 -5.61081600612477 371.024847071203 -21.8462172844163 68.6184206583814 0.841803364942456 0.867452094144583 0.86886823466159
47.131 -0.132757154408818 -9.55743629295486 -1.1556563370655 -3.69358653278537 -20.3224793681246 -5.41705104129694 370.532126127674 -21.7694360003772 67.0829207332889 0.841214625618611 0.867126497481645 0.868372599617681
47.146 0.0797890433106397 -9.69811886581456 -1.17993107979659 -3.5545531831592 -19.2025823339824 -5.17720065642762 370.265022163416 -21.1792431603055 65.3711657939641 0.841104526232339 0.866739440540218 0.867958666246577
47.194 0.222059853755553 -9.89299576487607 -0.673114651357952 -3.32094380354979 -18.6722596294571 -4.72147146300408 369.334667952367 -20.8031869598475 64.2306442931109 0.840901657237682 0.866537162140384 0.867759172845967
47.251 0.0539155189050504 -9.73608039950568 -0.913349344603039 -3.13691104576083 -17.1623165594022 -4.70172012930812 369.001081041418 -20.1985814374764 62.8148218774198 0.840851021843787 0.866373316636518 0.867708574471475
47.266 0.191902586114521 -9.75433694382055 -0.884925533096166 -3.97219565698994 -15.9788046573906 -4.83747727420522 369.564875643548 -19.0788509643559 61.9260057207101 0.841049882052211 0.866462707297375 0.867901646232973
47.325 0.0416207481589049 -9.67972521621217 -0.911378424660106 -5.77824184094048 -17.128022612181 -4.73522682111387 369.265549271274 -18.9878692811283 61.3980646337752 0.841210958821035 0.866793685835665 0.868168781282191
47.37 -0.0158950532451704 -9.64350708402163 -0.970897017567902 -5.64457436444423 -16.7591181631949 -4.72614441212513 368.495094909732 -18.6261741177139 60.2504323533579 0.841694311048593 0.86740655581501 0.868274413749652
47.386 0.0537317004372575 -9.67388171973172 -1.12745667050892 -5.30263958634486 -16.2519086129512 -4.56825330969922 368.123026876883 -18.1652010353483 58.6368502062199 0.842085826352915 0.867792111655989 0.868691853110126
47.431 -0.0227428413111352 -9.62482156801321 -1.1715682896574 -5.34651211074087 -16.2673284192386 -3.85303327245942 368.037651770275 -17.6598128386321 57.0658486670381 0.842516109166756 0.868215280729472 0.869029978992109
47.475 -0.0761219635317217 -9.55824989262183 -1.26741110956726 -5.13502595473827 -14.7813451798886 -2.9446974087074 368.514497933923 -17.544448399292 55.6073374203009 0.84262531134967 0.868213270315664 0.868946845087034
47.506 0.00980812820149589 -9.54425008384582 -1.3843206749122 -5.16127942028457 -13.3614392140304 -2.41970871784689 368.318743326478 -17.2410032034265 54.0839433104437 0.842474156773417 0.868100527641493 0.869236522493405
47.566 -0.0515034434695439 -9.56494469308297 -1.36688498680454 -6.47987297165187 -13.372002404586 -1.15286482481476 368.220182094447 -16.4312125947755 52.8019940814594 0.842465009364647 0.867886153939408 0.869003519806149
47.602 -0.0184820622577778 -9.52446799436595 -1.46907839198883 -8.71106351925176 -12.1665891232872 0.122057354495467 368.062347496502 -16.0332822017681 50.7256152059821 0.841990866784169 0.867453653967173 0.868950551954059
47.624 -0.078572437823152 -9.6347593277405 -1.47239747033696 -10.9246637406703 -11.7257005486412 2.03199622813369 367.616501472167 -15.3209585834322 49.9137483168455 0.84163209037687 0.867090722799975 0.868439276624581
47.667 -0.483508837009342 -9.52352110046798 -1.57074025643673 -16.8619547291796 -11.7445350016513 4.00286350967379 367.891366192455 -14.3479764525801 47.8401361366449 0.841101202317913 0.866574643035556 0.86814846725215
47.712 -0.40877267116879 -9.38648578240384 -1.68832208486371 -18.034519208498 -8.23299701545969 5.43361715275943 368.360006615889 -14.0698609265899 46.1185102706824 0.840785141612784 0.866267732665363 0.867924985024041
47.758 -0.426867945090984 -9.19340190865861 -1.90060991282561 -15.5236094138452 -7.56307872756052 5.98596271816262 368.94360535887 -13.4605873505378 44.0999933192527 0.840882964734037 0.866389516645184 0.867842882335715
47.789 -0.654962220299049 -9.23208955365813 -1.82111200223954 -8.3723679000238 -6.54632277695761 5.33946949636821 369.770320340684 -12.7450757539356 42.4229945885947 0.841088372941209 0.866241377758852 0.867911627616721
47.836 -0.747709410778007 -9.33369638825557 -1.90501554320036 -3.45474777001165 -0.102979464602836 4.55932143709642 370.055959475954 -11.9735113606878 42.2046256167617 0.841254753589019 0.866602348053457 0.868312088657665
47.879 -0.558035923229625 -9.31733883805208 -2.00243806444527 -0.723002182259054 4.86315151916789 4.03114196710154 370.011327175523 -11.9845442021572 43.227746749577 0.841515544989144 0.866993162154239 0.868857834540169
47.907 -0.684905066968447 -9.27083371205704 -2.1432464043137 2.11665830870604 8.26449624197637 3.31438529869576 370.041175012174 -11.3874808037473 44.0384748671574 0.842091943926901 0.867309721575872 0.869201299179536
47.951 -0.67548276847002 -9.28957195441025 -2.2182397730219 4.12227948959388 13.1760740170696 3.09549178660005 370.887351759861 -11.8578594510353 44.1251646423975 0.842558827066484 0.867799947826873 0.86959025245983
48.057 -0.653545355309761 -9.30065590224344 -2.24686619326719 4.88461890565501 17.665062701918 3.47360788913077 370.570754925487 -11.5008661553386 45.281383360342 0.84257184450589 0.867950519843192 0.869683688852171
48.072 -0.716346914731334 -9.29384413367669 -2.19591113522699 5.20394589373323 21.7796931549658 4.20591246653181 370.710311489645 -11.3797015858243 46.253920521877 0.842594575471138 0.86794902291087 0.86974745825838
48.118 -0.725389483255074 -9.31957692538688 -2.09530922176432 5.91802060140484 26.4196430585757 4.92587306735641 371.195352306612 -11.9775582845177 47.9536756227204 0.842247265892272 0.867960645144296 0.869442273258075
48.134 -0.712417114746928 -9.323110420449 -2.04087615813427 6.38168829019135 30.5208269079807 5.68537703188694 370.580235368356 -12.6658222104593 49.8944772544035 0.841953596908646 0.867748443388675 0.869071885805283
48.151 -0.754719602532795 -9.32032822047091 -1.98477845601784 7.0464957593298 34.6230148336323 6.6056134110956 371.557990648368 -13.799315990472 51.8145265760668 0.841576622694808 0.867354454447634 0.868537557044072
48.196 -0.730422439027593 -9.33238000119008 -1.9642629422959 7.47201271009531 38.5828099541735 7.47153922939965 372.697972425178 -13.5654459522824 54.1497665266141 0.841144652889793 0.866800625417129 0.868092281761953
48.24 -0.827632660565277 -9.33750312864646 -1.8558097951169 8.09324632571155 42.0502440018118 8.46874066894348 373.471357664395 -13.6100112213487 56.7673108865575 0.840807689547761 0.86647548416796 0.867965937891268
48.271 -0.782574743695035 -9.35783768778335 -1.84988035845456 8.92331578336834 46.4750487865057 9.34334406398163 373.71979970816 -14.5881090892925 59.6255218181115 0.840787540069592 0.866323357478855 0.86764173923372
48.334 -0.892620934486637 -9.32127716937746 -1.80870359431738 9.39177891429935 49.8289116544742 10.2458949513671 374.647037763609 -15.7943683623269 63.1226726726704 0.840884907484051 0.866311249099666 0.867847509690391
48.375 -0.939680255737506 -9.35335563527802 -1.76073980178175 10.3362722182924 54.4256169134066 11.184900101447 375.236100588524 -15.8174383734848 66.849364864863 0.841089946568721 0.866781995975523 0.868137235896301
48.389 -0.970681538186618 -9.36736226394653 -1.65798789257852 10.6785637029237 58.4542916845922 12.1180133569813 376.385241476704 -16.7361250825227 71.007985540539 0.841243411079408 0.867163300944967 0.868482661045493
48.437 -1.02558243543082 -9.35529833331757 -1.54042000706979 11.2185678970781 62.5895793179548 13.031621353506 377.48404559613 -17.4682613168434 75.1924682878366 0.841594425898917 0.867705944053544 0.868626841194721
48.486 -1.10234993913612 -9.36762501447393 -1.51352652569762 11.9048262561753 66.4307653544136 13.8286667314543 378.722076932866 -17.5572916666431 79.5778993131477 0.842004919381678 0.868034616129201 0.868977319340632
48.511 -1.22143580553195 -9.36952915326441 -1.46843524868014 12.7590924736088 71.1273168836399 15.0291589837757 379.856882315621 -17.0654062499809 85.0860984436496 0.842211247623756 0.868300840510484 0.869138019036274
48.556 -1.35939286202373 -9.43370985521778 -1.27485766487047 14.2741778807224 77.0352640803285 16.6687332806751 381.670074675653 -16.6849790624846 90.6937397393562 0.842238738088303 0.868393565018285 0.869268185789745
48.603 -1.19925253193227 -9.53621985775692 -1.23298749055611 15.1471222513241 82.0160448210966 17.7480098352095 382.640760487279 -16.8388330406125 96.2379291888785 0.842147849947246 0.868345619733598 0.86938630384011
48.644 -1.16254761106297 -9.37823461684182 -1.15445669877707 13.7734438327328 82.8946756944012 18.2589414016342 384.309015994696 -15.2774547628961 103.098722642992 0.841973992269595 0.867825821260467 0.868903226932284
48.677 -1.16309131078009 -9.4607947356105 -0.842334610665095 14.9197719472617 83.2755270071215 17.7682921536443 384.490302955704 -13.6107383579459 109.417965340823 0.84160592472786 0.867404784497232 0.868869314726228
48.718 -1.2003245997686 -9.5671728072709 -0.569284716427172 14.6960076436942 82.1314211505776 17.2302555757496 385.62714539412 -12.1946980699361 115.034551926067 0.841206328688633 0.867187204984551 0.868496798114485
48.763 -1.12803567559418 -9.60192957189663 -0.476293873946542 14.5003310768885 80.8182068571587 16.34604900109 385.725987769237 -10.4777054366483 121.065987060114 0.840870293973067 0.866763907844049 0.868318247261518
48.793 -1.20227604567832 -9.58347931981342 -0.449830963562077 13.576718553959 78.1086254168939 15.8733531259974 387.432050093082 -8.88894140368511 126.869449518692 0.840598105853459 0.86679141853992 0.867927109823623
48.852 -1.03475208741883 -9.64082164107768 -0.3739817856611 12.5637832500809 75.6221850609666 14.8498587801495 388.249960575397 -7.06204253698494 131.714254110141 0.840617777277208 0.866690378559128 0.867967791025921
48.867 -1.04573844697666 -9.62254767076767 -0.287446732194727 11.3765117608098 71.3873286780089 13.361210039402 388.942468066071 -5.3362544549578 136.388545829214 0.84098712543224 0.866842851099136 0.868111611642074
48.915 -1.05566092142999 -9.68129562626127 -0.191346323759277 11.3398600224391 68.379385084149 12.3280763151217 389.371399133518 -3.41036610851582 141.290722121663 0.841525741281073 0.867200410301378 0.868474075718201
48.975 -1.10425590004252 -9.65403269434743 -0.235818773487652 10.7323095189391 65.0114240555653 11.6612379984547 389.94683329815 -1.37039654789781 145.141484918547 0.842100202923363 0.867366845652648 0.869001201456148
48.993 -1.14377345329363 -9.64580612094071 -0.208203575222046 10.3748500996536 62.0029939430232 11.1886562138628 390.106934971501 1.18797879620277 148.818602784023 0.842691098655624 0.867612405209583 0.86931742638148
49.037 -1.0055369803362 -9.6791317341308 -0.177060514617725 10.1228652219408 59.1406693686579 10.516628327122 390.626617326916 3.79426282492424 152.163068255059 0.842804859824198 0.867811308450701 0.869585348879514
49.096 -0.847339385455638 -9.72011964051326 -0.135290701816279 9.33768876870335 54.4438658527351 9.36854528084669 390.729560034802 5.57535288818864 155.766085286598 0.842909046120457 0.867836261682952 0.869667802880528
49.112 -0.881185041369686 -9.71456967302167 -0.05487795963897 8.29535996371841 48.5392259972039 8.06707129580643 391.38294362819 7.7440358394328 158.330529082144 0.842501987118221 0.867869308549683 0.869389813258019
49.157 -0.962194218502808 -9.72340392461899 -0.0278114453599959 7.4839743950394 43.2834906149871 6.9369995053284 391.006184338834 9.67466902994057 161.889728556537 0.842033600555247 0.867563469467036 0.869152580807782
49.23 -1.00282217220044 -9.73134982573093 -0.0467027226610331 6.77514903097428 38.9629861767655 5.82568715656791 391.307009314455 12.0244819142519 165.162680130795 0.841514804956748 0.866969927582845 0.868837234920546
49.26 -0.964593097925349 -9.70425514091603 -0.129323621949942 5.94344323417313 35.1476523909663 4.88018064262154 391.022677544709 13.399830350544 167.177770905944 0.840980892030187 0.86661261892219 0.868445889684188
49.32 -0.900396028897895 -9.67915405397353 -0.223019710473942 5.31762413418406 31.6031862229423 4.06348067166848 391.608368811214 14.9458625839406 169.265994433815 0.840675043251481 0.866323198907059 0.868375683952725
49.381 -0.912375458867156 -9.67889757104156 -0.276336224225272 4.59872593036847 28.2689625199726 3.41103766466216 391.542778737084 16.4021486929919 170.87345549139 0.840540994232504 0.866311120656511 0.8679736335435
49.41 -0.971770454566232 -9.65993133216524 -0.310945370685218 3.87450998833129 25.5051878854526 2.71156646257482 392.347650777038 17.4437404413235 171.497498948026 0.840558884809592 0.866313546679028 0.867993156478768
49.439 -1.0153014947848 -9.63405210190846 -0.316551095547118 3.16377293787659 23.0543166910334 2.07942226980011 392.603597129401 18.371429757472 172.554974147901 0.840712179710633 0.8666608048788 0.868255209794886
49.484 -1.00642452367146 -9.58306667482064 -0.35799835294931 2.65143470563423 20.5143781991264 1.56692745838542 391.556913674815 19.6568581035523 174.0895290598 0.841177012171173 0.866831092740613 0.868455167767341
49.499 -0.926324753360743 -9.70034844828562 -0.250360613942778 2.6438453176706 18.0031348909107 1.44974559243723 391.8131000766 20.3740550638774 175.092518538438 0.841666814262205 0.867325986565727 0.86896131600046
49.515 -0.895357805094524 -9.71460210356973 -0.188803973385011 1.97296508899258 15.1246766662178 1.25024812834744 391.474611062046 21.7649846017407 175.550940016135 0.842050537894323 0.867726850564069 0.869371296069286
49.559 -0.923479722000298 -9.68002338260242 -0.241480767425433 1.39390324880154 12.122896496583 0.789723884724782 391.458434960257 22.46563752741 176.456261413069 0.842248198618999 0.86792863316169 0.86958032778903
49.59 -0.979663575993261 -9.65899367402356 -0.316596386188461 1.00402346359032 9.49855379582 0.2110503924286 391.625332317808 22.9611663972021 177.453571744586 0.842395138676908 0.86811567170169 0.869626455879476
49.637 -1.00336730430334 -9.63721306809775 -0.419398426072694 0.659594883370754 7.77672933797298 -0.146072082896193 391.886519177425 23.1525447817337 178.267393113115 0.842274534424016 0.868009534867154 0.869429991365801
49.682 -1.01410980303432 -9.6209474538573 -0.460051289633996 0.374119183774586 6.76922709963598 -0.396028310810038 392.194080533714 22.8755612732043 178.362588421623 0.842076606695779 0.867677052784188 0.868938613828094
