49.11 -8.98733652864336 3.28697999108824 1.28764353632783 -1.33374734578506 -0.450330191905187 -2.17269039214041 165.529046266445 145.559034815915 104.372539207994 0.839417731713397 0.865588889931265 0.86675324325864
49.125 -9.01276469142233 3.3105887632578 1.29325375354161 -1.30876955777144 0.00386313262884347 -2.27145188727752 164.936141639801 145.523131334324 103.895285287195 0.83935316772775 0.865285170858843 0.866703881849509
49.155 -9.02026736656721 3.35571883270228 1.30321105774525 -1.31453382336834 0.553095139976646 -2.3687341794658 164.882527475821 145.850818200891 103.705756758475 0.839041667669624 0.865259156424151 0.866535996315751
49.17 -9.01486920046713 3.37143619789855 1.30989814212575 -1.29682089904677 0.954274175597302 -2.57613557067952 164.894274728239 145.845736380802 103.715181082628 0.839014710088354 0.864988410702441 0.866261301865679
49.185 -9.00809549147998 3.38707818926134 1.30083305010785 -1.46026858013446 1.14815973513681 -2.87043041055813 165.204847255415 145.541162742722 103.543662974365 0.838863827573404 0.864868474813699 0.866137674330304
49.215 -8.97494465281172 3.3996596188017 1.28225968810549 -1.82645546257903 1.3501376547529 -3.25819652980766 165.364362529873 145.86704646845 103.629296676928 0.838854654001757 0.864636797253033 0.866149869814007
49.231 -8.95666094573978 3.43977318859115 1.27907090067235 -2.24915342777151 1.38993304958295 -3.42779672415514 165.087926276886 145.740341821605 103.646367009236 0.838719777095467 0.864675620178923 0.866160845749339
49.247 -8.97234777169803 3.52980480184568 1.28158795248896 -2.45019228346764 1.24941302706741 -3.4430323189152 165.559133649197 145.866307639444 103.901730308312 0.838725008571613 0.864710560812224 0.866170724091139
49.291 -9.04344786009829 3.55307311049473 1.28086053798882 -2.68990587954836 1.07027325107822 -3.555217636642 165.743220284278 145.7396768755 103.891557277481 0.838856187182603 0.864988791292181 0.866302938243205
49.292 -9.11659578801669 3.53462998477851 1.22190705660243 -3.3407626198378 0.898360429787193 -3.9554210638175 165.78889825585 145.74570918795 104.002401549733 0.839100568478912 0.865115875079697 0.866421930980064
49.306 -9.15782851268182 3.55765519507141 1.13628778210216 -4.32348025098379 0.577990035663436 -4.52705452995483 166.070008430265 145.751138269155 104.102161394759 0.83932051164559 0.86523025048846 0.866405700798791
49.337 -9.1954168047547 3.69335944027374 1.07646868840694 -5.2407505464961 0.79423683362381 -4.87663915329523 166.323007587238 145.396024442239 104.551945255283 0.8395184604956 0.865456512000794 0.866637604882637
49.352 -9.16819413596746 3.84823394927981 1.07745872332906 -5.56171365978542 2.49496582201715 -5.12561645933975 166.610706828515 145.856421998015 104.776750729755 0.83969661446061 0.865660147361895 0.866723130955553
49.367 -9.0409824379774 3.9244739393616 1.10013699288001 -5.72309954571528 5.16455320928109 -5.73671893554318 166.689636145663 145.850779798214 105.15907565678 0.840235022914579 0.865596635276898 0.867046344159729
49.396 -8.82000978545774 3.95867330255129 1.10522453565744 -6.34849951480787 8.08473910972702 -6.52029895038581 166.640672531097 145.845701818393 105.143168091102 0.840215200091273 0.86603249804894 0.867090996304936
49.411 -8.57432777663853 3.98777678986208 1.11082085888994 -7.37395490683853 10.2587079468459 -6.99804004771364 166.716605277987 146.081131636553 105.608851281992 0.840575874651071 0.866055211160779 0.867377422974174
49.425 -8.37260698360907 4.04084480446413 1.16547739137482 -8.19762811844476 11.1740585262071 -7.15548795133922 166.784944750188 146.533018472898 105.907966153792 0.840521966654116 0.866445216344433 0.86726564359349
49.457 -8.20051538124121 4.08794764854164 1.265365489983 -8.8961859172873 11.290240459846 -7.01169488139614 167.20645027517 147.179716625608 106.177169538413 0.84085196455763 0.866426657626723 0.86765752277491
49.473 -8.10752306438479 4.14650107780979 1.32701319038579 -9.77297953929903 11.0352622153881 -6.74258646195882 167.225805247653 147.641744963047 106.179452584572 0.840517356595752 0.866656466027775 0.867517733414152
49.486 -8.03214978626662 4.26396228098768 1.38836192112901 -10.791864791476 11.1157054594981 -6.51412934248049 167.663224722887 147.517570466743 106.481507326115 0.840847815505103 0.866493322076191 0.867884403613505
49.516 -7.9240912865218 4.39080620906261 1.41861622650986 -11.289014190191 11.2819975089682 -6.78180037769809 168.356902250599 147.705813420068 106.453356593503 0.840640243140285 0.866593276429752 0.867721926168888
49.531 -7.87891249691991 4.40578595192588 1.45183059978096 -12.2356852902559 10.585095467995 -6.73568140863057 168.081212025539 147.815232078062 107.088020934153 0.840706218840826 0.866312853968279 0.867822207715724
49.545 -7.94521255048109 4.41100770882985 1.41181285447724 -13.7953228681005 9.1792576769207 -6.35524303875988 168.313090822985 147.433708870255 106.819218840738 0.840512806142436 0.866430855132631 0.867418892125655
49.576 -8.0433095701217 4.47843536125619 1.34826356113119 -15.3073936347256 8.83232427564085 -6.13040575778466 168.761781740686 147.93033798323 106.337296956664 0.840338734713885 0.866166674800871 0.867426289474269
49.592 -8.10017293760294 4.57365661013424 1.28945310658362 -16.6423031262148 10.3918399396798 -5.91049495299856 168.445603566618 148.137304184907 106.503567260997 0.840182070428189 0.866052509971977 0.867309623443576
49.606 -8.19642080726428 4.55676421953707 1.18397097211611 -17.7139506761888 12.5671597625057 -5.81104851113382 169.121043209956 147.843573766416 106.653210534898 0.839914451879256 0.865826164156282 0.866957566280721
49.635 -8.32494242664161 4.48517760127905 1.07131995898365 -19.1020975933027 14.5852529465605 -5.82765358368456 169.24893888896 148.299216389775 106.427889481408 0.839926686159482 0.865622452922156 0.866764312303842
49.65 -8.39404473015055 4.54016044578066 0.919715665059197 -21.1079183683236 16.5618421557212 -5.83191112607946 169.544045000064 148.169294750797 106.285100533267 0.839684606037419 0.865562710281134 0.86646678625496
49.665 -8.45354324556933 4.57444181598226 0.770762099871255 -23.3032334017203 17.8209251157216 -5.42276581499823 169.989640500058 148.592365275717 106.69659047994 0.839719824901829 0.865261609173725 0.866446070546197
49.696 -8.62608376125287 4.56447392604052 0.685785024508134 -25.059169603533 18.4434127568212 -4.89346633273505 170.450676450052 148.073128748146 106.406931431946 0.839371659126295 0.865237950907545 0.866056633412282
49.711 -8.68314816039614 4.40772073776692 0.61265753878143 -26.4234816508133 20.1555600307574 -4.34228763839284 170.625608805047 148.205815873331 106.506238288752 0.839185081707551 0.865093060998293 0.865953472722247
49.725 -8.69763535393905 4.33044832925054 0.610767988917111 -27.466629668938 22.0774086078344 -4.09966192798867 170.903047924542 148.445234285998 106.235614459877 0.839143782722489 0.864838924819168 0.865984088366755
49.755 -8.71444475174216 4.29442200046825 0.596617542407107 -28.212333114258 23.9314998081196 -3.8866423000753 171.632743132088 148.780710857398 105.992053013889 0.838979992944126 0.864733937518754 0.86613496609126
49.77 -8.82617917824031 4.22327209397001 0.591783007414214 -28.8170540013055 24.9581971555519 -3.28423761205251 172.169468818879 148.602639771658 106.0128477125 0.838959202835406 0.864886506683612 0.866147432398867
49.785 -8.87706050129152 4.10321284130671 0.557444548992281 -29.9887837156787 25.4661942338899 -2.22375278214497 172.172521936991 148.322375794493 105.43156294125 0.839066962020017 0.864900358666444 0.86628197572016
49.815 -8.9421868638821 4.05782774205916 0.600041928638189 -30.9212030540345 25.5638496196612 -1.06015612988467 172.295269743292 148.670138215043 105.508406647125 0.839163945286166 0.865036285716533 0.866403064709324
49.831 -8.96249340027221 4.02990985318344 0.625810011699052 -31.4168690081731 26.3288387034966 -0.132766471094674 172.525742768963 148.383124393539 105.577565982413 0.839251230225701 0.865281943706059 0.866635232402117
49.846 -8.86453078433557 3.82611644629527 0.615003619618045 -31.4942660768214 26.8158021613912 0.555319336320137 172.913168492067 148.424811954185 105.699809384171 0.839329786671283 0.865379712252187 0.866720995723085
49.875 -8.73524399618521 3.70566989508768 0.648193932199621 -32.2150684767728 25.9082677467788 1.72497824238278 173.80185164286 148.042330758767 105.629828445754 0.839526808018724 0.865344243678161 0.867044422450508
49.906 -8.78456467408134 3.60373233730346 0.714696505627761 -32.6859280413093 23.2937768499635 3.25706057081626 174.361666478574 147.93809768289 105.326845601179 0.839577806685003 0.86568229347407 0.867212454369182
49.906 -8.81081716434533 3.5994966176875 0.774848096634504 -32.8158085196211 21.0277579435931 4.89318657480333 174.625499830717 147.964287914601 105.774161041061 0.83987619751003 0.865616566777856 0.867486735231996
49.936 -8.80858705237246 3.43778685460039 0.742134859918556 -32.6868994233842 19.0074248973254 6.39241753564361 175.162949847645 147.567859123141 106.116744936955 0.840018577773596 0.865927384263796 0.867240564359989
49.952 -8.78916213924948 3.3421671723981 0.71526671119839 -32.9204995573817 16.8723312625547 7.86233608742276 175.646654862881 147.931073210827 106.905070443259 0.840398914565162 0.865960608754149 0.867634951464759
49.967 -8.82112000598249 3.30866218230062 0.654214672758968 -32.6169992199641 14.6499836324824 9.10129331837514 175.301989376592 147.837965889744 107.674563398933 0.840236232294338 0.866360074178466 0.867620742879463
49.996 -8.88208404374483 3.20027716714979 0.66145722792875 -31.6583527330822 12.5597944295395 10.3575762002781 175.651790438933 147.33416930077 107.82710705904 0.84059480363383 0.866226569411812 0.867977112132285
50.011 -8.9022956299099 3.10344891332543 0.702392179307322 -30.8177082994686 10.403051627807 11.4760170535327 175.06661139504 146.820752370693 108.504396353136 0.84041253245614 0.866476386634356 0.86768190357025
50.026 -8.95274790590817 3.15768107697031 0.74360304940073 -29.994716095476 8.03755562533161 12.5658199283321 175.139950255536 146.238677133623 108.513956717822 0.840753473779452 0.866331250622113 0.86778618737695
50.072 -9.08111403404904 3.13173108927602 0.766028349414422 -28.6509696767681 5.82616647501219 13.6374822103081 175.205955229982 145.714809420261 109.12256104604 0.840681805869658 0.866447412121082 0.867633531555988
50.073 -9.17455702441245 3.18732490806754 0.787827204002399 -27.6034299609997 3.92904601071708 14.3676271190483 175.025359706984 145.483328478235 109.550304941436 0.840617304750844 0.866181576090477 0.867742652564114
50.086 -9.32449634150245 3.17002240421452 0.818698922097795 -25.9682778045944 1.37201927224079 15.0713224224106 174.742823736286 145.034995630411 109.815274447293 0.840306162769645 0.866065921132622 0.867470889958896
50.116 -9.31884218998771 3.05664701106022 0.841695069640976 -24.4149614745166 -2.08961013589932 15.0313657526886 174.788541362657 144.33149606737 110.593747002563 0.840026134986566 0.865590625297262 0.867473087524186
50.133 -9.36277469767351 2.95233466781858 0.882862018975707 -23.9986561667596 -6.25011477116435 14.917542154519 174.529687226391 143.638346460633 111.834372302307 0.840027200956061 0.865410467949039 0.867351741688501
50.145 -9.4299071857919 2.85103154084995 0.887530697077297 -23.049172229473 -9.2365536757273 14.6265512978457 174.236718503752 142.95451181457 113.370935072076 0.83977506935434 0.865371923805328 0.866995472701153
50.177 -9.49541408684162 2.67701934488339 0.801171828976079 -20.8297511897318 -11.354883040979 14.0081709772215 174.273046653377 142.159060633113 114.693841564869 0.839674771604599 0.865089901345499 0.866798428082231
50.192 -9.50774325310863 2.54123792688599 0.667783656422023 -19.9047913379342 -12.9728298513849 13.7951401390413 174.125741988039 141.143154569802 115.584457408382 0.839457882938025 0.864959816392452 0.866497490455511
50.206 -9.65387244265982 2.37767481482522 0.483689402374974 -19.4013351049041 -15.3808903776968 13.9186795602517 174.173167789235 140.288839112822 116.086011667544 0.839389303829915 0.864842739934709 0.866226646591462
50.235 -9.80855260409453 2.21951453992572 0.280116332918422 -19.0757054112076 -16.9428013399271 13.7512390851425 174.395851010312 139.099955201539 116.837410500789 0.839074190161573 0.864737371122741 0.865982887113819
50.251 -9.98020617470924 2.07591333784622 0.0293242335468676 -18.3376005189418 -16.512643343339 13.6600846422771 174.296265909281 138.209959681385 117.57366945071 0.838917359639301 0.86464253919197 0.86601056131917
50.266 -10.0399438885371 1.92147328374948 -0.15203607677071 -17.133611459414 -13.7957301540433 13.6727021322479 173.786639318353 137.348963713247 118.536302505639 0.838902832861063 0.864680787923966 0.865912007838446
50.296 -10.105738718586 1.72705146373658 -0.288385432350475 -15.5431510768314 -10.7207372913107 13.60161512513 174.107975386517 136.034067341922 118.862672255075 0.83888975876065 0.864715211782762 0.865823309705795
50.312 -10.1826112502308 1.57302109034075 -0.375366390992258 -13.9758588699116 -7.37309104309566 13.4941253683422 173.677177847866 135.09066060773 119.636405029568 0.838877992070277 0.864869653521219 0.865990265296395
50.326 -10.1520780533694 1.46330374149573 -0.408757979794491 -12.5981203111647 -3.6861636181754 13.0531097780728 173.589460063079 134.781594546957 120.152764526611 0.839120192877819 0.86488519082029 0.866140525327936
50.356 -10.0730031558999 1.39191187919461 -0.469575895480051 -11.5054838525673 -0.759531989182292 12.183676662861 173.330514056771 134.443435092261 120.43748807395 0.839211853058189 0.865022634654995 0.865905377976645
50.373 -9.94976179264143 1.39756989629224 -0.498275077591897 -11.123637757387 1.53779525553746 11.044698309552 173.337462651094 134.259091583035 120.813739266555 0.839546839245897 0.865269657750675 0.866310366478712
50.387 -9.91833208020467 1.45132426158626 -0.472868427262211 -10.5952434472971 3.27943557731196 10.1684727534059 172.923716385985 133.793182424732 121.212365339899 0.839595834789459 0.865491978536788 0.86642861639202
50.416 -9.90231559886878 1.48821102144754 -0.370993785225306 -9.0006045987506 5.33317140889374 9.11269418035543 173.451344747386 133.673864182258 121.27112880591 0.83989242280404 0.865568743599842 0.86678128105255
50.431 -9.81224406553219 1.47514115478786 -0.226694022562761 -6.81199452055493 7.46168632907307 7.46936369361759 173.326210272648 133.086477764033 121.324015925319 0.840033180538205 0.866007395539589 0.866852439508475
50.446 -9.69502722733835 1.46649073397689 -0.119150169146054 -5.19339048834677 8.0254413602879 5.16746549219477 172.973589245383 132.917829987629 121.131614332787 0.840286033977912 0.865909158636823 0.867162721857359
50.476 -9.72833584112185 1.56297284515714 -0.02188186119675 -4.63588350058079 6.46259188074766 2.24003192007453 173.136230320845 132.886046988866 121.198452899508 0.840261110048272 0.866190716936866 0.867195736232803
50.492 -9.9518848749601 1.67153411643519 0.00101617034662342 -3.84023408182043 5.10335559343625 -0.73053615742911 173.16260728876 132.73744228998 121.018607609557 0.840617193612371 0.866197608159913 0.867594606150291
50.506 -10.0716162406745 1.79761054697765 -0.036853977533681 -3.22949311638647 6.89072995775675 -3.31702452641902 172.766346559884 132.183698060982 121.036746848602 0.840559153719285 0.866573373643653 0.867584432096442
50.537 -10.0434436455378 1.83302836343467 -0.134742583476755 -2.7057804459692 9.7642523818284 -6.22272665392979 172.949711903896 132.225328254884 121.113072163741 0.840759409840884 0.866541999196021 0.867944432427566
50.552 -9.88167874112802 1.91979147843855 -0.216557555475759 -2.28940087465472 11.3466057695998 -9.74167536258262 172.694740713506 132.922795429395 120.881764947367 0.840560678042488 0.866760273440144 0.867775952101543
50.566 -9.86747212494979 1.99919509159628 -0.264632922183508 -0.978781397876274 10.7974413758459 -13.2400269102938 173.545266642156 133.550515886456 120.553588452631 0.840634610252809 0.866463151277632 0.867870831055114
50.597 -9.95530253010007 2.02510866463575 -0.261692661140294 0.76871506252204 10.8970865512384 -16.1297646772797 174.25073997794 134.29546429781 120.438229607367 0.84044835841322 0.866319338801062 0.867586250600795
50.611 -9.93235690614891 1.99773364907855 -0.222115865135727 1.35291225855991 13.237148888481 -18.1144981332159 174.345665980146 135.145917868029 120.154406646631 0.84040720204005 0.866066310102458 0.867576912101896
50.628 -9.81294495363216 2.09980926793534 -0.206069347963814 1.90540729224591 15.8363347629917 -19.4488498466118 174.851099382131 136.091326081226 120.078965981968 0.84011707032993 0.865962181743405 0.867321723542899
50.656 -9.6674063786791 2.13511430515395 -0.192704872971252 3.79196579966254 17.1519379279139 -20.3497663886682 175.065989443918 136.822193473104 119.651069383771 0.839855951790823 0.865868466220258 0.867215514105343
50.672 -9.46812708839115 2.0888977226038 -0.230595949309 4.86696769297873 16.7733853564965 -20.7407439482747 175.259390499526 137.359974125793 118.905962445394 0.839747565797433 0.865660524779735 0.867243249255989
50.686 -9.39765209851566 2.15043303159647 -0.20963128087693 4.4405762671923 14.9700926223736 -20.3307916908518 175.733451449574 137.903976713214 118.655366200854 0.839396625932339 0.865596974952954 0.866897829511892
50.73 -9.55682544914993 2.4467313479284 -0.146290782193305 6.50796902215246 13.6112512990675 -19.9656514530643 175.740106304616 138.933579041893 118.489829580769 0.839334172524798 0.865168573735562 0.866710549211896
50.734 -9.51357319064241 2.64462641992267 -0.0379885641634123 10.4693858603952 15.2852406729776 -19.0469489031777 176.346095674155 139.620221137703 117.620846622692 0.839151343766204 0.865154219013198 0.866418399472209
50.744 -9.17914177871318 2.57367513285365 0.0767216854185173 13.5949663583252 17.2979379797256 -17.9071395090432 176.171486106739 140.358199023933 117.558761960423 0.838860026104233 0.864770093389781 0.866279062176181
50.775 -8.89802541044269 2.53124707078594 0.162004396875826 14.3499735392866 15.1673808229744 -17.0294026573755 176.374337496065 141.14237912154 116.902885764381 0.838851232679502 0.864671989232306 0.866277118875296
50.791 -8.9832016978286 2.58912917198829 0.272576933109875 15.9577242769609 9.15216945823424 -16.7844776588135 176.976903746459 141.788141209386 115.892597187943 0.838716697905437 0.864583695490578 0.86615190963896
50.805 -9.19231952014169 2.5843009134122 0.366705267135008 19.1398144446847 5.20870823760166 -16.9129001219398 177.519213371813 142.729327088447 115.703337469148 0.838722237300586 0.864751288858253 0.866039221326257
50.835 -9.20191809638679 2.4058371585597 0.363074724528525 21.5876650612849 4.89089084895599 -17.2796253769214 177.167292034632 144.176394379602 114.933003722233 0.838600602064413 0.864778662623621 0.866061262110364
50.851 -9.19122364316291 2.20086719411517 0.260328153955936 22.068593211645 3.73233611520543 -17.5982277247254 177.210562831169 144.878754941642 113.99970335001 0.838744221326123 0.864803299012452 0.866081098816061
50.865 -9.25970952088153 2.33416463569914 0.23686910530597 22.3235659515492 0.549178839562752 -18.3735194560697 177.369506548052 145.270879447478 113.639733015009 0.83899979920808 0.86494893202794 0.866222275495635
50.895 -9.41968856192692 2.39984382661683 0.282374622172147 24.9247971426538 -2.61031919706528 -19.0819690371803 177.512555893247 145.74379150273 113.195759713508 0.839229819301842 0.865080001741879 0.866349334507252
50.911 -9.29079057518003 2.34738528852913 0.302559889923957 26.4201036879304 -3.61417277354196 -18.9974362555996 177.521300303922 145.929412352457 112.796183742157 0.839689031940583 0.865074504218885 0.866709927356258
50.926 -9.11379014620207 2.25791494958329 0.306241709802831 26.2109177466183 -5.47183946565341 -17.5671582788946 177.88917027353 146.936471117211 112.556565367942 0.839723808214676 0.865439527960721 0.866788221181812
50.956 -9.11508079024275 2.45565775256807 0.497979031933204 26.229520628445 -8.55213643511861 -16.2738012296311 177.800253246177 147.66282400549 112.160908831147 0.840007598886736 0.865521538081382 0.867104925363362
50.971 -9.21643978046286 2.58454511661638 0.744403743981888 28.2462632220891 -9.74501439466018 -15.0242837020879 177.900227921559 148.496541604941 112.104817948033 0.839884048183755 0.865964910572976 0.867143719388206
50.988 -9.10295858699299 2.67247174470999 0.894000802254293 29.4399575105672 -8.34608547427813 -13.8959011334058 177.570205129403 149.426887444447 111.634336153229 0.840277837934305 0.865994382432411 0.867547790990154
51.016 -8.90727206514672 2.65128866096775 0.924849504663599 29.3814579427166 -8.44048456043811 -12.216998042966 177.633184616463 149.664198700002 110.970902537907 0.840127263326567 0.86614423075035 0.867418974807872
51.032 -8.95974058311935 2.90199055010474 0.98158317306702 29.0593426827961 -11.7361307608828 -10.3891913684404 177.629866154817 150.417778830002 110.553812284116 0.840496731562836 0.866155770592048 0.867795520867853
51.046 -9.25248770476957 3.16539080501553 1.15456819682477 30.3518816969592 -14.3388535626572 -9.51286765144367 177.506879539335 150.856000947002 110.178431055704 0.840324267592245 0.866412667696569 0.867765255342248
51.076 -9.22452592159731 3.33541335667035 1.26386706962429 31.7327240616144 -13.0301590460861 -10.235626687826 177.336191585401 151.070400852302 110.140587950134 0.840674035401946 0.866273903578105 0.867984256107754
51.092 -8.99878601406892 3.28654261235769 1.20302163601734 32.4403676859873 -12.6843950498744 -10.5738960801121 177.482572426861 151.203360767072 109.92652915512 0.840357220355637 0.866518987384019 0.867564735678482
51.122 -8.94681390680265 3.30648411337473 1.13102249241607 31.9581629784573 -16.7953448578641 -9.39436906752076 176.894315184175 151.563024690364 109.133876239608 0.840325177788225 0.86624599382712 0.867680736274358
51.136 -9.11443977854304 3.67925214490835 1.16318843308154 31.8745604210696 -21.6104668606273 -8.51676422183738 177.024883665758 151.586722221328 109.680488615648 0.840169869195095 0.866247357361141 0.867538625563656
51.152 -9.12212984533596 3.85834216822574 1.24349340387937 32.6687837682756 -22.6623972738012 -8.8047824561422 176.662395299182 151.608049999195 109.572439754083 0.840030091461278 0.86612512427622 0.867287265658483
51.166 -8.98749373648901 3.88969759717038 1.19665634562453 32.7751878341961 -22.5015010578715 -9.17850268381042 176.636155769264 151.087244999276 109.655195778675 0.839777670809036 0.866015114499791 0.867061041743828
51.197 -8.87679587269728 3.86434721268222 1.0461055093695 32.3327835545933 -24.4689082039927 -8.48736997268128 176.552540192337 151.278520499348 109.549676200807 0.839550492222018 0.865916105701005 0.866733842750948
51.211 -9.02879838763092 4.07508622989362 1.01439840081536 31.6704975655462 -27.9594219637461 -7.17145740289407 176.057286173104 151.270668449413 109.274708580726 0.839472652185509 0.865579665051609 0.866562961127046
51.225 -9.12436053113712 4.28707729028438 1.05032588079456 31.527111931129 -28.9337087750051 -6.5817925786352 175.971557555793 151.503601604472 109.747237722654 0.839275975460843 0.865524201197641 0.866285570195844
51.256 -8.9934517588309 4.32476007562972 1.04638845653727 30.6942480662604 -27.3968264471229 -6.49384232840527 175.594401800214 151.173241444025 109.512513950388 0.839098966408645 0.86535068625938 0.866282976092993
51.272 -8.84049897606 4.24740403552738 0.966050758344485 29.7362736413137 -26.3853880772198 -5.9284275612136 174.954961620193 151.175917299622 109.36126255535 0.838939658261666 0.865070787554146 0.866280641400427
51.287 -8.83308606041811 4.14426478439469 0.952883614047664 28.6802035290908 -26.4018111015589 -4.68825656081743 173.959465458173 151.23832556966 109.045136299815 0.838796280929385 0.864818878719436 0.866278540177118
51.316 -8.88914245986946 4.1549886527112 1.00543720687416 27.244244244884 -26.2906376249908 -3.52935456885782 174.323518912356 150.994493012694 109.060622669833 0.838667241330332 0.864839493498685 0.866153188810599
51.346 -8.88733978233344 4.2800406869457 1.00850255934882 25.4785984463498 -25.336383022797 -3.05657178372776 173.99116702112 150.715043711425 109.85456040285 0.838677726382991 0.86485804680001 0.866163832846272
51.347 -8.71357429470068 4.5386338224595 1.04400208874185 23.377303487211 -21.858469911357 -2.76694513970613 174.112050319008 150.643539340282 109.789104362565 0.838687162930385 0.864874744771202 0.866296736122825
51.378 -8.44429873626333 4.499446152799 1.02148357585346 21.118962451467 -17.0397984927404 -2.64521245779659 173.740845287108 150.699185406254 109.490193926308 0.838695655823039 0.865013233210815 0.866293025427276
51.392 -8.22613219500394 4.40773396416247 0.982302721338946 18.2475242215875 -13.9907804755274 -2.21351563949785 173.586760758397 150.929266865629 109.401174533678 0.838829769708886 0.865137872806467 0.866289685801282
51.407 -8.15152746511231 4.2336746399737 0.908313741681706 15.26093973836 -12.2878856340816 -1.05170606028089 173.508084682557 150.596340179066 109.62105708031 0.839076792752567 0.865126588177013 0.866533191384879
51.436 -8.17081390088258 4.04565721259743 0.856088871119378 13.0852274439133 -11.3667306584597 -0.291573622191729 173.317276214301 150.536706161159 109.338951372279 0.839172792945462 0.865363215920492 0.866629158807571
51.451 -8.25640642284266 3.87344875490275 0.868821818552576 11.8751779819647 -10.5644087376519 0.358957785828971 173.025548592871 150.843035545043 109.325056235051 0.839511685144443 0.865452857245176 0.866961769226545
51.466 -8.37318340217094 3.74204403062707 0.96264201306298 11.2090342295698 -9.59346404709279 0.908558190452181 172.522993733584 150.638731990539 109.552550611546 0.83956419609815 0.865780045684383 0.867138066467615
51.496 -8.47187818832714 3.70464394599241 1.09436567338998 10.7904208829487 -8.17533901642932 1.29556496682681 172.070694360226 150.814858791485 109.277295550391 0.839863947981862 0.865828004032678 0.867542703361623
51.512 -8.5633371628599 3.65410476425327 1.20088610392238 10.4922948251882 -6.60360664150394 1.63547411899909 171.543624924203 150.733372912337 109.389565995352 0.839881232651827 0.866240729929142 0.867660907189185
51.541 -8.61195187186688 3.58629355578754 1.267664933277 9.81863786175332 -5.43026887811691 1.74520914984727 171.369262431783 150.120035621103 109.550609395817 0.84027530395557 0.866242619852961 0.868013260011035
51.556 -8.67916826381227 3.51921810283482 1.30041212803677 8.89097254886043 -5.14525725748079 1.82030655547323 171.392336188605 150.108032058993 108.795548456235 0.840251453028165 0.866613884167396 0.867961220571112
51.571 -8.78443459249086 3.46621237016517 1.33748619824548 8.25989056114996 -5.11012084470981 1.8672835335137 170.633102569744 149.437228853093 108.775993610612 0.840482479218876 0.86645499840185 0.868037572677726
51.6 -8.86702371457112 3.41736997798203 1.38420053484946 7.93924501648535 -4.82200952359761 1.67368495115469 170.66979231277 149.433505967784 108.518394249551 0.840311440482681 0.86668197272539 0.867859778326686
51.615 -8.91914771335327 3.39513919623302 1.42540546801307 7.34379379727956 -4.49095360940579 1.36662179955067 170.582813081493 149.790155371006 108.406554824595 0.840410296448982 0.866516278104044 0.868069326793749
51.63 -8.96402417126599 3.34221122746116 1.44124136459784 6.50101747098672 -4.26933916449574 1.03606648982461 170.624531773343 149.991139833905 108.065899342136 0.840372946272235 0.866613936854819 0.867641299295877
51.661 -9.00974011275145 3.27739763931435 1.43639990769586 5.69900732694148 -3.95309227094693 0.894291901910855 170.482078596009 150.232025850515 108.299309407922 0.840339331113163 0.86608383944724 0.867626455927469
51.675 -9.04585668909227 3.23073714383842 1.41875477805222 5.02910659424734 -3.44938609728735 0.788068818589999 170.113870736408 149.968823265463 108.14937846713 0.840055986495732 0.865977958153709 0.867489773251455
51.69 -9.07279501081415 3.23632747002007 1.4078421369894 4.52848601115848 -2.9685696249632 0.597811555051609 170.502483662767 149.491940938917 108.374440620417 0.839927597031852 0.865759067519841 0.867243298577503
51.721 -9.08117798913337 3.22573660076464 1.42764900109502 4.28098092149301 -2.47018594490963 0.34719070488996 170.072235296491 149.482746845025 108.036996558375 0.839812046514359 0.865562065949359 0.867144931636486
51.735 -9.07663189126984 3.19316061372285 1.46558647735118 4.04982939422921 -2.08957956415912 0.110944916843712 170.285011766842 149.234472160523 108.093296902538 0.839454658577573 0.865384764535926 0.86680934365434
51.751 -9.08211720067801 3.15815601379923 1.48704093739271 3.70896859221087 -1.99588878331573 -0.00167629239791114 170.356510590157 148.65102494447 107.903967212284 0.839386401905508 0.865101458003038 0.866630911940099
51.782 -9.09579287837632 3.13395418195056 1.49252343813967 3.41593432840963 -2.02759761490782 -0.187004846364227 169.700859531142 148.725922450023 108.213570491056 0.839198350208843 0.864970217384237 0.866346725927592
51.796 -9.09612999144811 3.13084731222505 1.4906342086827 3.25449356732439 -1.994303502272 -0.483571537300323 169.650773578028 148.493330205021 108.31221344195 0.839155724373651 0.864728365566517 0.866338016251566
51.81 -9.09260257885115 3.12841025937779 1.49366244592982 3.15805184417974 -1.92769757952572 -0.673382322501589 169.185696220225 148.703997184519 108.820992097755 0.839117361121979 0.864634434191368 0.866206717277602
51.84 -9.0905651641362 3.09174039318427 1.4932155452852 3.16743749945642 -1.78836293607696 -0.784670044449903 168.947126598202 148.953597466067 108.49889288798 0.839082834195474 0.864673493423424 0.866212008466575
51.855 -9.07658091716228 3.04772419650195 1.48407449507873 3.05298382584666 -1.57212206231659 -0.837500749928577 169.092413938382 149.05823771946 108.809003599182 0.839051759961619 0.864708646732275 0.866216770536651
51.871 -9.10014755307667 3.01559150444422 1.47070002124453 2.93699842036123 -1.35765794768799 -0.903368995546406 169.583172544544 148.792413947514 108.848103239263 0.839150263433608 0.86474028471024 0.866221056399719
51.901 -9.1141749272856 3.01432510817308 1.46734197943579 2.87306957069152 -0.80662497734667 -0.995474844083369 169.424855290089 149.273172552763 109.003292915337 0.839238916558399 0.864768758890409 0.866101453410941
51.915 -9.09501655549821 3.01324519459241 1.48317407377813 2.82164047621779 -0.151916678085286 -1.02340827570557 169.222369761081 149.165855297487 108.602963623803 0.839445024917128 0.864917845918102 0.866363782233572
