13.335 -8.86209307138911 -1.72352481703173 -2.18151818493498 -2.28222196416927 2.55310292053852 -1.39329973054277 215.956992655682 178.967065118751 98.4275438629691 0.84033540974611 0.865389971529444 0.867432242740617
13.348 -8.85060538671724 -1.71930515307377 -2.16765163045668 -3.09140434790501 3.75886133077474 -1.37916059718315 215.541293390114 179.370358606876 98.6047894766722 0.840052457265384 0.86560026093768 0.867191521117748
13.378 -8.79717078646105 -1.73430193249753 -2.12045580477903 -4.02043185204581 4.96389122823162 -1.20460331609079 215.767164051103 179.493322746188 98.044310529005 0.840177211553415 0.865419140025414 0.867221655567153
13.393 -8.77781013405395 -1.72978267178867 -2.08055332599332 -5.38480088058168 6.1362043954848 -0.774982679138199 215.850447645992 179.36399047157 98.2598794761045 0.839910078891959 0.865379728674066 0.867001992661631
13.409 -8.81563170930212 -1.68824608122647 -2.07235397665129 -7.04861086885939 8.28136258189051 -0.292904258552624 216.045402881393 179.127591424413 98.213891528494 0.839669659496649 0.865220660988162 0.866927756312201
13.439 -8.7764085308951 -1.66744299228794 -2.07018194587611 -8.61245207204979 11.8280354840068 -0.176590931934002 215.800862593254 179.214832281971 98.1125023756446 0.839579902732677 0.86495376481005 0.866860943597714
13.453 -8.71483136799114 -1.65021658685034 -2.07205786101445 -10.309985490799 14.5459952943848 -0.453588327290221 215.880776333929 179.593349053774 97.7212521380802 0.839118805624491 0.864713558249749 0.866677351889136
13.468 -8.67533332335511 -1.64393050145709 -2.06967602186583 -12.275170147826 15.4562812611295 -0.812809647232954 215.832698700536 179.814014148397 97.4891269242722 0.838957513555928 0.864497372345479 0.866635579616955
13.497 -8.70562561357819 -1.61271492247227 -2.0594519437538 -14.4194088582342 15.6236302342532 -1.10099433136462 216.209428830482 179.712612733557 97.340214231845 0.838685578914984 0.864302805031635 0.866227191575964
13.512 -8.68973319534782 -1.59557437543073 -2.04743708919165 -16.3316664456932 17.101725226095 -1.65425367685411 216.188485947434 179.741351460201 96.7261928086605 0.838567609517372 0.864251429709974 0.866106975069561
13.528 -8.59696007494023 -1.58882685581445 -2.03183530942211 -18.2236906408186 18.8037664439435 -2.3857748740542 216.349637352691 180.067216314181 96.2335735277944 0.83846143705952 0.864205191920479 0.865875182744107
13.559 -8.52340021780632 -1.58622568916916 -2.01288559891829 -20.3738406607062 18.8233897995492 -2.96628135611443 216.314673617421 180.420494682763 95.730216175015 0.838365881847454 0.864039842649136 0.86579016712089
13.573 -8.51399871454986 -1.56814275448 -1.98655332497998 -22.7814947625745 17.7837989111973 -3.17728680828924 216.463206255679 180.318445214487 95.3371945575135 0.838406502848401 0.864014763565725 0.865713653059994
13.589 -8.49482330751137 -1.53893942473359 -1.94531675611953 -25.2583071183781 17.6359533712226 -3.33971079921605 216.956885630111 180.706600693038 94.8634751017621 0.838443061749253 0.863868457129856 0.865768250670728
13.619 -8.4375823116754 -1.48380630169535 -1.89880659969169 -27.8744611393647 18.0906786447874 -3.66528170402727 217.4011970671 180.455940623734 94.9171275915859 0.838349344068213 0.863860516598373 0.865817388520388
13.634 -8.36032774833928 -1.43508431572519 -1.7823082219796 -30.5587707506191 17.374740551301 -4.1682191824795 217.68107736039 180.950346561361 94.6054148324274 0.838391618847085 0.863976967589729 0.866108123832074
13.65 -8.36645538915477 -1.46748984985473 -1.46359762053817 -34.1639623778473 14.8540603893007 -4.29872550850636 218.232969624351 180.855311905225 94.3848733491846 0.838556136430528 0.864205233747489 0.866246598010047
13.68 -8.59092006065799 -1.39555966674914 -1.20285487623032 -40.1300088881541 14.9152192358668 -3.75740257597633 218.729672661916 181.009780714702 94.4263860142662 0.838704202255627 0.864287213023934 0.866371224770222
13.697 -8.54950774590689 -1.27384050327209 -1.00020885274723 -47.3788400604074 22.5855293733488 -2.8610516313558 219.236705395724 180.728802643232 94.1637474128395 0.838710991215757 0.86460777828272 0.86648338885438
13.712 -8.26778871608244 -1.14974848043323 -0.89462144834621 -55.2760705581835 30.3017855963193 -2.56044265142633 219.993034856152 180.655922378909 93.5073726715556 0.839096063587708 0.864772963371182 0.866830576268673
13.741 -8.09259184711396 -0.942776432139279 -0.874351730908363 -63.8797612122888 31.1181719221835 -2.80516174506232 220.493731370537 181.130330141018 92.8566354044001 0.83906366641463 0.865044953595243 0.866896805202986
13.756 -8.07443674069541 -0.754765794130506 -0.892141727476188 -72.1490369994569 27.5849806841637 -3.47884404383853 220.944358233483 181.437297126916 92.1509718639601 0.839539494342093 0.864919363417222 0.867202650982419
13.77 -8.06432211096791 -0.609019397603579 -0.952864433409752 -80.081461543786 24.7997650584954 -4.03859322724094 221.649922410135 181.413567414225 92.415874677564 0.839589224376035 0.865299901239225 0.867231672445357
13.801 -7.92946349110342 -0.3957863797907 -1.11226119853435 -88.1954527939876 24.1800938961573 -4.04923772131074 222.704930169121 181.452210672802 92.8342872098076 0.839886473431958 0.865272413766495 0.867504031500553
13.815 -7.74093336933378 -0.123551191404221 -1.31287985674183 -95.8079685832911 23.0674280179919 -3.75652768963768 223.954437152209 181.546989605522 93.0308584888269 0.839648414582648 0.865617646553571 0.867379591267231
13.83 -7.60507436162403 0.177365081148067 -1.47033260135329 -102.809614473054 19.125570712376 -3.00606576036857 224.658993436988 181.57229064497 93.5077726399442 0.839939744617911 0.865311051818918 0.867637158440239
13.859 -7.59371262400899 0.458125677678035 -1.62556729795167 -109.015675926512 14.0771357785429 -1.72530651257599 225.953094093289 181.295061580473 94.3569953759498 0.839696358650005 0.865529233198206 0.867375945247408
13.875 -7.6085064674278 0.826869136368972 -1.7503746218827 -115.104184669738 10.8572084602306 0.390735589063292 226.937784683961 181.225555422426 95.4212958383548 0.839856722799574 0.86523147979909 0.867510824886393
13.889 -7.55717749579488 1.18393723333693 -1.93386887318014 -120.263995210398 10.1295028813831 2.51731088511879 228.304006215565 180.322999880183 96.7391662545193 0.839621639013502 0.865334294735914 0.867385705314486
13.919 -7.4787794159389 1.51487531809345 -2.14109176522004 -124.288740727526 9.28983503599292 4.4739767431718 230.073605594008 180.410699892165 98.3452496290674 0.839663154580303 0.865056035183027 0.867149637434231
13.934 -7.44551081119804 1.82247596873345 -2.27096952908195 -127.495744517369 5.89672939498905 6.30902181694622 231.546245034607 180.129629902948 99.5507246661606 0.839447427616159 0.864929336846227 0.86681357887231
13.95 -7.44016952507641 2.12960320019872 -2.35320344489476 -130.313345638151 1.80476637915427 8.41399749784702 232.511620531147 179.636666912653 100.875652199545 0.839253273348428 0.864815308343107 0.866634723636272
13.993 -7.49587581628214 2.54919097397463 -2.52866825093324 -132.865980539985 -0.103954533570321 10.6077122518791 234.580458478032 179.553000221388 102.54808697959 0.839205155199278 0.8645889474295 0.866597214189378
13.995 -7.44545500940369 2.94034722066286 -2.48391740884925 -133.83281760049 -0.585162133648404 12.882055530508 236.442412630229 179.357700199249 103.933278281631 0.838908456394 0.864508957868053 0.866316397951943
14.008 -7.41468089937823 3.18824007466164 -2.42335078745972 -134.499154161052 -3.44114973707746 14.9259110461595 237.998171367206 178.821930179324 105.539950453468 0.838894819940292 0.864313232001952 0.866187260807942
14.039 -7.58791760909251 3.49017269332462 -2.43067109849952 -135.21946775258 -5.89627140459108 17.3401901705512 239.398354230485 178.339737161392 106.985955408121 0.838502231111345 0.864260813983259 0.866071037378341
14.053 -7.58575345552884 3.78262189852524 -2.3592682504675 -135.206681282666 -4.67000304275793 20.2191482527327 241.078518807437 178.325763445253 108.467359867309 0.838529217185903 0.864089902505638 0.86608989655724
14.068 -7.58566118607154 4.13662627781029 -2.18708704328726 -135.015784146766 -5.44804090642107 22.6987601450167 242.950666926693 177.233187100727 110.040623880578 0.838426883961199 0.864183414906267 0.865859812083019
14.1 -7.73755010362771 4.40148041943844 -2.19696475043467 -134.453137029799 -9.21163376234385 23.9876627564692 244.575600234024 176.549868390655 111.39656149252 0.838461404750771 0.864020243336345 0.86577633352591
14.116 -7.81535282489336 4.95271144777658 -2.25409785188351 -133.587975998575 -12.981310080766 24.8064537327307 246.098040210621 176.114881551589 113.036905343268 0.838492473461387 0.863997124184213 0.865824663090052
14.131 -8.00095535597214 5.23094703975429 -2.12984308550162 -130.852842520855 -15.1182935765062 27.7296251533508 247.648236189559 175.42339339643 114.453214808942 0.838520435300941 0.863976316947294 0.866114670944772
14.161 -8.08976706219622 5.49171397289434 -1.96372527434888 -129.098092619914 -14.4759298677105 30.7726931723668 249.643412570603 175.161054056787 115.607893328047 0.838672071238998 0.864204648169298 0.866129166767028
14.175 -8.23296435194827 5.58107616782903 -1.84013647932824 -127.373779541129 -15.6634513847562 33.4045841604737 251.439071313543 173.964948651109 116.527103995243 0.83880854358325 0.864286686003561 0.866265536651505
14.192 -8.3288617567803 5.70130574358153 -1.63295893012598 -125.844035174802 -16.9535947958989 34.39542345435 253.175164182189 173.488453785998 117.714393595718 0.839057689239494 0.864483980319938 0.86651145715008
14.237 -8.45958193867673 6.03331035065038 -1.52065953140659 -125.113830130605 -19.2994566903548 34.4329803455562 254.97764776397 172.699608407398 118.662954236147 0.839408091809072 0.864661545204678 0.866732785598797
14.238 -8.61757233794871 6.32062234002992 -1.39103921972397 -123.662752461056 -21.4534804869682 34.8423540667258 256.359882987573 172.229647566658 119.996658812532 0.839470962096316 0.86494467724539 0.866808793600097
14.252 -8.63269145837137 6.6424698846219 -1.1930977885963 -121.784263474492 -22.5340866367447 34.7382713318089 257.903894688816 171.506682809992 121.376992931279 0.839780037380212 0.864952712172044 0.867246357780856
14.281 -8.65479809836187 6.70797557979924 -1.0958146648146 -119.903547050707 -24.5921283547496 34.615589236796 259.593505219934 170.676014528993 122.799293638151 0.839679242827883 0.865329915118565 0.86727100856395
14.296 -8.5009349000064 6.90016801968308 -0.923983955073713 -119.036093108995 -23.2794804047708 34.6120455802919 261.114154697941 170.048413076094 124.439364274336 0.840093513114021 0.865175828788211 0.867662351248324
14.312 -8.45242012246914 7.03273908926629 -0.848584391494118 -118.117979981302 -22.1942804558968 36.146260869591 262.722739228147 169.843571768484 125.555427846902 0.839961370988311 0.86540753247057 0.867522079040225
14.342 -8.23140634928167 7.17922723859772 -0.777372902172377 -117.082517861034 -19.8046234026735 36.5240011948456 264.710465305332 169.239214591636 126.739885062212 0.840221405383007 0.865369281874706 0.867888314676971
14.352 -8.01028774232286 7.30992931637369 -0.69347054261348 -115.717777525312 -20.1134740395054 35.7158758845214 266.619418774799 168.935293132472 127.325896555991 0.839949853338592 0.86570482785096 0.867848769770454
14.368 -7.90651033565955 7.35717162948729 -0.525781653806996 -114.463557024689 -23.4067067882266 35.142761578512 268.577476897319 168.301763819225 127.973306900392 0.84021103949826 0.865389514986568 0.86805941909314
14.399 -7.6956152282258 7.40525626059069 -0.329132398204892 -112.693537200083 -23.720997941465 34.911691527531 270.159729207587 167.791587437303 128.975976210353 0.83994052404232 0.865599850049092 0.867755979835019
14.414 -7.5198157216996 7.37155884726966 -0.0516514541836579 -109.24326744954 -20.3221805900666 34.6861712297397 272.363756286828 167.752428693572 130.418378589317 0.840202643131615 0.865542367695376 0.86760634476825
14.429 -7.29755126111717 7.29071352086178 0.2277694914819 -105.957108643518 -17.5556113860218 33.843508305239 273.447380658146 167.177185824215 131.896540730386 0.840059588004146 0.865367036107341 0.867471673208158
14.474 -7.26600518232296 7.25212993504147 0.679882440633881 -102.818649687563 -16.7718059726105 33.5286231235701 274.842642592331 167.079467241794 133.046886657347 0.839804217697617 0.865085502417311 0.867473792448522
14.476 -7.29764832024911 7.10176478280014 1.12958046823797 -99.448235100486 -15.3984421692425 32.8574402005261 276.218378333098 166.751520517614 134.562197991612 0.839701005113548 0.864832122096284 0.867228915854863
14.489 -7.14422769217317 6.9409977416997 1.46326076713256 -96.0568467049412 -11.6990559675855 32.3075740430689 278.056540499788 166.936368465853 135.805978192451 0.839354721316843 0.864727815068158 0.86700852692057
14.521 -6.91235625924431 6.83569200820966 1.79828892702209 -93.429024629867 -8.33831067617042 32.3554425929605 279.590886449809 166.622731619268 136.805380373206 0.839169837679044 0.864510203482047 0.866933637145246
14.536 -6.72701543732073 6.81603496063271 2.10502166647625 -91.3288702584833 -6.50829640244651 32.1046311580919 281.031797804828 166.760458457341 137.284842335885 0.838876670625789 0.864314353054546 0.866495443351426
14.55 -6.60366348770487 6.80660358180272 2.36767361550551 -89.008196973093 -5.21624538815606 31.5575268209087 281.968618024346 167.244412611607 137.956358102297 0.838739592057095 0.863890201407319 0.866471861933016
14.582 -6.51317700458074 6.92417005696595 2.58646298041064 -86.8684459780738 -2.96255978063816 31.4559726121002 282.991756221911 167.379971350446 137.660722292067 0.838616221345271 0.863756351187292 0.866079845660419
14.597 -6.56150491874669 7.03399018048078 2.6231414609264 -85.5747311512588 0.0336961974256527 32.2470165722643 283.85258059972 168.041974215401 138.17465006286 0.838631808396437 0.863759621250065 0.86597436374557
14.612 -6.67257635451485 7.47567802308944 2.25374664066231 -84.6256549826978 5.31734947844645 32.7001775104577 284.567322539748 167.977776793861 137.977185056574 0.838519216050679 0.863638829045763 0.865879430022206
14.642 -6.88440969577845 7.88091831480516 1.681392286998 -80.8333184920616 8.62301911075447 31.7522971639921 285.390590285773 168.339999114475 137.739466550917 0.838544503631304 0.863530116061891 0.865917449936719
14.659 -7.05907841019108 8.2087639070307 1.11156586538133 -74.4408263375119 10.2103355202897 29.0801208827074 286.011531257196 168.425999203028 137.765519895825 0.838567262453866 0.863679607106895 0.86595166785978
14.67 -7.10453093790061 8.46216577560497 0.804443869564327 -66.5677360701729 9.30609586139051 25.2095133745893 286.570378131476 168.983399282725 137.188967906243 0.838587745394172 0.863814149047399 0.865859003724995
14.701 -7.07696401545149 8.5804533446204 0.713644559896045 -56.8063823104839 6.45105879433543 19.7961956249166 287.433340318329 169.365059354452 137.270071115618 0.838732650322906 0.864058697059392 0.866022389913676
14.717 -6.87001491310068 8.6241840378378 0.771626856073189 -45.659331865695 1.5563345942912 13.2119959097532 287.910006286496 169.888553419007 136.683064004057 0.838863064758767 0.864278790270186 0.866169437483488
14.731 -6.72829287697555 8.63187833928474 0.921135222444935 -34.2514139463011 -5.60998588803868 6.35415509740385 288.639005657846 170.179698077106 137.054757603651 0.838980437751042 0.864476874159901 0.866178456651873
14.761 -6.70979889735295 8.82692767652936 0.975367279824618 -23.3163488875489 -11.077231574044 -0.132405450504477 288.215105092062 169.961728269396 137.509281843286 0.839338565469465 0.864531689395104 0.866556137286417
14.775 -6.64760463689011 9.07579447155953 0.754888294914666 -11.4205918613894 -13.9168366609144 -7.19015727186624 288.793594582855 170.005555442456 138.758353658957 0.839534708937088 0.864950994619318 0.866649810118955
14.791 -6.55817085433819 9.21920970671559 0.586564295392605 1.61841388963504 -20.2251529948229 -14.9978591019315 289.73423512457 169.504999898211 139.222518293062 0.839963432612305 0.86495839780858 0.866980355406791
14.822 -6.69824624593989 9.4247183167325 0.551790028424298 15.3687862411296 -27.2255384586994 -23.0362411306697 290.340811612113 168.69449990839 140.480266463755 0.839970768819226 0.865335032191447 0.867154794029837
14.836 -6.84819624903145 9.64696578056096 0.362356164703877 29.37999922007 -28.8228319410738 -30.2257467885951 290.646730450902 167.485049917551 141.97223981738 0.84022986343083 0.865180434153805 0.867434840926585
14.851 -6.85218845083424 10.0239798653467 0.0424675035328671 43.8305489163836 -29.4374953118519 -37.6749278349264 290.922057405811 166.276544925796 143.675015835642 0.84008408627344 0.865411677299604 0.86731731975066
14.882 -6.86092898494698 10.1215380097934 -0.0942384581699069 59.9543642537529 -34.3487076127278 -47.3921678758612 290.86985166523 164.648890433216 145.507514252078 0.840457872215021 0.865125679490348 0.867581114075325
14.896 -7.25222685259608 10.2912818490424 0.0222660618185315 75.6711415688356 -38.295516240768 -57.2666915462904 290.342866498707 163.304001389894 147.27676282687 0.840162673487405 0.865485585705038 0.867325505318986
14.912 -7.28584639717961 10.5778871922753 0.212473420842825 89.6322716867612 -34.1720714869202 -66.2545262084552 290.048579848837 161.793601250905 148.809086544183 0.840276406153234 0.865315932316037 0.867465428950812
14.942 -7.49961958369456 10.645792271113 0.20517230350763 104.368281159306 -31.0105895290679 -70.1290735876097 288.703721863953 159.834241125814 150.908177889765 0.840125974723603 0.865410302001167 0.867221388706924
14.956 -7.51382693684854 10.7133113373061 0.330701377859626 117.73450647849 -26.5828130189092 -74.6306700456426 286.893349677558 158.190817013233 152.437360100788 0.840117056719394 0.865248176982553 0.867125212752965
14.971 -7.71216424438439 10.3441397036976 0.567457771483881 129.737391708504 -21.6749133964076 -78.386687010544 285.204014709802 156.65173531191 153.993624090709 0.83985593954134 0.8651022644658 0.866915194128862
15.002 -7.70559597134366 10.588947744894 0.766652145550093 140.536934980402 -12.1287961025683 -86.1052702178866 282.663613238822 155.326561780719 154.734261681638 0.839494162301856 0.864847207939924 0.866972961277155
15.015 -7.54418115722931 10.0313987955999 1.08155861964712 151.28400484114 -0.63500046177715 -86.0000867075483 280.13725191494 154.853905602647 155.040835513475 0.839421955257363 0.864617657066636 0.866778167800633
15.03 -7.65682322598514 9.90453674425647 0.996327239014712 160.480031837942 12.1124690500494 -82.7130551360301 277.023526723446 154.668515042382 154.596751962127 0.839103576446276 0.864534796541475 0.866355520941274
15.077 -7.82033058539346 9.61600315001576 0.895257994093454 169.373250028194 18.6958786335941 -80.5707572560149 273.501174051101 155.341663538144 152.997076765914 0.838943807295534 0.864336486808032 0.86634593176388
15.08 -7.98089472534045 9.27474051201614 1.08046683480557 177.448902124611 19.8232373351202 -79.6877273319401 270.331056645991 155.94749718433 151.437369089323 0.83867324328063 0.864281743308731 0.866090243768994
15.09 -8.18825025631592 8.94001095429902 1.36548822650507 183.791034812913 18.3996922275624 -79.9792599422575 266.757950981392 157.212747465897 149.673632180391 0.838556507446452 0.863984865255761 0.865860124573598
15.118 -8.20613883084302 8.44907372834544 1.70634323533649 186.87987026292 15.8727001040428 -81.0439293678791 262.582155883253 158.111472719307 147.966268962352 0.838451445195693 0.863965283911687 0.865776614767431
15.132 -8.24875441324334 8.0095645812952 1.95996146955736 186.891883236628 16.3892468875316 -80.4028952097172 259.243940294927 158.860325447376 145.409642066117 0.838356889170009 0.863700051798421 0.865701455941881
15.148 -8.1149054211225 7.35836543689401 2.21467380725128 186.51109185953 19.4419252522136 -78.0862698108829 255.879546265435 160.014292902639 142.868677859505 0.838271788746894 0.863708951800082 0.865757273264426
15.178 -8.02155567185693 6.85350950405208 2.39184100332364 183.30807427663 20.3977327269922 -75.2455817610923 252.911591638891 160.872863612375 140.881810073554 0.838321819057897 0.863840559271267 0.865930832499163
15.193 -7.95316308417868 6.32605615715868 2.55200973960016 178.800930971105 20.370173194751 -72.8637716765861 250.240432475002 162.245577251137 138.493629066199 0.838493316620259 0.864082466260873 0.86596371216598
15.209 -7.85785149644868 5.72834603006262 2.69646088909138 172.618547797658 19.9690337378713 -70.5002952722863 247.176389227502 163.661019526024 135.804266159579 0.838647664426384 0.864053124816289 0.866116627510562
15.24 -7.71431097189536 5.15838446909593 2.74662030307378 164.978067063694 21.6545731121758 -66.9059909358974 244.478750304752 164.994917573421 133.563839543621 0.838786577451897 0.864150314985853 0.866254251320686
15.253 -7.45122876882509 4.62464936400419 2.69414018900328 156.823008448928 24.6257570223323 -62.1886742850557 241.990875274277 166.135425816079 130.887455589259 0.839037919721277 0.864361246404001 0.866501300352342
15.27 -7.26030372786482 4.197379191145 2.46273412088573 148.12696714602 23.6967691063586 -57.7606465512066 240.351787746849 167.401883234471 127.878710030333 0.839137807217301 0.864551084680334 0.866477133233841
15.302 -7.13659464604819 3.76130084492984 2.15421146553773 140.161598675693 18.7019013560281 -54.2364902930325 238.816608972164 168.481694911024 125.2308390273 0.839606221064496 0.864474881393803 0.866824946210189
15.314 -7.06134908754078 3.30400732426246 1.78891329528705 133.194293769955 12.8439249608833 -51.0082611110575 237.014948074948 169.273525419922 123.26775512457 0.839522808143739 0.864899867418148 0.86689173815035
15.331 -6.96890794061227 2.93565849603772 1.42884074951842 127.090894927311 9.54731872433693 -46.9410227862113 235.213453267453 169.68617287793 121.440979612113 0.839826698822892 0.864912383327526 0.867198090635046
15.362 -6.94682288309279 2.73708259589875 1.15110326384575 121.069591694122 6.62312120304828 -42.6133327213307 233.412107940708 170.717555590137 119.016881650902 0.839721238126296 0.865293619158498 0.867227568132722
15.376 -7.07616498595783 2.52251112038557 0.877257364169399 114.969502753717 0.198213662896122 -39.5779536476709 231.910897146637 171.285800031123 117.555193485811 0.840005285807193 0.865266759893842 0.867500337619181
15.392 -7.34089364880003 2.20142671085594 0.548076382734454 109.190873089033 -7.31244739804998 -37.6461124813771 230.379807431973 171.497220028011 116.53967413723 0.83975534572036 0.865612558068183 0.867376266773996
15.421 -7.50564747697423 1.87893192127822 0.324357811920115 103.838961352648 -10.5018133452679 -35.4089821492699 229.241826688776 172.16749802521 115.745706723507 0.840035982641851 0.865430207442867 0.867634166396328
15.436 -7.6011936454145 1.64171817441712 0.147970650475265 98.2314010952462 -10.8050671252449 -32.5764808809078 227.977644019898 172.290748222689 114.431136051157 0.839909593563358 0.86563647325976 0.867373252407888
15.45 -7.75350456728052 1.47018418645796 -0.0339416975846515 92.1853602223628 -11.7115833134838 -29.9653976783132 227.319879617908 172.64167340042 113.488022446041 0.840048634221592 0.865327995854489 0.867385213728279
15.482 -7.9780924078242 1.23709421696606 -0.242494229829665 86.2912516810425 -13.5068371958759 -28.0322166891078 225.827891656118 173.017506060378 113.299220201437 0.839794359293318 0.865297698920233 0.867025597536954
15.497 -8.11773281303787 1.04143903263518 -0.427019206604084 80.4659433068314 -14.0515733236165 -26.0854835698154 224.725102490506 173.71575545434 112.529298181293 0.839565511857872 0.865023098948914 0.867072324344439
15.511 -8.1816986293293 0.885101529432317 -0.619906742501903 75.3483566097361 -12.7189350752243 -24.0693016250476 224.092592241455 173.864179908906 112.196368363164 0.839486169857778 0.864899694235525 0.866991054826728
15.541 -8.24255994773182 0.730990248149317 -0.780457114394291 70.7211545365487 -11.0470415677019 -22.121150088497 223.04333301731 173.637761918015 111.896731526847 0.839161369586649 0.864788629993475 0.866670854525558
15.558 -8.33378685548549 0.588279811047627 -0.957753004326627 66.1482757241152 -11.0209633651302 -20.4754472933878 222.038999715579 174.453985726214 111.327058374163 0.83899582112187 0.864564936914832 0.866506271724195
15.569 -8.43492498130779 0.422550720724267 -1.07410398277122 61.8861199074289 -11.5936761889225 -19.1813376785528 221.255099744021 174.948587153593 110.814352536746 0.838720055724332 0.864487348404851 0.866234549733278
15.601 -8.48644495723707 0.281295409279587 -1.17612637715767 58.0059048632509 -11.3564459746104 -17.8624405519189 220.489589769619 174.493728438233 110.292917283072 0.838598638645785 0.86429378348507 0.866237057676684
15.616 -8.51581407235321 0.172002432177236 -1.24921191010383 54.4556960563151 -10.2169845832562 -16.3380285577957 220.280630792657 174.80435559441 109.943625554765 0.838362591495856 0.864243310318066 0.86586852182972
15.631 -8.54464047532907 0.0867470062641233 -1.30427483564771 50.8727218705309 -9.55864490355657 -14.963767686749 219.792567713391 174.783920034969 109.809262999288 0.838276920840155 0.863950275564162 0.865784172297941
15.662 -8.6208026294258 -0.0144635894714657 -1.33294205528042 47.3724725842412 -9.76079568037649 -14.0467802310512 219.053310942052 174.345528031472 109.628336699359 0.838326437941833 0.86381041792845 0.86583171798488
15.676 -8.69772831359626 -0.120038049711483 -1.34629270429797 43.992477234214 -9.48242603600296 -13.3756899942056 218.927979847847 174.130975228325 108.925503029423 0.838244382641535 0.86368454605631 0.865874509103125
15.691 -8.71321158193756 -0.22427273150715 -1.35800901349235 40.6886493581209 -7.96624450110496 -12.6541515291362 218.695181863062 174.177877705492 108.652952726481 0.838297153563074 0.863694996632181 0.865789560844006
15.722 -8.70218695923575 -0.318143800107534 -1.37627499666078 37.4900134299424 -6.36962005099446 -11.8658356128638 217.945663676756 174.160089934943 108.347657453833 0.838471117674918 0.863827999620156 0.865959891320785
15.738 -8.71554837576945 -0.415556462294962 -1.38942234545586 34.431088422826 -5.5410549924599 -11.1662749523408 217.57109730908 174.204080941449 108.73289170845 0.838627685375578 0.863947702309334 0.866113188749887
15.751 -8.74026295500159 -0.511607556063329 -1.41310625818047 31.4177505729098 -5.13580445504597 -10.5519375334426 217.233987578172 174.363672847304 108.599602537605 0.838768596306172 0.864178894995133 0.866251156436078
15.782 -8.79937674662911 -0.593564416633602 -1.4246654052735 28.5378075766875 -4.58252935305283 -9.93720179536549 216.930588820355 174.027305562574 108.119642283844 0.838895416143706 0.864263508146813 0.86637532735365
15.796 -8.84940685684779 -0.675884865820309 -1.43602632932668 26.042805444973 -3.08687183759487 -9.43279459292818 216.65752993832 174.084575006316 107.92767805546 0.839135874543905 0.864339659983325 0.866733320918016
15.811 -8.81931589116424 -0.768408617168576 -1.52352401721006 24.0003569615444 -1.17818465383538 -9.1200494847804 216.351776944488 174.316117505685 107.574910249914 0.839099496275207 0.864654980546172 0.866685951742948
15.839 -8.79396980467232 -0.859999848118344 -1.57318239010148 22.1239853875274 -0.330595196085433 -8.72941858210388 215.476599250039 174.404505755116 107.497419224922 0.839445718141213 0.864691985142748 0.867135800109422
15.856 -8.80407859202736 -0.929503267446982 -1.60219289597964 20.0467013525914 -0.883795218461623 -8.08472099870265 215.408939325035 174.724055179605 106.82767730243 0.839504825795243 0.865095260792198 0.867048183015213
15.869 -8.84232593759757 -0.981521855687941 -1.61854597691085 18.1824892325994 -1.81526302485974 -7.58998935684766 215.288045392532 174.711649661644 107.004909572187 0.839936537784645 0.865211697629712 0.86746180825446
15.897 -8.87016447649773 -1.02708163043485 -1.62584173169779 16.7382861108662 -1.89327870710659 -7.31037973413999 215.059240853278 175.06048469548 106.804418614968 0.839693472500066 0.865439814427921 0.867464913990194
15.913 -8.82321350812652 -1.11746583742463 -1.64425920981509 15.6148391791689 -1.25051572189211 -6.89460893629851 215.213316767951 175.374436225932 106.143976753472 0.840106319818985 0.865274738166631 0.867836866131943
15.928 -8.8219583842731 -1.16960235562232 -1.66388754431912 14.2564086963665 -1.01019697413038 -6.20820147778316 215.351985091155 175.656992603339 106.029579078124 0.839846276330972 0.865619738513693 0.867679142435482
15.957 -8.83914437415389 -1.19838914984143 -1.66754696712948 12.9521418725314 -0.713757429389098 -5.40875537580637 215.11678658204 175.431293343005 106.166621170312 0.8402438432668 0.865436669843826 0.867783702355659
15.973 -8.88046921362449 -1.21507958513805 -1.66635132383755 11.6897521127592 -0.295053442175379 -4.79994090692803 214.845107923836 175.168164008704 105.869959053281 0.839970047434006 0.865518965776177 0.867507834771286
15.991 -8.88372373345467 -1.23734344192423 -1.65917002455698 10.4703952220939 0.477963352423838 -4.36116819028103 214.960597131452 175.291347607834 105.482963147953 0.839976722158757 0.865345974380062 0.867506337855338
16.017 -8.90161652353083 -1.25851815773318 -1.68077886667526 9.24091295179295 1.44390747519672 -3.91741778346666 214.764537418307 175.34221284705 105.314666833157 0.839729638436767 0.865190282123558 0.867258206720997
16.032 -8.89413719463356 -1.27655786722842 -1.71668695718058 8.17025677111747 2.61402054447094 -3.49514165397496 214.708083676476 175.387991562345 104.923200149842 0.839507263086976 0.864802550189105 0.867158348965631
16.048 -8.92074501295096 -1.28297737643072 -1.73631498196729 7.12727689553244 2.78544291750476 -3.2761618397225 214.477275308829 175.609192406111 104.390880134858 0.839307125272164 0.864701200351697 0.866945016720261
16.078 -8.93176337283141 -1.30108507339611 -1.7609233824522 6.21683928231508 2.28934137384589 -3.23556855651361 214.509547777946 175.6882731655 104.151792121372 0.839127001238833 0.86460998549803 0.866505684968939
16.092 -8.94652818621355 -1.31187533018995 -1.78803891850507 5.37759810217517 1.85353700745367 -3.23185902910653 214.058593000151 175.75944584895 103.936612909235 0.839091510300642 0.86428028322613 0.866481079388778
16.108 -8.95885883850894 -1.33481453667291 -1.81621375304159 4.56655584920956 1.72467185632662 -3.07584869871496 213.952733700136 175.763501264055 103.802951618311 0.838806175985227 0.864107424824221 0.866088141370605
16.138 -8.97953322306015 -1.33355287441797 -1.84701791961518 3.74577812688403 1.67815886916724 -2.8369661189198 213.917460330123 175.707151137649 103.74265645648 0.83867614688059 0.863827978619702 0.865858232415047
16.152 -8.97084629632298 -1.33906128164399 -1.88784992301041 3.20249802411929 1.60194603568563 -2.77311683527209 213.40571429711 175.656436023884 103.568390810832 0.83843234890718 0.863700350678436 0.865774911824735
16.167 -8.98720942822633 -1.34545536777021 -1.93130248430587 2.78148486292873 1.20587356952165 -2.87061431205023 213.725142867399 175.910792421496 103.831551729749 0.838339702510348 0.863461611888495 0.865699923293455
16.198 -9.00145740706507 -1.36455773062087 -1.95622414627567 2.36058828503281 0.878415983561851 -3.01561394954749 213.472628580659 175.959713179346 103.888396556774 0.838382941445006 0.863494355881148 0.865632433615302
16.214 -8.98279684244499 -1.37001826834599 -1.96249279629196 1.95659052523182 0.876070568411773 -2.97817469199732 213.545365722593 176.423741861412 103.999556901097 0.838421856486198 0.863647422944226 0.865695153170505
16.229 -9.00101753585552 -1.35990912740159 -1.95628328249757 1.53192383912085 0.935028397066779 -2.76203661211057 213.310829150334 176.061367675271 104.279601210987 0.838456880023271 0.863785183300997 0.865874924414635
16.257 -9.02094761591865 -1.34955394588167 -1.96781325750862 1.17491466131563 1.17664006117689 -2.67285585166287 213.519746235301 176.275230907744 104.111641089888 0.838614871489095 0.86390916762209 0.866036718534351
16.273 -9.02517790849549 -1.34645921280016 -1.97322225940211 0.886430828771857 1.34828903215844 -2.80175347260345 214.007771611771 176.167707816969 103.900476980899 0.838757063808337 0.864020753511074 0.866059009597649
16.288 -8.99187503387519 -1.37719276806738 -1.9859313759683 0.650459501619862 1.04017768619451 -2.89791400320571 214.086994450594 176.310937035272 103.470429282809 0.839011357442073 0.86412118081116 0.866325582801609
16.319 -8.9952417564093 -1.40096239382946 -1.99862654746876 0.440375383518945 0.543030146582689 -2.74934397693094 213.738295005534 175.779843331745 103.503386354529 0.838987430883558 0.864458349291224 0.866442311082628
16.334 -8.99025121495416 -1.39607869507304 -2.00059509046054 0.261223341350256 0.455902704443504 -2.48280652580273 213.964465504981 175.961858998571 103.593047719076 0.839344859288729 0.864515017013294 0.866793606274097
16.349 -9.0375343248125 -1.36654424895136 -2.00242664605834 0.028994136986223 0.290465105754879 -2.44292281978734 214.288018954483 175.525673098713 103.433742947168 0.839414052828008 0.86493598947569 0.866863532207867
16.378 -9.02526191039766 -1.37473902907331 -2.0085641579967 -0.12276023854446 0.25225828983588 -2.60244733170174 214.519217059034 175.553105788842 103.470368652451 0.839854842114133 0.864821295709624 0.867172705286812
16.392 -9.02822277990477 -1.3888779444071 -2.03952632282447 -0.242545283392304 0.111001926501147 -2.76357664433309 214.427295353131 175.397795209958 103.803331787206 0.839873037370871 0.865088452699841 0.867204721319311
16.408 -9.03579574269798 -1.38723776005855 -2.05272778809909 -0.238901442075975 0.399901733851032 -2.71393653715169 214.524565817818 175.198015688962 103.802998608486 0.840141905127311 0.86508211008105 0.867479775487111
16.439 -9.03812227346969 -1.37863885101513 -2.05712722188989 -0.247835725349293 0.848461178786539 -2.59674135671896 214.672109236036 175.078214120066 103.862698747637 0.840004923800273 0.86544637323667 0.867357760855133
16.452 -9.05673607914274 -1.37060055795463 -2.07497309249723 -0.413891847470853 0.798729564724679 -2.58744890043638 214.804898312433 175.450392708059 104.036428872873 0.840260602913772 0.865280641094506 0.867740428310389
16.468 -9.07672069724165 -1.37695318755346 -2.09929436387494 -0.490059914632164 0.624963478481219 -2.74855133863702 214.564408481189 175.065353437253 103.712785985586 0.840111751808088 0.865501863546235 0.867468888130543
16.498 -9.07914450993326 -1.39757445719991 -2.09813932724484 -0.425023388817803 0.834222855823937 -2.86758933454431 215.12796763307 175.498818093528 103.721507387027 0.840230576641848 0.865206847112316 0.867594473481214
16.513 -9.05786278751659 -1.40577867567974 -2.10308529270608 -0.380230973600145 1.22026621909651 -2.85182276750209 214.795170869763 175.408936284175 103.849356648325 0.839958107471549 0.865188665052277 0.867337528784285
16.528 -9.06600311017485 -1.3905372644106 -2.12160259484874 -0.34602467013326 1.38678921550747 -2.86358705563738 214.675653782787 175.868042655758 104.264420983492 0.839839505910087 0.865048703728552 0.867353062467037
16.557 -9.05303854897426 -1.37245058041568 -2.13054686188364 -0.290048157318407 1.29925533212466 -2.97646499129501 214.448088404508 176.041238390182 104.037978885143 0.839606143812964 0.86504633600689 0.867120258871526
16.573 -9.0443033738864 -1.38705776055236 -2.14398365080057 -0.170967005708704 0.922764913416009 -3.10095589674567 214.423279564058 175.897114551164 104.014180996629 0.839269346146317 0.864920607587704 0.866910735635567
16.587 -9.03207226669185 -1.39098655509573 -2.14608096652953 -0.0943283204050091 0.982396819020973 -3.05192900936118 214.880951607652 176.007403096047 103.992762896966 0.839219620717378 0.864683716749638 0.866722164723203
16.617 -9.01801165409737 -1.37866087550779 -2.13444132423754 0.0441121452232781 1.41011133559216 -2.95513305498994 214.812856446887 175.986662786443 104.093486607269 0.838921475360289 0.864594250256176 0.866428853432385
16.632 -9.02211659372914 -1.38187312896424 -2.12749707832654 0.184739098639882 1.72787882798714 -2.91763501666652 214.991570802198 176.087996507798 103.584137946542 0.838906537009953 0.864266121508461 0.866164873270649
