54.143 -3.34351585393643 7.02709881746086 -5.17704023480039 -1.99239741562661 3.57045120609103 -0.986143459904116 155.131982715203 116.814356571626 101.800912561577 0.839657766431483 0.865580344899958 0.867452369689501
54.171 -3.35123582558777 7.03157625451666 -5.1849831839766 -2.26720347559067 3.71874959693231 -0.928750487959506 155.518784443683 117.072920914463 101.520821305419 0.84007418435726 0.865401215591465 0.867702659020282
54.185 -3.36871830114972 7.04350680579229 -5.19063547554903 -2.564147250169 3.86290517159022 -0.945799103285693 155.686905999315 116.885628823017 102.048739174877 0.839943975107227 0.865733568196043 0.867558356034987
54.201 -3.3789458706014 7.04574491801396 -5.19494443508946 -2.78254168545745 3.88730167733196 -1.11992148303346 155.118215399383 116.957065940715 102.40386525739 0.84033177216543 0.865415381297143 0.86779804673122
54.23 -3.38934778279358 7.0589521129954 -5.21570162808565 -3.11650125736972 3.69780815082014 -1.40716597595149 155.086393859445 116.901359346644 102.483478731651 0.840049183442772 0.865746317331154 0.867644204974831
54.246 -3.38799544965888 7.06443409323944 -5.25329727681578 -3.36744655148008 3.87382886245569 -1.6359150272113 155.4177544735 116.851223411979 102.555130858486 0.840174265113064 0.865550590779541 0.867875310777079
54.26 -3.37893733497558 7.07433585107553 -5.29611163215727 -3.51467136198092 4.60705666323302 -1.83873573823063 155.53597902615 117.106101070781 102.559617772637 0.840034047787451 0.86562149461832 0.867713742616105
54.29 -3.35025476023046 7.09108844799007 -5.33398613521657 -3.54946376776756 5.22421359232956 -2.04188506517092 155.702381123535 117.155490963703 102.983655995373 0.840034322476857 0.865314515077192 0.867568331271228
54.306 -3.34072099868496 7.09940213622634 -5.3685520278442 -3.43650212381523 5.02698307279126 -2.27815457392101 155.312143011182 117.379941867333 103.185290395836 0.839781478723057 0.865161968750976 0.867190403325607
54.321 -3.33303844997918 7.08892796035395 -5.39541161540402 -3.22262290380012 4.66397942200069 -2.45491926920066 154.900928710064 117.2819476806 103.066761356252 0.839427147565401 0.865024677057381 0.86697386564424
54.353 -3.31690646472247 7.08351149793672 -5.40749451354074 -2.98433007906897 4.60826850270138 -2.48652657892182 155.310835839057 117.49375291254 103.140085220627 0.839361641994553 0.864653505629545 0.866902441996549
54.368 -3.30280667480235 7.08982957574315 -5.41681291611428 -2.79124058261245 4.6962966142633 -2.51115636377773 155.619752255152 116.904377621286 103.386076698564 0.839049294509747 0.864567060248093 0.866591102978397
54.382 -3.27174137177829 7.09808957433033 -5.42071034268828 -2.64112415793899 4.89842267802781 -2.5936285136595 155.357777029636 117.273939859157 103.427469028708 0.838894953552658 0.864365524143988 0.86643449533175
54.409 -3.23085389860956 7.11324490179415 -5.42098583361171 -2.51212624596189 5.08491628808763 -2.59686108214088 156.021999326673 117.546545873241 103.524722125837 0.838502351362475 0.864307876911092 0.866293548449768
54.426 -3.18950619395215 7.11611079934057 -5.40525248271819 -2.19221133128936 5.09627198752314 -2.44404520293442 155.719799394006 117.731891285917 103.192249913253 0.83852932541192 0.864132259140687 0.866166696255984
54.44 -3.157680208346 7.10899357583656 -5.36954467257198 -1.78520393861844 4.8652707429693 -2.23017503378602 155.627819454605 117.478702157326 103.193024921928 0.838426981364613 0.864221535877811 0.865928931811889
54.469 -3.12795943158336 7.09091634082676 -5.31238823616806 -1.60363010964209 4.38866733279451 -2.01708119452955 155.965037509144 117.670831941593 103.373722429735 0.838461492413845 0.864178287471533 0.865838541281893
54.485 -3.11348101619602 7.07506582612885 -5.23784339562925 -1.92723656432674 3.93453342394254 -1.66270131935141 155.72853375823 118.023748747434 103.596350186762 0.838492552358153 0.864139363905882 0.865880650070437
54.5 -3.1148156624173 7.09324178822422 -5.16351055028325 -2.6207724498788 4.00138542505973 -1.21475179810329 156.175680382407 117.92137387269 103.616715168086 0.83852050630803 0.864104332696797 0.866041871624573
54.53 -3.09806032488956 7.10852274055109 -5.07326752175944 -3.1670921514558 4.72796443980567 -1.02762776333113 156.098112344166 117.349236485421 103.755043651277 0.838672135145379 0.86431986234385 0.866186971023296
54.545 -3.07406211653543 7.09617882449769 -4.9551182588642 -3.79618446302778 5.52387028590144 -0.968376437379695 155.90830110975 117.434312836879 104.119539286149 0.838808601098992 0.864513839026198 0.866317560482146
54.56 -3.04719649039977 7.07854507099995 -4.8259791374837 -5.00969578771737 6.02568173059374 -0.778409022649359 156.097470998775 117.750881553191 103.967585357534 0.839057741003662 0.864688418040312 0.866558278597657
54.591 -3.02050351753777 7.09864757416912 -4.66049324041318 -7.57055827001433 7.13074714532062 0.0253860780888593 156.027723898897 117.915793397872 104.070826821781 0.839281966917865 0.864845539153014 0.866774924901616
54.606 -3.02724532772552 7.15205433927418 -4.48749420552592 -10.7822047330892 8.40240525521604 0.821320752722722 156.504951509008 118.124214058085 104.223744139603 0.83935744969423 0.865110271798892 0.866723395328188
54.62 -3.03157717427121 7.22741430070198 -4.31653204121417 -13.616961359017 9.47514182893108 0.677356616381747 156.694456358107 117.831792652276 104.241369725643 0.839677876218334 0.865101747270196 0.867169499336138
54.651 -3.01141410863852 7.26680713653144 -4.09365323685014 -16.3575552994511 10.0795360429845 0.335575153216855 156.925010722296 117.988613387049 104.197232753078 0.839713768064652 0.865464046706902 0.866955052053717
54.666 -3.06928325113465 7.3216537036858 -3.82021871360305 -20.29737228859 10.0028801486097 0.108887866902803 156.772509650067 118.249752048344 104.277509477771 0.839998562751714 0.865543604952945 0.867255073148077
54.681 -3.15679965391883 7.41273462161678 -3.50858636932519 -25.8538946017157 10.5430501490159 -0.356962751848546 156.81525868506 117.70477684351 105.249758529993 0.840002385944694 0.86573853101883 0.867155528750002
54.709 -3.18408908225711 7.53983808206252 -3.18137047353638 -32.564688347651 12.4421802486182 -1.21134281254155 157.213732816554 118.054299159159 106.244782676994 0.840384341919151 0.86566718056814 0.867435502174733
54.725 -3.16932480732455 7.77178652864753 -2.90890282389449 -39.4761584441836 14.880404971848 -2.52226959998969 158.052359534899 118.248869243243 107.740304409295 0.840096496221121 0.865972936675051 0.867317914873993
54.741 -3.06445873856415 7.89997525020294 -2.67230106589431 -45.0773975615973 18.22747897848 -3.8578288995327 159.167123581409 118.543982318918 109.446273968365 0.840343018092536 0.865754548189049 0.867581649686325
54.771 -2.88634207022073 7.94124450985062 -2.43248456892879 -50.7429402481857 22.2314486378839 -3.92471776530463 160.410411223268 118.569584087027 110.741646571529 0.840059304777168 0.866051567533869 0.867325987368886
54.785 -2.76883343015804 8.05105091366292 -2.23574347952763 -57.8098675974129 26.4708991939428 -1.93606278266729 161.589370100941 118.652625678324 112.447481914376 0.840309545792978 0.865825315961985 0.867219351548731
54.8 -2.6809723063233 8.30160921722461 -2.1382238476851 -64.4487281659159 31.4665573661516 0.697238152087987 163.130433090847 119.327363110492 114.222733722938 0.840029179707566 0.865745287016979 0.867123379310591
54.83 -2.53833124195836 8.52148529806562 -2.14215411031649 -68.1794278684083 36.5328787287731 1.9366746422227 164.517389781762 119.814626799442 115.700460350644 0.839776850230695 0.865549663496784 0.867037004296265
54.846 -2.32017172415825 8.6083427153721 -2.19483232454424 -69.888965997598 38.5605068864301 2.51170946807677 166.125650803586 120.973164119498 117.51041431558 0.839549753701511 0.86524986706781 0.866835806517831
54.862 -2.17823639249598 8.73864804649602 -2.19573535879819 -72.6931991688306 34.8746852054207 3.84832478081107 167.573085723227 121.655847707548 119.499372884022 0.839218595046009 0.865103785542531 0.866654728517241
54.891 -2.40513573946769 8.97437606106029 -2.19505170309873 -76.6948716183597 27.2543922573977 5.05738543250096 169.415777150905 122.570262936794 121.34943559562 0.839173944727101 0.864972312169781 0.86661521858225
54.906 -2.53769865210845 9.26901151403629 -2.12691993109284 -80.1253844565238 22.1136858560854 4.63027284344934 171.074199435814 123.033236643114 123.374492036058 0.83888036696904 0.864977583603996 0.86620886664473
54.921 -2.58110908188814 9.47827874718466 -2.10672175817399 -82.4128460108714 18.3801798658967 2.74892494841738 173.106779492233 123.269912978803 125.857042832452 0.838869539457829 0.864611121521499 0.86621394289699
54.952 -2.55026777552123 9.64076190380775 -2.01881227433123 -85.2868285853568 13.6200244747269 1.1786126062474 175.836101543009 124.142921680922 128.151338549207 0.838606402226695 0.864405179290053 0.865723844885194
54.968 -2.68938646286626 9.86780109276047 -1.88624318426345 -89.8428785512486 8.11680065320841 -0.498790639110166 178.232491388709 124.26862951283 130.276204694286 0.838622971189719 0.864343566542551 0.865653963047867
54.981 -2.69212986442357 10.0635172450811 -1.61843064414406 -94.8616441312382 5.22420455735322 -2.18784287290907 180.809242249838 124.921766561547 132.848584224858 0.838511262564632 0.864164379809 0.865591069394274
55.009 -2.63594096970179 10.2995167664531 -1.29072925138722 -100.825098038725 2.9430054756637 -3.52783721157236 183.488318024854 125.149589905392 135.523725802372 0.838537345493862 0.864003111748804 0.865657925371579
55.025 -2.6309805101599 10.4518218837836 -1.04978725333437 -106.878466097448 -0.390989728391223 -4.57810692552963 185.839486222369 125.294630914853 138.111353222135 0.838560820130168 0.864228763490657 0.865594635485615
55.039 -2.58533581970146 10.5893753292554 -0.856282922799215 -113.241001167093 -3.05418083188798 -5.18060157648812 189.035537600132 124.825167823368 140.560217899921 0.838581947302844 0.864308389792785 0.865661134853786
55.07 -2.41012045930038 10.6221937587017 -0.506873464442634 -119.536748378628 -5.33578564946254 -4.92132004479351 193.111983840119 124.762651041031 142.764196109929 0.838727432040711 0.864503513730239 0.865967495532133
55.086 -2.40469786992857 10.786344335987 -0.25255927073122 -126.637272014047 -6.78388647382926 -3.7421651395508 196.660785456107 124.706385936928 145.947776498936 0.838858368304791 0.864679125273949 0.8661200325401
55.101 -2.26903426770439 10.8393293558185 -0.0383409794613202 -130.70255244623 -4.17878026919443 -1.79313946529037 200.634706910496 124.835747343235 148.152998849043 0.838976210942464 0.864837175663287 0.86625731584727
55.132 -2.21002423874203 10.8253651206456 0.0623385784228611 -133.344510942065 -2.43876483769483 0.305258450704312 205.171236219446 124.592172608912 150.017698964138 0.839334761341745 0.864979421013692 0.866627110562274
55.148 -2.17517099480328 10.7378588209834 0.267632449614999 -134.604716336408 -2.93305629285665 1.77549596441251 209.674112597502 124.552955348021 152.475929067725 0.839404964675722 0.865353953076047 0.866836873669772
55.163 -2.14948931068626 10.615528722729 0.662547986162898 -134.577832489027 -5.40997967120457 2.58878606262774 213.726701337752 124.157659813218 154.568336160952 0.839846662777075 0.865321060419636 0.867148712602526
55.193 -2.22387965974611 10.5168041051558 1.0581945661782 -133.929972904247 -8.22852368881694 3.37570898308253 218.214031203976 124.041893831897 156.331502544857 0.839865675967519 0.865661428541397 0.867183127903453
55.208 -2.15891045740905 10.417357581359 1.55900595939864 -132.162929812295 -7.30338124359937 4.94653503133916 223.092628083579 123.937704448707 158.398352290371 0.840261302939693 0.86559778833845 0.867460341412839
55.223 -2.07176761399205 10.262134865673 2.08988214454093 -130.08862156389 -4.74021869175852 7.23356091751822 227.723365275221 123.843934003836 159.898517061334 0.840112381831416 0.865787296065785 0.867340270188289
55.265 -2.00764440808144 10.1755258522198 2.65200641978715 -129.816400628875 -2.85703651723915 9.93234223034655 231.891028747699 123.999540603453 161.008665355201 0.8404833382172 0.865463736379911 0.867601769469191
55.27 -1.92647034508091 10.1047004474787 3.25769668128134 -130.506516291178 -2.43927179681295 12.2673522821211 236.061925872929 124.199586543107 162.187798819681 0.840185592889366 0.8656666493031 0.867344095173465
55.28 -1.97839101477356 10.0387429607143 3.78432264303602 -131.555864662061 -4.46786370110112 14.3826017867334 239.995733285636 124.439627888797 162.829018937713 0.840297033614999 0.865478889554293 0.867482159819844
55.312 -2.07970741084717 9.85458349694874 4.24398070313427 -132.499514837076 -6.25542847602917 15.8458683256173 244.556159957072 125.075665099917 163.586117043941 0.840144539439191 0.865680287160043 0.867236446489053
55.326 -1.9124979528025 9.76593329468429 4.85806758765483 -135.038112971689 -7.2428627276629 15.9841822564143 249.080543961365 124.988098589925 163.967505339547 0.840007294680965 0.865491163625542 0.86713876475688
55.341 -1.96216469576078 9.62922596298808 5.44228942004535 -138.061782590551 -8.07811843962943 17.6788938017653 253.872489565229 124.909288730933 164.670754805592 0.839757153706754 0.86532095244449 0.866927390932385
55.373 -1.87350774023041 9.37456809905011 5.90967050916875 -140.754077613938 -8.62145163383443 18.5552792307491 258.125240608706 125.618359857839 164.883679325033 0.839532026829964 0.865044027120745 0.86686061475588
55.389 -2.18744294833933 9.1988864012972 6.37454643005363 -143.971036264758 -12.5783904399166 18.1699803153077 262.492716547835 125.716523872056 164.77531139253 0.83945603333266 0.864794794329375 0.866677055931485
55.404 -2.24247561387832 8.86904879228015 6.69549070138542 -147.07545935584 -17.420551395925 17.3545090013342 267.323444893052 125.62487148485 164.737780253277 0.839134246714044 0.86469422007794 0.866388255519839
55.434 -2.05809151076629 8.51718815400367 7.13589350884088 -149.780890519492 -18.0662825158745 18.2160046660863 272.571100403747 125.602384336365 164.284002227949 0.839098031228332 0.86447996799085 0.866375392884589
55.449 -1.70378200063128 8.1368876716569 7.51974640344019 -153.0936411622 -21.1695779284092 19.0394423674166 277.113990363372 125.402145902728 164.055602005154 0.838812044820148 0.864410876373268 0.866116758777632
55.464 -1.69650878771262 7.79198361823632 7.73437084604295 -156.800307580331 -25.9274292958736 20.4438950772398 281.982591327035 124.681931312456 163.910041804639 0.838808049523826 0.864224958656646 0.866007585551062
55.494 -1.78561125633821 7.38903404524631 7.92950809462957 -158.501956211611 -28.6079688090343 21.1170628214242 287.204332194331 124.39373818121 162.819037624175 0.838677833065329 0.864181367972484 0.865909329647149
55.508 -1.77703845296238 7.09120243713891 7.98691786942565 -159.813592651518 -27.2120574243141 21.4252038675261 291.663898974898 123.894364363089 161.717133861758 0.838687258944489 0.86401840109594 0.865944359599167
55.524 -1.37314239556135 6.59037772946628 8.17314076677874 -158.312386058122 -22.4870348879896 22.0147445494758 296.277509077408 123.32492792678 160.005420475582 0.838695742235732 0.863995466167848 0.865975886555984
55.554 -1.12180430365689 6.09462450861698 8.34116041889115 -157.523132185134 -21.7971100251448 22.7002929952916 300.549758169667 123.292435134102 158.584878428024 0.838703377197852 0.864098422202256 0.866004260817119
55.568 -0.987956348118963 5.59116534220962 8.38966680971077 -156.550208279598 -22.3570936791189 23.6218667491975 304.994782352701 123.023191620692 157.066390585221 0.838836718946218 0.864314542898764 0.866276308899132
55.583 -1.03915744697253 5.06760270441582 8.45115941829048 -154.253966077592 -21.6045904180772 25.124565570461 308.635304117431 123.260872458623 154.139751526699 0.839083047066166 0.864385591260081 0.866397964570399
55.614 -0.882210132555965 4.57281344275185 8.44904188573267 -150.727806111055 -17.0456580938267 26.7861548149416 312.451773705688 123.29478521276 151.685776374029 0.839304742374118 0.864572995050806 0.866507454674539
55.628 -0.537210998305801 4.11433499767341 8.41176175111448 -145.433651454148 -10.7952907577265 28.6609744479512 316.126596335119 123.565306691484 148.997198736626 0.839630439630234 0.864864982106905 0.86672918337081
55.643 -0.421180800231507 3.59402517420612 8.59709953398033 -139.687996232397 -7.89896778882409 30.2483121176599 319.193936701607 124.168776022336 145.977478862964 0.83979739568178 0.86525095805994 0.866805551594909
55.674 -0.546776553063581 3.11509213396217 8.81561834034792 -135.696295845798 -5.94952902520886 32.0051602952069 322.434543031446 125.071898420102 143.139730976667 0.840325726013632 0.865228364905139 0.867243439976187
55.689 -0.658316356005362 2.4252990622667 9.04305070415859 -130.923612826104 -1.88587383261163 32.9947206015641 324.751088728302 125.764708578092 140.585757879001 0.840296832880421 0.86557800257835 0.867268382539748
55.705 -0.686876120026789 2.05773197466262 9.1304239670252 -126.980869864104 3.86988912316861 33.7525004498046 327.495979855472 126.568237720283 137.627182091101 0.840649344161304 0.865522704971708 0.867659987826542
55.734 -0.691690500249757 1.73715681005235 9.14603252170818 -122.465988984564 9.79282387497389 32.9413725422288 329.666381869924 127.711413948255 134.18446388199 0.840588089213325 0.865842908638262 0.867643275605068
55.748 -0.862181045714283 1.3201902345006 9.09010970853272 -119.256031307482 12.8578162966368 30.9212810895326 331.499743682932 128.620272553429 130.606017493791 0.840911474860918 0.865761120425629 0.867874474344292
55.763 -1.04022294709378 1.00010667161802 8.94736298557374 -116.162489245436 15.2323400104846 28.8253361866862 333.569769314639 128.898245298086 127.085415744412 0.840697536560519 0.866057482546791 0.867836313471043
55.795 -0.788957247995977 0.679649894684487 8.84708264442908 -111.240133450663 19.9335334903522 26.8076880642008 335.552792383175 129.748420768278 123.796874169971 0.841009977473393 0.865954236943305 0.868171125664707
55.81 -0.584605356928984 0.416318045780003 8.95530965601767 -106.74207430407 21.9539205993322 25.4314994104525 337.097513144857 130.63357869145 120.237186752974 0.840786188911746 0.866108099810155 0.86797997601497
55.825 -0.407512123177004 -0.0337047099546132 9.13303947456507 -103.248019545419 23.6615819745135 24.6532349655904 338.787761830372 131.490220822305 117.213468077677 0.840837570035141 0.865876195010642 0.867931264974653
55.853 -0.343058314731316 -0.214687769366104 9.18459882743205 -101.413293926755 24.9893169068331 24.7153923850619 340.188985647334 132.621198740074 114.012121269909 0.840631022217319 0.865914538426311 0.867640641128381
55.867 -0.647292608151373 -0.50530319042754 8.96410857206922 -99.9337965951482 26.9254997199666 25.4278226122046 341.450087082601 133.639078866067 110.650909142918 0.840571599463739 0.865701989765182 0.867625863576723
55.882 -1.05523862313885 -0.669472902665304 8.63009567171044 -98.4793482333433 30.8665375342295 25.705651038007 342.645078374341 134.49517097946 106.725818228626 0.840391648703058 0.865634293439857 0.867489240135784
55.915 -1.37899513725929 -0.894378801867157 8.31481960215902 -96.3962989061922 33.6607998113409 23.8526431861147 343.660570536907 135.085653881514 102.773236405764 0.840229693018445 0.865326034016576 0.867242818773398
55.929 -1.52151649908268 -1.20483246506881 8.03747563480201 -92.3039972598477 32.3428114332602 20.2551651270452 344.214513483216 135.977088493363 99.2159127651872 0.840210403184752 0.865172335796421 0.867021039547252
55.945 -1.56880184754172 -1.57719565983085 7.89871759044107 -86.216345625466 30.6879196029113 16.886137163959 345.433062134895 136.539379644027 95.6543214886685 0.840066572051969 0.865034007398281 0.866821438243719
55.973 -1.46794598172103 -1.80943168600322 7.89109137201586 -80.3824973224614 32.8809597036889 16.2517219208456 346.349755921405 136.865441679624 92.1488893398017 0.840063594314924 0.864661902936356 0.866765257336081
55.987 -1.4405621964037 -1.89622011244227 7.84406506905805 -74.9045529337267 34.5554591531673 16.2494504921198 347.294780329265 137.638897511662 89.3540004058215 0.839807823377317 0.864698215293913 0.866467636783975
56.002 -1.52754643067416 -1.88496613317665 7.63815754553542 -68.6934869533311 32.8861727798353 15.1695436108467 347.545302296338 138.215007760495 86.3586003652393 0.839704250225278 0.864483563685226 0.866323375756771
56.031 -1.73583741043236 -1.92026753259244 7.37377225668012 -61.3821535251736 28.525799776661 12.9571694024338 347.890772066704 138.853506984446 84.0227403287154 0.839611034388443 0.864290377237408 0.866317001097827
56.046 -2.04372763980233 -1.8493275317479 7.14378624538284 -53.3248542031906 23.4816167455597 9.83320818738128 348.141694860034 138.888156286001 82.2204662958439 0.839527140135291 0.86424024469517 0.866311263904777
56.062 -2.32513840510372 -1.79811094459255 6.94733331244917 -42.8152695462303 19.3693329335992 4.45217744497903 348.487525374031 139.399340657401 80.2384196662595 0.839451635307455 0.864318722876846 0.866182640165493
56.089 -2.39399470848373 -1.81079367032373 6.82948286809085 -30.3535899198516 16.5507202509263 -3.25105556669444 349.218772836627 139.079406591661 78.5145776996335 0.839636471791279 0.864389353240354 0.866313662710123
56.105 -2.44824407663224 -1.87224693802646 6.80679554472171 -17.794566805729 13.9895413556047 -11.319843139796 349.816895552965 139.091465932495 77.8631199296702 0.83980282462672 0.864452920567512 0.866431583000291
56.135 -2.45708533078085 -1.94527197814868 6.93661308345022 -5.22274371294235 12.7066177543953 -18.9565611158927 350.835205997668 138.862319339245 77.3968079367032 0.839952542178617 0.864633591427494 0.866660898863987
56.151 -2.35945817187116 -1.90205832365351 7.02669367841025 6.4529657728557 11.8817575056734 -26.1769355386546 351.871685397901 137.816087405321 76.8571271430329 0.840087287975325 0.864796195201478 0.866744095538768
56.166 -2.25321823675649 -1.87046835461137 7.03965121791786 18.0641577451885 12.0027420604495 -33.1920664122701 353.044516858111 136.754478664789 77.3314144287296 0.840334730671319 0.864819078332523 0.86718812952566
56.195 -1.90645053076044 -1.97012717997024 7.18389194863462 30.4493450241047 12.6849106024962 -39.4560658779133 353.9800651723 135.43903079831 78.1182729858566 0.840431257618757 0.865086457060451 0.867341790736819
56.211 -1.7721290715393 -1.90210208423427 7.32041236451945 40.4525021247477 10.6660378628573 -42.4318333359235 355.36205865507 133.835127718479 78.886445687271 0.840644303350408 0.865080314005599 0.867726055203906
56.228 -1.73114623974471 -1.81418413931868 7.33350653074695 49.7156488588378 8.91470125214405 -43.8046805366823 356.605852789563 132.751614946631 80.4178011185439 0.840709873029937 0.865444756768764 0.867579412600248
56.258 -1.5609645127941 -1.65066238356896 7.49935822447401 59.4883587821143 7.04994868418155 -45.1890979791973 356.885267510607 131.536453451968 82.3960210066895 0.841021080295869 0.865526244008621 0.867939914880992
56.272 -1.5981399965008 -1.53443786007107 7.73691086256738 69.1196755756586 2.42968664019088 -46.5717148988348 357.376740759546 129.722808106771 84.5364189060205 0.840796181451974 0.865846093771484 0.867895209954073
56.289 -1.76082496211409 -1.30551686735696 7.85511974350425 77.9748835906119 0.657710342584002 -47.8069098211651 357.579066683592 128.210527296094 87.0627770154185 0.841098757875703 0.865763987045528 0.868224132499434
56.318 -1.70475182860028 -0.945421089396598 7.82779158224892 87.7896089720087 2.43697747626453 -49.2834707474455 357.941160015232 126.429474566485 89.8764993138766 0.840866091273825 0.8660600625047 0.868027682166224
56.333 -1.76471854980825 -0.537717392741789 7.88777146104185 98.7839305175559 1.40778354543197 -51.7749710009452 357.607044013709 124.766527109836 93.188849382489 0.841161676715368 0.865956558905423 0.868220440249333
56.349 -1.81300238730942 -0.173657104998067 7.99406658437736 110.089506931449 0.154028091652135 -54.9654128321484 357.546339612338 123.149874398853 96.6499644442401 0.841049188511983 0.865986865931614 0.867900898875593
56.393 -1.74476832117827 0.318478817675202 8.09960835123259 121.108800513113 1.03709856492967 -58.0024593351931 357.071705651104 121.394886958967 101.264967999816 0.840947949128936 0.865767084519956 0.867983283151759
56.395 -1.63559334247879 0.946592636347135 8.27557977090059 131.723874660275 3.00132763973441 -59.6190072948036 355.864535085994 119.995398263071 105.718471199834 0.840730363401735 0.865569281249463 0.867687457487776
56.408 -1.62298842164491 1.49286116430788 8.48477096602123 142.488891774401 4.40806510476861 -61.3235187790637 354.358081577395 118.435858436764 109.906624079851 0.840407915555447 0.865267523045221 0.867544674655731
56.438 -1.68879715108229 2.15401234569814 8.72140596429825 152.148399543525 7.56649523551312 -62.7514722446688 352.702273419655 116.252272593087 114.575961671866 0.840370803468054 0.865243273391892 0.867416170106891
56.453 -1.53224757465738 2.63472526975869 8.99171856153298 160.183941268562 11.6831281547099 -62.6114395240187 350.13204607769 114.167045333778 119.618365504679 0.840210932306941 0.865097851234205 0.866929723016907
56.467 -1.86995389896349 3.1760037574923 9.19806933797856 165.355623477584 14.1117619041244 -59.1770131288687 347.038841469921 112.110340800401 125.056528954211 0.84006704826194 0.864719362388687 0.866862713631949
56.498 -2.14821176681861 3.75874288979971 9.56035745499247 170.488000061123 16.6830284618036 -57.0684721213254 343.954957322929 110.799306720361 130.37087605879 0.839810931929631 0.864626331331321 0.866555347450257
56.514 -2.24774927753757 4.12932083699528 9.55661539159161 173.693398528293 19.2383897377606 -56.5097165122463 340.039461590636 109.679376048324 134.973788452911 0.839707047922361 0.864418868118893 0.866278717886734
56.529 -2.15477515630618 4.48983559930405 9.61998594929524 174.764516690731 22.6397416036792 -54.4717219602583 335.975515431572 108.971438443492 139.65640960762 0.839360159844774 0.864232151227708 0.866153348749253
56.558 -2.20888475214864 4.91742913059069 9.50727057274951 174.260584105628 23.5994315654487 -51.2795115962935 331.417963888415 107.674294599143 143.810768646858 0.839174732354182 0.864064106025642 0.866040516525521
56.573 -2.50628107460224 5.31495261310047 9.46017510727143 174.432998977508 28.249412073026 -46.9569039481146 326.116167499574 106.986865139229 147.669691782172 0.839134468304457 0.86403660060458 0.865938967524162
56.603 -2.57773295943632 5.68367717372035 9.0264568957844 173.869851751513 28.9114937664867 -45.6719005762039 321.704550749616 106.488178625306 150.662722603955 0.838971609967897 0.864135443195315 0.865847573422939
56.618 -2.6367723933282 5.97566588258733 8.65484515128958 174.118744438957 28.4684359928915 -45.0421150987361 316.474095674655 106.699360762775 154.01645034356 0.8389516581568 0.864224401526977 0.866012102641825
56.634 -2.68757355136477 6.39090647282591 8.2494064983585 173.738167704985 28.3017450653581 -43.8806516804656 311.406686107189 106.289424686498 156.554805309204 0.839060171809271 0.864304464025472 0.866036855294376
56.649 -2.66110941102626 6.7766538916444 7.95855240972565 174.549847117692 28.3608835359215 -42.8406781154725 305.88601749647 106.400482217848 158.839324778283 0.839157834096495 0.864376520274118 0.866059132681672
56.679 -2.76807495651116 7.13268505857126 7.73802384989017 174.797152482259 26.3690699914897 -41.361190456597 300.677415746823 106.980433996063 161.255392300455 0.839372050701415 0.864564831163439 0.866325693577229
56.695 -2.89582769302252 7.53062537305716 7.46221541097659 173.387666241667 24.6588805495926 -39.4105675941434 295.029674172141 107.022390596457 163.069853070409 0.839438525099425 0.864857634608275 0.866442410780687
56.709 -2.88804245198718 7.81951945119944 7.10307642278879 171.994701144218 26.0693283724959 -36.7771444225153 289.466706754927 107.060151536811 164.822867763368 0.839876867158408 0.864874373798641 0.866670643866343
56.754 -2.9062945861067 8.11310280347329 6.74339961222835 170.903627976361 28.2280443902082 -34.3513383772103 284.040036079434 107.03413638313 166.340580987032 0.83976638962826 0.865259410582502 0.866752866040889
56.756 -2.99227304623535 8.3913937537473 6.43261918317104 169.533875865748 29.418217050424 -32.0757465242221 278.916032471491 107.730722744817 167.106522888329 0.84017194523436 0.865235972175445 0.867073105736531
56.773 -3.16356623798022 8.60983313279762 6.0549340804591 166.886595149402 28.9527312232442 -29.9895459176014 272.924429224342 108.177650470335 167.855870599496 0.840284750725493 0.865584849121625 0.866991758079611
56.798 -3.2649978336341 8.75477366290165 5.61523914577135 164.051370748965 29.4803588642786 -27.6234157533222 266.751986301907 108.399885423302 167.990283539546 0.840512447146471 0.865528866860656 0.867288108571382
56.814 -3.25997949272217 8.94094514228409 5.17731589294882 161.892035200786 32.3605672526599 -25.0717612008908 261.376787671717 108.659896880972 167.451255185591 0.840338411617516 0.865971506474322 0.867308584275423
56.832 -3.32351816263635 9.07396311203395 4.8365756590731 160.015808779944 34.2825257945694 -22.8233637067559 255.219108904545 108.773907192874 167.086129667032 0.840560741949292 0.865876858478082 0.867573252147612
56.857 -3.46916870385563 9.21205487227221 4.50279511686269 156.859266069889 33.8710671082423 -21.0547677940956 249.377198014091 109.656516473587 165.977516700329 0.840381876940055 0.866161646793999 0.867318429584044
56.874 -3.64694112637778 9.34914635159772 4.12170803257319 152.819904348396 34.3961741378761 -19.8141765108692 244.239478212681 110.690864826228 164.619765030296 0.840473689260619 0.865924387296102 0.867459060789365
56.885 -3.77527298419899 9.40878308896603 3.74341518320286 148.995929180732 39.0237322966075 -18.8014611498586 238.895530391413 111.621778343605 163.517788527267 0.840176908828443 0.865834451217685 0.867215657361621
56.914 -3.56486096879148 9.4009251810704 3.3445330974845 145.342137789377 46.6511300593132 -18.1487959509033 233.845977352272 112.699600509245 161.44600967454 0.840036427131291 0.865506176016621 0.867243378186639
56.932 -3.39057362288508 9.40510584869334 2.90431592321884 140.84074843792 48.7547193434582 -16.9094888748969 229.181379617045 113.42964045832 159.461408707086 0.839656601132811 0.865458061066152 0.867021543019168
56.946 -3.3299619097436 9.35649523101761 2.4365338455721 136.099421685731 43.9296290885017 -15.6070896057279 223.72324165534 114.506676412488 157.255267836377 0.839441529513416 0.865291160141039 0.866821891368444
56.975 -3.35459959556978 9.30723906423909 1.99559824208178 131.756655089677 37.1473532025523 -14.4876020192009 218.870917489806 114.93600877124 155.32974105274 0.839374585747767 0.865017214047639 0.866765665148333
57.007 -3.45284925744225 9.18563562214014 1.57451489454292 128.026027748648 31.8814728441291 -12.9861700615556 214.863825740826 115.682407894116 152.876766947466 0.83906094388764 0.864894397824378 0.866468003815003
57.008 -3.5464215056177 9.11976695280942 1.14897268014356 124.295180698974 30.1376003688765 -11.0241942767741 210.777443166743 116.594167104704 151.029090252719 0.839032058684568 0.864536254319843 0.866323706084695
57.037 -3.49458601856911 9.0626399775297 0.785377702091969 120.545051942054 30.3230769732102 -9.39887408573789 207.459698850069 117.774750394234 148.166181227447 0.838752669530761 0.864585131539052 0.866070240657728
57.054 -3.49043116675035 8.9941670411781 0.446051515020284 115.892073465406 27.7846624056602 -8.12616224968319 203.753728965062 118.47727535481 145.349563104703 0.83862799107157 0.864257914663049 0.865965719243149
57.068 -3.6223233375509 8.89040339415868 0.113663312981146 110.854011157033 22.9871121956285 -6.95629411631792 200.058356068556 118.749547819329 143.174606794232 0.838642401150106 0.864211028378247 0.865871649970027
57.097 -3.81051796378727 8.76463457726478 -0.223134889731153 106.020518438276 20.1288589913329 -5.85455783445712 196.5525204617 119.534593037396 140.437146114809 0.838655370220788 0.864168830721925 0.865910447889757
57.113 -3.87879797549875 8.65222074493503 -0.5430725346768 101.050527663151 20.6037593517416 -4.75459823421752 193.57726841553 120.061133733657 138.153431503328 0.838667042384402 0.864377910566466 0.865945366017515
57.127 -3.82299396453945 8.56457554612818 -0.817309611806044 95.6645588663015 21.0586505921399 -3.98753535736065 190.239541573977 120.475020360291 136.158088352995 0.838550926639847 0.864319024691322 0.865976792332497
57.159 -3.79174439661486 8.4800684748375 -1.09847976604292 89.9454312239462 18.6184343878878 -3.68572838651008 187.535587416579 120.907518324262 134.422279517696 0.838699513444014 0.864266027403692 0.86600507601598
57.175 -3.82586904066309 8.401258757557 -1.37613333915939 84.6592850481164 14.2543008727631 -3.46601050969113 185.222028674921 120.936766491836 132.500051565926 0.838833241567764 0.864465387580056 0.866153854975562
57.189 -3.95007477728282 8.2557506300618 -1.66420908262077 80.0498450929231 10.6212371977005 -3.14612701597393 183.019825807429 120.723089842652 130.290046409334 0.838953596879139 0.864644811738784 0.866164432394739
57.217 -4.00098738546152 8.13580668010799 -1.90079215308794 75.179211728669 9.70415164586941 -2.64830820750631 180.977843226686 120.350780858387 128.1210417684 0.839188237205795 0.864682833216098 0.866543515454997
57.233 -3.98437990076821 8.05485173498232 -2.13694069809409 70.0666340672525 9.83831663395423 -2.23614914248087 178.840058904018 120.075702772548 126.10893759156 0.839146622670908 0.865087024058213 0.866638450470677
57.248 -3.94896273607744 7.98456606061434 -2.38652463579201 65.1546271490768 9.26822542857408 -2.16138919006484 177.396053013616 120.068132495293 124.418043832404 0.839488131897344 0.865204284569125 0.866970131723341
57.278 -3.91259817595541 7.95027876607634 -2.64413033566495 61.0254239761539 8.02689906892278 -2.24525027105836 175.196447712254 120.001319245764 122.716239449164 0.839416527893302 0.865556330275938 0.86689908146774
57.294 -3.91195236726337 7.82616606395296 -2.86843371368903 57.8732632579278 6.98680458187783 -2.11538173250214 173.456802941029 120.301187321188 120.824615504247 0.839857069672898 0.865626660165078 0.867204699620697
57.308 -3.8612126149273 7.75265213585661 -3.03810474852436 54.4103644130511 5.87362030689615 -1.46338554398475 172.191122646926 120.271068589069 119.422153953823 0.839748571891301 0.865936468312295 0.867110192575361
57.338 -3.83859101869488 7.69780222836226 -3.18811521750432 50.7891752999902 3.83893003193173 -0.868955386532841 171.052010382233 120.483961730162 117.67993855844 0.840155909271096 0.865845324132258 0.867517616858593
57.355 -3.81906955186568 7.63036108252189 -3.30989665229685 47.257586014266 1.18480802110497 -0.749235420398641 169.72680934401 120.375565557146 116.051944702596 0.840017527529679 0.866133265882758 0.867268357823927
57.384 -3.77528372476138 7.53309259626372 -3.45463487898917 44.1341174891753 -0.784817819173469 -0.769731725687021 168.354128409609 120.818009001431 114.766750232337 0.840271946270238 0.865898844475984 0.867537048341266
57.394 -3.79746731879983 7.48164357375893 -3.58483939226518 40.9054385646852 -1.35671771664544 -0.728636415713739 167.178715568648 121.036208101288 113.430075209103 0.8399953401371 0.866058246589566 0.867162248688642
57.41 -3.77475591387755 7.43480077056699 -3.6943620162253 37.8385588303541 -0.588984876278602 -0.896230789409541 165.880844011783 121.112587291159 112.347067688193 0.839873015309083 0.865707591851314 0.867318497983503
57.425 -3.72570494311815 7.37857631446672 -3.78670745942394 34.8203518022805 -0.181994785597306 -1.35927946619378 165.252759610605 120.641328562043 111.192360919373 0.839762922963867 0.865762795582915 0.867212611101886
57.454 -3.72345760611683 7.37322467209475 -3.8467741535908 31.7886983014418 -0.729444161999408 -1.71495457300951 164.087483649545 121.057195705839 110.153124827436 0.839663839853173 0.865565421206127 0.86699385264289
57.47 -3.655115608704 7.31399997748354 -3.90903434695059 29.1953246545037 -1.02901882976893 -1.74116903937269 163.51873528459 120.951476135255 108.857812344693 0.839321272582505 0.865387784267017 0.866796970029794
57.485 -3.60360360532871 7.27242932925301 -4.01217445321012 26.519303639435 -0.703216183433261 -1.42964755528274 162.586861756131 120.79632852173 108.232031110223 0.83913973381814 0.865351508491508 0.866496178208317
57.514 -3.53904686322693 7.22693531104634 -4.07231965589936 24.0024877793083 -0.251978534555584 -1.12027058601401 161.448175580518 120.716695669557 107.368827999201 0.838976348930212 0.86494765392026 0.866349063038679
57.53 -3.54947981194452 7.1843147551004 -4.16757077212706 21.4785748792401 -0.544337933008422 -1.08686948161108 160.543358022466 121.005026102601 106.471945199281 0.83870253075184 0.864955391179427 0.866093061916314
57.545 -3.53145585914668 7.12219383790945 -4.26760212989665 19.2956028874993 -0.781507193142695 -1.16444207543471 159.84902222022 120.784523492341 106.144750679353 0.838709486862349 0.864715021982189 0.866109718641416
57.574 -3.5069743137975 7.11051785774399 -4.35140543352381 16.9622258048562 -1.03465418375209 -1.07395206636452 159.644119998198 120.886071143107 105.550275611418 0.838589126669999 0.864374816061872 0.866001249428467
57.589 -3.51373120618637 7.090911517984 -4.46693127010001 15.1240184915462 -1.37699029209444 -0.816938539117381 159.459707998378 120.977464028796 104.775248050276 0.838480802496885 0.864068630733588 0.866027087402354
57.604 -3.50592602914073 7.05806262235015 -4.57317903626323 13.8551280927732 -0.967535537694154 -0.514633998182743 159.23373719854 120.399717625917 104.737723245248 0.838383310741082 0.864164270311422 0.865803283843621
57.636 -3.50374963544754 7.03286806589516 -4.66622824956501 12.7665618483814 -0.202079693848403 -0.186071361723247 159.090363478686 120.299745863325 104.763950920723 0.838422188852667 0.864126748461783 0.865972242020439
57.649 -3.54255216118349 7.01587915282982 -4.73824096461705 11.5685316177417 0.45171606179598 0.0760472248307572 158.601327130817 120.329771276992 104.427555828651 0.838457179153092 0.864216576266797 0.866000980735128
57.666 -3.5800481867491 7.0075323569316 -4.79251793093001 10.4093883796317 1.08517040981486 0.110427235172109 158.641194417736 120.356794149293 104.004800245786 0.838615140705935 0.864297421291311 0.866026845578349
57.695 -3.63258909866501 6.97512051947758 -4.88033280730112 9.48218999968379 1.88199688028375 0.0375524505861957 158.857074975962 120.201114734364 103.924320221207 0.838757306103493 0.864370181813373 0.866050123937247
57.711 -3.64450158791503 6.93912637371878 -4.96158081853267 8.57671909131847 2.90830100904927 -0.0997905807319658 159.051367478366 120.061003260927 103.371888199087 0.839011575507713 0.864435666283228 0.866317585707248
57.726 -3.62691140875304 6.92594512825364 -5.03440476564059 7.50607008294998 3.28846327455656 -0.155460377620601 158.326230730529 120.354902934835 103.654699379178 0.838987627142634 0.864741386216086 0.866558301300248
57.756 -3.61880152855889 6.9244967984422 -5.09827037847777 6.50279131892979 2.75580015320777 -0.180372355125717 157.973607657476 120.199412641351 103.60922944126 0.83921886444294 0.86476975024567 0.866897997469955
57.771 -3.65106684060016 6.92498892729854 -5.14365869936413 5.85556562215131 1.93594532872669 -0.25012137915513 157.296246891729 119.579471377216 103.328306497134 0.839174187184339 0.865165249384828 0.866957484284139
57.785 -3.70692067823814 6.90927102135457 -5.19881354132652 5.60130676985985 1.64693094852578 -0.568620691621296 156.866622202556 119.681524239495 103.135475847421 0.839512939959432 0.865274687363078 0.867257262155457
57.815 -3.72259290351277 6.88357285827551 -5.20852961265468 5.36407685623264 2.07231418955106 -1.01786549268817 156.6599599823 119.473371815545 103.261928262679 0.83956532543164 0.865619692790496 0.867280822501091
57.83 -3.70760836005633 6.87265492829818 -5.22068579903326 4.82766917060938 2.38722017517611 -1.22752932509875 156.05396398407 119.226034633991 103.195735436411 0.839864964382003 0.865436628692949 0.86767118379175
57.845 -3.69675589025401 6.88976355808799 -5.2467098228134 4.35635263522783 2.59964319582644 -1.34065425518429 155.448567585663 119.063431170592 103.07616189277 0.839755677129496 0.865765439987379 0.867530028329309
57.875 -3.66478245634183 6.90785483495436 -5.25325236248946 4.1398013411707 2.65189261670181 -1.6195659289025 155.323710827097 119.217088053532 102.788545703493 0.840036280910073 0.865691398639834 0.867649499660103
57.89 -3.64253057102869 6.88487206676044 -5.25650702888944 4.09147006201546 2.13708503442094 -1.92783834364584 155.631339744387 119.175379248179 102.469691133143 0.839909862004759 0.865994732939576 0.867387052345286
57.905 -3.65087516063908 6.85904002289568 -5.25692229546766 3.86934595657727 1.39436889739106 -2.09688657034996 155.308205769949 119.377841323361 102.542722019829 0.840048875818852 0.865774164827121 0.867643873410488
57.934 -3.67508484382444 6.8739787349158 -5.24568414459521 3.38622815481267 1.07172590078172 -2.18338111942183 155.317385192954 119.260057191025 102.188449817846 0.839921197422659 0.865822711261142 0.867381988720633
57.949 -3.66137951724839 6.86940718970181 -5.23060183319355 3.15752900345354 1.35844644047454 -2.47573003038041 155.385646673658 119.094051471923 101.929604836062 0.839932757148545 0.86537173641293 0.867269752765303
57.964 -3.61642372113268 6.85733209802045 -5.23438572221612 2.94101274432956 1.46153309413701 -2.80449290520497 155.687082006292 118.58464632473 102.056644352455 0.839690069927576 0.865460525688371 0.867168740405506
57.994 -3.57871683390558 6.83581030446291 -5.24772717356933 2.59500307295004 1.18942558625003 -2.86679170628752 156.018373805663 118.906181692257 101.87097991721 0.839598272120511 0.865293378301036 0.866830771546458
58.01 -3.5889536614861 6.83008762667775 -5.25315040767419 2.09962490305962 0.991857073426554 -2.5984331463458 156.256536425097 118.895563523032 101.763881925489 0.839389033402346 0.865019210391637 0.866773657308545
58.025 -3.61899636468105 6.83954183283627 -5.24079308289493 1.73699065702847 1.32091564089306 -2.40805548056618 156.230882782587 119.366007170728 101.78749373294 0.83907394677676 0.864896194533976 0.866351461498395
58.054 -3.6095232094599 6.85307843705875 -5.2420614842612 1.61901678216531 2.05523629054421 -2.59854764243322 156.027794504329 119.489406453656 101.388744359646 0.839043761284777 0.864537871358481 0.866095220530058
58.069 -3.57376333999096 6.83916460771139 -5.24936812079297 1.37543571463581 2.12604853935239 -2.9005249392586 155.785015053896 119.30046580829 101.689869923681 0.838763201870949 0.864462989404135 0.865988201128245
58.084 -3.55672278041355 6.82239244549372 -5.29173739811492 0.831021914164591 1.70962689152402 -2.84558694914954 155.626513548506 119.670419227461 101.900882931313 0.838764090869546 0.864271860384426 0.866015343932154
58.13 -3.54611483247321 6.82573283465712 -5.32095136696736 0.441049493740499 1.86232832450902 -2.49690611683 155.663862193655 119.823377304715 102.270794638182 0.838638270276477 0.864223579527486 0.865792714720441
58.131 -3.5532073649577 6.84017149882324 -5.32569609690881 0.379387292458052 2.05853824014972 -2.33805519980349 155.39747597429 119.901039574243 101.823715174364 0.838651652434522 0.864303724225931 0.86583940616513
58.145 -3.5638403599988 6.82874546298511 -5.31302738138297 0.544501998326751 1.87024166804315 -2.56455502333459 155.337728376861 120.030935616819 102.081343656927 0.838537075684956 0.864375854454531 0.865881428465351
58.176 -3.57867729415273 6.80194205506855 -5.33424653960698 0.2495937832269 1.5557365852083 -2.65161097138281 155.523955539175 119.667842055137 101.833209291235 0.838687047584612 0.864440771660271 0.865919248535549
58.191 -3.5831121303121 6.80696837721062 -5.36447683292716 -0.299793076011821 2.04672781218365 -2.3208010192827 155.931559985257 119.341057849624 101.609888362111 0.838695552011843 0.864499197145437 0.865829826333187
58.206 -3.57369596637604 6.82436090068036 -5.39407829628667 -0.404928272227433 2.94968861875155 -2.09940794025519 155.578403986732 119.406952064661 101.5288995259 0.83882967627881 0.864551780082086 0.865996130261048
58.236 -3.53499461600767 6.83103590031874 -5.40132655071867 -0.0827560556917122 3.26158998588402 -2.26122287142051 155.140563588059 119.466256858195 101.09600957331 0.838823917836622 0.864845888635057 0.866145803796124
58.251 -3.52566164782273 6.80962979334961 -5.40473752052473 0.0850615346102835 2.33008747584524 -2.45418455374411 154.866507229253 119.879631172376 100.946408615979 0.839071526067529 0.864863802422745 0.866403697580236
