32.42 -2.09043851336842 8.55689512787504 -3.60570131140446 -0.778875417695708 2.15167801772444 -2.03425238187272 172.584099692777 132.925069507936 125.362477395928 0.83932135032887 0.865189620610114 0.86689993474388
32.434 -2.11363221562807 8.5468974867306 -3.57535145042087 -0.905568028597893 2.61131937625734 -1.95830805971598 172.425689723499 133.012562557143 125.006229656335 0.839013032010632 0.864925828469807 0.866588846450995
32.465 -2.1294188859186 8.53610393633025 -3.52373542807471 -1.29363717993658 3.52117980504382 -1.98156122321003 172.703120751149 133.151306301428 125.105606690701 0.838988937995262 0.864812150804329 0.866432464457088
32.48 -2.13021934885872 8.51663346197823 -3.45603247662161 -1.97725056117956 4.25226793140967 -2.10935929936231 172.592808676034 132.916175671286 125.195046021631 0.838586937360818 0.864709840905398 0.866291720662573
32.51 -2.14326991610908 8.49120912945228 -3.35098663729227 -3.03067054322954 4.29650678712366 -2.3724691709528 172.853527808431 132.584558104157 125.035541419468 0.838605452810429 0.864494026735563 0.866165051247509
32.539 -2.1815311965929 8.46102494593821 -3.21388845230755 -4.60088593165468 3.92716145192275 -2.70163446759798 173.028175027588 132.706102293741 125.311987277521 0.838495496023271 0.8645471267132 0.865803716043462
32.544 -2.22578259029268 8.43840811189737 -3.03351809309974 -6.99957596444341 3.4527659174175 -3.20093666969314 173.305357524829 132.455492064367 125.440788549769 0.83839653491483 0.864471319223382 0.865725847090309
32.554 -2.26147883878599 8.4249961871212 -2.83904260748972 -10.2110687496785 3.08458856231697 -3.915194147762 173.494821772346 131.92994285793 125.496709694792 0.838307469917232 0.864403092482547 0.865779225298011
32.584 -2.25721360814378 8.44087774440396 -2.61146194059565 -14.2945420273824 2.64559535494023 -4.65191900779496 174.205339595111 131.876948572137 126.087038725313 0.838353932111202 0.864465285885485 0.86595058932939
32.599 -2.278154887901 8.47115243868305 -2.39215442227347 -19.3040191223541 1.40699001791949 -5.40962787037424 174.7848056356 131.769253714924 126.438334852782 0.838648538914651 0.86464472021367 0.865981493313184
32.614 -2.30508245063983 8.52766878661162 -2.18747533876023 -25.091174462027 -0.229128831200701 -6.12820706806964 175.42632507204 131.792328343431 126.994501367504 0.838787364491337 0.864806211109036 0.866132630543046
32.645 -2.35942434996214 8.63611406615358 -2.02086154983927 -31.0339654127709 -1.17491823815697 -6.96195124675886 176.423692564836 131.753095509088 127.795051230753 0.839038628056773 0.864951552914866 0.866268654049921
32.659 -2.36338093039256 8.6963054168014 -1.8756376835688 -35.907668108135 -0.567350078463408 -7.97567978620511 177.681323308353 131.597785958179 128.515546107678 0.839264765265665 0.865082360540112 0.866637314944661
32.675 -2.32875432512339 8.75993474374309 -1.77785648104405 -40.0604127477032 0.915339127856215 -8.45292096788994 178.633190977517 132.238007362361 129.22399149691 0.83934196820725 0.865323411047281 0.866599546366928
32.706 -2.28585879154064 8.79906501814808 -1.70870773670247 -43.3085699462153 2.8505227723225 -8.21755253522309 180.089871879766 132.694206626125 130.581592347219 0.83978996595545 0.865293572593746 0.867058035271004
32.721 -2.19972791803233 8.85666805307643 -1.60427606115196 -45.7571022645709 5.13188270883071 -7.45381254887635 180.980884691789 132.684785963513 131.623433112497 0.839814648828057 0.865636689498096 0.867101518305083
32.736 -2.11616476654129 8.90749321401635 -1.48748278030264 -47.1958958549077 7.90037382726062 -6.29927098864521 181.78279622261 133.156307367161 132.561089801247 0.840215378514177 0.86557552319948 0.867386892774306
32.768 -1.994689985625 8.88242735285031 -1.29779365427948 -47.7427184831574 11.3630082002597 -4.56323701955168 183.104516600349 133.460676630445 133.644980821123 0.840197520130911 0.865767257440712 0.867274166413609
32.783 -1.93151091740613 8.85591767268003 -1.01903508991889 -47.9295153371317 15.6847226474093 -1.76874537866521 184.174064940314 133.854608967401 134.14048273901 0.840433939611347 0.865816494613374 0.867665193313017
32.797 -1.96497101073937 8.90849385890323 -0.632401146509273 -48.0930523530369 22.5070900773249 1.4608009149265 185.736658446283 134.449148070661 134.586434465109 0.840141134144098 0.866107319315762 0.867524636898448
32.829 -1.82407924370894 8.9885531148281 -0.137546299116037 -48.761609713153 29.3525642756993 3.22617120511324 187.082992601655 135.644233263595 135.167791018598 0.840509215298613 0.86575175730489 0.867767699508335
32.844 -1.72618664059277 9.11543365844783 0.29112346331815 -51.9999525586316 29.6585292221752 2.68141668002176 188.474693341489 136.659809937235 134.911011916739 0.840208882262638 0.865925868135581 0.867493432208694
32.86 -1.76659206825408 9.28571030374196 0.596660655980171 -57.5243847836845 24.3934396587363 1.02090859980585 189.96722400734 137.453828943512 135.519910725065 0.840444165529901 0.865835783973216 0.867370051904558
32.891 -1.9804271603636 9.49187113829696 0.72176710567909 -64.165839435087 19.3663094333207 -0.480418901396112 191.730501606606 138.46844604916 136.487919652558 0.840150337470797 0.865631110757397 0.867135549365295
32.901 -2.12972326383103 9.72775396694163 0.785102210659124 -70.0011638885249 20.359449482355 -0.75146098072215 193.257451445946 138.601601444244 137.179127687302 0.839885892217602 0.86544690486316 0.867171280989946
32.916 -1.94901280675926 9.95327654769498 0.992998363570873 -75.6819635302068 24.4158709463332 -0.878604958985813 195.351706301351 139.80144129982 138.161214918572 0.839774512181535 0.865157384297548 0.866956655542144
32.948 -1.80816063053547 10.1162038024409 1.29801933943913 -82.7320877878731 22.4605433936847 -2.50677499743838 197.716535671216 140.761297169838 138.925093426715 0.839420877678031 0.864896815788497 0.866763492639123
32.962 -1.89375935286705 10.3432236352095 1.56984475534873 -91.9840698487805 14.6541837108047 -5.15304406258003 200.204882104094 142.105167452854 140.092584084043 0.83935599909592 0.86478603939115 0.866713106291944
32.978 -2.05686976573251 10.5294054602261 1.8058684880887 -101.83146439062 8.76433785880823 -7.04155645021516 203.224393893685 142.894650707569 141.323325675639 0.839044215900978 0.864686340633538 0.866296965583454
33.008 -2.06390761787935 10.7428779352912 2.01823000449132 -111.684959172932 8.40011781338543 -7.85801149221655 206.361954504316 143.905185636812 142.730993108075 0.839017003496573 0.864349002848087 0.866416555586288
33.023 -1.8997146617345 10.9122582211383 2.20809840266279 -120.624860202204 9.55018236792475 -7.99969125902543 209.605759053885 144.874667073131 143.697893797268 0.838739119861565 0.864169272483982 0.866153805209162
33.037 -1.90522976496565 11.0223829925913 2.38460632953976 -128.687565021678 8.01348474181929 -7.94323358350456 213.365183148496 145.747200365818 144.688104417541 0.838742417061101 0.864131250417087 0.866040927339439
33.068 -1.88116366665436 11.0863005084567 2.60230099672617 -135.948579511877 5.44572405389691 -8.02142930912357 217.708664833647 146.052480329236 145.819293975787 0.838618763848876 0.864097030556881 0.865939337256688
33.082 -1.7427269846279 11.0574554231262 2.85838049216158 -142.571278812597 1.7652737859118 -8.03837034767686 221.977798350282 146.927232296312 146.597364578208 0.838634096649681 0.863942497421897 0.865971366447753
33.098 -1.77064461380946 11.0958988571014 3.09058782067675 -149.050792152712 -3.03720779115267 -7.37880812206948 226.540018515254 147.354509066681 147.537628120387 0.838647896170406 0.864174210596441 0.866000192719711
33.13 -1.93343708697593 11.0473592910629 3.41509465521674 -153.925102250418 -4.05638777539618 -5.30046929459536 231.066016663728 148.039058160013 148.443865308349 0.838660315739058 0.86438275245353 0.86614946000892
33.145 -1.97831645414504 10.9510610908384 3.80998178851098 -157.111217979574 -0.464489455871828 -2.9314910674259 235.379414997356 148.535152344012 148.899478777514 0.838797963633304 0.86457044012491 0.866406988171753
33.158 -1.88367489700263 10.6906934270366 4.26204606769821 -159.881012212151 0.56592895536421 -1.73376180801155 240.58147349762 148.981637109611 149.309530899762 0.839048167284543 0.864739359029152 0.866638763518302
33.187 -1.98650218002271 10.4937120398078 4.87576293538518 -163.414285036738 0.347503998759087 -0.102370360034825 245.323326147858 149.683473398649 149.138577809786 0.83914703002424 0.865014709687417 0.866600850083205
33.202 -1.82645846562628 10.2200621950799 5.69542073837376 -166.994993937644 0.173058942394629 1.44221782100683 250.610993533072 150.375126058785 149.044720028808 0.839488498515343 0.865139201635408 0.866936291374616
33.219 -2.02185705742577 10.0285446573651 6.1839362588357 -171.390914391208 1.49926449853685 4.00028611524202 255.429894179765 150.937613452906 148.660248025927 0.83954332813196 0.865497755635593 0.866868625153888
33.249 -2.39852948881393 9.48376085126608 6.3799902266411 -173.85563974598 0.876818964713695 6.0086544502827 260.006904761789 151.683852107615 148.074223223334 0.840097065218795 0.865573942988767 0.867177288938231
33.263 -2.96636048463469 8.52574810398409 5.55997201795709 -177.93267119123 0.719671419387363 6.95740732586512 264.42621428561 152.655466896854 147.486800901001 0.840217358711485 0.865889022853615 0.867332034208133
33.278 -2.7883571342303 7.87326870870103 6.33838309939502 -185.134060560656 -0.877486562246029 7.10594140243891 268.883592857049 153.289920207169 146.718120810901 0.840577817409262 0.865802623219446 0.867594357087051
33.308 -2.61271150907936 7.3720489488081 6.88997388567744 -191.049662138178 -2.61263866938021 8.96481291104999 273.795233571344 153.320928186452 145.606308729811 0.840397244854028 0.866094835061227 0.867584207939526
33.323 -2.73116073609349 7.08375686520659 7.33121922629671 -196.958436382376 -1.33229083297654 11.3614613909374 278.335710214209 154.068835367807 143.88567785683 0.840739714937551 0.865864256736607 0.867821313445304
33.338 -2.81759389878175 7.11141862375429 7.8633131773853 -201.721371370092 9.6887245098631 13.8871473129123 282.542139192789 154.861951831026 141.377110071147 0.840542952629489 0.866273357362678 0.867665145017507
33.368 -2.64291518307502 6.50209018501244 8.312868814908 -201.635493775068 25.3534398451363 16.2709516655906 287.52792527351 156.055756647923 137.799399064032 0.840744828860067 0.866024926807912 0.867894156815488
33.382 -2.36066715160109 5.94938503127636 8.46637693158615 -202.407058901378 33.4799279216914 16.1354595524666 292.075132746159 156.830180983131 133.919459157629 0.840547555159753 0.866171720688301 0.867607243785132
33.399 -2.17170635377554 5.54071541805275 8.60710801284159 -203.097650721164 30.830408411965 14.5455777193574 295.987619471543 157.587162884818 129.887513241866 0.840496479111929 0.866057051270664 0.867595805967799
33.429 -2.47826733155716 5.2589843169976 8.3177135968266 -203.723763511643 22.7756118455777 12.9093405581086 299.388857524389 158.268446596336 125.778761917679 0.840324040386429 0.8658302513251 0.867462188287752
33.443 -2.89135997858944 4.96903447176176 8.18061987615151 -200.860547465822 22.8117911190352 12.8329103190917 302.98997177195 159.421601936702 121.420885725911 0.840042224841672 0.865626131374093 0.867465256020157
33.457 -2.89407717019888 4.5362357723578 8.31263694813719 -195.559988902446 33.7787036101851 13.9511460047398 306.110974594755 159.979441743032 117.01879715332 0.840041681825656 0.865442423418186 0.867344693334875
33.487 -2.40613027957593 3.82200333129146 8.63094915435496 -189.807043447316 46.3657187453498 14.4590848393803 308.919877135279 160.961497568729 112.216917437988 0.83966133035774 0.86527708625787 0.86711272665258
33.503 -2.20508143497272 3.13520068512063 8.72882692950174 -187.124049026248 47.0184598479141 13.8345504012438 311.507889421751 161.785347811856 106.635225694189 0.839572406507658 0.865004547552787 0.867027416904055
33.518 -2.46066028946128 2.61140985416502 8.62029312494879 -187.420041070188 39.3013466875501 13.0068205519591 313.657100479576 162.46681303067 101.31170312477 0.839238982571542 0.864882997979011 0.866703580395153
33.547 -2.96397937899965 2.15711664373097 8.39021333256499 -187.068113299048 34.2559448432226 12.3359094891296 315.891390431619 162.900131727603 95.9805328122934 0.83919229350008 0.864525994459013 0.86653572500683
33.562 -3.15623800962691 1.6474568773605 8.25915742098513 -184.113210366089 38.8196633359996 11.5610971661708 317.482251388457 163.470118554843 90.1624795310641 0.839023652643958 0.864452300194614 0.86638465515734
33.578 -3.16035984465055 1.04954025113263 8.17263100307485 -179.93013360429 45.9140328802622 10.6026973732179 318.854026249611 163.323106699359 85.3462315779577 0.838998496565255 0.864262240095857 0.86637215255834
33.609 -3.28563507653986 0.510457607779008 8.00485496903629 -177.798952304929 49.834843332694 9.42029023131594 319.84862362465 163.310796029423 79.5716084201619 0.838975856094422 0.864214921267774 0.866360900219239
33.639 -3.2619133018647 0.0958523148355802 7.69075152741525 -177.396919669856 51.4376185414093 7.47749784940572 320.443761262185 162.879716426481 73.9544475781457 0.838955479670672 0.86429593179219 0.866350773114048
33.652 -3.20195720403144 -0.236052328879423 7.19736869454372 -176.564861290657 49.957978824673 5.08241982019034 321.579385135967 162.611744783833 67.8190028203312 0.839189931718174 0.864492301529704 0.866464982363823
33.683 -3.11292164750769 -0.543026496054042 6.67491404402245 -173.869443863881 46.8095091864805 3.16043738015604 321.64144662237 162.850570305449 62.1771025382981 0.839400938560926 0.864421976558236 0.866690958291166
33.685 -3.22121332789547 -0.815292950643279 6.12114721704712 -170.016087263753 43.8583292601989 2.60240890931601 321.577301960133 162.945513274904 56.7393922844682 0.839590844719403 0.864605741819146 0.866771149023229
33.713 -3.21027835641879 -1.18070126429782 5.60031143578163 -164.023638842721 45.7350917540263 3.48262603365158 321.75957176412 162.670961947414 51.2454530560214 0.83988793174099 0.864894454198411 0.866966508284632
33.743 -2.96341091782968 -1.63604245950806 5.15005444066767 -155.529671905014 49.054712349616 4.93512678906505 321.683614587708 162.183865752673 45.7009077504193 0.84002913858146 0.86515429533975 0.867019144017348
33.757 -2.97077430240321 -2.16687643262768 4.85262206712703 -146.921742882451 48.2614548551125 6.84543090405167 321.195253128937 161.445479177405 40.4108169753774 0.840534294623345 0.865141368456968 0.867435673156382
33.759 -3.40380866186626 -2.66563611983977 4.66070941256887 -139.576896838481 45.4834009726546 8.851727508303 320.815727816043 160.960931259665 35.4697352778396 0.840484544629162 0.865499705774996 0.867441392401924
33.788 -3.86668249538667 -3.25877051734676 4.40341287106936 -131.628367459976 44.8289540051602 9.07189826892308 319.454155034439 160.584838133698 30.2427617500557 0.840818284735171 0.86545223784869 0.867692779461463
33.803 -4.07042438302451 -3.72064566478506 4.20662174150942 -124.151790255963 44.8773563145678 7.29753286951169 318.528739530995 160.306354320329 25.3584855750501 0.840740135729806 0.865779488227546 0.867672788076497
33.818 -4.07692044836891 -4.07845346807279 3.78099159882008 -116.246534894489 42.9735901487599 4.33800859019411 317.575865577896 159.575718888296 21.2026370175451 0.841048316725751 0.865704042055985 0.868146735723494
33.848 -4.12867569204521 -4.2877136052743 3.27749612765496 -107.912721099697 38.6182158667083 1.80573444873195 316.358279020106 158.918146999466 17.1023733157906 0.840820694238868 0.866006112014111 0.868081348712325
33.862 -4.01586145707683 -4.42523081133622 2.81184049997018 -97.1412963179714 34.4770049670604 -0.258045103011477 315.562451118095 158.02633229952 13.4721359842115 0.841120819383907 0.865784405994203 0.868391657381861
33.878 -3.85716707600996 -4.50494298067562 2.45906981724459 -83.9752582892277 27.823960958904 -1.93605738660346 315.026206006286 158.003699069568 10.5049223857904 0.840759325939402 0.865955251955962 0.868178454560408
33.908 -3.76563789034347 -4.55298131162112 2.19161502031646 -69.5441446740454 17.8866030309525 -3.27985622809579 314.843585405657 157.443329162611 7.65443014721133 0.840939564838989 0.865738631941869 0.868233083268092
33.922 -3.77466029153282 -4.5737103353815 1.99896930314447 -54.4882034890836 7.60862975075802 -4.01599274269079 314.499226865092 157.11899624635 5.6289871324902 0.840722817540783 0.865790731664415 0.867788680122786
33.938 -3.77487957083596 -4.59380297638864 1.93153158417951 -38.2248793233814 -0.186584369355949 -4.13195072033011 314.849304178582 157.247096621715 3.98608841924118 0.840527744972397 0.865590563679476 0.867759098671687
33.967 -3.74963854196739 -4.581420130532 1.90274036757598 -20.4764371925699 -6.58929997822188 -4.86837396890778 315.344373760724 157.062386959543 3.88747957731706 0.84035217966085 0.865534009962722 0.867609151721252
33.981 -3.87230952778225 -4.49922764331193 1.87383552341864 -2.77917515270225 -12.4089959345982 -5.90520069415441 316.029936384652 157.256148263589 3.67873161958536 0.840067550188651 0.865359514147952 0.86735073920032
33.996 -3.98492803751318 -4.41657542017184 2.04181135847454 14.8995057213466 -13.3192413793063 -6.33987146443362 317.006942746187 157.55053343723 4.21085845762682 0.839938004355478 0.865202467914659 0.867118167931481
34.026 -3.99057646911342 -4.33099552536382 2.33011751014845 33.5576467522654 -9.47281342458177 -6.86160950882996 317.586248471568 157.395480093507 5.22977261186414 0.839694792413816 0.865061126304696 0.866908853789526
34.041 -3.87798506308495 -4.26797971020079 2.69218460892608 51.3598973442144 -5.68965421952817 -7.11896000832864 319.127623624411 157.435932084156 6.80679535067773 0.839728992640586 0.864686309952129 0.866843931327306
34.056 -3.74941874404758 -4.18145764669719 3.04934916652713 66.766655701396 -5.54435291971276 -6.74981209909883 320.27486126197 157.832338875741 8.58611581560995 0.839506681870413 0.864720181608109 0.866538443376078
34.085 -3.80465508276233 -3.96987163544544 3.39096843383438 79.4487687572106 -8.5815206811766 -5.72673928613551 321.247375135773 158.009104988167 10.847504234049 0.839306602177257 0.864503333368003 0.866263504219973
34.115 -3.90476570821412 -3.80446363259121 3.82477975352162 92.039769744085 -9.91878846038718 -4.684599708667 322.662637622196 158.34819448935 13.7827538106441 0.839253151145224 0.864308169951907 0.866263116714709
34.115 -3.79375233319349 -3.66313815804211 4.26500933584768 103.901441624638 -8.32614625556984 -3.20621607367816 324.116373859976 158.713375040415 16.4844784295797 0.839078424524587 0.864256258138219 0.866262767959971
34.146 -3.6132754033829 -3.45394383095402 4.74423493043064 113.74183181332 -8.92940949260828 -0.4901746189821 325.364736473979 159.222037536374 19.4560305866217 0.83917426154028 0.86445659524113 0.866262454080708
34.161 -3.69577301258074 -3.12572784473925 5.23168201233875 121.203526494583 -12.7082242685383 3.01762146887031 326.368262826581 160.279833782736 22.8504275279595 0.839260514854403 0.86451343836821 0.866385495233817
34.175 -3.9142714921912 -2.77700261399533 5.76315963553724 128.300731097033 -14.7190812309974 5.05784405480771 327.391436543923 161.591850404463 27.1053847751636 0.839338142837115 0.864564597182582 0.866496232271615
34.206 -3.90286400773648 -2.52653639726686 6.18390893000964 134.89279539191 -13.4196921918672 6.61236499283839 328.192292889531 162.652665364016 31.6548462976472 0.839534328567972 0.864734100381057 0.866719083208179
34.223 -3.6717321651446 -2.17973077785534 6.5797617351288 139.685958600811 -12.6594023619934 8.91372391340188 328.613063600577 163.427398827615 36.1693616678825 0.839710895725744 0.864763192994144 0.866796461448541
34.251 -3.44264452850227 -1.73035811625328 7.01964675622651 142.331866557523 -16.8644544922063 12.1399087739701 328.45175724052 163.824658944853 40.4124255010942 0.839995977646697 0.864789376345923 0.867112341603418
34.268 -3.61193631764118 -1.29665359773403 7.20934267554405 142.764328756733 -25.4261006460391 13.7633224767257 328.366581516468 164.362193050368 45.1311829509848 0.840126379896597 0.865059725272511 0.867273581606801
34.282 -3.75567981012938 -0.719092949493221 7.0636153553163 145.687132522281 -30.3949409631146 13.6930970992822 327.869923364821 164.785973745331 49.5580646558863 0.840495936475863 0.865056255396453 0.867541749745853
34.298 -3.43673469789276 -0.153379533526443 7.30038974889234 153.816129193717 -33.1981949584062 13.6573751756135 327.482931028339 165.227376370798 54.6822581902977 0.840450022296428 0.865423104020532 0.867536861332447
34.328 -3.38539325744614 0.660125410106353 7.68754514045818 160.538333068238 -39.438680806077 13.5656834595789 326.234637925505 165.564638733718 59.8340323712679 0.840787214635711 0.865506756535213 0.867901618739971
34.343 -3.2350980360869 1.33757233221522 8.32957401264284 167.201293654544 -50.0429043285228 10.8289624418653 325.171174132954 165.928174860346 65.6106291341411 0.840585702357832 0.865828555045416 0.867860743427154
34.358 -3.51546577688129 1.90777027248613 8.43855539311683 172.707881846342 -59.0851787811667 7.22392879309858 323.974056719659 165.415357374312 71.769566220727 0.840909326690975 0.865624604722377 0.868193112625207
34.389 -3.29344551631276 2.69921446716135 8.57835759535178 179.433276867815 -58.1064318954164 3.77252828020094 322.476651047693 165.013821636881 77.9726095986543 0.840568982515763 0.865934618413865 0.86787630401388
34.403 -2.68673270525155 3.41923557110439 8.95664816333125 186.50292628027 -53.7110558814473 3.54871056668466 320.408985942924 164.412439473193 83.6753486387889 0.840894278833112 0.865843659223671 0.867961147776217
34.418 -2.78018244726912 4.12483513105938 8.94653870969954 191.566374110258 -51.818576247501 4.19154943368032 317.588087348631 164.231195525873 89.64781377491 0.840682060135494 0.866008579862484 0.867667535649788
34.447 -2.80203795990457 4.61334954275813 8.78295430818149 196.912790134347 -52.5565659509952 2.28995174222068 314.809278613768 163.108075973286 95.143032397419 0.840617533590096 0.86566289179694 0.867650068645989
34.463 -2.71995435262719 5.24478812134975 8.89250649165167 201.515404250683 -51.3978559207812 0.168590155784874 311.948350752392 162.097268375957 100.688729157677 0.840306368724972 0.865475507798748 0.867387564432583
34.478 -2.45633862335979 5.87599044248504 9.10931720570672 205.878367642409 -45.5687573516038 -0.523078020098957 308.833515677152 161.367541538362 106.219856241909 0.84002632034636 0.865183126939578 0.867274770906058
34.508 -2.25439894127398 6.39175929908493 9.29056049200251 207.913431641527 -43.3805839065198 -1.06466334786005 304.650164109437 160.650787384525 111.017870617718 0.839900897497417 0.865167316896813 0.867173256732186
34.523 -2.53018518621519 6.77400966541057 9.4195021463545 207.054149546076 -42.5654262792266 -1.8391130436084 300.825147698493 159.945708646073 115.756083555947 0.839661396241561 0.865029490388634 0.866711100979672
34.538 -2.2308388650548 7.05704275419788 9.58451108394073 205.244154438797 -38.2218607505406 -2.8239040293239 296.602632928644 158.771137781466 120.080475200352 0.839572465803097 0.864657837627674 0.866665953798438
34.567 -2.09903391898854 7.28645381614992 9.60552784435159 201.629662659039 -36.1470029197613 -3.52166629814723 292.44236963578 157.714024003319 123.852427680317 0.839365807716673 0.86444722378561 0.866378263600097
34.581 -2.09790492684707 7.48921273903932 9.41040136187261 196.045322347334 -35.9086385056478 -4.01911798894319 287.918132672202 156.942621602987 127.547184912285 0.839179815438891 0.864381406588552 0.86624293989128
34.596 -2.16661995021461 7.76423164686757 9.04361049326348 189.967507669852 -34.1597593879074 -4.70346573203361 283.486319404982 156.128359442688 131.352466421057 0.838885650609652 0.864322171111199 0.866121148553345
34.626 -2.08403325111829 7.96446320248721 8.70260508053381 185.673810337982 -29.4468368842312 -5.20869167791422 279.317687464483 154.97552349842 133.877219778951 0.838747674042572 0.864145123920784 0.866134996614744
34.641 -1.89274846790281 8.12468001395235 8.25294594043087 181.78047510571 -25.3990997606936 -5.60614312080982 275.505918718035 153.877971148578 136.089497801056 0.838750115824008 0.864109516710208 0.866023999604463
34.657 -1.7651841695134 8.31574165656957 7.73590482539169 178.077236755445 -24.3194951281357 -5.56003262552273 271.235326846232 152.77017403372 137.84054802095 0.8387523134273 0.86420106769038 0.86604756256075
34.689 -1.7526087094865 8.58304625601881 7.18437654912083 175.035161934862 -25.0867822565435 -5.23914386678725 266.551794161608 152.133156630348 139.656493218855 0.838754291270262 0.864283463572535 0.866192092865855
34.701 -1.84262539114253 8.86031148896796 6.57750869220145 172.288897649773 -24.5300124278357 -4.96637451827647 261.976614745448 151.439840967313 141.17084389697 0.838756071328929 0.864357619866475 0.866322170140449
34.718 -1.91418329327431 9.17604988276526 6.02749690197987 169.569931548918 -19.5617440094796 -4.24530958553279 257.678953270903 150.395856870582 141.873759507273 0.838884143664187 0.86442436053102 0.866192455777597
34.748 -1.71737801014596 9.37629767769186 5.61251247629299 167.284694119217 -13.6391573947912 -2.60093129873523 252.911057943813 149.756271183524 142.926383556545 0.839125729312338 0.864607887394652 0.866445684363563
34.762 -1.57383193355096 9.51192869407184 5.20724347267843 164.306606386684 -11.9088294415716 -1.17900610779301 248.439952149431 149.840644065171 143.693745200891 0.839216835849256 0.864896385216366 0.866550402488386
34.778 -1.63491964740717 9.63914416130406 4.74799025387434 160.927854144962 -12.7019159630633 -0.470265802357219 243.935956934488 149.316579658654 144.384370680802 0.839551323757857 0.864909249345923 0.866890888539279
34.808 -1.68828249338117 9.71000376250764 4.33220830259503 157.046519112146 -12.9424113896577 -0.323239222121497 239.462361241039 148.784921692789 144.345933612722 0.839599870850223 0.865413850711062 0.866951086246531
34.823 -1.7136838587777 9.73900157427567 3.87372864512605 152.276218345969 -12.3290862812263 -0.219159574718508 235.076125116935 147.82642952351 144.19134025145 0.839896055258728 0.865374968291149 0.867251503921609
34.837 -1.81615230017807 9.78437298133175 3.44068638290169 146.583711015189 -10.752666202722 0.121076993440366 230.828512605242 147.023786571159 143.752206226305 0.839910129201006 0.865709945625759 0.867275640090629
34.868 -1.77687236583745 9.78582259649814 3.14192801241758 140.856637623594 -7.23923164351851 0.69751891241694 227.185661344718 146.241407914043 143.296985603674 0.840175287774433 0.865641453714376 0.867543602381297
34.883 -1.65251597389444 9.76474146218401 2.87903098039045 134.719065464288 -5.49164435702925 0.643034196747765 223.487095210246 145.597267122639 142.107287043307 0.840034968182682 0.86607283464267 0.867538528704347
34.899 -1.59697866998491 9.69255732451054 2.61399250869942 128.0242581545 -7.83408297476144 0.0970513877600113 219.198385689221 144.777540410375 140.796558338976 0.840287642857941 0.865968053829596 0.867780202133644
34.926 -1.70662849452237 9.61687754649674 2.34445297177129 120.937862873401 -11.1896059749952 -0.434027796817517 215.938547120299 144.159786369337 139.976902505078 0.84013608775784 0.866243722610361 0.867504684571473
34.941 -1.79424015259272 9.53942832105239 2.12197868337178 113.809725441023 -11.5179736217705 -0.680701353013627 212.644692408269 143.363807732404 139.239212254571 0.840252478996625 0.865998255530828 0.86762669027805
34.958 -1.72494941570335 9.50821078496766 1.91283342221329 106.402798698448 -9.56312282447895 -0.907287706261883 209.440223167442 142.647426959163 138.095291029114 0.840104440282655 0.865900932628938 0.867366523901438
34.988 -1.61877386228418 9.50675055394404 1.69539342503801 99.0052669202058 -9.66329909164938 -1.64632992800211 206.376200850698 142.182684263247 136.765761926202 0.839971205440082 0.865689744547547 0.867379158072474
35.002 -1.60713262965836 9.48215267369001 1.44588774604548 92.1146638923074 -12.6328470450799 -2.94887250772098 204.158580765628 141.704415836922 135.749185733582 0.83972467338996 0.865623272743985 0.86714374491642
35.018 -1.62502681860827 9.39884276368185 1.18655685928121 85.8428921595652 -15.1886463100375 -3.72574098213972 201.682722689065 140.67397425323 135.194267160224 0.839502794544849 0.86556344812078 0.866931873075971
35.049 -1.66100345536622 9.39473224143354 0.925805297613034 79.3891372947538 -15.565201526362 -3.65316688392575 199.214450420159 140.346576827907 134.934840444201 0.839429724276057 0.865386008490205 0.866864648685107
35.063 -1.60240276889103 9.37553031855972 0.66108166615953 73.5700708935227 -14.0346355721991 -3.61227767644921 196.993005378143 139.811919145116 134.341356399781 0.839110568563101 0.865349910292377 0.866433353737301
35.079 -1.47262870880452 9.36704728258387 0.402539534337431 68.3039034988269 -13.8609430073456 -4.02585906910963 195.053704840329 139.270727230605 133.747220759803 0.839203191174942 0.864946215541042 0.866292521014764
35.108 -1.36630668591697 9.3056627027935 0.176375820905367 63.708627652761 -17.8389708440156 -4.82632659731317 193.428334356296 138.663654507544 133.332498683823 0.839033460551333 0.864830499168441 0.86604217409479
35.123 -1.46023763136183 9.23880473787304 -0.139040606018544 59.1255511470269 -23.0161424619041 -5.15438096048262 191.965500920666 138.59728905679 132.719248815441 0.83875393121085 0.864478745529499 0.865940459336504
35.141 -1.6277345858465 9.21795732988164 -0.423094943281985 54.6694845819425 -24.1442992080801 -4.59543141405268 190.4689508286 137.757560151111 132.227323933897 0.838755747275457 0.864409776158052 0.865972376319587
35.168 -1.63668524406406 9.1949448992006 -0.677546747133413 50.7536811619162 -21.5229990582645 -4.106117280281 189.18205574574 136.821804136 131.724591540507 0.838630761041797 0.864347703723749 0.866001101604362
35.182 -1.54855378134894 9.18973616443801 -0.938336403016996 47.1195344197704 -20.4447449539648 -4.28787196446664 187.603850171166 135.6796237224 131.572132386456 0.83864489412331 0.864538896268108 0.866026954360659
35.196 -1.57954830822808 9.15398360207136 -1.21841721908279 44.0549092220682 -22.686530000553 -4.67053514969936 186.303465154049 135.25166135016 131.074919147811 0.838530993204865 0.86458750929249 0.866173545485773
35.226 -1.67765333858844 9.08260122163107 -1.4750987754109 41.1692656281056 -23.9216937943908 -4.37981751259202 185.073118638644 134.326495215144 130.92742723303 0.83868157335253 0.864507663544744 0.866182153853929
35.24 -1.86363129563078 9.05169629355976 -1.71987884633325 38.6073008973561 -21.5363946439594 -3.70977469263053 184.14580677478 133.553845693629 130.854684509727 0.838817095485428 0.864682860107002 0.866313225029716
35.257 -1.88622211885701 9.02489942879119 -1.8930750017695 36.5885555404449 -16.022449836052 -3.48841554397817 183.311226097302 133.098461124266 130.789216058754 0.838939065405037 0.864840537013035 0.866431189087924
35.288 -1.80551855092273 8.96732325468038 -2.08666020560256 34.7945854825837 -11.4354720280193 -3.73575719568722 182.080103487572 132.44861501184 130.370294452879 0.83930133035806 0.864858985962925 0.866783596478863
35.304 -1.79453603319846 8.95141768855072 -2.25909123952381 32.5365009801268 -9.89421490155327 -3.64309750665285 181.212093138815 132.103753510656 130.353265007591 0.839374876790406 0.865245561530357 0.866731199747711
35.319 -1.81404058837166 8.92890260579184 -2.42858452321761 30.5782707294424 -9.79486974727581 -3.45970378652191 180.190883824933 131.67337815959 129.977938506832 0.839693560604892 0.865223508028515 0.867053606072671
35.349 -1.83189396294895 8.89481247033473 -2.5523381953389 29.0578482366508 -9.54133697102151 -3.28854256817507 179.15179544244 131.526040343631 129.760144656148 0.839601413730096 0.865573631389388 0.866974208382137
35.363 -1.87106605976472 8.8614378860515 -2.65587550922787 27.6581702832147 -9.36659258689646 -3.23220739532703 178.636615898196 131.093436309268 129.384130190534 0.840023466926012 0.865642231167183 0.867395231084692
35.379 -1.91649629422709 8.81565893509283 -2.74654518238803 26.4809028732139 -9.08413180148925 -3.37158207564165 177.992954308376 130.884092678341 128.50571717148 0.840024799701562 0.865950482214189 0.867404994537403
35.409 -1.95097901000396 8.79977650181915 -2.85191032891363 25.411438540091 -8.29327587324873 -3.5848055474668 177.053658877539 131.055683410507 128.795145454332 0.840404514300331 0.865857936643964 0.867782938624431
35.423 -1.92640812612011 8.78213043275295 -2.88012030367455 24.2542641517307 -7.56776507981699 -3.75380590875065 176.568292989785 130.490115069456 128.455630908899 0.84036774233845 0.866144617143292 0.867630607678721
35.439 -1.9256625838557 8.76930158671277 -2.89377768019796 22.6303644541149 -7.83007254130094 -3.69369249344811 175.831463690806 130.281103562511 128.090067818009 0.84071316267353 0.865909060610466 0.867863073210581
35.469 -1.97993851907364 8.75835415127757 -2.95838262301648 21.0413738102301 -7.50126376045329 -3.49684232807276 175.528317321726 129.85299320626 127.881061036208 0.840392434900063 0.866190628713144 0.867579268540716
35.484 -2.0111894715486 8.74227654102042 -3.00778824384777 19.7967784139399 -5.50915265158353 -3.3357077135861 175.195485589553 130.007693885634 127.512954932587 0.840356870878208 0.865950471023332 0.867693815850369
35.499 -1.94420567530317 8.70194933857853 -3.02741347219737 18.7499250000269 -3.24144349329541 -3.49832014833436 174.415937030598 130.14692449707 127.181659439329 0.84019839297608 0.865981386837732 0.867550397182065
35.53 -1.90606662670901 8.65883141201438 -3.04633312046103 17.4360012023142 -2.88523807526358 -3.42253393502764 173.774343327538 130.212232047363 127.063493495396 0.839929142172358 0.865638418074663 0.867421320380592
35.548 -1.9518873903763 8.62714798547359 -3.08454949217652 16.0320957385714 -3.34175243567615 -3.07035687740274 173.376908994784 130.211008842627 126.897144145856 0.839686816449007 0.86557707891839 0.867181690993726
35.556 -1.98450693609819 8.60868853894649 -3.08279179237141 14.6991151723478 -2.28391306997113 -2.51751966294491 172.779218095306 130.089907958364 126.027429731271 0.839468723297992 0.865398276208054 0.866842427075856
35.587 -1.9862713675723 8.63840281874935 -3.10293723376262 13.4330204490062 -0.143308022516002 -2.24439365084889 172.721296285775 129.740917162528 125.844686758144 0.839399060153886 0.865113618507953 0.866784147285004
35.602 -1.90136880824198 8.57913397471011 -3.09281655459107 12.4576573354033 1.05651896294171 -2.33522146133652 172.909166657198 129.306825446275 125.920218082329 0.839209742632383 0.86510475930835 0.866484637738006
35.617 -1.94173369839099 8.56098679351718 -3.1372183469698 10.8096015255271 0.476057906342191 -2.24750084192043 172.658249991478 129.696142901648 125.928196274096 0.83903935686303 0.864849453298219 0.866338676615398
35.645 -1.99344484240687 8.575838813018 -3.20507240662859 9.35154213633313 1.24524600883774 -1.82580419284289 172.31242499233 129.926528611483 125.215376646687 0.838886009670613 0.864619677889102 0.866207311605052
35.661 -1.96343027559706 8.56298912361073 -3.25399048659104 8.48738028911203 3.18484354535855 -1.63253675065783 172.361182493097 130.013875750335 124.573838982018 0.838747997197437 0.864412880020896 0.86621254336128
35.691 -1.92540383643915 8.5259262036813 -3.29658023893444 7.73024531363594 3.54651186257842 -1.76012277024854 172.225064243787 130.032488175301 124.536455083816 0.838623785971579 0.864474094669999 0.865970194206654
35.706 -1.96725580966779 8.5167509417116 -3.37411606651194 6.60302230898991 2.3659064778473 -1.74365247795651 171.982557819409 130.409239357771 124.142809575435 0.838638616560114 0.864529187854193 0.866122461347169
35.721 -2.01719286927261 8.51579558554704 -3.4146291882543 5.5480635895413 2.20870514303967 -1.43569944390132 171.704302037468 130.208315421994 123.848528617891 0.838651964089795 0.864578771719966 0.866136178129185
35.736 -2.02664218147407 8.52786444160415 -3.47233955300584 4.68180684890778 3.20691859820135 -1.19823636974019 171.333871833721 130.027483879795 123.343675756102 0.838790447148967 0.864746857464703 0.866148523233
35.765 -2.01311989247629 8.5099960195995 -3.51805396291674 4.03958036249028 4.01447101319037 -1.43566464116312 171.060484650349 130.164735491815 122.949308180492 0.838915081902222 0.864774674369426 0.866159633826433
35.78 -2.02489186185445 8.50307219278603 -3.58607183170075 3.26157652471454 4.15882543858889 -1.59438825338269 170.574436185314 130.168261942634 122.714377362443 0.839153573726569 0.864676112113986 0.866416144607515
35.795 -2.05110879711371 8.51096657262852 -3.64639007692118 2.62778528445683 4.77195052831779 -1.47617080209022 170.856992566783 130.29143574837 122.742939626198 0.839115425539605 0.864957787463767 0.866647004310488
35.826 -2.03867130254562 8.52142339360664 -3.67966738621514 2.33218232853023 6.0237631090738 -1.49114914172853 170.691293310104 130.222292173533 122.828645663579 0.839333883000213 0.864964511368583 0.866977830179171
35.84 -1.98144902683665 8.5107232577677 -3.70452930283655 2.15697936285278 6.53512725618169 -1.75577468557094 170.422163979094 130.64006295618 122.665781097221 0.839404174168344 0.865217346792905 0.867029333722434
35.855 -1.97992793825897 8.49307254377682 -3.74468194620707 1.82525089221635 5.97550766033451 -1.89088423991461 170.239947581185 130.236056660562 122.819202987499 0.839845951320435 0.865321575030348 0.867444843890959
35.887 -2.00968358612924 8.50597718438815 -3.7391602323374 1.36257313123899 6.49627750498808 -1.65675764798422 170.555952823066 130.112450994506 122.477282688749 0.839865035656543 0.865661891691038 0.867449646063043
35.901 -2.03825931874099 8.50328596008996 -3.75723487072475 1.21868223032883 8.76726044151217 -1.53917348623923 170.480357540759 130.241205895055 122.169554419874 0.840260726659814 0.865598205173127 0.867945907911386
35.918 -1.92547290736898 8.4884739122377 -3.74471178591211 1.2365086637845 11.4370992828571 -1.73182102311149 170.952321786684 130.41708530555 122.192598977886 0.840238333461984 0.86591085881954 0.867777280036981
35.948 -1.8058290590149 8.49268056764479 -3.75115810877048 0.938048637100707 11.5101832477012 -1.95176869179271 170.837089608015 130.515376774995 122.393339080098 0.840470671609313 0.865822275588779 0.867995078333014
35.962 -1.79331911587433 8.49814254475483 -3.77180383544531 0.565617819192163 9.72099698399978 -1.91613380734626 171.093380647214 130.603839097495 122.454005172088 0.840300813634074 0.866112522193626 0.867821533416446
35.977 -1.80396710321649 8.49701298266216 -3.78559659070998 0.431956800631726 8.95118736193568 -1.63673416706965 171.264042582492 130.983455187746 122.208604654879 0.840400732285236 0.865880175155766 0.868034906374533
36.008 -1.76704293327342 8.49324302365986 -3.79501732123402 0.33456264728611 9.23545793871921 -1.40512181906498 171.297638324243 131.325109668971 122.227744189391 0.840237868242405 0.865918120556922 0.867733918388272
36.038 -1.71399915668497 8.48212873182244 -3.82205102383352 0.205686535229255 8.89588161049614 -1.34934246158596 171.147874491819 131.332598702074 121.944969770452 0.840217760886316 0.865457604779133 0.867709813110625
36.051 -1.69313466954049 8.49271598376226 -3.83075919335416 -0.0362561640951973 7.55209497616409 -1.24875936046553 170.713087042637 131.399338831867 121.990472793407 0.83994657329157 0.865537807217953 0.867564794716296
36.068 -1.73014153606727 8.50547670350127 -3.8552961223006 -0.0532412347085783 6.49688547854768 -1.03991395877012 170.501778338373 131.39940494868 121.251425514066 0.839829125148106 0.86536293167766 0.867187220426169
36.082 -1.74106192797751 8.50714508616018 -3.87408732229588 0.171930217006554 6.46551754137993 -0.942029433122119 170.731600504536 131.579464453812 120.88628296266 0.839596801127181 0.865081808430598 0.867094461300285
36.098 -1.72347667405305 8.50170350006003 -3.89931925702797 0.361607424313533 6.50980548189843 -0.884467711183953 170.458440454082 132.101518008431 121.037654666394 0.839260937729112 0.865076130238732 0.866640185090961
36.129 -1.71932167937724 8.51518156466584 -3.92903101952707 0.252927597912714 6.21836691844141 -0.719685062202962 170.332596408674 131.971366207588 121.053889199754 0.839338523424352 0.864823687135563 0.866355071763368
36.158 -1.72084942278595 8.52186500732035 -3.97193247537466 0.258932548045106 6.10798060827666 -0.4751974720132 170.819336767807 131.854229586829 120.828500279779 0.839028487796566 0.864720223603509 0.866098469768533
36.16 -1.72078787223099 8.53314734432635 -3.98821784073697 0.397161430645176 5.90786957034976 -0.391036503437834 170.297403091026 131.868806628146 120.505650251801 0.839002848202602 0.864379497521061 0.866114585708413
36.188 -1.73599550964473 8.50511394381706 -3.98767150355506 0.60248345551959 5.33463986522318 -0.524451937063517 170.307662781923 131.881925965331 119.855085226621 0.838979772568035 0.864320452950458 0.866005629788765
36.203 -1.75512919880782 8.49275266921684 -3.99053170305307 0.38574656034931 4.86682473366269 -0.605594529616707 170.376896503731 131.953733368798 119.329576703959 0.838959004496924 0.864390910306605 0.866031029726622
36.218 -1.76259314469547 8.50036216792016 -4.0084886016412 0.0540421333220128 5.09082928319719 -0.506103778945113 170.499206853358 132.078360031918 119.756619033563 0.838813692541117 0.864454321927137 0.86617721331514
36.249 -1.73770722852991 8.52073801472678 -4.01770663219363 -0.113194141078891 5.5473952098393 -0.540226225478082 170.969286168022 132.190524028727 120.380957130207 0.838936002755157 0.864511392385616 0.866061994634819
36.263 -1.71806324517887 8.52435192687715 -4.0283372159988 -0.0331724368946658 5.3170831697714 -0.869409709800503 170.61235755122 132.351471625854 120.282861417186 0.838919611665334 0.864562755798248 0.86595829782253
36.278 -1.71271379884626 8.52012258669798 -4.03102140630993 0.100679157939839 4.57850462378663 -1.21223973118687 170.531121796098 132.376324463269 120.314575275467 0.83915765051337 0.864608982869616 0.866111754601457
36.308 -1.70430798616897 8.52343888790367 -4.03044440453392 0.0638936848939466 4.15347858888888 -1.20093942219032 170.398009616488 132.338692016942 120.043117747921 0.839245564930184 0.864774047499388 0.866249865702491
36.323 -1.70218957025013 8.54126759509109 -4.03237919305392 -0.0165414851221656 4.19919943229007 -1.03351723569648 170.158208654839 132.424822815248 120.158805973129 0.839451008451735 0.864799145400642 0.866497353295967
36.337 -1.69477632544817 8.54767674332734 -4.0231071617719 0.0942729687335624 4.22660773333587 -1.11718841289019 170.002387789355 132.562340533723 119.722925375816 0.839509587074713 0.865191705024303 0.866720092130095
36.365 -1.67511586161597 8.53848125451096 -4.01829378961174 0.263471626058679 3.87951947908625 -1.26959170900575 169.98214901042 132.206106480351 119.570632838234 0.839814799860769 0.865298497438606 0.866920557080811
36.379 -1.66011491845974 8.54343325418194 -4.01527856432183 0.329490875666552 3.57324692049061 -1.23499895031891 169.543934109378 132.305495832315 119.133569554411 0.839710529060385 0.86564112185847 0.86697778793391
36.394 -1.64918784586426 8.54800983537995 -4.00316761710748 0.418679192680049 3.57241077805987 -1.10310210872214 169.86954069844 132.274946249084 119.46021259897 0.840121670723272 0.865455914854126 0.867398452681287
36.425 -1.64887042302939 8.54817825796989 -3.98203255038117 0.442460128373877 3.52814679949052 -1.01950945510183 169.742586628596 132.187451624176 119.694191339073 0.839986712836637 0.865782797532438 0.867407893974339
