25.666 1.05575028243476 9.74201112193391 -0.677580231409596 -2.30267200393007 -0.0113003617824322 -1.31695975823926 212.477491070605 83.9453398770288 -44.5624384247696 0.841345452969814 0.866954412805981 0.867593372303689
25.696 1.05254768786906 9.73627025022154 -0.665335857197517 -1.87577501020626 -0.228618941898732 -1.21879847287609 212.45676776719 83.7457253003933 -44.3215751240634 0.840970337612579 0.866365229952671 0.86757427603223
25.74 1.06562363307718 9.74035293031312 -0.661576996736872 -1.56846172773272 -0.352433251334919 -0.967074091273907 212.025981891424 83.8420374933186 -44.4324758504913 0.840666494173218 0.86611059129893 0.867201032862359
25.8 1.06769778443223 9.75412254767167 -0.639258998135179 -1.38961430480701 -0.496386964115636 -0.812261311641789 211.857045332053 83.8600503695881 -44.762305438898 0.840420380987335 0.866027794254941 0.867256481084753
25.815 1.06494856627191 9.74142373245561 -0.644291451349412 -1.10520590750437 -0.653447486735192 -0.786175937239009 211.966206718963 84.2286407993663 -44.9514674055074 0.840347499589229 0.866071842888295 0.867067079220443
25.863 1.06222491511343 9.76440510431626 -0.632937105623274 -1.25605647973503 -0.906391700896727 -0.692298692369704 211.52062744236 84.1011990474867 -44.090688598461 0.84064202902602 0.866230845925759 0.867382035079636
25.907 1.09088598499096 9.78129615382906 -0.636830383760915 -1.36030651194415 -1.87738338459658 -0.646792475170606 211.645708228312 84.7959712284642 -43.8794577647534 0.840767043538758 0.866593817268652 0.867870948383995
25.938 1.03527835424355 9.82539030131907 -0.599958875001252 -2.05528338917858 -2.66518435831712 -1.111230149163 211.351023664933 85.310736695056 -44.2843607894503 0.841095280392996 0.867010876192401 0.868143916024519
25.982 1.0266220522587 9.86129804905197 -0.565597837029727 -0.745084888746099 -3.12757795619107 -1.17597428341745 211.352329168595 85.5116967229954 -44.2043322394547 0.841600611521882 0.867360619881674 0.868352457727732
26.026 1.02884009278399 9.83591525563907 -0.549012160038604 0.784038492024057 -3.61288012924759 -1.11887504743073 211.239386626562 85.8364743456263 -44.0735091139583 0.841883758257321 0.867520995028947 0.868521376507335
26.056 1.0408359991037 9.8583191841398 -0.540982672419031 2.28995667472269 -3.59803595812566 -1.9960597807853 211.543903167515 85.6075442199573 -44.0155423823062 0.841873498768615 0.867650898898238 0.868534877074366
26.1 0.998071791279692 9.89502745288004 -0.56469361301776 3.63761299812843 -4.24242439325736 -2.45314430029869 212.498561565687 84.9541108181654 -43.7525893296681 0.841738718300303 0.867287529332106 0.868558510661175
26.144 1.02406593685765 9.92436606236384 -0.611929587288481 4.7465428643619 -4.09247062876747 -2.04460413515034 212.125834868207 84.430829762714 -42.9575973570311 0.841415352812734 0.867092228300799 0.868356038101794
26.173 1.10017587607691 10.0329448368544 -0.645647731948558 5.10057758272856 -4.01352716350012 -2.40032782275422 211.673926243248 85.5249721077983 -43.4116538591952 0.841153426767802 0.866575862491223 0.86772314589972
26.222 1.12962889741984 10.1594642961999 -0.698709066011724 6.29978845269715 -5.19004097190075 -3.49250981124008 212.615880257031 86.1712274073166 -43.5994396259481 0.840839805340986 0.866268720424453 0.867457287126027
26.27 1.0591722434522 10.3006832136347 -0.751433151157256 8.92030956271523 -6.40080341624724 -5.45198638221897 212.814863008195 86.8746941999265 -44.351546097018 0.840560763033228 0.8662669930856 0.867007380152167
26.296 1.00320368664132 10.2982274848464 -0.874369359736801 11.9886568526696 -7.25701717937401 -6.80824637417752 213.600039036638 87.2885023019404 -44.5167523385846 0.84022091550973 0.866142133675589 0.866865307465049
26.34 0.960969653943181 10.2298711284178 -1.00076872860132 12.7140181575326 -7.60474880078913 -6.42597727300745 213.930031619677 87.0056868645718 -44.9325693942535 0.840312253098787 0.866287781463467 0.866885625596488
26.385 0.948996236768752 10.2590417596483 -1.05232930492697 12.7462173030212 -7.20091523092927 -5.54443090411314 214.935325611938 87.9706063603031 -44.9993812093453 0.840373604491282 0.866282432527202 0.867358109780239
26.416 0.908705851819501 10.2316016077553 -1.17461636316959 14.2006955574319 -6.6899169095718 -5.15472949034691 215.46761374567 88.6381911518455 -45.0714987795697 0.8406881257282 0.866623283655566 0.867851568891484
26.478 0.828312305135501 10.1349752891897 -1.29797001469402 15.374166454955 -5.76700063568445 -4.63601791008176 216.660767133993 88.9689348329949 -45.5559140114515 0.84105657642188 0.86712074550888 0.868386224004101
26.506 0.753748403284557 10.0702471328338 -1.41141372152664 15.9066626147731 -4.57676669811051 -3.4056325224334 217.585221378534 89.1228372147259 -45.3902903492757 0.841606625056355 0.867536251695676 0.868819294645322
26.539 0.735926530657035 10.0394908148024 -1.51204196368737 16.6243967179662 -3.41183751401913 -2.46604325920159 218.154029316613 89.727498143928 -46.3961351829133 0.841800560877685 0.867626300459989 0.868936430108541
26.599 0.695962641276157 9.96639501352693 -1.63762807172157 17.43942546369 -2.24664182147 -1.68741870407543 218.770763746456 89.7732734965817 -47.1508694981598 0.841957648892963 0.867575779693542 0.869043101467626
26.632 0.661682517177027 9.89049976381326 -1.77408073833098 17.4385300454362 -1.17825315783345 -0.908335867858346 219.48631863463 89.6063515322311 -47.8702042935094 0.841971201693562 0.867534857872721 0.86899479639357
26.657 0.686270823265503 9.81156485660134 -1.857109982742 17.4216215505438 -0.162934676165705 -0.290255869759153 220.20991809405 89.5791447411072 -48.3568654777426 0.841729984907691 0.86751442454099 0.868598438265032
26.718 0.67343466982262 9.70479544560551 -1.98727130688055 18.2785363567039 0.125885507725626 0.46382404320501 220.45403365618 89.5631072402969 -49.1170610369716 0.841281808482259 0.867288222825455 0.868141595550931
26.75 0.706941061805323 9.56121636126395 -2.10870723560877 18.3809579603805 0.704791688738673 0.900506635301401 221.041767261506 90.0721168646405 -49.810819439947 0.840779081598391 0.866512018598755 0.867771552952509
26.779 0.693361852972124 9.48705538354421 -2.20744741116659 18.1856751845494 1.18591943581726 1.1876546494033 221.94383148182 89.7704146603588 -50.654763746357 0.840511576801726 0.866241712645077 0.867471818447787
26.837 0.740338282258129 9.36688446478152 -2.3227893257668 18.6032976628438 1.38746497201961 1.40406133471896 222.512503500274 89.8200358748906 -51.8723586345492 0.840421368198886 0.865899304557058 0.867229033498963
26.866 0.750879815957309 9.23915165718043 -2.4751675066421 17.7087474427814 1.88766342122902 1.1527095284506 222.877127835222 89.5482290586614 -52.8586104939849 0.840348299230585 0.86584430596747 0.867044846675953
26.911 0.822002887636922 9.19727895483446 -2.55221813410783 16.3166045126224 2.5365646231039 0.98583212262514 223.79047354653 89.2380655375157 -53.9274745001277 0.840529122404456 0.865935426780905 0.86735158603846
26.943 0.850720549153792 9.0933196846476 -2.73948080308352 15.9283580521707 2.54965551265309 0.974172874288195 224.986283572689 88.1588330853877 -55.2492543451035 0.840675589175291 0.86635452776132 0.867846284660643
26.988 0.871647514767727 9.04364904702733 -2.82832774284842 13.9966265108079 2.82354157593603 1.03846934115054 224.328889693878 87.8186547991641 -56.6258960195338 0.841021202358588 0.866693999555456 0.868000750806059
27.033 0.884145138931769 8.90822829050058 -2.95954424995505 13.3315422829147 2.67561829482879 0.717648715950256 225.122400652041 88.1131103873229 -57.0389757758224 0.841540608314011 0.86721494108575 0.868470186125815
27.062 0.917462038795872 8.80962257788787 -3.06450082575522 10.9855721499242 3.01824318522354 0.674806910301387 225.813144528154 87.9676194137315 -57.7695703784162 0.841835155658946 0.867636903725288 0.868493412865335
27.107 0.951607394534931 8.78301702635517 -3.07114745566593 10.0248783269348 2.50363194186312 0.716135582076948 226.186647067804 88.0597717251226 -57.9953520065171 0.841947418461925 0.867744784942275 0.868635550168793
27.153 0.950564639705474 8.66852961326236 -3.19136313602696 9.23244152115309 1.93404874313814 0.962741577207519 226.057184124922 87.9184150973493 -58.9462351252788 0.84191188104988 0.867721054489048 0.868627357740148
27.197 0.962217746297344 8.67319697120906 -3.13149862174541 7.11087305198133 1.85490009262892 1.42478250959916 226.354319141187 87.6419162288529 -59.4224504514759 0.841782857462729 0.867443383677922 0.868399349433605
27.228 0.981742326296426 8.5998123471249 -3.22475708200856 7.6899598438606 0.951629380372933 1.21506619918753 226.414998504361 87.2979521453709 -59.6641848656955 0.841324635251839 0.866736563085895 0.868103793863016
27.272 0.955197824975269 8.55741152160269 -3.15013211673699 5.65207358039732 1.09249918741505 0.938096751112894 226.482148788533 87.2773412377504 -59.6139897412133 0.840966122289265 0.866522485375828 0.867876726215283
27.303 0.969047170173861 8.42247445905457 -3.20825873078926 6.02268341691572 0.295000677684055 0.618102643210604 226.566540518711 86.9786464025779 -59.4713316903828 0.84044767356564 0.866237968191687 0.867347125814465
27.362 0.911551552858261 8.31902928207957 -3.28929706724722 3.74012929289257 0.643607037473703 0.870434133367002 226.850897820156 87.0367035860881 -59.5117786692101 0.840255783323444 0.86611862351152 0.867140501451509
27.404 0.971432290728399 8.26457362487178 -3.29487356317951 3.38179480357886 0.216665211804081 1.34734172436315 226.589227234327 86.8077299047314 -59.0525407220602 0.840340496027895 0.866021954320584 0.867096459361963
27.419 0.988978666093908 8.14709422888906 -3.39544590618273 1.69085684433399 0.693285081103291 1.28882771276469 226.671274059805 86.8202612228324 -59.5145579848687 0.840396481263859 0.866067112541466 0.867405832994267
27.465 0.987874318800211 8.11489144068029 -3.4643938375305 1.32318183017008 0.406522747754734 0.662271058026418 227.109731988442 86.6024115904942 -59.5887919677437 0.840820344405764 0.866572062069665 0.867890224694846
27.523 1.04991138578444 8.13891188613438 -3.5057387527387 0.391471938926311 1.82310021957446 -0.625774183456617 226.996882910638 86.7139533883003 -60.3929214938724 0.841277227881768 0.866857883584961 0.868171835049909
27.553 0.998928577967496 8.16015815985809 -3.59272059430819 0.415641888850923 2.17365774274081 -2.77069388249299 227.703475157617 86.8103022445233 -60.2702664100366 0.8415459360056 0.86707682229031 0.868534770750136
27.584 1.08209508074034 8.24666168416156 -3.55148638278657 0.717891304015049 2.60394521436815 -4.40388036543001 227.981814877669 87.0623448180639 -60.1289157921297 0.841990832408741 0.867488111803023 0.86870596575344
27.613 0.950819024486286 8.20084424297946 -3.62535287342703 2.15080493335143 2.36301241753133 -6.3785934776777 227.811270050912 87.2184993026317 -59.822421791625 0.842237644164223 0.86758730714694 0.868967416619996
27.661 0.987706554059966 8.17138755976716 -3.59840090211045 0.855052759373434 3.00136830247519 -7.10032483905634 227.673128741239 87.4409844351317 -60.7021616512163 0.84208417460907 0.867667655375513 0.868822500386988
27.708 0.908888704102312 8.09681250030044 -3.55729052325096 1.84831792593218 2.62851290515757 -8.34721731810892 227.339234280404 87.4591973924567 -60.9767509374852 0.841833841193997 0.867511121675961 0.868446546135256
27.737 0.81206013012138 8.01477508458631 -3.56535095104581 1.35843522992873 2.45062217073489 -8.46971931011097 227.824779767127 87.2579498878899 -60.899168259363 0.841365932074167 0.867162223860335 0.867919917672364
27.783 0.838848165184733 7.98547082640371 -3.49193151756619 0.147279101127765 2.46019479798991 -7.77390775569371 228.386071611373 87.4789394091908 -60.572326290084 0.840986925687104 0.866644918641417 0.86759199387087
27.831 0.72853617759892 7.9969950450767 -3.48166860551874 0.288990728402039 1.82336847339473 -7.82953703783709 228.828718005212 87.5619409214446 -60.4155842949681 0.840666998313552 0.866460599402355 0.867338844577198
27.856 0.755356118706886 7.92129356562895 -3.5317621738027 -1.15286407487984 1.95089792909859 -7.21955858843431 229.271261584222 87.2811721463701 -60.0726232789242 0.840306966086793 0.866076602830453 0.867121324663785
27.902 0.679654221667548 8.08187593528469 -3.46384473376984 -4.61969776324809 2.59839526150115 -6.6094455100669 229.33572188322 87.3597494385598 -59.3568248559286 0.840495642557984 0.86598791756892 0.867080926163906
27.948 0.678501971817311 8.15650994680485 -3.49806949281839 -4.80355824166607 1.9678299328083 -5.36449055781068 229.855934725408 87.3033970452334 -59.5810281333021 0.840660953486831 0.866162866417065 0.867270063501296
27.978 0.703084853080512 8.37522026531647 -3.55222353016495 -7.32698904597853 2.81890407763579 -3.98340529075795 230.38530712758 87.6177516066391 -59.9066327879747 0.841022098162034 0.86653875386661 0.867558635640843
28.025 0.723164587416208 8.6436725345505 -3.49901539153734 -7.25791456235711 0.993006959373542 -0.766710957269664 230.59209877334 87.1583788013777 -59.8043725582595 0.841188453869992 0.866954091543031 0.867878380616955
28.067 0.724447450290466 8.72351214693732 -3.59572621220521 -6.29852911611995 -2.15451932473949 3.13484198720699 231.449600006406 87.7882868291159 -59.2955417721902 0.84166306597663 0.867302698354649 0.868137374047605
28.096 0.784324077181795 8.90795215904182 -3.42043218759377 -9.2878391184083 -2.16164920265731 5.24448918521018 231.226176005188 88.1605123315839 -58.3973888354741 0.842060517844626 0.867474078592057 0.868580850951468
28.144 0.883425599936993 9.07482020657229 -3.28431584095578 -8.25070693781912 -2.13589768621349 3.14551715605078 230.673202564203 87.730014988583 -58.113884956734 0.842129961832326 0.867612896584358 0.868816879641051
28.203 0.843119846681281 9.06892289645258 -3.25931312939577 -9.19604971887013 -1.06259620980239 1.22061698800419 230.957294077004 87.4773121407522 -57.2122468149546 0.842059741179905 0.867502987196413 0.868897558257123
28.218 0.891928913780664 9.25219265461658 -3.03506895724786 -12.31147202801 -0.0307792658178001 0.533890599978048 230.683408202373 87.9926228340093 -56.3499199201132 0.841902624168049 0.867390072815335 0.868618211852356
28.264 0.869514292773384 9.31905281415545 -2.91568042106748 -12.1075595182606 -0.055694564091044 0.342375050104357 229.237560643922 87.8100244955475 -55.7954351352917 0.841548116565607 0.866804495526185 0.86840439606665
28.321 0.847264359891802 9.45049428001523 -2.8124515110903 -13.7775812250583 1.06259732675038 0.0974001264623915 228.210424121577 88.3701198413935 -55.4783024595863 0.840919088929478 0.866231561221065 0.86799689035578
28.337 0.795136513516621 9.60217042639791 -2.81408163415083 -16.0314438457323 4.7527649033701 0.0821002093047661 228.038443538478 88.0077970715287 -55.5574249922649 0.840523671145525 0.865989836395625 0.867690970015259
28.384 0.956827118383155 9.81503216762047 -2.8013241415264 -18.6564618814554 9.81462506791299 -0.105025548020391 227.335139266167 88.0143156279383 -54.2055142437346 0.840443661909568 0.86591763675671 0.867295554988613
28.427 1.07625047232003 10.0854867819383 -2.66584563069382 -20.5179936659636 11.0407623355439 0.166837703050048 226.207462805595 87.58159565863 -53.704466537425 0.840252533882025 0.865735557579498 0.867345240329561
28.457 1.1829612220415 10.207924970784 -2.49674382059176 -19.7841550221023 9.49775031621802 -0.18806756739969 225.732044872532 86.7930924834903 -53.0646178953142 0.840211543433928 0.865958454825633 0.867262297853185
28.502 1.11687430816111 10.2189095484481 -2.33396784922683 -17.1302037358418 8.13600218361751 -1.40515915707467 224.800956346751 86.4964049116272 -53.5483404952045 0.840544521688121 0.866237538072848 0.867540162172157
28.548 1.0817373612776 10.033804819036 -2.276938099996 -15.1001215145815 8.3017648221653 -0.960774337077807 224.322774640868 86.772087978418 -53.1001558011157 0.841066132480521 0.86658691914754 0.867900332805278
28.578 1.0867713133093 9.9859708182904 -2.09442414885954 -16.4946862130705 7.99580355175542 0.49100942818835 223.473447459103 86.7133912625186 -52.2151261989037 0.841614365463855 0.867091290257379 0.868425722774275
28.621 1.11819060823053 9.95682588841948 -1.94824584700086 -15.810772168465 6.96064667844861 1.57435885820661 222.581492441874 86.3658469226401 -51.678252221112 0.842058434180354 0.867376507211902 0.868851288649162
28.667 1.15837055828562 9.90205802616885 -1.83464178985068 -13.7509239297391 6.01018487824566 0.977062736216056 221.331008877918 86.0243360073385 -51.1113842991007 0.84229240159923 0.867373447162592 0.868962345251652
28.698 1.15657148374097 9.83496908325854 -1.76721694044296 -11.2653476197299 5.1886314307683 0.00653532015179914 221.140117191113 86.1017121659442 -51.3422212822716 0.842014569508799 0.867481594039584 0.868818392578629
28.742 1.17597970353078 9.78691182954024 -1.71888160981079 -9.77523691549265 4.7932494741895 -0.47256898609689 221.435494924802 86.1463868544148 -51.37919923864 0.84165128958382 0.867347820570609 0.86845555117493
28.788 1.18311117012376 9.78096557182628 -1.67126648649221 -8.31076632902997 4.19329543287212 -0.82392591690642 220.360750889089 85.576573352076 -51.0551513832984 0.84110424201571 0.867029949965 0.868161649637933
28.818 1.20908275479525 9.73171876135739 -1.64704549779457 -7.56469782575091 4.15046243039741 -0.679593733152215 219.730208220162 84.8510244151815 -50.5766726204717 0.840762024539723 0.866772474774457 0.867553208013288
28.863 1.25911949853007 9.72436604771267 -1.56104724070102 -7.26496249076664 4.12363029381274 -1.12237932079986 219.453468658332 84.5813297762971 -50.5551048225821 0.840371139892398 0.866452682147396 0.867418419312559
28.908 1.25860066862626 9.70394927101665 -1.50589152706804 -5.75752038087976 3.17349931661428 -2.1370661811456 219.523309613249 84.5248771188006 -51.2876349062915 0.840181144019871 0.866193650119476 0.86708713494598
28.938 1.21997494536534 9.66017165351152 -1.52419488262977 -4.2593166993523 2.68343520981634 -2.98094727085007 219.477880786731 84.2451504662285 -50.9509842740961 0.840027247363125 0.865971611634043 0.867164223772486
28.983 1.16807403147911 9.63832285205796 -1.50548382790679 -4.87638240433796 3.15419320697414 -2.7512085107626 219.405083437252 85.1465718776451 -50.1862972620179 0.840155381900037 0.866149658609814 0.867226665721955
29.027 1.16171987696849 9.65032543045503 -1.46831916367366 -5.25215982384962 3.19688123047348 -1.93832622196198 218.476117584174 84.7067232208925 -49.9089007822345 0.840499030845669 0.866417064262735 0.867388112543316
29.057 1.14352460378343 9.61935806010962 -1.45925483407812 -5.40936396113499 3.14863410202703 -1.41416637719379 218.005655243181 84.920445808923 -49.9782096336099 0.840878190111594 0.866744654121602 0.867518884468619
29.1 1.14820939636118 9.63873480583418 -1.41787317608606 -5.43937106806133 2.96795087455029 -1.42768850598498 218.188580746977 84.9615611052276 -49.686349803224 0.841298596914988 0.867133054043291 0.867969369769998
29.145 1.11719837816624 9.64066332825425 -1.41965053880212 -5.03268445825944 2.70785700227887 -1.59780173564936 217.898750405051 85.0128644952343 -49.1559433406115 0.841752281843078 0.867336666699857 0.868223637347182
29.174 1.1301053517657 9.65349614522066 -1.39788440373776 -4.74815380050313 2.49603592757107 -1.63757818450194 217.417987828092 84.3644202411398 -49.6323141058953 0.841767002873078 0.867501592951676 0.868527536621579
29.222 1.12237603469829 9.66032934466975 -1.39943139275772 -4.6166916013083 2.3468272692715 -1.75475894013359 217.220570140754 83.7911803953233 -49.3221744257752 0.841892214705372 0.867512131079642 0.868663190411351
29.266 1.13279689464324 9.69111712204199 -1.35035833777883 -4.2011995863727 2.09474688200304 -1.73608756593569 216.244661814011 83.5188561202118 -49.3829612848779 0.841893248270095 0.86739747936075 0.86818131616205
29.311 1.11235773744003 9.67709550873134 -1.36444278260209 -2.92129227564891 1.53254650114002 -1.73562024138501 216.846176069349 83.6462734573716 -49.9721986407511 0.841540522088265 0.866946713319474 0.868038055755346
29.34 1.10441515353591 9.67807412255517 -1.36441886779777 -2.78701010205424 1.42647716974021 -1.42829514361346 216.805402616173 83.953481500471 -50.3534808990084 0.84114099062677 0.866692707065027 0.867589040464637
29.385 1.07655954262505 9.68120107976651 -1.35652258206666 -2.57579879335096 1.10766024794759 -1.216308379304 217.0003761191 84.3103200153815 -50.1343195281968 0.840690899860499 0.86612851502945 0.86734866172361
29.415 1.10152140776039 9.66023491265104 -1.34087898363174 -2.46097717528603 1.00773915198258 -1.07429375670189 216.882304656471 84.419359212459 -49.6927988178394 0.840452796622279 0.866029966450108 0.86691939357621
29.459 1.09971984715237 9.61856808839041 -1.35195815050499 -2.14904036694352 0.75321527799139 -1.09170466048578 217.248666771741 84.8256809620918 -50.0731670424499 0.840247285971075 0.865839027861854 0.867028353262972
29.507 1.10971683897265 9.57788072395341 -1.35450383724725 -2.51782193386547 0.750104375173026 -1.03634184369577 217.041420085111 84.9148015792944 -50.1412653043844 0.840447301664253 0.865918942109895 0.867005619329247
29.537 1.11886784887838 9.56904553888334 -1.33502402512813 -2.57187851452264 0.582622711829082 -1.17119261858442 217.11955026894 84.9089892792285 -49.8304248965514 0.840849040185746 0.866341175177802 0.867221383725477
29.582 1.12607666114755 9.56352910130874 -1.35268637848847 -2.49535900134349 0.375130503451786 -1.37408586838162 216.744835717841 84.7662813161751 -50.8206441662066 0.841186917132492 0.866559996360262 0.867642122263467
29.628 1.13773371428676 9.60367075315139 -1.31800752027325 -2.43589727963784 0.124771738330298 -1.62468894270209 216.819316931451 84.9686878661018 -50.1527217746274 0.841700027121524 0.86695885728275 0.868216572235408
29.658 1.12541861789273 9.60743118053602 -1.31731927957364 -1.79002336139215 -0.202064662944825 -1.85950949397037 216.207646714476 85.0006371715425 -49.7437046374482 0.842002091881578 0.867392560146899 0.868559093798802
