27.287 0.714764556005252 9.61607319684996 -1.31710058942956 -0.828343971378838 -1.79590862858059 -1.42235091387449 202.795071721994 72.6587872888476 -82.7557941134141 0.839886977518814 0.864521369488525 0.866580907257253
27.318 0.721761447766292 9.61276657147667 -1.31922428231808 -1.0827143420077 -1.61751041663119 -1.6340126371849 202.952008094816 72.4136177039666 -82.5241932318654 0.839561190620429 0.864147132135043 0.86605045472323
27.357 0.724238659430428 9.60635918575926 -1.3233745859197 -1.1358535788583 -1.35819870464684 -1.71744336589076 202.629126556801 72.5210303402129 -82.642596517811 0.83917068254093 0.863720126235921 0.865855623363083
27.404 0.725742419010396 9.60570018629935 -1.33018996443016 -1.0435528492569 -0.93571346984791 -1.67906805766923 202.745592511008 72.4580345755725 -82.0845031794269 0.839221420593428 0.863733222095951 0.865697809961364
27.433 0.738021676690635 9.60432245218727 -1.33666810077217 -1.00237704453931 -0.501210353324899 -1.59004512671207 202.629929933917 72.2570080062137 -82.0344475753358 0.839502662216582 0.864102125200528 0.8659155468905
27.478 0.745100816300032 9.61608133878328 -1.3374382383848 -0.955207848824933 -0.21781244726187 -1.47618082744594 202.626243246473 72.8321764850331 -82.323902536022 0.839856639410295 0.864400936715234 0.86622743377009
27.523 0.766846144368767 9.65654509141519 -1.33723005364855 -0.851351945334455 -0.355283044114176 -1.40028662290297 202.935257029643 72.8660629528768 -82.3663610541778 0.840269384012601 0.864741619295595 0.86659105342256
27.554 0.81077812590015 9.68345494735563 -1.32374967550756 -0.368373701675107 -1.45419147947294 -1.17224743172698 203.611558194011 72.5035109918302 -82.130752453884 0.84047768406507 0.865128441027977 0.867008637477067
27.599 0.888453094631709 9.71989844174527 -1.30379245466563 -0.389756744158364 -4.76148288463262 -1.09417690824847 203.649362137149 72.6958439033825 -81.9939094876461 0.840760095599347 0.865318169161517 0.867346880561218
27.646 0.940146997830197 9.84499421600886 -1.26466671235486 -0.0109701383407936 -11.3416866327356 -0.937581005604924 203.661983331091 73.0856335617398 -81.7330666849934 0.84088736027152 0.86570619334178 0.867632783420415
27.674 0.935787025453001 9.99580993708327 -1.21554506701003 1.49790808107373 -20.4450867832029 -0.943333744310981 203.900206498183 73.9053631850093 -81.1857840148446 0.840738250101624 0.865786148535697 0.867507281120335
27.72 0.885053759537829 10.0362924999957 -1.21952254647249 2.80216050750178 -30.607390523402 -2.29570338632701 204.255167263529 75.7033441798575 -80.9284850520241 0.840364680035131 0.865517937881491 0.867282436654725
27.766 0.69272407850661 10.1718664074184 -1.28241380185017 0.928833980542092 -39.171222965177 -4.9760082925432 203.798685483458 78.1437087856846 -79.7480728921396 0.839935467589465 0.86541180149057 0.866853528727594
27.796 0.47888961760641 10.325297738953 -1.34837334976002 -8.72238525089081e-05 -43.8554081590453 -8.60102473222717 204.160935241601 80.2764041164045 -79.1759390426331 0.839587805508476 0.865115714787189 0.866604621355916
27.841 0.230906803568573 10.4149449019961 -1.45556237336574 -0.131597368877784 -44.1888348073 -14.5046926285239 203.566357545697 83.0598873342877 -77.3565106245328 0.839293250697851 0.864640800809238 0.866069663143147
27.886 -0.0430602449974411 10.6040849352836 -1.50022358625758 0.654398497621209 -40.5782997053633 -20.6655185863562 202.898749612014 85.272508740773 -76.8727736058715 0.839080271895449 0.864256120487098 0.865994642448756
27.916 -0.259419002257665 10.6284802834806 -1.5698282227218 3.2559406456686 -34.662468562871 -25.8075433373913 202.519987185732 87.8387320800262 -76.018946620756 0.838907759065503 0.864402212631816 0.865933875686299
27.962 -0.412942213693791 10.4857401435872 -1.65422012282341 3.95547986192286 -28.0263705282919 -30.2083085765694 202.405189620443 90.3613729848212 -75.5313467628123 0.839008452578333 0.864285712076626 0.865872308582156
28.007 -0.596313087873083 10.3993238353822 -1.661202203801 2.19523639808118 -22.0105967691378 -33.6635391073266 201.394203592559 92.5427121177052 -74.902390877878 0.839317526069713 0.86466075632386 0.866180214417788
28.036 -0.818770463340741 10.2807183417395 -1.70652961946754 1.49508804733125 -16.4224001768948 -34.8237262189192 200.791304909973 94.3815968153412 -73.9729366110812 0.839681429928794 0.864865513846859 0.866651233909347
28.079 -0.998619764059129 10.2095535639623 -1.71994924243247 0.839112921391751 -11.3600067387046 -34.470348008317 199.534956977078 96.7950934204264 -72.7760786549758 0.839963142540049 0.865265792765755 0.866798689130657
28.126 -1.15324602852023 10.0402386366722 -1.74729723804915 1.38868909991511 -7.27297950415227 -33.5925849401719 198.565315151433 98.1740256705454 -71.0146237105303 0.840317800037624 0.865701132929046 0.867028874782323
28.17 -1.30686459031803 9.93682776225718 -1.77004765242056 0.735525193831998 -3.93431950523357 -32.2537342595545 197.305905272661 99.3569607931417 -69.3778452055296 0.840478602328201 0.866053758461312 0.867215325160173
28.202 -1.44894088427776 9.98855280607761 -1.76567072712849 1.24485937646957 -1.28817284504072 -29.6015552845903 196.423783270855 101.125138242445 -66.774054616479 0.840608852183569 0.865993845578195 0.867119292231001
28.257 -1.5328082758948 9.92284268877064 -1.77085227554253 4.46222922471134 -0.218610844177639 -26.2942063454036 196.171264449393 102.76736197638 -63.770984239348 0.840613849749954 0.865710630763705 0.867054356105657
28.274 -1.55448489667967 9.8069852381978 -1.78958812809011 5.87570338193985 -1.01600608149381 -22.9022766054258 196.566724204008 104.169563200868 -61.5064972338719 0.840263915750279 0.865469128233147 0.866668783482849
28.318 -1.67285082775768 9.91686926463517 -1.77630308786409 5.53466325082166 -3.33662904814739 -18.1245081725323 196.857046605247 105.251346192703 -58.1422627594362 0.839992980870375 0.865026178452905 0.866368692201193
28.365 -1.72341097564615 9.94862402523766 -1.77921309561228 7.32468028660066 -6.23656265877038 -11.114286734255 196.84020775025 106.45159041609 -54.9492328351433 0.839647053335193 0.864778626853631 0.866125618263052
28.396 -1.74865274060373 9.83561337716003 -1.77169411756062 7.5312353069557 -9.95092873070325 -4.18104553718927 196.442568277702 107.399788237033 -52.3748785964661 0.839240231339889 0.864244024322258 0.866039966095879
28.441 -1.87809460865627 9.72748896349035 -1.73549666678652 5.568697545199 -12.6484202108009 3.61289509960951 195.472480304939 108.767828471996 -48.2136516631376 0.8390373262155 0.864268817268606 0.865970587840469
28.486 -1.96052679320979 9.59068927629327 -1.72649751074467 4.16972898107684 -13.26231960739 11.3454526642715 195.118709047 109.227941062317 -44.8070578471414 0.83911340196983 0.864412497024837 0.866136496972575
28.516 -1.96975821266228 9.35746610150202 -1.71918425116496 2.72717513116079 -12.3666773552683 16.8670685664569 193.65615432807 109.876632260477 -41.8317168561846 0.839655027102202 0.864528877627385 0.866406403336571
28.561 -2.07222562499662 9.23611962664351 -1.70353407715143 1.92458437532421 -9.90487125318719 20.8405698136392 192.741485005737 109.352072130986 -38.8396906535095 0.839866231713434 0.864845251434437 0.866859070907416
28.606 -2.02029301036332 9.03131691230598 -1.74575648381361 2.15074540508131 -5.02638082958544 24.0451363582081 191.442602854647 108.717178426099 -35.7861494293427 0.840151130702745 0.86533584332598 0.867348648880838
28.636 -1.91995271305478 9.00057341741267 -1.73310210621336 2.73515721323037 0.208326184524344 24.1177054883165 189.520508312264 107.41691452514 -33.8947810377676 0.840507921959485 0.865609762492589 0.867745207039309
28.679 -1.85208461255622 8.79143139849366 -1.80307577566249 5.56524833508301 4.89477474381586 22.2731277050783 188.101611732934 105.961700765363 -32.2847726405917 0.840670899802047 0.865942383939949 0.867832510626632
28.725 -1.75511714887958 8.66457726553591 -1.88866442439868 5.38655344149357 9.2056835730252 19.7555845861516 187.090305503677 105.016977619944 -31.3346658388793 0.840689088600308 0.865977462920213 0.867792112293377
28.755 -1.52597821383274 8.45494229730333 -1.91386609493008 5.23807011967086 12.1069090376619 15.4108784766149 185.449147457978 104.149751872155 -31.3510793294922 0.840451329501525 0.865536407868336 0.867401912182168
28.799 -1.40005115418795 8.38811264535244 -1.9687320199294 4.68879099540668 13.1643062441702 9.0488421004092 185.049809440962 102.841299016446 -31.3583742568887 0.840144786008884 0.865315647940928 0.866937820674118
28.859 -1.22843283511025 8.38875393888721 -1.93809124940766 6.32135582078323 13.5782025615947 4.89253920056809 184.318345647179 102.045452203321 -30.8602831480799 0.839630581648968 0.864802746663767 0.8664381712918
28.874 -1.07399735141224 8.39483996456175 -1.92095161738444 8.89816081025426 12.6512448382505 3.4438727829945 184.463859974215 101.53881628469 -31.0748293499447 0.839340847896674 0.864387296629266 0.866058436060903
28.919 -0.867256348777562 8.32106023373703 -1.94276607575598 12.1281972792067 9.5615541205096 4.15320107636295 184.515726579114 100.282441190599 -32.3466117734552 0.839106163557315 0.863927046840522 0.865849605015894
28.966 -0.827969722959884 8.26826578624472 -1.92237395603947 11.8324657503559 5.8189046391395 5.6026424901746 184.023738529083 99.1267773643851 -32.7347555364987 0.839042689934241 0.864024425255368 0.865816395365681
28.997 -0.732210402827387 8.20102754374757 -1.90087040814945 11.0097171051165 3.13628985693963 7.27783507352998 183.865228208557 98.7786896651519 -32.893151984564 0.839231569836223 0.864103301771394 0.865777149522455
29.054 -0.780592328274398 8.16863307738042 -1.98803126541856 8.67497009178562 0.862837532212706 7.07573343246005 183.988834848931 98.760738628773 -32.9494531074968 0.839611805379666 0.864401889737636 0.866103135579431
29.084 -0.727850331694842 8.23959822099235 -2.00994546790667 4.6839776827433 -0.00530007219015105 6.76409217189569 183.794956227634 98.9081982893062 -33.5530570170724 0.839919796169856 0.864890257237284 0.866478053127871
29.115 -0.751149425310968 8.25697115400502 -2.02618762870228 1.06112115966329 -1.22612511954272 4.24349481190727 182.881914544384 98.739640614338 -33.8379761838287 0.84004279842745 0.865396949150985 0.866892483264514
29.161 -0.724926904853675 8.30885359351482 -2.08086523518833 -3.4166750667796 -1.79453539263113 1.65333766787389 183.186350780951 98.6391088976138 -33.9727607089012 0.840508641852837 0.865696255362097 0.867338797192128
29.205 -0.778325903190533 8.26325059623284 -2.06405405099945 -6.86796481935866 -2.14143626345107 -2.42881175619772 182.61694413257 99.2056782070672 -33.24193617421 0.840759654480982 0.865938693393097 0.867466362312115
29.236 -0.807219866212628 8.13717604954559 -2.04269775187535 -10.6023644807797 -0.905708411563302 -5.66603981259649 182.107724747382 99.0645993477244 -32.5299683011101 0.840482908636594 0.865777319228494 0.867556855310698
29.296 -0.80657422271381 7.98405916289896 -1.88362049095636 -12.5518083592026 -0.386371904969328 -9.54269835507339 182.013257045379 99.2083254716568 -31.7192743238992 0.840385365194446 0.865646606155166 0.867519529122617
29.327 -0.832878271528862 7.8584303186843 -1.78659285005503 -12.5110869083587 -1.37632002165111 -12.285921545472 181.954738206757 100.374743632042 -30.7446122023583 0.840066045822723 0.865293670830539 0.867280148131113
29.371 -0.776911693641458 7.84042618577405 -1.63731164700015 -10.5574918461522 -5.32779631677404 -14.3677796579392 181.865337947473 101.169542341954 -28.9291358839103 0.839946664851681 0.864871422036714 0.866740437300747
29.403 -0.870933272283693 7.86430570585357 -1.61481352331878 -7.76378213584131 -11.4944463142969 -16.7018709885796 182.080923737453 101.549329296983 -28.2266000659673 0.839849966265136 0.864418162790993 0.866414509250872
29.446 -1.08906093483324 7.9018260365058 -1.55098050100545 -4.81423604911543 -16.7485931176339 -17.9614162641083 183.359548227337 102.852956730556 -26.6735460534335 0.83953121150495 0.864298631705559 0.866150507530473
29.476 -1.21975770938968 7.91424902136291 -1.5525347608624 -3.54334799367663 -18.5870474481842 -17.8446250365231 184.347234064143 104.13689495175 -26.6995723032812 0.839273020149199 0.86407807626556 0.86606012640249
29.521 -1.3650126857792 8.18633911254688 -1.40252206949606 -1.18408134052692 -17.5226840055483 -18.8042226154616 184.475259591956 105.044884910918 -26.2286535656577 0.839304314056126 0.86403539735493 0.865986917688824
29.566 -1.51932446386616 8.02562299178614 -1.51050799136215 0.689443732493803 -13.5506259528911 -20.134702761272 186.174960269484 107.148356777843 -25.6312093881828 0.839455982667155 0.86409982942507 0.866396235396735
29.596 -1.71820207539422 8.29522080414817 -1.41922549611659 -2.10292462248155 -7.05524366306315 -19.4934603816685 187.221717818282 108.078168990053 -25.693279604428 0.839806345988077 0.86438673111056 0.866727782740142
29.644 -1.70779027545065 8.39493241733902 -1.47858984636395 1.08617304052277 -0.986579428149856 -17.1326800083881 187.355591432809 108.837316881943 -25.9655564795867 0.840228646340605 0.864964441863639 0.867119388224308
29.685 -1.85997175279184 8.37062930116595 -1.58090962377562 -0.883863959313959 3.00102333495434 -12.8154097380921 188.790029060575 109.386226674374 -27.3321007484652 0.840570709626152 0.865432387573633 0.86755950590752
29.716 -1.84399795048802 8.79694164464998 -1.61100247681114 -4.25944125742599 6.95968386314508 -7.41155059014466 189.489923539066 109.512843606243 -29.1530016062569 0.840961469379221 0.865687963333189 0.867793083989885
29.757 -1.98986655558972 8.9050669998209 -1.73610174949744 -1.69190314370589 10.0607027077735 -2.62213460397137 189.720838066643 108.991403321057 -31.6119313010681 0.840924449957819 0.86564764696794 0.867637124581606
29.803 -1.99094967255514 9.06310983931294 -1.93751577496112 -3.02044154640177 14.2271081245942 3.91881906238624 189.925878833981 107.567036690056 -34.3656643538651 0.841020487301883 0.865504121869797 0.867387609858354
29.834 -1.85034164478096 9.41555706493626 -1.90354052630325 -3.20121414113505 16.7910568175625 8.54874725732675 189.635961855525 106.389299718945 -38.0001881266308 0.840605803827173 0.865400610521098 0.866938719022534
29.881 -1.76544890005059 9.50335608824473 -2.11574001344324 -0.958937652792675 18.6031224344394 12.0842562708011 189.539129102975 105.561332772346 -42.0901523825709 0.840130777861019 0.865218011836635 0.866562634214815
29.926 -1.69039502035499 9.58187730026791 -2.17232283808934 -2.40811354456359 20.0380711566287 16.0525223885092 189.77269457341 103.5946795456 -46.0870234298825 0.839619235049199 0.864711412437013 0.866381602990253
29.956 -1.4152006080966 9.7521472867247 -2.31621542905867 -5.52003761995147 22.0353414536632 19.9223141270589 190.105882604462 101.221690431936 -49.8764889782048 0.839204885371624 0.864189580644797 0.865876520728883
30.001 -1.2909103060453 9.99593750056549 -2.32940476359358 -8.02649764773321 22.9674052034214 22.3908912368108 190.363764909614 98.0635692498682 -54.5179560723459 0.839122654603831 0.864113480167141 0.865825851066648
30.046 -1.07621729051053 9.91451298721342 -2.35153840809423 -8.45451652977841 24.7528348559927 25.0244844972366 190.458649576787 94.7074910923932 -58.5115444186002 0.839056047681919 0.864286673972651 0.865673694401252
30.075 -0.846429293818608 10.10598372437 -2.32879516136428 -11.4874713662197 26.9405595921327 26.434107251922 190.865506157198 91.9950677848385 -62.4603509790661 0.839356078103619 0.864327821763214 0.866019336931256
30.12 -0.735365223515571 10.2386772267434 -2.30112550425472 -12.8183632570197 29.9577311322229 28.4995658053545 192.22705998733 88.8740049057192 -65.5388842930436 0.839725423291613 0.864707074575457 0.866422494983104
30.165 -0.582567504166681 10.3897633566712 -2.27545099608136 -13.5640956122317 34.8227851178639 29.5309841801997 192.687918589738 85.8359439736326 -68.7584962773653 0.840011826678532 0.865137456955919 0.866847481167253
30.195 -0.34723155409742 10.6326912080791 -2.13143106195477 -13.4039403466711 40.4458452584469 28.6226926058091 193.025214057687 82.6791146186424 -70.8023819846659 0.840243813421937 0.865486066684093 0.867302345493347
30.239 0.0822181835211778 10.8204785166971 -1.90192421648352 -7.57658099378067 42.2114400028534 24.0553733771176 193.994423386727 79.9420828411003 -72.9979294075794 0.840431722684095 0.865768440563914 0.867436836436102
30.284 0.543970631449853 10.7279287869555 -1.83269910755251 -0.121381750000507 37.8837091504029 13.8719516721065 194.707482943249 77.5930871012913 -74.9083228201393 0.840457458903984 0.865762738081303 0.867422313834194
30.314 0.809305328906022 10.6105142508751 -1.78477304102401 1.83252047715608 28.7614532667882 2.26551749562762 196.143061184031 75.7564005520459 -76.1977414843128 0.840591726009953 0.865523433691223 0.867423263869783
30.36 0.905474022241591 10.5286424434774 -1.69640491511772 1.57922708267963 18.1199832529686 -3.82225907281644 198.283879559066 75.5466844471572 -77.6801706022934 0.840245995520878 0.865193901134745 0.867078713010777
30.421 0.92218683215166 10.4103482349753 -1.62049921776994 1.95024263926058 8.33886582421758 -3.0168695436378 199.237942442843 75.7008144021973 -78.4249381878577 0.83983933313292 0.8648032445032 0.866453677383584
30.435 0.924214083376226 10.2304994123253 -1.57393746242102 2.19267363703771 0.66356528708189 0.395037959729718 199.842733378703 76.3056596657798 -79.0881999321647 0.839534974349001 0.864362938988847 0.866194456260789
30.482 0.88587298743167 10.0688884286313 -1.5392750555157 1.26263053149673 -4.18380982738733 2.49646929699939 201.478614036749 76.7775843292817 -79.1754419450534 0.839276068052881 0.864018803430304 0.865861026885785
30.526 0.850525097343456 9.94398696888141 -1.50697871880156 -0.056887590098338 -6.21575618919137 2.48275081759241 202.005677369767 78.1378433067182 -78.8921079754933 0.839180312575649 0.863975150623402 0.865689703584048
30.557 0.829231534001665 9.85312377424646 -1.51036314087611 -1.29043009301782 -6.52674724606944 1.05202052866206 201.952598669511 78.8436530784417 -77.6066074601496 0.839229220921551 0.86393979184981 0.865686875205886
30.603 0.862776736829602 9.81713749209447 -1.51300875120537 -3.02326364252001 -7.35498588000327 -0.680993142776095 201.489604922304 79.9793589935378 -77.1653520427212 0.839142366399272 0.864145986435613 0.866030013383009
30.649 0.825484471654175 9.80246158405062 -1.51335604961984 -3.11922522983052 -9.74105001318433 -1.53198612503795 201.738579987066 81.3432807847656 -76.3999351546041 0.839564799798274 0.86454757855464 0.86630795530648
30.674 0.779045047839061 9.78904176325373 -1.50954326848965 -1.80565640562837 -12.0073497473205 -1.18358051700593 201.046249789524 82.7660574356602 -75.8819474752294 0.839906970851466 0.864736801715823 0.866902245244079
30.721 0.737676201669828 9.78716795665349 -1.49933217264446 0.308792357242547 -13.3661059670854 -0.226333806561063 201.157462329514 83.8225065228847 -75.1503774549358 0.840310152479949 0.865247999053902 0.867383620093535
30.766 0.673072743029246 9.73049377071941 -1.52025846899309 2.20225921394662 -13.8370801844842 0.580562746456531 201.475544486907 84.8822302835366 -74.089805738498 0.840750418090797 0.865415011162516 0.86752756434455
30.796 0.615225307211069 9.68146919370838 -1.54554059357658 1.69360095566317 -12.4185693005772 0.998805442950401 201.427191034394 85.6866065296647 -73.0807426481834 0.840867321668409 0.865439422128203 0.867545105804891
30.841 0.608040807418504 9.70587601225108 -1.52702355884993 0.530519064163505 -10.0094228128569 0.943994240850894 200.944024737859 86.6861512890284 -72.2514015450285 0.840848190312062 0.865446328591901 0.86743626225176
30.887 0.60650099932721 9.68445936469266 -1.52384014653983 0.721323495407553 -7.6899988906278 0.170131518295331 201.482660037666 87.369782544113 -72.1376352514731 0.840580201888045 0.865353797966002 0.867089241700179
30.931 0.606217414655808 9.6385310906043 -1.52147106309271 0.869768214486225 -5.13027314721005 -0.889521714455591 201.49295463051 87.7615238607315 -71.7754845536932 0.839996081667699 0.864709912923279 0.866697040814412
30.961 0.614756476998333 9.59112982297689 -1.51014290197118 0.417031337703308 -2.59918537137754 -1.5397492299304 202.209293250713 87.9708343271926 -71.6261424884915 0.839610719329031 0.864312101299471 0.86625576062725
31.005 0.604410923339131 9.57142756620296 -1.50944854273571 -0.527548127910702 0.0660338949857182 -1.69124267777034 202.321527533077 88.008375805026 -71.3731754156782 0.839324759417524 0.864212721897426 0.866009437914635
31.035 0.613616436543002 9.57288056148878 -1.49639437653502 -1.16128344925652 2.89501417249568 -1.75303633998635 202.784437301793 88.278784402071 -71.6002720866993 0.83921975258101 0.863897127586253 0.865698802278431
31.078 0.633325228845842 9.56886810702454 -1.5027774296888 -1.24628844885962 5.41366376979784 -2.0675930231752 202.667394214452 88.0298153656776 -71.8202203902264 0.839134697043434 0.863987830912442 0.865805359387322
31.124 0.66923903952258 9.56984377841473 -1.49537814531501 -1.37644020846179 7.0023195619332 -2.4186434785429 202.992589313706 88.5361504461988 -71.8903785160834 0.83930609559467 0.864197120619163 0.866113530767817
31.153 0.699209094439704 9.55535305302997 -1.50731730091331 -1.84476389709832 7.41668800547123 -2.25070427105487 203.135997344102 87.722281861421 -72.1872065980276 0.839558616912946 0.864601206648776 0.866498791990718
31.2 0.708096110542372 9.57100521581316 -1.51818511663361 -2.81693051237483 6.83713560504239 -1.82474984886742 203.630157848723 87.3330483077511 -72.5896373444024 0.839876713511812 0.865039630571749 0.866675211176568
31.243 0.701803263438743 9.55543190554902 -1.52325309634777 -3.51591218830606 5.79838518359578 -1.27201684323146 203.340427857465 87.0477691292784 -73.9896062489659 0.840361080322747 0.865517941551901 0.867052181283958
31.273 0.689828714226217 9.52102431134444 -1.53030302514298 -4.01880490306226 4.89279886894159 -0.897356543780845 203.219746564547 86.8826929947155 -74.0255810616624 0.84064012964161 0.865905373445825 0.867234203426498
31.318 0.684337134163151 9.5260265507858 -1.52642467633513 -4.3144686127018 4.27255639681979 -0.843729029470118 203.499994717283 86.4069813257195 -74.2527206599466 0.84073968930743 0.865873653715651 0.867381641361955
31.364 0.676722625643474 9.54291133058413 -1.53521832031665 -4.14700965262434 3.87680121577518 -0.64090142990133 203.144995720999 85.9196548738328 -74.2987037345567 0.840693711944937 0.865847960734209 0.867266858901729
31.396 0.67789310077615 9.5815713701407 -1.54675846978181 -4.20236026137381 3.71272806874736 -0.0916492421895431 202.803446534009 86.0709204478046 -74.281950024991 0.840429495182397 0.865580365509255 0.867186476532196
31.441 0.67644698626228 9.60548797857617 -1.54789388700489 -4.47872097201813 3.54097385782276 0.39339770161273 202.508791692548 85.9834455627217 -74.8023795202427 0.840114588550557 0.865116280646553 0.867010375532872
31.485 0.680794269017443 9.60675437138083 -1.54923255984558 -4.67593192626598 3.47971554239369 0.510789542886464 202.648121270964 85.2105909058046 -74.4499274113966 0.839618934864334 0.864629010173046 0.866756619484433
31.514 0.687266424138718 9.61891308603027 -1.54437925967678 -4.47987127248918 3.36261539086561 0.356334949585364 202.916978229481 85.6405786337017 -74.9084412032312 0.83898912958257 0.864345682824224 0.866205017362218
31.561 0.688163391967507 9.60525055938606 -1.54146562008077 -3.96335221926586 3.21264976431107 0.359012988553458 202.534752365879 85.2088686932984 -75.2558373746173 0.838947892414698 0.864239922932477 0.865869581377942
31.606 0.692433350978407 9.60286291175139 -1.52906788041484 -3.52642216783435 3.23743714878662 0.432021894774102 202.927149416362 84.6371836415717 -75.09922827344 0.83904096059118 0.864030522159363 0.865955899863387
31.636 0.678354490692885 9.58965223335993 -1.50585161732372 -2.86838668877025 3.42026302181487 0.56749498667542 202.260991027253 84.2221187496731 -75.7043749014864 0.839116345814131 0.864219477986351 0.866136932075583
31.684 0.684595881109766 9.56681896781977 -1.49494731406625 -2.29247718736955 4.01522220797539 0.496388496458998 202.165402732075 84.2099161872352 -75.498543670204 0.839417551645352 0.864607106710737 0.866505428289755
