78.867 0.938444987372099 -8.92457705425576 4.55440809726911 0.50867615432554 -1.88748446365569 -2.6150118989382 344.428281069342 120.710110108755 99.7726896326909 0.840518133828974 0.866379692703529 0.867809666420409
78.913 0.946391370199905 -8.94578941391665 4.56615645432631 0.345615471263229 -1.12237386594278 -2.61548788241475 344.326907666167 120.575189188091 99.6198786024796 0.841032437314569 0.866702064398391 0.868229500088652
78.943 0.988609289830185 -8.94487723845913 4.57827628317246 -0.177227040795868 0.0853809853802378 -2.85854518475595 344.598795209595 120.663903242354 99.9461016680085 0.841335468806839 0.866950608749188 0.868680312282335
78.99 1.03733860564357 -8.91527039728886 4.58710575756275 -0.505156956479768 0.745876155409901 -3.14885671415613 344.033024119772 120.249761626307 100.396342351087 0.841479287900694 0.867385878834714 0.869057506150691
79.051 1.07627065659386 -8.88875694599831 4.58183771185123 -0.506734386657009 0.632861975958356 -3.38729149571838 344.456749537015 120.220306917309 100.35903730438 0.841823293112705 0.86750449844261 0.86912938142789
79.065 1.0655719063825 -8.88903234935739 4.56130796340858 -0.597172410444086 0.2176563684652 -3.52095801992883 344.337967124983 120.38244860302 99.8788202165481 0.84174855025734 0.867711205841939 0.868953691881383
79.11 1.01108089744436 -8.92262453809301 4.53012211115044 -0.956457744062763 0.535461963800323 -3.82762485110419 344.565753371236 119.961783368446 100.641844375404 0.841549637244351 0.867299339818535 0.868688331212705
79.154 0.862083127887087 -9.00489490280236 4.4784056439262 -1.82320405513359 2.98685396167063 -4.77961277061577 343.952260230701 120.203044528441 100.797893944077 0.841148373903199 0.867101794794807 0.868214408838546
79.186 0.604697987775743 -9.13402262578651 4.35874565644579 -3.76732963580324 9.89584025857153 -6.60156268007663 344.979330786868 120.062466068038 101.032294094703 0.840684082876813 0.866595971098339 0.867706934245787
79.232 0.294199093705415 -9.27017161958117 4.23271953984945 -6.64558280652735 22.8115848079162 -10.646731419717 346.021257937363 120.84259751511 99.7281582167091 0.840308007145441 0.86630971416974 0.867197371776354
79.274 -0.0371935432493096 -9.42667238779153 4.14806218206016 -10.6030747450429 41.4073836944122 -16.3027837476807 346.799218929264 121.432503987239 97.5858081555344 0.840256476777295 0.865843024057316 0.867006731695102
79.305 -0.305741287959111 -9.61221567613385 4.09189768314256 -15.4620019938664 64.6868510214815 -23.4731174310412 347.879367332704 122.588328229664 93.3245046059828 0.840214737179097 0.865922179028219 0.867111293461818
79.351 -0.560249389341393 -9.78022284364925 4.08150342564497 -21.1522368822074 91.2074943655679 -33.0954388596014 349.58828753949 123.098545866028 87.6708487308461 0.840294616596332 0.865998503960112 0.867183792170314
79.396 -0.686859584168637 -9.91530896023456 4.09901927394845 -28.0804874471071 120.036925397942 -44.0013512778039 351.926512906987 123.073822151482 80.6493874719854 0.840472873255355 0.866282432673932 0.867599624705039
79.426 -0.743457138554251 -9.90533586188545 4.17680310220891 -35.8471795649812 144.754566060883 -55.5523922449448 355.77647545466 121.889795942701 70.0660038523081 0.840743581695581 0.86652461125467 0.867924143844564
79.471 -0.656967646939513 -9.80570351594643 4.28517213025901 -42.521635294963 164.775854997865 -67.8130102374893 359.170945118274 119.142734713588 57.1134631203696 0.840949955753605 0.867077736562113 0.86818700434758
79.517 -0.405035623630876 -9.70985191311741 4.38841760429703 -48.4746619935002 180.99309903682 -79.5890726435114 362.832465545802 113.005615118006 42.6739051274994 0.8412304065386 0.867525768061143 0.868621051494448
79.558 -0.106411689384784 -9.55639371921129 4.46020710091889 -53.664552550613 194.129066708374 -88.7620343374274 364.8202970921 105.256548245585 28.9438631532745 0.841470604422868 0.867999542417647 0.868849442080865
79.588 0.305761286189313 -9.49118754522106 4.45093590073874 -57.0968371843172 204.769200522332 -94.5119043018658 367.150440644601 95.0558040789238 15.2545291541524 0.841412373880249 0.867804355908093 0.868800610188926
79.648 0.663096553426808 -9.46860926804385 4.33748876912399 -61.8274457528847 212.363128758967 -97.4227340875648 367.297856922127 82.7732013039283 1.8261686148634 0.841378256655327 0.867523067232809 0.868761056356455
79.665 1.00234351072399 -9.33929576854435 4.25228835591707 -65.6864906018214 216.278485439802 -98.114323007874 366.571264106923 69.4102930561819 -9.72880342196064 0.841123378880303 0.867295223405829 0.868396776470524
79.711 1.42241368796515 -9.30701835044451 4.15304924461958 -66.4426986088493 216.364657175705 -97.4172581249276 364.410723926607 54.9263373755073 -18.8003307717881 0.840929425174738 0.866851402765284 0.867990718482917
79.755 1.84079333569537 -9.31883969288532 4.07559246008705 -66.9820209876718 211.985295976443 -94.4182844247028 361.406686380552 41.412333274161 -25.4822679251484 0.840405573221728 0.866491908046442 0.867661811512956
79.785 2.17001424774531 -9.29545271524773 3.97790910333335 -67.2992537939073 204.031295847789 -88.8436958801925 358.043415968247 28.3959899520704 -29.6526370193702 0.840221682044874 0.866101962832164 0.867518720511735
79.831 2.47952146670672 -9.24339151128608 3.88379190007102 -65.1300291608512 194.265273300831 -82.942248624788 353.69916693428 16.076751861177 -31.8066359856899 0.840060083163377 0.866008459170305 0.867402816800745
79.873 2.72552368707038 -9.20118604931263 3.79013914116018 -60.3740259103658 182.946550762986 -77.5498626074523 349.106325216767 4.64016900755337 -32.3093751484088 0.840068155644028 0.866056181469741 0.867419926074845
79.902 2.99589325219321 -9.14736121073119 3.72743055960251 -53.9654800713658 170.413041995882 -71.7566100860822 344.816123425581 -5.64946310388177 -32.0385938702111 0.840428377578302 0.866205827812285 0.867802941566455
79.948 3.26377626693488 -9.06292398205945 3.71034098476149 -46.1858556516994 157.848915161702 -66.7618618033144 340.039059974721 -14.7100651141442 -29.941261034871 0.840593985866107 0.866561233836484 0.868101135715913
79.996 3.51469927304343 -8.90960146684999 3.7668400853483 -36.9510774290216 146.031056395483 -62.5315355416007 336.007638579524 -22.4511527424568 -26.1244214382455 0.840866634641808 0.86695985963849 0.86846559021801
80.026 3.74127244185823 -8.77091338809967 3.88294001442021 -26.9033498167441 134.356300718509 -56.9284063841164 332.358187249414 -29.83743372139 -21.4007813649789 0.841327043973008 0.867282746538115 0.86876079836471
80.071 3.93821021892079 -8.69609920906105 4.01070330041328 -19.1670568630131 120.989214269015 -47.9641465757144 329.072131672026 -35.3223213143259 -15.8286329056329 0.841687654531236 0.867531586799298 0.869110663885942
80.116 4.04059817027781 -8.56388906348679 4.15668264044444 -13.047300791865 106.486988748742 -38.3990503293821 326.632426654341 -39.567080264604 -11.1051926535626 0.841752506260563 0.867622521893923 0.869061447913441
80.146 4.12040796877646 -8.49797315244114 4.27657787959404 -6.98693959560916 92.0136975277023 -30.4475819118377 324.542265590016 -42.8913350143292 -5.66520604938574 0.841805036161318 0.867461972132623 0.869009657014681
80.192 4.15057743461311 -8.48546822929215 4.37541687069444 -2.61117679763426 78.3514766768282 -23.1820833333213 322.819235127913 -45.9499813616067 -1.21681690000245 0.841355247025943 0.867331926825971 0.868598143003687
80.236 4.11758975134112 -8.3656668858896 4.47590495842961 -1.42283946562573 67.7612609937271 -14.8655027671659 321.54358045361 -48.0194849029014 2.68637831099802 0.840851650106236 0.867017076031843 0.868264816654782
80.267 4.11102891997608 -8.23995119727731 4.55187147553361 -0.282957982424019 60.204331328583 -7.80594273758756 320.930300167424 -49.7197827713502 6.3399664319084 0.840443736601273 0.866403751430648 0.867994822312168
80.311 4.01563878893108 -8.16029781720673 4.61159674578342 1.74568953041975 54.4851266967629 -4.32311896095737 320.481543135613 -49.9690240447936 10.0553728098458 0.840113326662253 0.866141793696092 0.867652666629111
80.355 3.91776467950934 -8.21729029619221 4.75191153730235 5.04904668757893 50.2328762885001 -2.8518790301312 320.472049939847 -51.2089094762828 14.2228519759751 0.839858492049241 0.866053068196641 0.86751131315582
80.386 3.80907387583805 -8.36114365157341 4.97786060107427 8.40858277877099 46.0586297936851 -2.38101438081848 320.332360451276 -51.7452166757891 18.3065101005398 0.839892369549373 0.866092314781073 0.867396816842454
80.432 3.64008637736217 -8.37497156918498 5.1730957104511 11.6744635011862 41.9550473847933 -0.75388882403549 320.711211965534 -52.3236255073892 21.4342731814373 0.840033498816256 0.866247428158909 0.867649122553466
80.476 3.54291434546988 -8.40017225492961 5.31354302522888 13.892345970312 36.9012219694689 3.16255615940148 321.048081692082 -51.8981366609852 25.1737612769642 0.840274134068849 0.866607248877503 0.868087289237797
80.506 3.33793478889417 -8.29707391083899 5.40695464600576 14.3033345870977 31.0873180395446 5.97808270285566 321.224946170587 -51.769490695398 28.082746634341 0.840708774433469 0.867021755795571 0.868319152116099
80.549 3.17600741191062 -8.22282384322819 5.52230792394735 15.9324185728011 26.1792772303517 7.07278134045812 321.482206398175 -51.0472874632724 30.3970247738162 0.841048082417712 0.867369432360241 0.868494398961912
80.592 3.00039190515593 -8.16561418030915 5.55709212156813 16.5264804180147 22.6405580680353 7.21719716058024 322.044587182522 -50.8523028452507 33.3095900667911 0.841183418854067 0.867528133136587 0.86863634890702
80.622 2.81146837071994 -8.04202547486572 5.61806791978549 14.6869071538591 21.2063329511391 8.13669305884862 322.458115617843 -50.736365304653 35.3627679541008 0.841306223851979 0.867656680765427 0.868628004718111
80.668 2.71832528755168 -7.93196470499951 5.71172107841126 13.0343337259235 21.3046106064532 8.9959885532399 323.033073650453 -50.594455896769 37.2658420428217 0.841279225617829 0.867415400247073 0.868744569569542
80.713 2.62240296787551 -7.79084931967997 5.78050525629815 11.350634745479 20.7181849729065 9.69522401056707 323.588789656867 -49.6815092763829 40.1933320546856 0.841043163739929 0.867084689502936 0.868506745817571
80.744 2.50916396350751 -7.72971507468083 5.83786650609851 10.6308843728456 18.7509664692756 9.78862763176543 324.434919622062 -48.8340225138701 42.4205989642953 0.840725483336372 0.866569756064955 0.867968679415039
80.792 2.38845855439288 -7.71144072385817 5.94354371518516 8.0319323725393 17.0035500156858 10.0035212061575 325.35428489387 -48.7055582362348 44.2426851610792 0.84036685061511 0.866140038958377 0.867656169273436
80.836 2.25011743962876 -7.69009633202824 5.99783205862249 5.04769728282553 16.68592894782 10.6034628640105 326.410970764035 -47.4975021713502 46.1745749804742 0.839949887828428 0.866039300832539 0.867168474691569
80.882 2.13529582685919 -7.71432280128175 5.9733553852546 -2.75220489556781 16.7339993942991 14.0821636984744 327.548886318868 -46.6929767587937 47.4214057341841 0.839726106593843 0.865957702950609 0.867119117686411
80.912 1.88445855212231 -7.58120816612073 5.9522543317065 -12.8979882554863 16.1271349292296 18.128384656833 329.262597918283 -46.2933111746229 48.0833386446891 0.839911457876919 0.866138392576234 0.866968024273246
80.956 1.67837739403979 -7.46586148408752 6.01986339176179 -18.2665307922874 14.2864907430576 19.2519305033324 331.86870431381 -44.1635820514445 48.2295043021982 0.840048960361568 0.866161427528543 0.867535599630819
80.985 1.60250913477846 -7.47981665033935 6.06540907236367 -15.1491723845009 10.5193094102736 17.1026896618978 333.391650494186 -43.6145014616701 48.6118984847805 0.840425163983132 0.866525269606652 0.867884588748048
81.031 1.45502020394102 -7.65109488620419 5.98221390781868 -13.4707532955678 5.69186199636745 18.6637129772822 335.06323690029 -41.8557461839528 48.7716377726722 0.840729888916599 0.866930728612326 0.868412970087918
81.075 1.23648210222512 -7.66577464278328 5.84140159968371 -16.9107758182649 1.28933951476756 25.3182181986215 337.383221889235 -40.4491544090017 47.9710265958645 0.841216279935588 0.867492963526401 0.868840958973214
81.105 1.05660517024538 -7.73680808313676 5.60097168852793 -20.5878810845503 -1.75739071822912 30.3788254431735 339.382409730281 -38.7938150712914 46.9625315426503 0.841484381329864 0.86770186255981 0.868953978214133
81.152 0.848116916255241 -7.77747204856148 5.37678676730021 -22.7353439838293 -2.33188342833047 28.9266196013369 341.685751881527 -37.332990207746 45.5576505495467 0.841587854967452 0.867636984994398 0.869057315433155
81.195 0.752444147156904 -7.96529069894967 5.14638517347332 -22.6773843520925 -0.588825576947682 22.4432336328081 343.461459024037 -35.8197220682743 43.9576969451328 0.841557845359685 0.867584434166413 0.869006309705649
81.225 0.660212894316173 -8.12211644606866 4.96613443233925 -22.8392920122179 2.77602838190902 15.5532940517349 345.16378180947 -34.7619748753022 42.9737345255576 0.841395166277251 0.86744371249659 0.868484440403369
81.271 0.491180017470202 -8.3750384458426 4.84865230713358 -24.6593685146293 5.88827764583486 13.7626719986991 345.708663265671 -34.3071996489948 41.5347249657017 0.840896782137389 0.867230946069492 0.868049257282984
81.315 0.423204425624901 -8.19282269367614 4.66463096399304 -30.3206533823459 8.84637512213387 15.2379933265799 347.254017245193 -32.4988317156858 40.4171272222183 0.840353521767271 0.866465624426425 0.867820219221013
81.345 0.533595507969369 -8.28548612743737 4.49741364043901 -26.8405689343567 14.1918233909132 8.86674406017857 348.655753968607 -31.6880536897055 39.7218730499969 0.840053050084305 0.866080673099949 0.867511238125275
81.405 0.977671369672047 -8.26434443499246 4.39423547926326 -19.9871203788137 17.7970563359526 -1.21549456316375 349.551160714571 -31.7273234886614 39.3867171704975 0.839809668021103 0.865768862525504 0.867384423703268
81.435 1.45352750744003 -8.29230248118972 4.47622616113872 -11.6780407892818 13.6728675405186 -7.01195517631531 350.396440178803 -31.7351320258158 38.9832409081029 0.839852822086582 0.865738647921911 0.86717071274144
81.482 1.64446602898556 -8.38745096862597 4.58754787611502 -4.95875502405109 4.83998453988113 -7.01426384548716 349.74911654483 -32.6654569409108 39.3164251355634 0.840001465371395 0.865849843764002 0.867342790629099
81.511 1.64929710007262 -8.4140932916366 4.62711100808487 -0.974683172534815 -1.15541404941384 -5.32453081408124 348.738784401313 -32.8370201221377 39.0043043598063 0.840121866432094 0.866285205517629 0.867728413456654
81.555 1.60915096127001 -8.36590658452094 4.74508508439542 2.62897991268955 -0.48458767010155 -5.20538904337527 348.070415365063 -33.1739862989316 38.9494865314431 0.84045926616874 0.866526857258064 0.867905275130828
81.584 1.73346477363145 -8.31350372204228 4.89425623258454 5.4638248743167 1.6045068879811 -7.54399871292023 347.745036445701 -33.5669289021346 39.1810840904689 0.840845980723282 0.867079555824863 0.868405398342394
81.629 1.82226574408059 -8.28521905218488 5.05772559633659 8.08096532376905 1.71171164796698 -9.66804353761806 348.495479521018 -33.783212410729 39.1346781132798 0.841146186764037 0.867527241663969 0.868564258405211
81.674 1.86658940900869 -8.22564128000229 5.16448790709727 9.04833000385598 0.379005518822723 -10.5622603036386 347.771338412025 -34.1624020526905 39.8650892717567 0.841276065859055 0.867655958672607 0.868803439678583
81.704 1.89699089620014 -8.16874022480387 5.25168960385768 10.8014373794592 -0.414303239677259 -11.4157361894587 347.28678411374 -34.4995456626793 40.8827223101229 0.841241464749748 0.867649105210616 0.868763348243077
81.75 1.93965642408267 -8.17385642954902 5.27355307981899 12.3720650407208 -0.236577990550793 -13.3220134890341 346.024295132129 -35.2346319867702 41.4730050711996 0.840999795646101 0.867508428406839 0.868509501740979
81.795 1.84120561015751 -8.15528553521285 5.24693986637275 12.435723828022 1.55211228566912 -13.2164034452016 344.599679057025 -35.8240519092839 42.4971341076717 0.840816825462829 0.866789249316318 0.868082025951986
81.822 1.87409567474363 -8.03833988680915 5.25747740843826 12.4240813388657 3.79957736360573 -11.9533783936667 343.75174003619 -36.1034820465199 43.6686786272141 0.840554796360167 0.866330449513794 0.867859094207348
81.869 1.86969579644621 -7.96376115891661 5.24723631013369 13.7138112279927 5.23781033627637 -13.3163586362746 343.034909429314 -36.8278204576812 44.1436296880434 0.839988029280612 0.865958821673749 0.867456167532485
81.913 1.86727512522511 -7.9030769967913 5.29020083858409 14.6091031252084 5.04232102887241 -14.3716703427107 342.022276637744 -37.4025345707217 45.3803400473151 0.839883471452571 0.865781400593004 0.866994250738579
81.945 1.92974834125855 -7.82607229293806 5.36685878654529 16.125510935999 3.45603575857749 -14.8131140462979 340.770044076573 -38.5520530022846 46.2140754383253 0.839925100158275 0.8656376895176 0.866977996284489
82.007 1.9403983977448 -7.8226617053206 5.4508945735531 16.8779997360218 0.120610338493569 -14.355492606509 339.683735702024 -39.0631629318505 47.6334011050435 0.83994632211769 0.865755858051049 0.867199009059223
82.035 1.94638533869177 -7.74314100690631 5.52154332158088 16.7760652823609 -3.33780180902632 -12.4505444311196 338.113825918639 -39.4471619747989 47.9730548950852 0.840329692421969 0.866319945932427 0.867488898249048
82.065 2.03890445885876 -7.66007242947656 5.61012689216203 17.1784602069566 -7.57537519050216 -10.1934906075275 337.190198994098 -40.2382011995871 48.944174465019 0.840652556952057 0.866665988274053 0.86796967786985
82.109 2.2240919454578 -7.59253549320865 5.74686416341907 18.4260794851921 -15.39200810278 -7.21718540736444 336.808061185219 -41.4129429716656 49.1367813166654 0.84092612929832 0.866921387088475 0.868481892276579
82.169 2.3689163355811 -7.5603480509135 5.82446170138098 19.899322856288 -29.7808853418778 -1.45134002729344 336.066529560028 -41.7404838070491 48.812792866499 0.841488788975845 0.867251583772603 0.868663134189859
82.183 2.42182605319368 -7.49870436138734 5.9152560042569 21.2032606738986 -45.6694636918065 7.83830770766331 335.573888943623 -41.4777918837098 47.1223622218642 0.841717300491801 0.8673957194423 0.868821731773493
82.243 2.43765238256304 -7.41153714065679 5.95574143289084 22.2070838939495 -63.0686778041037 19.0534567241233 336.026850044334 -41.6850114258049 44.28911339971 0.841662696234408 0.867512469334755 0.868704495661321
82.273 2.29356173096249 -7.38421287033947 5.97141609504252 24.8147608548625 -76.1477664259042 27.9109335343261 337.377748535911 -40.796859254902 40.3141818537651 0.841492443710521 0.867372829559697 0.868350962307465
82.306 2.45896305688919 -7.41982836220794 6.07121962418842 26.349727284805 -84.8657213393335 32.9205279185294 339.413976314088 -40.3234559964706 35.4924873015497 0.840975576858338 0.867161321485148 0.8679658184163
82.351 2.41966376403419 -7.36007947467017 6.1537185075845 27.6051111617608 -93.4896312314251 35.9398260872912 341.531320814411 -38.8479993571412 30.2669147142553 0.840544117270476 0.866767647983055 0.867740042315749
82.396 2.50460253414067 -7.37747554124614 6.16357255041621 28.9977736288125 -100.274463892874 41.0262972986448 343.696369859673 -37.2028794792844 24.4322009185468 0.840194635004307 0.866436549903542 0.86745876381755
82.428 2.64231407789198 -7.25943636650233 6.18421964932102 29.1372042729259 -108.464605829564 44.6068733309863 346.344059586335 -34.7723323782204 18.9800827440229 0.840038175060518 0.866057122736414 0.867341919514011
82.471 2.62899681091035 -7.14876512091413 6.15431071799776 31.2864026366425 -115.887704767748 45.9763002225264 348.944688264931 -31.8075892263585 13.7478670226586 0.840037912788507 0.866095598958289 0.867259607992589
82.517 2.71558201560752 -7.22642822141304 6.15797094106915 32.8790853723216 -121.479498877143 46.8487421115441 351.627197494594 -27.8101472733504 8.36977228835343 0.840164020894597 0.866250088342454 0.867537983385074
82.547 2.80294828257953 -7.10663380712899 6.13036176240639 32.9830515179927 -125.25824141873 46.5611452324881 354.880029970622 -23.8402192914138 3.88151555356627 0.840506028431263 0.866609403626175 0.867886519588994
82.591 2.97311025778469 -7.0920326445243 6.11916131444493 35.5845923402611 -128.314671732378 45.0559016841169 356.890824276203 -19.5325776260452 -0.161972401611318 0.840770437388067 0.867011317848279 0.868267154217502
82.636 3.16871952052129 -7.06953357699815 6.0119206690873 36.0695503299627 -130.812899370402 43.7884864710049 360.103567663725 -14.4233878770966 -4.33719764530517 0.841211317208931 0.867471968902937 0.868562785286539
82.665 3.39463761268579 -7.02421893542087 5.98771200111598 38.6071754619263 -131.061272917506 41.8806587743384 362.369889807617 -9.60094418044824 -7.47913009269719 0.841568429863831 0.867722179016172 0.868802246452459
82.711 3.63268592718247 -7.01096528957995 5.87677616636141 40.441964795916 -130.901921139516 40.8524939125576 365.05761074417 -3.96676478616308 -10.0840953750847 0.841604900285424 0.867813857927891 0.868996209996854
82.756 3.8327535017136 -6.99429816339887 5.85738545493035 41.7008159121729 -131.081930168809 39.5661689241335 367.954664702778 0.788920523207909 -11.2701172538186 0.841634441326914 0.86765395147139 0.868808866683944
82.786 3.98030536843147 -7.00828925580706 5.83043225454247 43.0063631789364 -129.468882520705 38.5611922483955 370.22927840925 5.66102562379841 -11.8347949755931 0.841558131287126 0.867389030233619 0.868669695322527
82.827 4.2092254614132 -7.148035059838 5.94604531641836 45.335383182572 -128.809642170015 35.8065504540248 372.377715511493 11.5454307552767 -11.8541839302304 0.841155254077847 0.866927386295794 0.868446097677489
82.872 4.28799502460071 -7.58783418544083 5.77738314161686 43.8979199198681 -126.340466646262 33.8155196082181 374.765949564309 17.0797989117741 -10.4778889834866 0.840600870314392 0.866331102744448 0.868141659940561
82.901 4.33581704944775 -7.72678568196732 5.60441084111621 35.6151013946351 -116.659289433854 33.8635479818933 376.30441914709 22.6426371185371 -9.75909007662417 0.840139443784847 0.866070465029566 0.867808233378932
82.949 4.60250482629566 -7.89920339473362 5.28059018252255 29.4191481601888 -102.447688563559 31.915351727929 378.042579509143 27.292536066015 -9.45286296206558 0.839892158578375 0.865995291976755 0.867390538313188
82.993 4.85841530475389 -8.06154077535374 5.02912921313791 25.458364971585 -89.4502613242692 28.1895265026759 379.342489402406 31.6469542134722 -8.50881899927312 0.839805816183758 0.865922055777425 0.867422176822467
83.024 5.09203900923163 -8.03411894402164 4.76978064725322 22.5862374590449 -78.6337956421236 25.8819897496103 380.935416415949 35.6540329129125 -7.58814338941123 0.839735878844119 0.866109518365954 0.867558795294986
83.07 5.29981135451956 -8.05543987058221 4.56690885276708 22.7227912731241 -72.2913134014179 25.7700605521461 381.757687296918 39.2597666594591 -6.7223961454231 0.840159233370376 0.866483223184955 0.867780325100016
83.117 5.36972322236073 -8.04238725506386 4.38340513842704 25.0666059693985 -70.393979122324 27.933978054872 382.021726710504 42.6064109941619 -5.48714087779271 0.840628173612043 0.866785924088346 0.868205733619134
83.146 5.31296241957112 -8.02256098678239 4.25832607546742 28.0234164840677 -70.064390264655 32.1074382549806 383.369598635508 45.1791929052711 -2.68058411101209 0.841133890538898 0.867252484259432 0.868673097433498
83.188 5.24865255305481 -7.9987624850405 4.19355354648262 31.9445398711788 -70.7100187097904 35.9516051392061 384.191374894762 49.2611462532696 0.126726870080205 0.841669249491139 0.867507074353565 0.869051662123133
83.233 5.12166496331436 -8.04036432354565 4.15896049631196 34.2646956162655 -71.264657139663 39.3104184833676 384.629013664757 53.2875284651484 3.85264876476497 0.84186347350919 0.867602666812879 0.869124647765568
83.264 5.0417534285198 -8.06277308402083 4.19545790263982 35.7997469606255 -70.8452883136614 42.0467824829781 384.773501068453 57.4908980567702 8.10064549945962 0.841655073303094 0.867790722221857 0.869183766135941
83.311 4.91468607509756 -8.15872374818199 4.18021328185267 37.8797034350532 -69.8549888775772 43.4591151852581 385.340535865447 61.3936274259839 12.3875228545623 0.841347600364994 0.86759821439825 0.868751503756352
83.357 4.79607950340654 -8.26555726958149 4.1769451532439 37.7608803930801 -68.0488005328223 45.9422649794484 385.037834051012 66.0008382150469 17.3778935121955 0.840972077002674 0.86723276896539 0.868401371228885
83.385 4.61688749094472 -8.37826715793804 4.19950895520819 38.0313512863338 -66.998459729296 47.3664407402234 384.43264558132 69.720678954188 22.2600937448783 0.840654970879164 0.866813297899232 0.867981971251652
83.432 4.41399379572003 -8.60443948684278 4.17586914519813 38.0375319465106 -65.7554699379817 48.6191070759168 384.206442920869 74.0417499528923 27.1746759333514 0.840284426427345 0.866485748878464 0.867642257270093
83.477 4.18327665210357 -8.71673473251159 4.26166474674622 35.9855917163682 -65.0568161459484 50.900179021569 382.877218765904 77.9918174618428 32.3134875060147 0.839984285421371 0.866220434171641 0.867268443691583
83.505 3.90937252425431 -8.98265010785221 4.25740578891962 35.8794743284262 -64.6586164980655 51.0531908089976 381.752547200382 81.3713721440927 37.8559248798719 0.839753968644127 0.865993306716296 0.867311083856424
83.551 3.67352204106704 -9.20057348135749 4.29986484178826 33.587488709842 -61.8614182947308 49.4889624178835 379.87556323231 85.074811436715 43.7672991526962 0.839934026137648 0.866290419228985 0.867456491232236
83.592 3.45489598385283 -9.18626764909573 4.38217662032871 30.3047208168041 -59.7608785897243 47.4331587951268 378.175206218171 88.5905972637392 48.9635123136839 0.840193561199177 0.866531080364263 0.867808205731595
83.621 3.24125539449999 -9.1882968492496 4.37700515536177 27.5383505791686 -57.6495177645469 43.8662021355031 376.881917036718 91.1503837836287 54.360444974084 0.840517338930077 0.86694787600613 0.867859159951124
83.668 3.17292888822556 -9.01830022923373 4.4391715829933 26.0853006103479 -55.5458803816494 39.2284176228873 374.946352799742 93.3318108647393 59.451960429008 0.841006307457959 0.867297663769759 0.868244992910827
83.714 3.06171573051358 -9.15239870714844 4.34335436178695 25.6235973111757 -54.8928501320368 36.1106671295006 373.024545767791 95.9927668004388 63.9900879474965 0.841402371965544 0.867703909099335 0.868557517608187
83.747 2.9120653232666 -9.04924536482331 4.31901339630579 22.1196939747241 -53.8067200573315 35.2266632756588 371.395882071911 97.6561411083555 68.3019712374722 0.841470393387811 0.867910050575255 0.868797979632994
83.791 2.68934034568002 -9.16439793701995 4.17994628023743 20.5064941042593 -52.232603551782 33.3200094670241 369.266664478248 99.3574742977679 71.8125967023525 0.841525490739847 0.867842981754742 0.868882249250597
83.834 2.44580998184446 -9.28239163616084 4.05799446974226 16.6143823618546 -47.1110042967908 31.178367973633 368.237998227381 100.483554181192 75.4242033289055 0.841469881311602 0.867665468407581 0.868482351291529
83.865 2.28351770352674 -9.29073378061865 4.0247308238741 12.7994054382931 -39.1675470681868 27.6612719517725 366.786778564178 101.833678886766 78.9796046964135 0.841071124569427 0.867287244712947 0.868405217854671
83.911 2.19698815339998 -9.3247250427668 3.96565108555168 9.99637336684947 -31.2959421328649 23.2498287542182 365.413290636984 102.36927989828 81.8294798040949 0.840760778636511 0.866980883520294 0.867997556004077
83.957 2.14350898785689 -9.30822854806885 3.93412496106489 6.39988685462899 -23.4874993871625 19.4725139626725 364.258765415957 102.773116717607 83.8198786413169 0.84038292814839 0.866596787458001 0.867568321587835
83.986 2.16317633167775 -9.19583617877586 3.93049574593601 3.59558774156246 -16.9542638165788 15.822583638009 362.891599986926 103.424224541262 85.7801016994667 0.840089380912844 0.866421613143788 0.867208555788953
84.045 2.22754157875435 -9.10724043347056 3.91929008570231 2.36204439127628 -12.75005292807 12.754231678085 362.18019598941 104.551621878422 86.023882376568 0.83983909599222 0.866045023961013 0.867262574655294
84.076 2.2695499536247 -9.03728546453583 3.90565855925881 1.65745443021623 -10.104031421355 10.583065063829 361.171958751422 105.464813721522 87.0013447250201 0.84011666778138 0.866209122594661 0.867429517539575
84.106 2.2876852282136 -8.97949673751975 3.91230417188742 1.69864495870415 -7.52983797038155 8.66480178567094 361.417286588652 106.306499114433 87.6670892272663 0.840581226740619 0.866576221370462 0.867564741275843
84.151 2.30845008034328 -8.97067791418421 3.9392828417456 2.52842150051983 -5.1176420384518 6.92681005708048 361.388002136808 106.52026428269 88.2063422740857 0.840843965166541 0.866873571378862 0.867920241879263
84.196 2.31298736779336 -8.97189633110079 3.97114926863064 2.75512065206228 -3.28544272290168 6.13667034470847 360.926281730815 107.203414068979 88.4811372420094 0.841308681698041 0.867212853047816 0.868441849124203
84.226 2.27874438205599 -8.94629568624217 4.02226781898303 2.73149505641472 -2.01571242234426 5.37848923875585 360.90628820196 107.858765395873 89.0577211660276 0.841685102088557 0.867598296716603 0.868753482150314
84.271 2.25833980991228 -8.95091972909225 4.05655109925455 3.01373236974173 -1.08104767278587 4.22588926049148 360.554093443587 107.717599970657 89.5247541444824 0.841762490858885 0.86767655692694 0.869104737752281
84.316 2.26233640323644 -8.95141502451003 4.072415367714 2.91020718895645 0.178091843058712 3.34747411779199 360.814815689306 107.993255976232 89.7170508570307 0.841813123685959 0.867850573214246 0.869167639025178
84.346 2.28166867175259 -8.93117825336448 4.1098419031706 2.75780217419976 1.46051393486229 2.48328609648021 360.060000708338 108.210537340748 90.3228111941949 0.84148811846732 0.867646693702085 0.868861628399179
84.392 2.32119798890384 -8.91205109237855 4.14231815109425 2.9089342649186 2.05637506586441 1.78779761601157 359.634600573754 108.332535246006 90.7594770672979 0.841212366948017 0.867136093705252 0.868490572189575
84.436 2.34010248609008 -8.90818190370175 4.19658820348498 2.96722912099628 1.68932792548758 1.93697103080143 359.64402646474 108.665353549265 90.7951764245113 0.840735917243115 0.866858451204061 0.868054224029811
84.466 2.3199031439858 -8.89092206550916 4.22700775086074 2.72498230556424 0.87873729903425 2.02749615326977 358.72766143644 108.598936374905 91.5920929038541 0.840236169727932 0.866398862789835 0.867811650862692
84.512 2.29329449165108 -8.88625501782255 4.25274292210283 2.27624330109482 0.665364998477284 1.97524898338515 358.633405763516 109.409138463673 91.2655952521219 0.839945197494847 0.866261294162573 0.867282192236048
84.554 2.28927900557594 -8.8775786406234 4.29505242963065 2.02719218839062 0.952228091514692 2.10338679104579 357.933058668448 110.365402155575 91.7571321542187 0.839975098252519 0.866026403308951 0.867198896532994
84.585 2.25949873282065 -8.8963841910772 4.31104935753483 1.718361550459 0.795579563287206 2.28343795723564 357.305777521443 110.131975746016 91.7712770449172 0.839986820574028 0.866305031146492 0.867389999116516
84.629 2.2043478427368 -8.9202238551424 4.31882943326227 0.76484995510843 0.612892728705385 2.52805802780362 357.559679792369 110.368900354273 92.4247344063829 0.840236324692644 0.866653907297446 0.86740954375062
84.674 2.17255043961708 -8.90930717067255 4.33056615101629 -0.299937185217133 0.720412575900217 2.11314684984918 356.625340631819 110.980809286961 92.1140348691701 0.840678148838744 0.867059549115725 0.867893230407492
84.704 2.16394899350667 -8.8889067148152 4.32164950677693 -0.809132326132748 0.399183041441008 1.29706879570608 356.378525911773 111.122455522438 92.5163682440278 0.841010242937561 0.867400044949566 0.868272589980485
84.75 2.1473212276939 -8.8655647567646 4.30024738989514 -0.980740695617908 -0.159715171547288 0.624747861926502 357.222605988536 110.817188973175 93.1422582776626 0.841292271906027 0.867786837854979 0.868813427993107
84.793 2.1503128580635 -8.82721690999531 4.28481501842157 -0.717606070320734 -0.551735701167043 0.0176488215955809 357.420310850714 111.079923068272 92.8992292049067 0.841520715370484 0.868100140108363 0.869005267044779
84.823 2.15475321428299 -8.8263220757278 4.27588816273946 -0.462405955127734 -0.887516604968206 -0.224177736950328 357.430451789079 111.2507376853 93.0203756559744 0.841692721828272 0.868230997692568 0.869037333032187
84.869 2.14330235977192 -8.83289360282084 4.26070866772412 -0.219815999225984 -1.11881211414638 -0.0566221348686966 357.612665949154 111.119097525093 93.4245042813393 0.841605338493226 0.867868647078234 0.868718716077023
