52.866 -1.20963863598093 9.59916124855121 2.39638773715862 -0.611298489310814 1.35774064147061 -1.25713018220154 167.692386149488 150.910787197517 70.3351990511066 0.840156541167321 0.865623066047159 0.868075839875737
52.88 -1.21083891451464 9.60111569864727 2.39712681874366 -0.570779327402634 1.32349329488081 -1.20011945405772 167.843147534539 150.819708477765 70.621679145996 0.840018096236282 0.865563262093636 0.867894218804897
52.91 -1.21353524977064 9.60449070486286 2.39054952715097 -0.520571623670004 1.27816686615608 -1.21522201246874 167.738832781085 150.257737629989 70.5195112313964 0.840019966080805 0.865632898801005 0.867854083485587
52.924 -1.2153634016582 9.60477495270543 2.39211184967391 -0.428819804814454 1.24118987419696 -1.27232576542034 167.584949502977 150.41196386699 70.4875601082567 0.840021648940876 0.865695571837638 0.867941149300753
52.954 -1.21988177760261 9.60826287338948 2.39250039329081 -0.315708816699421 1.203330428762 -1.28631456292411 167.806454552679 150.670767480291 69.8588040974311 0.840149484061358 0.865875301215054 0.868019508534403
52.97 -1.22113513169125 9.60589539113476 2.39787790122583 -0.155893660220318 1.18376074466443 -1.20959150357826 167.285809097411 150.543690732262 69.652923687688 0.840264535669791 0.866037057654729 0.867966844242143
52.984 -1.22226315037104 9.60316613110454 2.40008403905887 0.0161842554200341 1.22645337248806 -1.11382319291509 167.65722818767 150.309321659036 69.8276313189192 0.840620276671738 0.866059314805989 0.86816568611766
53 -1.2205250379058 9.59538266771332 2.40649885578745 0.163420791710092 1.29388437111712 -1.10167751484496 167.571505368903 149.918389493132 70.1648681870273 0.840814420498091 0.866325857489115 0.868221591669619
53.045 -1.22117537110558 9.59065206390586 2.41101522425228 0.232574895745189 1.34006845308937 -1.22509754962 167.734354832013 149.926550543819 70.1083813683245 0.841115173017208 0.866319234656937 0.868517876043426
53.047 -1.21188458665768 9.5886091429767 2.41346385937405 0.271149467239373 1.31522191312395 -1.43006871068854 167.460919348811 149.753895489437 70.3575432314921 0.841133655730056 0.866682837490975 0.868661614738814
53.059 -1.21088505564236 9.58820703376326 2.41602676088934 0.357011619752077 1.17224934013216 -1.69469542740594 168.11482741393 150.138505940493 70.4017889083429 0.841402484725976 0.866763840303057 0.868913896805702
53.09 -1.20555619697067 9.59095754697018 2.4125872937619 0.548028015028778 0.889375551157116 -1.97789764039054 167.803344672537 149.584655346444 70.2616100175086 0.84126591572153 0.867082982572483 0.868894981288856
53.104 -1.229490652385 9.60821724957907 2.42708916256838 0.961927503602236 0.607308225049038 -2.31216894505378 167.643010205284 149.3261898118 70.2554490157577 0.841647394049408 0.867000647231968 0.86912392670074
53.122 -1.24396876219151 9.60800906145589 2.42170548549306 1.58023857003591 0.482455265139554 -2.68629556199878 167.678709184755 149.63357083062 70.669904114182 0.841612654659037 0.867296108808503 0.868960820591846
53.149 -1.25634065619025 9.60393117777124 2.42320480445932 2.11534448402468 0.438789891297354 -3.16194081495921 167.89083826628 149.610213747558 70.1429137027638 0.841959459093164 0.867192460844386 0.86918318207343
53.165 -1.25382841245157 9.61923510055197 2.4474786862723 2.35419171501153 0.178880367816474 -3.66025055025718 168.201754439652 149.709192372802 70.5086223324874 0.84164072236954 0.867591658300716 0.869014150427267
53.18 -1.24899362876256 9.64988771278071 2.51511427864361 2.65388704732717 -0.426793928507158 -4.09956900668185 168.181578995687 149.618273135522 70.5377600992387 0.841858844701512 0.867458455387377 0.869231178925309
53.207 -1.26756680626488 9.65808209656246 2.62476818357344 3.30834567083873 -1.33220613870988 -4.47968844189152 168.163421096118 149.65644582197 70.0839840893148 0.841676639699512 0.86746189640982 0.868934023949511
53.221 -1.2979894693388 9.61847084354073 2.70681698853763 3.74086988238081 -2.45242063934271 -4.96149059006878 168.507078986506 149.570801239773 69.7955856803833 0.84163897574413 0.86709461195034 0.869036147854291
53.236 -1.33165463945509 9.57216645709315 2.81609508754305 2.87975999337937 -3.6354228502176 -5.5180132867871 168.756371087856 149.793721115795 69.476027112345 0.84135228735541 0.86701111367204 0.869005007232587
53.266 -1.39816559381403 9.56173688261187 2.9706492903366 0.591783994041431 -4.70623171023401 -6.00361653826106 168.86073397907 150.114349004216 69.9084244011105 0.841347058634438 0.866935965221569 0.868730469426062
53.284 -1.46359197819636 9.55540288169809 3.11986355327377 -2.593348603836 -5.55850930256938 -6.34905641115251 169.134660581163 150.462914103794 70.2375819609994 0.841216032239146 0.866744871350605 0.868606709044636
53.298 -1.52756340972548 9.55700456511642 3.30108274527915 -6.33248702589514 -6.22937592956435 -6.7446851211823 169.861194523047 150.896622693415 70.0538237648995 0.840845017509117 0.866572886866738 0.868248540791365
53.33 -1.57807478611438 9.56586814592777 3.49314987816091 -10.5450398500232 -6.79346123737128 -7.29388073120147 170.275075070742 151.166960424073 70.6084413884096 0.840764195226357 0.866294503361566 0.867926189363422
53.345 -1.63119648669453 9.5934179127559 3.69785314939328 -15.063818307769 -7.39732122050438 -7.98204990998972 170.107567563668 151.590264381666 71.0475972495686 0.840438364197606 0.866291015942143 0.867636073078272
53.36 -1.67894615031145 9.60983305278524 3.90746465452231 -19.8459860953127 -8.28125322059135 -8.79605865944877 170.796810807301 151.731237943499 71.9228375246117 0.840398207245997 0.865917084268633 0.867621752331625
53.391 -1.71976606813248 9.62502562793884 4.12616223509059 -25.0888684018119 -9.67526530311237 -9.62713981640465 171.237129726571 151.678114149149 73.0105537721506 0.840362065989549 0.865827878492963 0.867362079749656
53.405 -1.74626877993801 9.62223881297821 4.35219933761607 -30.8441036990353 -11.7543036582973 -10.3735861401077 172.293416753914 151.810302734235 73.9294983949355 0.840329538858746 0.8658710535604 0.867251834691424
53.42 -1.78197253129296 9.59686605167551 4.58077182328806 -37.5352658482158 -14.6124610787271 -10.7721053886924 173.124075078522 151.689272460811 75.476548555442 0.840300264441023 0.865909911121093 0.867399125386006
53.45 -1.8418786440618 9.62550590067056 4.86651325782632 -45.3557850649209 -18.0130470319231 -10.9116887429529 174.53166757067 151.64034521473 77.1688936998978 0.84040023801149 0.865821422660177 0.867408499408586
53.466 -1.90291690060441 9.65972130562914 5.15265040898766 -53.4721149553754 -21.5407499623186 -11.3846420060622 175.918500813603 151.116310693257 79.892004329908 0.840363893678492 0.865988566955339 0.86729361238446
53.479 -1.99609870221267 9.66621402263092 5.46907119725149 -61.2279568949524 -24.5485070271554 -12.5347274237766 177.226650732243 151.064679623931 82.2828038969172 0.84058367580417 0.866138996820985 0.867436725309739
53.509 -2.05679840897962 9.65763247632486 5.77366191840769 -68.7418024268312 -26.7173204465773 -14.1491936126966 178.883985659019 150.418211661538 84.9145235072255 0.840528987691905 0.866274383700067 0.867688579078497
53.523 -2.12256119598846 9.64966961702855 6.06802452829422 -76.1630420314763 -28.2097105393241 -15.7358009689842 181.395587093117 150.136390495384 88.3030711565029 0.84085828349164 0.866272908246793 0.868038164711416
53.538 -2.15541146352798 9.66776187087135 6.37820129299409 -83.5299439351989 -29.2956097143994 -16.9385567499484 184.436028383805 149.822751445846 91.1727640408526 0.840902455157045 0.866641143721845 0.868106822403999
53.569 -2.19174032945851 9.64813190875981 6.67459871206504 -90.7082472516027 -30.1691021780739 -17.9813422963276 187.532425545425 149.180476301261 94.2354876367674 0.841194404210266 0.866726315910841 0.868414583704368
53.585 -2.22084500973898 9.64004174034476 6.98822280616005 -97.9900942821676 -30.7239476854574 -19.1687042499009 190.919182990882 148.242428671135 96.9919388730907 0.841078643257391 0.867049210619488 0.868568651633663
53.599 -2.23351199554334 9.5983439132036 7.28580746218956 -105.030779510439 -30.9126216192017 -20.5296964203307 194.747264691794 147.458185804022 100.132744985782 0.841478848831683 0.867093576118719 0.868953012924943
53.629 -2.24036328011986 9.54836603204559 7.58511739819106 -111.951365681533 -30.8587640374342 -21.9309252515801 198.912538222615 147.23236722362 103.799470487203 0.841334643416666 0.867379744806579 0.869053237932181
53.645 -2.23797018540713 9.48321477353708 7.87801928981116 -118.537145143914 -30.7095288550648 -23.2546266195518 203.381284400353 146.549130501258 106.859523438483 0.841583373643925 0.867391056887101 0.86938914059361
53.66 -2.24952320348751 9.35191466611745 8.13235355315183 -124.883430629523 -30.5286523054362 -24.5062631942379 208.063155960318 146.354217451132 109.433571094635 0.841555036294102 0.867770394739159 0.869199513095429
53.689 -2.26333264194308 9.21925959171762 8.37783420888401 -131.176003597105 -30.1467794413048 -25.551820080921 213.056840364286 145.638795706019 112.650213985171 0.841781727233617 0.867495857916437 0.869398005326654
53.705 -2.27534216358404 9.04809542758981 8.59272145755127 -137.002678046554 -29.2931701994644 -26.4515999048899 218.631156327857 144.874916135417 115.425192586654 0.841480763695948 0.867618746288518 0.869084167710722
53.735 -2.26969060046203 8.88662566182362 8.79695372158618 -142.365005661746 -27.906601271121 -27.5812490747063 224.308040695072 144.007424521875 117.502673327989 0.841714881895279 0.867359374310859 0.869294194480419
53.751 -2.24850316711718 8.6122553834678 8.9448496732801 -146.84606234748 -26.1686128997341 -28.9765592817395 230.497236625565 142.986682069688 119.85240599519 0.841547073173902 0.867372723440953 0.869114061593557
53.764 -2.19292291285205 8.31402637565386 9.07047416869013 -151.320234738686 -24.4677821441118 -30.5086743459319 236.847512963008 141.888013862719 120.707165395671 0.841396045324664 0.867137953748051 0.868951941995381
53.779 -2.15217821849831 7.99432451132761 9.18066317531355 -155.576760883138 -23.1187138533648 -31.8639137815678 243.102761666707 140.959212476447 121.296448856104 0.84113364997789 0.867050121289979 0.868682710712576
53.81 -2.094798145176 7.68019674960219 9.30341621660788 -159.252672581084 -22.2221096436008 -32.8675987392889 249.572485500037 140.363291228802 121.946803970493 0.841023964448252 0.866971072077715 0.868440402558052
53.823 -2.01885493172499 7.26807516881922 9.38199116370319 -162.242672498548 -22.0762345571033 -33.8045029874974 256.175236950033 139.646962105922 122.352123573444 0.841051568017996 0.866529134790647 0.868345648863427
53.84 -1.93691894626581 6.83306097450047 9.43750542623912 -165.669550286861 -22.8976187349808 -34.8324496353125 262.05771325503 138.94226589533 121.9369112161 0.840823620401889 0.866378723962776 0.868013586628277
53.87 -1.86850365295377 6.41162068363001 9.48926393589182 -169.061373884129 -24.4116736553758 -35.8087466565141 268.671941929527 137.468039305797 121.32322009449 0.840618467547393 0.865996021487203 0.867961514526629
53.885 -1.79902903104753 5.92350795313093 9.48736398578409 -171.914015121671 -25.9430253738077 -36.4179483267406 275.104747736574 136.021235375217 120.170898085041 0.840433829978347 0.865775324519985 0.867914649635146
53.898 -1.75224374411938 5.47456984321213 9.46937347496203 -173.917270098053 -27.2082648211598 -36.5402756314711 281.254272962917 135.319111837696 119.013808276537 0.840394126448663 0.865700294719179 0.867872471232812
53.931 -1.64525411735568 4.93764734655561 9.43654230574952 -174.858367515729 -28.0904917741583 -36.4625839461866 287.268845666625 134.207200653926 117.372427448883 0.840358393271948 0.865632767898455 0.867711187026264
53.946 -1.56709953138763 4.31944398036548 9.33073893195557 -175.607645267973 -28.8692288562845 -36.4002950172168 293.221961099962 133.266480588533 115.595184703995 0.840199763130446 0.865571993759802 0.867689354884817
53.96 -1.48287403574169 3.71649372533811 9.22168942993433 -176.768254786977 -29.1265807798163 -36.1816395612966 298.939764989966 132.17983252968 113.875666233595 0.840183466285553 0.865517297035015 0.867669705957516
53.99 -1.37534791520757 3.14929792841542 9.09762763415769 -177.525017094539 -28.839876900308 -35.7443916357013 304.50578849097 130.901849276712 110.828099610236 0.840295119671567 0.865591530248247 0.867652021922944
54.005 -1.27312760017684 2.55544364655258 8.9345565268546 -176.783202407986 -28.1245915003535 -35.0814028538106 309.455209641873 129.571664349041 107.785289649212 0.840269287172562 0.865658340140155 0.86763610629183
54.02 -1.1249254297826 1.84111036244846 8.70010489486006 -175.452973770241 -27.0938117396311 -34.270209133315 314.569688677685 127.954497914137 104.746760684291 0.840372358469875 0.865718469042873 0.867868021962378
54.051 -0.957605667556525 1.23364460513428 8.50723449822378 -175.224470286346 -26.1126748404772 -33.1943332581514 318.692719809917 126.739048122723 101.052084615862 0.840465122637457 0.866019096302311 0.867953693929865
54.065 -0.797740353028656 0.649216759611089 8.31389897259574 -174.423397303513 -25.3586592648264 -31.6947472605806 323.303447828925 125.105143310451 97.4268761542757 0.840674781867238 0.86616647323326 0.86815385083661
54.079 -0.651946204496039 0.0559546009381876 8.0769295083806 -172.528385817437 -24.8472208192598 -29.9664939085683 327.873103046033 123.694628979406 93.0241885388481 0.840737303695084 0.866422300073659 0.868333992052681
54.11 -0.498225978844714 -0.544959128885245 7.81104439979718 -169.983180823479 -24.4838727831354 -28.3377834490092 331.445792741429 122.845166081465 88.1617696849633 0.841045767894501 0.866529356627473 0.868619036388181
54.124 -0.343058501333015 -1.12510624616335 7.52494118052059 -167.291732970139 -24.3629664208524 -26.8101119743373 335.021213467287 121.360649473319 83.425592716467 0.84107119111962 0.866871947264457 0.868629606913088
54.137 -0.204126031383887 -1.67590920110634 7.24177045915127 -164.588513871598 -24.5747613818206 -24.9512381814837 338.419092120558 120.444584525987 78.9830334448203 0.841472141907689 0.866934039099191 0.869007872676426
54.169 -0.0784882585868371 -2.19814763051353 6.93657873237372 -161.491494545507 -25.0195753199744 -22.799625813717 341.477182908502 119.500126073388 74.6247301003383 0.841581099210447 0.867236161489004 0.869102611708515
54.185 0.0399726855160177 -2.68007337077333 6.65083297041869 -157.593490129125 -25.5504422154579 -20.6364571254751 343.989464617652 118.170113466049 69.7422570903045 0.841805183858328 0.867261831901283 0.869433576992311
54.201 0.165501734084014 -3.17078852972871 6.32895848704412 -152.612767070411 -26.0297491389502 -18.7308266801032 346.550518155887 117.393102119444 64.808031381274 0.841754665487065 0.867654092251924 0.869116182209813
54.229 0.28470279616069 -3.65702417184251 5.98103249269457 -147.376681203064 -26.5458581945209 -17.2004921036959 347.895466340298 116.8137919075 60.1272282431466 0.841961393507284 0.867391185677924 0.869445790443479
54.245 0.386836223381321 -4.11480741521124 5.61001926837323 -142.437486365201 -27.0752418407176 -16.1369314429446 349.765919706268 116.23241271675 55.7345054188319 0.841768933624707 0.867401353671312 0.869250497960311
54.26 0.467742978850806 -4.49179713267449 5.27179780761562 -137.702134675245 -27.3784046795466 -15.3896505123906 350.909327735641 116.009171445075 51.4810548769488 0.841974234831162 0.867040123485683 0.869320974464011
54.29 0.538344424354855 -4.82701773946014 4.92256707394268 -132.328867772606 -27.3459077230424 -14.5995404229836 352.298394962077 115.688254300567 47.7729493892539 0.841654020533738 0.867085397698295 0.86913816357879
54.305 0.614814413834653 -5.14571510110373 4.56773754159343 -125.914301606033 -27.125820767532 -13.6724108081662 353.18855546587 115.159428870511 43.8356544503285 0.841492297948516 0.866879360579658 0.868850310137645
54.319 0.689383482857682 -5.46869518477387 4.20768953740357 -118.759512666803 -26.8239257136796 -12.7097498800213 353.989699919283 114.68348598346 40.0520890052956 0.841346747621816 0.866693927172886 0.86871456568506
54.35 0.728603198460464 -5.78056599603892 3.8211576674559 -111.41867590394 -26.3659606232277 -11.8311413042329 355.010729927354 113.955137385114 36.2268801047661 0.841089282045327 0.86665049737233 0.868469072033287
54.366 0.747919643817893 -6.05430650031686 3.44454856447979 -104.325663275378 -25.5263111257904 -10.9144393875501 355.929656934619 113.179623646602 33.1441920942895 0.840984033308946 0.8663643528166 0.868371451391139
54.379 0.751657496302025 -6.27954410895217 3.11038877501432 -97.1373717570005 -24.2439090208449 -9.76116338772638 356.456691241157 112.661661281942 30.0697728848605 0.840762839163744 0.866106822716442 0.868160269168758
54.409 0.736646065481332 -6.48345510409333 2.81054279074976 -89.1373750393157 -22.4011975080734 -8.32321498788504 356.811022117041 112.555495153748 27.1827955963745 0.840690234715521 0.865875045626301 0.868093528813062
54.422 0.710326796204889 -6.68618848543815 2.54325517147103 -80.2327978407277 -19.912222795434 -6.72753471047058 357.189919905337 112.399945638373 24.764516036737 0.840498420429661 0.865666446245173 0.867786678582949
54.436 0.693043946115116 -6.88061952550517 2.32226891335236 -70.7224951558916 -16.7362676914631 -5.09981940736245 358.070927914804 112.319951074536 22.4080644330633 0.840452257854847 0.865602304271849 0.867757297285834
54.466 0.684612130124515 -7.05123801195002 2.16079068496573 -60.8922303731268 -13.0756180215535 -3.68678403151171 358.143835123323 112.247955967082 20.047257989757 0.840284241255055 0.865544576495857 0.867854041720976
54.481 0.691628123819064 -7.20581222024598 2.03658910675122 -50.9068241297073 -9.31233102855842 -2.47612089553611 358.629451610991 112.723160370374 18.2225321907813 0.840259496597701 0.865616081763005 0.867694600465611
54.495 0.704586427360086 -7.3530692855749 1.93522245958394 -41.1283554571946 -5.82155594096975 -1.2903408670512 359.006506449892 112.970844333337 16.5202789717032 0.840237226406082 0.865680436503437 0.86767442698023
54.527 0.713914556159951 -7.45884540679158 1.87290247030508 -31.8620847969713 -2.71344614839949 -0.12542891775066 359.585855804903 112.833759900003 15.4682510745328 0.840469675259001 0.865614895504287 0.867779458445932
54.543 0.697051044870356 -7.52914424242468 1.83614765179859 -22.6583190653658 0.133470985524426 0.967266645780132 360.407270224412 112.890383910003 14.8214259670796 0.84055270774767 0.865802692515038 0.867873986765064
54.559 0.676786205085164 -7.56889014990829 1.83341482793724 -13.2115711282948 2.84760480300252 2.1171048666983 360.726543201971 112.521345519002 13.6992833703716 0.840627436987472 0.865848386180268 0.868082114388289
54.589 0.675187552790683 -7.60089059071274 1.85160527988168 -3.50262775592337 5.4872718036183 3.34279896018114 360.773888881774 112.789210967102 13.1693550333344 0.840694693303294 0.866136021725966 0.868269429249192
54.604 0.672012965220965 -7.59844666179894 1.89981956211232 6.04763501966897 7.98205607363815 4.49096181225463 361.056499993597 112.670289870392 13.052419530001 0.841007418541891 0.866271706114549 0.868438012624004
54.62 0.659040338103852 -7.54171917548965 2.00498283142599 15.7443982352593 10.2632397792514 5.29911753942612 361.310849994237 113.163260883353 13.0671775770009 0.841036676702271 0.866640061802826 0.868466685525329
54.649 0.61462426451285 -7.43859057764284 2.1753463885315 26.3539278773823 12.4689768700286 5.8249309763232 361.599764994813 113.186934795017 13.6204598193008 0.841441078932075 0.866602018539276 0.868738460513564
54.667 0.570040960020775 -7.35942177599733 2.38601471255372 37.9025045552929 14.960247121957 6.16839207716416 362.039788495332 113.148241315516 15.0184138373707 0.841426971053436 0.867060260226117 0.868613901023388
54.68 0.545538153267164 -7.2930180963224 2.60195244494214 49.2458418860231 17.589413249456 6.17750706792103 362.555809645799 113.593417183964 16.1565724536337 0.841792343848124 0.866980197120239 0.868993737375696
54.708 0.51863736750149 -7.14359194663279 2.87446708509148 59.1571355600162 19.9281818481745 6.11929834586175 362.480228681219 113.574075465568 17.8409152082703 0.841616788931463 0.867400620948984 0.868843650199307
54.722 0.42954379476425 -6.94069410527151 3.17084644164581 68.4925670421826 22.062081220609 6.20126164104657 362.352205813097 113.616667919011 20.3768236874433 0.841837304607242 0.867286521770819 0.869077728720144
54.736 0.324819011902663 -6.71684592811228 3.50959351592605 77.7410202616284 24.6177051596168 6.58571562961367 362.716985231787 114.01500112711 22.1791413186989 0.841657253614669 0.867553395893468 0.86891924240931
54.766 0.266539588644373 -6.51616067154373 3.85666368246089 86.7020327392824 27.6124231932734 7.0301975017668 362.265286708609 114.433501014399 25.061227186829 0.841873722822128 0.867300558955314 0.869145761709148
54.784 0.213369844920278 -6.29202930745332 4.20895011878023 94.5867912974152 30.1985091182209 7.50275027067409 361.918758037748 114.630150912959 27.9551044681461 0.841563559725608 0.867319789620963 0.868980472099413
54.8 0.135589556604779 -5.9895151908712 4.5871797769309 101.185364076071 31.8168261453301 8.35171188482806 361.546882233973 115.467135821663 30.8595940213315 0.841410883221199 0.86709031331006 0.868954899053197
54.829 -0.0193470149843486 -5.68391322393862 4.94278961143263 107.486674996708 32.774074828507 9.52417428413151 361.272194010576 116.040422239497 34.1336346191984 0.84127347436723 0.867007244895787 0.868808695709057
54.845 -0.148435005212598 -5.34153453677577 5.33723831523688 113.494496046655 33.8378887197021 10.9435125809092 360.544974609518 116.436380015547 37.5602711572785 0.841149806398659 0.866809023057402 0.868430328789344
54.859 -0.229299719928002 -5.03704488429143 5.70882196738629 119.313748732066 34.8624967942968 12.2064132312152 359.890477148566 117.032742013992 41.6042440415507 0.841038505226944 0.866383290672366 0.868213258827143
54.89 -0.313151147185233 -4.77377809422655 6.01302045149483 123.457183019165 34.7922776492183 13.6185963355746 359.00142943371 117.389467812593 45.4238196373956 0.840685243198135 0.866370924521862 0.867894435595622
54.905 -0.481273030834019 -4.38696096543172 6.33175023999402 125.308411282134 33.4870956858231 15.9926145646126 358.141286490339 118.130521031334 49.1614376736561 0.840620398346473 0.86598900199038 0.867730954952793
54.919 -0.668016924497443 -3.92216806891887 6.69671793526342 126.822608321859 32.0315158882332 19.5918263905941 357.067157841305 118.8574689282 53.3052939062905 0.840562037979977 0.865892604442535 0.867460362108707
54.95 -0.822020495566986 -3.45046376541253 7.09869082938967 128.517446726315 31.0176772765091 22.9127964232904 355.380442057174 119.75172203538 57.2747645156614 0.840383043367672 0.865805846649475 0.867340288814569
54.965 -1.00988439735764 -3.02042322774228 7.47590899620656 130.108450145286 30.2617110755758 24.834493880198 353.622397851457 120.676549831842 61.5672880640953 0.840348418499057 0.86585122490126 0.867355546494293
54.98 -1.22876130357677 -2.67055672484186 7.76159570355002 131.318979176559 30.1966086703083 25.8525712097354 351.200158066311 121.868894848658 64.9505592576858 0.840190785834844 0.865645007592637 0.867369278406043
55.011 -1.46100514067972 -2.10129293868732 8.18313548927412 131.951203396308 31.3761844444988 27.2657873712047 349.32014225968 123.002005363792 68.7755033319172 0.840048916437052 0.865706469750107 0.867134853216632
55.026 -1.5926918828526 -1.67191463473253 8.55803225605105 134.535472369654 33.6576499695146 29.0552391684353 346.308128033712 124.381804827413 72.8179529987255 0.840174024807916 0.865761785691829 0.867293842058694
55.04 -1.6381867984568 -1.32880920555722 8.84288655074013 136.926963300628 35.2346330641662 30.2573488393781 343.477315230341 125.623624344672 76.8161576988529 0.840286622341694 0.86581157003938 0.867559984152556
55.083 -1.71983365949705 -1.01366967904447 8.99660401062584 137.183885291176 35.1096430401923 30.9453544134555 340.929583707307 127.101261910205 79.8145419289676 0.840387960122094 0.865732915686635 0.867799512037032
55.085 -1.84532985153837 -0.575378682743415 9.14769891962185 135.517405159005 34.3093657590738 32.3500556133313 337.376625336576 128.851135719184 83.2930877360709 0.840352843578036 0.866032098281696 0.86801508713306
55.1 -1.95540338512996 -0.0106291769721255 9.35557020960547 134.702305864478 33.6967497938535 34.4646683726089 334.058962802919 130.666022147266 86.9037789624638 0.840699753789158 0.866178175014707 0.868209104719485
55.13 -2.04620957753127 0.453651905169057 9.5223635189977 136.345052377267 33.3240213793536 35.7640030620656 330.593066522627 132.059419932539 89.7934010662174 0.840759778424811 0.866555883812967 0.868383720547268
55.157 -2.13338194234131 0.850914764502615 9.62172037541092 138.300623475418 32.4427642795862 35.8181371070041 326.933759870364 133.853477939285 93.0540609595957 0.841065995151256 0.866649581992851 0.868786574947189
55.158 -2.18741621324085 1.26357781419066 9.64350534241695 138.846897005739 30.7366557905589 35.7447203428685 322.860383883328 135.168130145357 95.8086548636361 0.841215567129657 0.866980150093297 0.868780391616195
55.188 -2.21138677968379 1.77904566105223 9.77545979703634 138.730909595241 27.7919978450908 36.3015460185054 318.654345494995 136.651317130821 98.1077893772725 0.841602080316722 0.867154609247692 0.869143578909222
55.204 -2.27623550272402 2.25296251752391 9.88099077122064 139.529574360908 23.6967675262306 36.9408570655098 314.088910945495 137.806185417739 101.077010439545 0.841571872299619 0.867557591863692 0.869101695182025
55.221 -2.35058064618483 2.66410492162479 9.93113727667915 140.359059672909 19.5354877201724 36.4475347177374 309.560019850946 138.785566875965 103.569309395591 0.841796879638583 0.867427795594056 0.869309969204591
55.265 -2.40941084050037 3.06124742895878 9.96453750698853 140.417046835389 15.9712519252544 34.5073613986354 305.244017865851 139.907010188369 105.692378456032 0.841747191689294 0.867557490198375 0.869128258845312
55.267 -2.41519224008528 3.44980032507047 9.99579486163635 139.872288716736 12.9100045953244 31.8841061748024 300.399616079266 140.796309169532 108.323140610429 0.84195466708929 0.867427704095271 0.869579308566235
55.281 -2.44152432108469 3.76723603543757 9.97532418589752 139.052235417581 9.96175222739498 29.2537108244978 296.21965447134 141.656678252579 110.630826549386 0.841636409566054 0.867557407849469 0.869370664270791
55.31 -2.51651897511971 4.07166282061146 9.89297540683414 137.208843936892 7.5365693710677 27.0520038641854 291.617689024206 142.311010427321 113.067743894447 0.841854963178374 0.867180572246025 0.869429124143443
55.325 -2.63333471848451 4.40149166336721 9.78857481210409 134.658188550836 6.4997063270907 25.6093988976142 286.815920121785 142.959909384589 114.960969505002 0.841546676046229 0.867211801582602 0.869112174645832
55.34 -2.72709644049898 4.76609351173996 9.67360511775892 132.189316260638 7.54515554170988 24.9469322902955 281.654328109607 143.42391844613 116.184872554502 0.841522008456176 0.867116584341075 0.868950243742429
55.37 -2.7818537373289 5.10405144038164 9.56588272472692 130.255117459002 10.4677392241801 24.7598726490522 276.948895298646 144.261526601517 117.346385299052 0.84137348707871 0.86678383108847 0.868804505929366
55.386 -2.80539763739209 5.39851709254709 9.42697414356893 128.392201132949 14.4385225536705 24.8335037047577 271.634005768781 144.895373941365 118.391746769147 0.841113347556531 0.866731410896356 0.868426557987623
55.4 -2.81395773384423 5.67311297698134 9.28034878312134 125.807179492936 18.5832199166241 25.1799243266483 266.910605191903 146.245836547229 119.032572092232 0.841132012815448 0.866313439727425 0.86833318875004
55.429 -2.79424821400747 5.94784240880592 9.13443975930139 122.220354673414 22.2768063219082 25.9672754054339 262.059544672713 147.101252892506 119.249314883009 0.840642628248552 0.866061000936185 0.86812583279177
55.444 -2.74418790695762 6.19521858357474 8.9629588838046 117.947937526683 25.0758432469693 27.2644409946615 257.273590205442 147.571127603255 118.544383394708 0.840582044891848 0.865833806024069 0.868062536073773
55.472 -2.67974061570491 6.43904587682859 8.79743320187556 113.075281178595 26.7171138841044 28.9883785745846 252.546231184898 147.81401484293 117.729945055237 0.840401049588356 0.865752928072855 0.867758785117588
55.486 -2.62389283301168 6.68380906334617 8.60255125558937 107.9654629844 27.2202116559993 30.8109147629277 248.291608066408 148.632613358637 116.756950549713 0.840238153815213 0.865556540447072 0.867732193167009
55.501 -2.56710562337994 6.91397208706527 8.40519071277885 102.97426019741 26.8195645362009 32.2550141263296 243.802447259767 148.829352022773 115.701255494742 0.840218017901843 0.865503389053558 0.867584936767042
55.515 -2.50737800505364 7.14152934613218 8.21409886470653 98.3272158570583 25.6879897619702 33.1089020266737 239.04220253379 149.126416820496 114.391129945268 0.840199895579811 0.865579013064936 0.867575729651518
55.546 -2.45045083439294 7.33292336281291 8.03014520458475 94.415868317154 23.921480862109 33.4224393049224 234.457982280411 149.333775138446 113.152016950741 0.840183585489981 0.865523614409635 0.867567443247546
55.561 -2.38760450192639 7.51134300544397 7.84956324981537 91.0895486610112 21.6842946079592 33.2061495729034 230.09218405237 149.760397624602 112.036815255667 0.84042139843451 0.865473755619865 0.867683173086516
55.576 -2.33415526188924 7.66348114294889 7.68632123071151 88.2424258559787 19.0509796509801 32.4618704934757 225.982965647133 150.324357862141 110.6131337301 0.84038293805921 0.865675666619058 0.86778732994159
55.607 -2.28646993074579 7.78083292260541 7.53736836789427 85.6265802169458 16.3267977164164 31.2882025280976 221.92466908242 150.711922075927 109.45182035709 0.840474644267859 0.865857386518333 0.868004123247162
55.622 -2.2555241414943 7.88794583929873 7.42192570339183 83.0501817372359 13.801751532561 29.8525120462802 218.392202174178 150.700729868335 108.286638321381 0.840557179855642 0.866144122030224 0.868322154463215
55.636 -2.21061424872625 7.98536503481832 7.31515426609403 80.5489803574055 11.6154695090759 28.3764211469957 214.79298195676 150.990656881501 106.817974489243 0.840883656439003 0.866278996388382 0.868485465316624
55.667 -2.15379505569948 8.08585130126447 7.20242026305335 77.8895021689932 9.5882737032065 26.6517561315328 210.713683761084 150.891591193351 105.616177040319 0.840925290809672 0.866523570913269 0.868386205346142
55.683 -2.10930169715178 8.18083787218783 7.08623531034116 74.9509336314832 7.60043869929806 24.6705499840283 207.522315384976 150.682432074016 104.414559336287 0.841340831628736 0.866620500383122 0.868788811266175
55.698 -2.07913375878655 8.25782635440874 6.93821411046854 71.7566036271135 5.81215055455909 22.6263957489843 203.990083846478 149.954188866614 103.633103402658 0.84146291995939 0.866953976644541 0.868905456439289
55.73 -2.06694637224963 8.31430699792905 6.7698002521408 67.8702562415014 4.51643168230929 20.5278783114904 201.11107546183 149.838769979953 102.389793062392 0.841824697863481 0.867007865541267 0.869133354336129
55.745 -2.04508410530588 8.3712448093361 6.59733840205185 63.1664367242215 3.83730759804783 18.4949378085857 198.459967915647 149.554892981958 101.210813756153 0.841645907545285 0.867425522527909 0.869092493066241
55.759 -2.00314198706121 8.43356204745766 6.42296909431736 57.9650602273718 3.5375463038919 16.7004058597882 196.193971124083 149.299403683762 99.7897323805379 0.841863511359682 0.867308933191851 0.869424470214264
55.789 -1.95479973650191 8.51370933697459 6.25789643949378 52.5929816855507 3.25173060480042 15.2036477165574 194.274574011674 149.069463315386 98.3907591424841 0.841680839691865 0.867573566172397 0.869231309754018
55.805 -1.91009461131287 8.57656436305497 6.08263570332028 47.5000957307361 2.81968731531274 13.958092105207 192.247116610507 148.802516983847 97.4316832282357 0.841894950291604 0.867318712206351 0.869426622319384
55.82 -1.87081767839127 8.63056011028218 5.91352856990842 42.553139592777 2.25451247691124 12.7279317496482 190.482404949456 148.382265285462 96.8685149054121 0.841582664448137 0.867582367285447 0.869109923004179
55.85 -1.84881611217797 8.67155464017804 5.72170812640024 37.6329401373161 1.72371771776973 11.3833828494925 188.534164454511 148.724038756916 96.3616634148709 0.84168056949685 0.867326633208096 0.869071404867486
55.865 -1.83045123412973 8.71700903944148 5.53847538310379 32.6765163525921 1.47119327423704 10.1244338775204 186.96074800906 148.611634881225 95.4854970733838 0.841516192015317 0.867219932804019 0.868913550941918
55.88 -1.80901472325414 8.77036783550954 5.35884156416139 27.9920708242031 1.5996464658973 9.09672331419581 185.724673208154 148.090471393102 94.5169473660455 0.841368252281936 0.867000442174811 0.868771482408906
55.925 -1.76901201506218 8.83137931932309 5.17705982855214 23.7409553448362 2.11678105594879 8.17560060109684 184.492205887338 148.461424253792 94.2452526294409 0.841235106521894 0.866679303138832 0.868520297084749
55.927 -1.72594668954397 8.89359193899601 5.00100642977285 19.9576995050091 2.89517928623178 7.20536878526196 183.502985298604 149.035281828413 93.7607273664968 0.840988805055397 0.866513875476142 0.868294230293007
55.939 -1.67874833187268 8.9486256169531 4.83405896310324 16.7504791728288 3.73390563241776 6.2123128227663 182.672686768744 149.491753645571 93.5046546298472 0.840893604018009 0.86624139311003 0.868214093824886
55.97 -1.63758661962276 8.98744187300681 4.6810528899817 14.1296297288284 4.46127842795461 5.31169222751257 181.92541809187 149.782578281014 93.5141891668625 0.840428060330858 0.86611975645022 0.867895187093591
55.985 -1.59479500010662 9.01447559784602 4.52838367810145 12.1113232444952 5.1372879897393 4.57746956964681 181.132876282683 149.324320452913 92.8027702501762 0.840388933765923 0.866010283456391 0.867854954945412
56 -1.54479037363875 9.04646738818959 4.38894631794359 10.6009542788243 5.80294850374247 3.85636383405618 180.059588654414 149.631888407622 92.2824932251586 0.840227249575024 0.865911757761945 0.867695422367604
56.03 -1.49912780499054 9.07819292949148 4.26297385392725 9.5278817517052 6.31807350069647 2.93713966439102 179.633629788973 149.608699566859 91.5142439026427 0.840208204085673 0.865823084636944 0.867551843047577
56.06 -1.44911308862799 9.10255604392149 4.15091544596677 8.75371953073315 6.63359439490163 1.83655546894428 179.610266810076 149.467829610174 90.5828195123785 0.840064592862798 0.865743278824443 0.867545945303999
56.062 -1.42486954728991 9.12011349266044 4.04419709034257 8.20277505857587 6.6534410622817 0.868167097622371 179.169240129068 149.401046649156 90.6445375611406 0.840188133591088 0.865671453593191 0.867663824937324
56.089 -1.40107514560428 9.13525677977745 3.95623098123812 7.75730671302362 6.50947100185505 0.323335120684562 178.532316116161 149.940941984241 90.4600838050266 0.84017299970013 0.865730271150605 0.867769916607317
56.104 -1.37038264960236 9.1512799375541 3.87963525928924 7.19760657607241 6.24707351999016 0.131459623883281 178.499084504545 149.886847785816 89.9940754245239 0.840159379198269 0.865783206952278 0.86786539911031
56.122 -1.3344395484643 9.17030960142198 3.82590229938509 6.53586118564074 5.81015242753313 0.16793198210564 177.689176054091 149.538163007235 89.7546678820715 0.840273441293011 0.866200412556782 0.867951333363004
56.149 -1.29490815336556 9.18707714515552 3.79059102204516 5.8891452960843 5.14135092523783 0.220604432750038 177.020258448682 149.764346706511 89.1192010938644 0.840628291732636 0.866329657862284 0.868151726326435
56.165 -1.27495206655608 9.20803369913362 3.76557449758417 5.36435290388045 4.25927690141634 0.109231012375798 176.958232603813 149.42791203586 88.967280984478 0.840695462573941 0.866445978637235 0.868332079993523
56.178 -1.27363128597926 9.21917336434599 3.7421617888841 5.14394814784355 3.34403623417547 -0.056653920922851 176.902409343432 149.485120832274 88.7105528860302 0.841008110885473 0.866550667334692 0.868617315534939
56.207 -1.27687186421804 9.2227346770508 3.72294586748776 5.2326067681737 2.57680818327701 -0.207477078448887 177.032168409089 149.476608749047 88.2994975974271 0.840910979265077 0.866891126900954 0.86862805814517
56.222 -1.2795489646958 9.22582017235841 3.70756689772812 5.44064380127999 2.00233347181953 -0.322607233199418 176.72895156818 149.528947874142 88.4695478376844 0.841202075907495 0.866827977127592 0.869006478785301
56.237 -1.27950428884924 9.229973747011 3.70312306939787 5.53245728374741 1.55324516280552 -0.405613685451995 176.936056411362 149.936053086728 88.262593053916 0.841211868331315 0.867140705714564 0.868978305070496
56.267 -1.27916480566591 9.23754268319247 3.70463028245473 5.4593642271284 1.11013438698298 -0.441388194769391 176.582450770226 150.122447778055 88.1363337485244 0.841598751398214 0.867052598059841 0.869321701018093
56.284 -1.28460536121306 9.24052400676165 3.70987736010525 5.39281711739266 0.699120948284685 -0.347631054681765 176.384205693203 150.29020300025 88.382700373672 0.841442555726544 0.867342864553588 0.869262005080009
56.3 -1.2971633111147 9.24242909509916 3.70352654597736 5.26956594000454 0.426155418341712 -0.249509170587634 176.265785123883 150.261182700225 88.1844303363048 0.84180637005392 0.867111080749422 0.869577031026655
56.33 -1.31319400978458 9.2453408219723 3.70307805187919 5.07467041470637 0.440791784904488 -0.235245276429634 176.159206611495 150.595064430202 88.2459873026743 0.841502942234221 0.867272446838205 0.869245290840723
56.344 -1.32462888937329 9.25783743664396 3.69818527144866 4.87407360224337 0.776101919391138 -0.281949756420259 176.063285950345 150.775557987182 88.4213885724069 0.841734842579725 0.867047704805578 0.869316288056382
56.36 -1.33414216620744 9.26603177372908 3.68689845778951 4.69277311224804 1.3358963076047 -0.346121192991973 175.916957355311 150.398002188464 88.1592497151662 0.841438567507445 0.8670922208862 0.869257133414469
56.39 -1.33336672588904 9.27310741410519 3.67386728625067 4.50059503766446 2.019100569974 -0.334409837051555 175.72526161978 150.598201969617 87.9833247436496 0.84142471077127 0.866885501448773 0.869080706634202
56.405 -1.31997956101345 9.27773970782041 3.65340038031848 4.3413752285545 2.64848822290026 -0.215472670140292 175.732735457802 150.478381772656 88.6049922692846 0.841285919162294 0.866699453955089 0.868798598887515
56.419 -1.30775154767257 9.28538033741068 3.63821233413081 4.20036747669142 3.06226535480871 -0.120642960378171 175.859461912022 150.85054359539 88.0844930423562 0.841034536431757 0.866655471476313 0.868668025559944
56.45 -1.2992003900214 9.2881269220473 3.61442758829707 4.08720095802991 3.1812296590225 -0.154380191057912 175.793515720819 150.525489235851 88.0360437381206 0.840934762256733 0.866368829510184 0.868673697167674
56.466 -1.29012768349683 9.29592597758427 3.58565916590077 3.8601602515399 2.98448073892177 -0.220621561265097 175.554164148737 150.532940312266 87.6924393643085 0.840718495216753 0.866357909475899 0.8683088301021
