27.679 0.886544687588454 9.39610167411046 -2.27925611847859 -0.903297952993248 0.692259737845048 -1.31881464002152 170.445239571213 -34.7110693023382 11.7831967554327 0.840876984840256 0.866388135128454 0.867548101701394
27.693 0.883004089927173 9.39477914631733 -2.27860010845264 -0.886250600442015 0.728377275510925 -1.30678050426364 170.380715614092 -34.8999623721043 11.3848770798894 0.840792965824382 0.866004491536313 0.867542578092434
27.707 0.878800017299202 9.38927931243511 -2.2810622917068 -0.906022486962699 0.790654051776626 -1.34938489658537 170.382644052682 -34.4099661348939 10.9663893719005 0.840590878427636 0.865906545033874 0.867290822934384
27.736 0.882498230929923 9.38618493069111 -2.29231637118327 -0.942901154296964 0.845176432858505 -1.38162197944591 170.384379647414 -34.2089695214045 11.1897504347104 0.840661790599442 0.86594185344722 0.867311027202126
27.751 0.896181541439073 9.38729059686272 -2.30878969488801 -0.994412565584825 0.88432291171006 -1.42055901814254 170.265941682673 -34.0280725692641 11.1507753912394 0.840599291007649 0.865973631019231 0.867452398645638
27.767 0.914122901340881 9.38236004105218 -2.31074682883854 -1.06978046933169 0.880623444966534 -1.49606036823669 170.159347514405 -34.1052653123377 10.8756978521154 0.840543041375036 0.866002230834042 0.867579632944799
27.797 0.915785201174521 9.38115473381586 -2.31220898639353 -1.1681459338489 0.820805375279041 -1.63500394973363 170.363412762965 -34.7147387811039 11.6481280669039 0.840744908731059 0.866151294311818 0.867570956211499
27.812 0.919555766388032 9.3725282054416 -2.30412768373959 -1.27881225649454 0.834908043858008 -1.76997683720301 170.307071486668 -34.3032649029935 11.3833152602135 0.840926589351481 0.866162127797369 0.867563147151529
27.828 0.913252755705344 9.36650011252806 -2.29529828175967 -1.4013127102344 0.902562277640146 -1.94488755042928 170.496364338002 -34.4129384126942 11.3849837341922 0.841216124985258 0.866418389181357 0.867679306600102
27.858 0.934095827970351 9.34030513743858 -2.26975443075655 -1.49553258424913 1.06879459949445 -2.12978810836345 170.126727904201 -34.0916445714247 11.4464853607729 0.84135068398026 0.866649024426947 0.867906902239823
27.874 0.943337638586859 9.33594314557583 -2.26268641451501 -1.61468161590055 1.16725865099539 -2.30154212195459 170.394055113781 -33.9224801142823 11.5018368246956 0.841219295050385 0.866856596147977 0.867988686179566
27.889 0.953690349528283 9.32537348540667 -2.26272969513687 -1.78298444667691 1.072670190476 -2.48360165021714 170.274649602403 -34.130232102854 11.6716531422261 0.841731163686866 0.866920223094359 0.868431044016256
27.92 0.964564018966934 9.29975971703568 -2.24840342762666 -1.99781577300159 0.829525308832982 -2.58027965313436 170.047184642163 -34.1972088925686 11.8244878280035 0.841814218811707 0.867346644325692 0.868337226175811
27.936 0.973572206666036 9.28131614737069 -2.23802369620738 -2.36062961554876 0.466420106193959 -2.52835855804993 169.962466177947 -34.6174880033118 11.6020390452031 0.842140866830567 0.867237942809856 0.868744730012877
27.951 0.985330729636517 9.27758581589778 -2.24915236639682 -2.8604445165893 0.0281750421394482 -2.43201125186326 169.706219560152 -34.0957392029806 11.5818351406828 0.84205678016208 0.867509674828602 0.868619543572769
27.98 0.995195140498549 9.26315530971694 -2.2136184788439 -3.40111762218228 -0.409756965891291 -2.19110020301281 169.775597604137 -33.9261652826826 10.9036516266145 0.842359172045903 0.867384670262475 0.869121464820946
27.996 0.977916452340189 9.24262610229261 -2.20414348989964 -3.91138753935336 -0.783285086096055 -1.844509266681 169.778037843723 -33.4735487544143 10.8332864639531 0.842126934309464 0.867641729535959 0.869081792502576
28.011 0.954524624096069 9.2332477732218 -2.18172961965418 -4.42559229686841 -1.01564360038721 -1.42799727131061 169.480234059351 -33.4861938789729 10.8299578175578 0.842422310778548 0.867256461763866 0.869292056793087
28.04 0.931796039116424 9.2286379960522 -2.16634553517594 -4.89906360153271 -1.06675099607368 -0.990541055629927 169.632210653416 -33.4375744910756 11.126962035802 0.842057288886386 0.867526341887211 0.868988814030512
28.056 0.922174076710977 9.22933748608932 -2.14663407068575 -5.31297403527257 -0.979923224710589 -0.687670156173805 169.528989588074 -33.873817041968 10.9142658322218 0.842107731491275 0.867399670615223 0.869085458927192
28.088 0.915190250106011 9.23631163161491 -2.12745723302178 -5.63663846380638 -0.891854566361668 -0.634170316128943 169.556090629267 -33.7864353377712 10.8428392489996 0.841900637810299 0.867285666470434 0.868926199595653
28.099 0.918481609607357 9.235465655221 -2.10600823022436 -5.84625706017384 -0.884348499038478 -0.769226566958797 169.28048156634 -33.5277918039941 10.7185553240997 0.841587783214961 0.867183062740124 0.868782866197268
28.113 0.922521228836136 9.23308817996989 -2.08736253253381 -6.0158298274389 -1.02644800027967 -0.935052001865971 169.692433409706 -33.4750126235947 10.6666997916897 0.841432684361617 0.866843661647614 0.868653866138721
28.128 0.91969254187896 9.23406095911036 -2.07387342874789 -6.2875292874431 -1.28945205521353 -1.00032542763357 169.343190068735 -33.9075113612352 10.6200298125207 0.841040004419341 0.866538200664355 0.868414442441582
28.157 0.912358318914361 9.23649266608628 -2.06065584562347 -6.70457788541635 -1.62157555198226 -0.946857770366398 169.568871061862 -33.6367602251117 11.2380268312687 0.840939683445558 0.866139550518624 0.868322284758604
28.172 0.911443747713614 9.24598348660534 -2.04923886068576 -7.21656284496631 -1.95941799678403 -0.935378100199988 169.591983955676 -33.4530842026005 10.7742241481418 0.840596303594888 0.866028098117955 0.867868961464246
28.188 0.905892083914085 9.25781730881273 -2.03459416038912 -7.67887602611854 -2.2833235253499 -1.11130593903495 169.432785560108 -33.8277757823405 10.8968017333276 0.840413882421092 0.865680458226864 0.867954539481546
28.217 0.899758341793123 9.26685165230279 -2.02350885457207 -8.05449987388836 -2.59621254686071 -1.41773259703985 169.469507004097 -33.7449982041064 11.0671215599948 0.840123082672868 0.86561491505537 0.867785048450125
28.233 0.890048119023952 9.26875764307837 -2.00712758409747 -8.34370637504915 -2.9060569410296 -1.76603567321373 169.262556303688 -33.5504983836958 10.9804094039954 0.840114453873733 0.865555926201026 0.867509046256306
28.251 0.880590658720296 9.27214892665262 -1.98753618694337 -8.60857237876561 -3.21239781181214 -2.04286722039617 169.316300673319 -33.4954485453262 10.9023684635958 0.839980217672052 0.865502836232117 0.867384104547408
28.278 0.877765173914398 9.27927126848442 -1.96523522880964 -8.88588307982034 -3.53390612223398 -2.30117591820388 169.304670605987 -33.5059036907936 10.8921316172362 0.839985875372998 0.865331457790408 0.867641220392399
28.294 0.873606153013437 9.28759673563012 -1.93929857802951 -9.15989019168564 -3.86601169321669 -2.58174534928426 169.174203545388 -33.2753133217142 10.7629184555126 0.83999096730385 0.8654242749281 0.867626384914339
28.31 0.860645354701992 9.29467061156662 -1.9119453083804 -9.40725995114303 -4.1641433483225 -2.86631890595889 169.176783190849 -33.5477819895428 10.8866266099614 0.839995550041617 0.86563113399647 0.86773622058663
28.341 0.849758751017377 9.29301660354106 -1.88565141421533 -9.63752632244094 -4.37902672341392 -3.04915266421796 169.359104871765 -33.6130037905885 10.8179639489652 0.840125995052024 0.865940494760548 0.867835072691692
28.356 0.837865883251302 9.29104915644379 -1.85612112100699 -9.91270498790677 -4.53578053962214 -3.12057327565876 169.523194384588 -33.3117034115297 11.1161675540687 0.840369567040349 0.865972408201227 0.867924039586248
28.369 0.822194332605844 9.29149307655381 -1.82266052200596 -10.2588390692688 -4.61426355436222 -3.10851594809288 169.370874946129 -33.4605330703767 11.6845507986618 0.840588781829841 0.866124453942284 0.867880922188803
28.4 0.803361387306075 9.29542406064647 -1.78691961438239 -10.5757032539449 -4.60245551953668 -3.07171015481031 169.413787451516 -33.054479763339 12.1360957187956 0.841037973546888 0.866137971464789 0.868211273510691
28.416 0.78497521691348 9.29776479896049 -1.74308106366498 -10.8188962873291 -4.47885118895706 -3.07369944467279 169.812408706365 -32.9290317870051 12.5424861469161 0.841190347685726 0.866642617859079 0.868385672459354
28.431 0.762322449202769 9.30280439343578 -1.70482346770498 -11.0446402463824 -4.28592790212242 -3.14266537806811 169.091167835728 -33.1761286083046 12.9082375322245 0.841705111058674 0.866604318989904 0.868788331668066
28.46 0.750434371991843 9.29907996910685 -1.66799743196963 -11.2684204965533 -4.03214427221553 -3.26122326774222 168.922051052155 -33.0385157474742 13.117413779002 0.841664599967375 0.867062330631682 0.868781972664984
28.476 0.734767138806483 9.31093117706067 -1.63311820526361 -11.5392883705621 -3.79457869995581 -3.40456658982296 169.06984594694 -33.5746641727268 13.0056724011018 0.842006209870669 0.866982060485247 0.869145001853133
28.491 0.721684163672478 9.33219163220006 -1.60142762630677 -11.7845961747273 -3.58763991392969 -3.55265954916127 169.502861352246 -33.2771977554541 13.0851051609916 0.841935588898171 0.867279380736454 0.868979788229
28.519 0.708891951319054 9.34192882121394 -1.55764306041147 -11.9458312137431 -3.41742554085733 -3.71876764004667 169.592575217021 -33.1894779799087 13.6965946448925 0.842250099908385 0.867053945314002 0.869323035860747
28.536 0.693129250356384 9.3501535607051 -1.51111420797598 -12.0474312984757 -3.25659901730595 -3.95223438749239 169.193317695319 -32.9905301819178 14.1269351804032 0.841902299103239 0.86746699432337 0.869140018835852
28.55 0.674752964629675 9.34857755476276 -1.46798128611408 -12.0839095426739 -3.06834369572803 -4.27533155943017 168.893985925787 -32.751477163726 14.2142416623629 0.842094263761841 0.867222797542226 0.869344460493035
28.58 0.657855177569937 9.34518399453795 -1.42658789211418 -12.1533811838264 -2.85616581470484 -4.68596634241845 168.924587333209 -32.5963294473534 14.3528174961266 0.841888516853808 0.867372991951729 0.869035977360465
28.596 0.636362389905945 9.35876949980827 -1.39100977707421 -12.2678140578101 -2.62551106529543 -5.11889642573386 168.472128599888 -32.8166965026181 14.837535746514 0.841829665182997 0.867138195407749 0.868881666185599
28.61 0.620849605962958 9.39230478127276 -1.35336309309467 -12.3082082245482 -2.35685308853688 -5.46349533277879 168.364915739899 -32.7150268523563 15.4537821718626 0.84152390785039 0.866926878518167 0.868619462483772
28.641 0.61688388875007 9.42332452821262 -1.31211890848575 -12.1254790051468 -2.09368686365265 -5.70340534148565 168.148424165909 -32.8635241671206 15.1684039546763 0.841248726251043 0.866736693317543 0.868506802796575
28.656 0.613793589093203 9.4558511223274 -1.25788060491172 -11.7625494252428 -1.92324947499731 -5.86970602871113 168.133581749318 -32.5771717504086 15.5715635592087 0.841253853640508 0.866565526636982 0.868282085433651
28.67 0.61053347356729 9.47010144405462 -1.23653959928353 -11.2801876124895 -1.90649704658155 -5.97739191438963 168.060223574386 -32.3794545753677 15.9944072032878 0.840879056770343 0.866534936890017 0.867956379541479
28.699 0.617834583827367 9.49112690221874 -1.19722139565705 -10.9040772481872 -2.07996947932798 -6.05675195959189 168.294201216948 -31.901509117831 16.074966482959 0.84079483056146 0.866383945852208 0.867786704504064
28.72 0.6227296435015 9.51519736705668 -1.16644385214352 -10.6999290653532 -2.42159085200587 -6.13199279416705 167.904781095253 -32.0713582060479 16.0274698346631 0.8404659359992 0.866371514183721 0.867633996970391
28.73 0.625339547679716 9.55583480350775 -1.14089884241554 -10.7184857771385 -2.86416459123276 -6.11192328574272 167.674302985728 -31.7442223854431 16.1047228511968 0.840423021867431 0.866113267946851 0.867496560190085
28.76 0.619787591593767 9.62113888876976 -1.11796818864464 -10.8229730772872 -3.38919851378887 -5.82515843808447 167.226872687155 -31.6898001468988 16.5342505660771 0.840257928866381 0.866127904068899 0.86737286708781
28.776 0.607069532183383 9.68404264286764 -1.0843420567404 -10.7864772962761 -3.9006603417993 -5.19913114389435 167.244185418439 -31.2208201322089 17.2208255094694 0.840109345165435 0.866017616313203 0.867384866940209
28.79 0.594366324044085 9.71695340009577 -1.04126955946899 -10.5101196429843 -4.36402942212319 -4.34028673179499 167.199766876596 -31.338738118988 16.9387429585225 0.839975619834585 0.865918357333075 0.867395666807368
28.819 0.591672270384565 9.71467029153151 -1.01710894001082 -10.2362069153271 -4.79709212876583 -3.46274660823381 166.979790188936 -31.5048643070892 16.6248686626702 0.840108057865695 0.865952484516501 0.867405386687811
28.836 0.592958637077035 9.70561247258343 -0.998297282688813 -10.3232732466952 -5.29448215253047 -2.7096017184028 167.201811170042 -31.7143778763803 16.8823817964032 0.840353423572653 0.866106522626031 0.867537322182755
28.851 0.568139277099152 9.75234753956459 -0.98807055529922 -10.8138466853844 -5.76808737239193 -2.05619879847091 166.981630053038 -31.7229400887423 17.0541436167629 0.840448081229957 0.866245156924608 0.867656064128205
28.88 0.542809100924652 9.84205371502098 -0.981619829925624 -11.0431490397468 -5.97524810080159 -1.32080792625741 167.143467047734 -31.610646079868 16.4887292550866 0.840659444600489 0.866493115395872 0.867762931879109
28.91 0.520909770112087 9.90345610108724 -0.966716213517839 -10.5617348991309 -5.80749428308784 -0.547505759585867 167.469120342961 -31.6895814718812 16.8798563295779 0.840975694709365 0.86671627802001 0.86798216499093
28.913 0.508203411502405 9.91478466624096 -0.947856149220575 -9.68724079853075 -5.33056164867219 0.0599165720979103 167.162208308665 -31.5206233246931 16.6318706966201 0.84088180470658 0.866917124381734 0.867933235053017
28.941 0.497845078470794 9.91803714901872 -0.938184405396082 -8.8780587034105 -4.76544441510268 0.385985983590409 167.065987477798 -31.3085609922238 16.5886836269581 0.841301694135953 0.86697469850474 0.868258355088484
28.956 0.515457348491986 9.93239674512149 -0.912121872630446 -8.26811542848929 -4.1827931033634 0.490898835613048 167.639388730019 -31.2977048930014 16.9698152642623 0.841301524736927 0.867395672195035 0.86830499374336
28.969 0.52430535238943 9.96567102858664 -0.894291967624481 -7.79702907648006 -3.79275806783622 0.472343303196781 167.675449857017 -31.2879344037013 17.1928337378361 0.841805170404754 0.867405391536712 0.868715720823671
28.998 0.536817540663137 9.99118863871015 -0.880878672427585 -7.33412006196182 -3.57607768089993 0.50678836219008 167.287904871315 -31.6991409633312 17.4535503640525 0.841880824857806 0.867660378682772 0.868716622905029
29.016 0.549634739700842 9.99488111135647 -0.871799461925015 -6.83276912446793 -3.54442411128322 0.675956854215347 168.019114384184 -31.709226866998 17.0881953276472 0.842200812272056 0.867520303731228 0.86920883621998
29.03 0.562546883473297 9.970371828651 -0.851118468836533 -6.43804183034175 -3.70448551694879 0.892330634442667 168.317202945765 -31.8383041802982 17.8393757948825 0.841984410513002 0.867763799657837 0.868913915514715
29.06 0.572791148229986 9.94166951135597 -0.835258904333937 -6.23545902135338 -4.07144154540658 1.08096016641825 168.405482651189 -31.6544737622684 17.8554382153943 0.842294039361733 0.867613382608786 0.869140967504012
29.074 0.570279397670522 9.94995483835758 -0.82331964662912 -6.1195467070043 -4.52918288704913 1.26523056199016 168.96493438607 -32.2090263860416 17.8698943938548 0.841941844611252 0.867847570647639 0.868976157314791
29.091 0.566941432449903 9.962080345275 -0.821492713313483 -5.81904241798326 -4.9609974227717 1.54710445235603 168.868440947463 -32.4681237474374 17.5229049544694 0.842129854719052 0.867565316234068 0.869074067883043
29.119 0.552504949832277 9.9687435380119 -0.820087893266543 -5.34095497007806 -5.23818012324262 1.85193599185325 168.841596852717 -32.6413113726937 17.5106144590224 0.841920548715299 0.867558071171841 0.868669163745932
29.136 0.539033275602147 9.99191885156911 -0.808767911904214 -4.75342435856644 -5.29069798878096 2.1247576598435 169.297437167445 -32.6771802354243 16.8995530131202 0.84173217331192 0.86730476670585 0.868674721535064
29.15 0.540436007164018 10.0076290812804 -0.788763699334703 -3.92312009064873 -5.17231521280362 2.29701471828663 169.3476934507 -32.3494622118819 16.9495977118082 0.84156263544888 0.867076792686458 0.868556535942738
29.181 0.538825426324096 10.0099169772905 -0.777942512096622 -2.94225846326324 -5.03828979839349 2.42761858996942 169.45292410563 -32.3545159906937 16.8146379406273 0.841410051372143 0.866995076334546 0.868326845265197
29.197 0.549047631463904 9.97678130525726 -0.767305618818097 -2.06482651006669 -4.97415547504269 2.57187963173584 169.247631695067 -33.1390643916243 16.3931741465646 0.84127272570308 0.866798071352284 0.868120123655411
29.21 0.548371537722497 9.95497979216317 -0.759348499443077 -1.69803851554857 -5.06757962219491 2.68263059985996 169.002868525561 -33.0651579524619 16.3138567319081 0.841022662318465 0.866744227133789 0.867810613941063
29.237 0.545368848023428 9.96223335408455 -0.760267526804754 -1.73052474032959 -5.29898959890672 2.74642860857626 169.322581673005 -33.0586421572157 15.9424710587173 0.84092407555477 0.866324974341114 0.867778839108136
29.252 0.539494113127244 10.0040161336358 -0.758880011051311 -1.74144173194549 -5.4675639214588 2.89315979352016 169.730323505704 -33.1727779414941 16.0882239528456 0.840708877184986 0.866194979558196 0.867503457848516
29.267 0.544980760812627 10.0336001388635 -0.747874878474546 -1.27569450531582 -5.50935714763353 3.03132473019868 169.797291155134 -32.9755001473447 16.039401557561 0.840641668934639 0.86620144451911 0.867379074980397
29.297 0.545190194010616 10.0432866757279 -0.745152863229936 -0.480949482265158 -5.4561313565343 3.03582584496507 169.97756203962 -32.9179501326103 15.5154614018049 0.840581181509326 0.865960205248701 0.867390454043538
29.311 0.552621142947567 10.0269253085702 -0.746354203551077 0.265618748404106 -5.35708310637705 2.93835013069757 169.839805835658 -33.4061551193492 15.7039152616244 0.840526742826545 0.865866687375024 0.867400695200364
29.326 0.557034507588052 10.0170483676179 -0.740073240812775 0.679514888830871 -5.32900838352561 2.87123267487972 170.135825252092 -33.4255396074143 15.573523735462 0.84060406855846 0.865905981554255 0.867409912241508
29.357 0.560048856015953 10.0170775014982 -0.7326247248198 0.903166453382899 -5.33961899555473 2.96960559059786 169.982242726883 -33.5029856466729 15.5161713619158 0.840673661717183 0.865941346315563 0.867664447317088
29.373 0.57024364859696 10.0256630443477 -0.730889030082114 1.08536889201407 -5.41023724867101 3.20623281779761 170.744018454195 -33.0326870820056 15.0445542257242 0.840862467038992 0.866096498245187 0.867770476749105
29.388 0.585883306182943 10.0347666617879 -0.717535460993427 1.34629765166763 -5.59364100471994 3.42683091006365 170.409616608775 -32.789418373805 15.1600988031518 0.84103239182862 0.866359322584393 0.867865903237919
29.418 0.596367692992856 10.0402065643652 -0.710245798532467 1.69029384069934 -5.9212998050113 3.55895697936263 170.708654947898 -33.1704765364245 14.5440889228366 0.841185324139285 0.866472676887134 0.867828599475307
29.433 0.600895526450071 10.0369621988223 -0.702248576734335 2.09989041082788 -6.37268127489185 3.64275593791492 171.037789453108 -33.2134288827821 14.049680030553 0.841448986294282 0.8665746957596 0.868164183068545
29.448 0.603534056938761 10.0135718413668 -0.692896297681812 2.50364182776036 -6.86594749854771 3.66702996244404 171.454010507797 -33.0120859945039 13.4847120274977 0.841560259158381 0.866912752483372 0.868220238925416
29.479 0.611714673814541 9.98898906366321 -0.681666056312755 2.73266695796142 -7.35034511510515 3.63238803490192 171.768609457018 -33.2508773950535 12.9162408247479 0.841786427811469 0.866847440151768 0.868639441487521
29.493 0.61728157947424 9.97913491895461 -0.674850869176658 2.74336972781413 -7.81836403870914 3.44930190316746 172.171748511316 -33.3457896555481 12.2846167422731 0.841863956523849 0.86728113967736 0.868524783899949
29.51 0.61343324497309 9.98050140295026 -0.670333285329823 2.73773504510906 -8.22736732949471 3.19673812506445 171.874573660184 -33.7312106899933 11.4161550680458 0.842185630771495 0.867178988626357 0.868913531964601
29.541 0.617810758784115 9.98238955992696 -0.664830940244869 2.88838902151418 -8.49547029120173 2.92286583927556 172.027116294166 -34.258089620994 11.0545395612412 0.842097067708915 0.867456616063453 0.868894652931866
29.556 0.625162255318195 9.9692448651037 -0.655928394745239 3.18733637890475 -8.63752631551667 2.62905253779076 172.584404664749 -34.6722806588946 10.3090856051171 0.842395430838054 0.867336917373841 0.869246414093327
29.571 0.629623822764662 9.94251080828083 -0.644205094769998 3.48921342803717 -8.667666813736 2.28065110080557 172.605964198274 -34.6850525930051 9.99817704460539 0.8421595672224 0.867598751936188 0.868947735600727
29.601 0.637589668389654 9.90534190366125 -0.636527164037887 3.59067376462277 -8.60319020869828 1.88846385332044 172.805367778447 -34.8765473337046 9.65835934014485 0.842451680400191 0.867464839659303 0.869048488340386
29.615 0.645058204373565 9.87667828824629 -0.631352826883671 3.46595753319866 -8.47111546263761 1.48740372753038 173.224831000602 -35.0488926003342 9.11252340613036 0.842210191828323 0.867467642254552 0.868769602423081
29.631 0.65752597121076 9.86877768659452 -0.61771766388143 3.25600300125284 -8.31026345835858 1.17454121737276 173.542347900542 -35.3840033403007 8.32127106551733 0.84211917266006 0.86722338068029 0.868765116344498
29.661 0.672278405436959 9.8647197612273 -0.606104422006532 3.17544086906649 -8.16855008962196 0.972354271208002 173.468113110488 -35.4456030062707 8.3291439589656 0.841910934862206 0.867127005528994 0.868637891271228
29.675 0.693276895173567 9.86076827002889 -0.597567863816194 3.17774411040411 -8.06238210356053 0.827027241033767 173.581301799439 -35.4410427056436 7.43622956306904 0.841723520844137 0.866669474896799 0.868523388705285
29.691 0.705292206783453 9.84685702759021 -0.597007716495549 3.06531321081408 -7.98515152679226 0.682492455861688 173.623171619495 -35.1369384350792 7.17260660676213 0.841681168774292 0.866505030058312 0.868420336395937
29.721 0.714968742530965 9.83930488501185 -0.59913720321544 2.71145364545787 -7.84846843518174 0.458518019435825 173.720854457546 -35.1632445915713 6.75534594608592 0.841390261082556 0.866480489969215 0.868080805407536
29.736 0.726969654799781 9.85459448165471 -0.594469687031698 2.23725484579758 -7.62316357639639 0.189765454133464 173.688769011791 -34.9469201324142 6.01981135147733 0.841254914442452 0.866211346153796 0.868145199030507
29.75 0.736752935148431 9.8872094506035 -0.60295819105535 1.8364301245766 -7.26313729509263 -0.0437149080737759 173.899892110612 -34.6322281191728 5.7178302163296 0.841006632183899 0.866092714189609 0.86783318177865
29.781 0.743403108028012 9.92847412413446 -0.62334696824994 1.56958100524871 -6.7612510464994 -0.179801432533574 173.969902899551 -34.8290053072555 5.32604719469664 0.840909648433661 0.865862347952151 0.867552366251978
29.796 0.744779423869346 9.95836984145124 -0.640200493117985 1.42941679785361 -6.1217671632235 -0.293882357982507 173.972912609596 -34.5861047765299 5.03344247522697 0.840695892775987 0.865778615808129 0.867423092543513
29.811 0.750207962986852 9.96755891168844 -0.649742291016117 1.32387969822092 -5.37829273697749 -0.459150610733874 174.035621348636 -34.4274942988769 5.07009822770428 0.840503512684081 0.865579659408818 0.867430069850342
29.841 0.75820611333581 9.95278487019 -0.654798459091248 1.17851462916219 -4.60534895946295 -0.749113412255907 174.332059213773 -34.7647448689893 4.14308840493385 0.840583161430242 0.86552419611913 0.867313025782041
29.856 0.771629372975817 9.93200637172691 -0.663838140140589 0.874403624261235 -3.89061559023421 -1.09862955194635 173.578853292395 -35.1282703820903 3.60877956444046 0.840654845301787 0.86559773942395 0.867331009765017
29.871 0.77820364213728 9.92641397658913 -0.681610517475559 0.402230437407631 -3.31605784800468 -1.37426277995782 173.560967963156 -35.1554433438813 3.18790160799642 0.840719360786178 0.865787252042735 0.86747038295224
29.901 0.779990484506576 9.93604528019365 -0.709816085791785 -0.108984972745346 -2.78674213954009 -1.49332505158036 173.30487116684 -34.8198990094932 3.40911144719678 0.84077742472213 0.865834489755195 0.867595818820741
29.916 0.775613138250132 9.93974547782126 -0.731968922164618 -0.503429986921193 -2.19738090268532 -1.47223682123148 173.254384050156 -34.8179091085438 3.4282003024771 0.840955853743444 0.866000327340855 0.867585523499847
29.931 0.771793236587899 9.94175882219001 -0.747896190953176 -0.714919049297776 -1.4661924307374 -1.46623451315414 173.748945645141 -35.2361181976895 3.26538027222939 0.841242462938025 0.86614958116795 0.867945414690631
29.976 0.774939379323534 9.92992394338898 -0.763487687532831 -0.75640424360464 -0.628733493007169 -1.54861869542651 174.134051080626 -34.9525063779205 3.41884224500645 0.84137438813775 0.866530149350886 0.868023347385293
29.978 0.779446847345542 9.93058513257669 -0.783565393827613 -0.762443208557153 0.224979550950036 -1.67390949763958 174.420645972564 -35.4772557401285 3.8569580205058 0.841870747465495 0.866503097332531 0.868339456187532
29.991 0.788172263299922 9.93106051671893 -0.802353589304319 -0.74039736098388 1.03606938211457 -1.73781625779929 174.378581375307 -35.5295301661156 3.71126221845522 0.841813672733514 0.866971231140046 0.868377984732504
30.037 0.794887892957479 9.93226646532169 -0.824889333755997 -0.703762205038164 1.76223343626953 -1.66021783812623 174.520723237777 -35.2765771495041 3.6401359966097 0.842140375360194 0.867023394587222 0.868658629800022
30.039 0.798896890183642 9.93131667807297 -0.838348035554195 -0.653996671557249 2.39440703920746 -1.52549376423727 174.468650913999 -35.3489194345537 4.11612239694873 0.842182509317702 0.867316581428231 0.868665240983745
30.051 0.803163392514308 9.92740925342974 -0.850281302219723 -0.565696241042745 2.9396991597142 -1.42103599086698 174.361785822599 -35.1140274910983 3.88451015725386 0.842472328285962 0.867334209846588 0.869039943340018
30.08 0.803830924484419 9.9295788543624 -0.861380372124399 -0.410653334495723 3.40145443458247 -1.3735888803299 173.965607240339 -35.0826247419885 4.09605914152847 0.842228774925517 0.867596315161661 0.868885235567196
30.097 0.800062283444364 9.93147160445472 -0.874661559174196 -0.229129985778975 3.778102884254 -1.34997045031218 173.909046516305 -34.9943622677896 4.34645322737563 0.842513967332996 0.867462646562228 0.869237938465124
30.111 0.800022391588651 9.93084077091355 -0.886913902440432 -0.0344612620102375 4.1209032828515 -1.31268332894508 173.858141864675 -35.2749260410107 4.33180790463806 0.842266250067848 0.867711908205736 0.869063431179791
30.141 0.796036053995338 9.93051239297991 -0.893152606676903 0.107152803122084 4.39201906143658 -1.2264531639895 173.752327678207 -35.7074334369096 4.37862711417426 0.842421819629989 0.867319622566665 0.869152614361544
30.156 0.788976761072916 9.93237167995755 -0.897630195788342 0.209414622046517 4.62457288048376 -1.15495288575849 173.717094910387 -36.1566900932186 4.36076440275683 0.842183317135142 0.867336946871179 0.868863315842122
30.171 0.789327161642947 9.9214156246327 -0.904952056084691 0.30068690029988 4.87203925655752 -1.17533545977806 173.985385419348 -35.5410210838968 4.40468796248115 0.841968664889779 0.867105754835254 0.868849458421635
30.201 0.778030643284057 9.91514642621362 -0.916928678936915 0.286648744621037 5.09781243013841 -1.31047366952545 174.286846877413 -35.5269189755071 4.50421916623303 0.84190179841537 0.867021142268462 0.868590475496205
30.215 0.766846242028237 9.91477138625339 -0.926450684833965 0.25874722893756 5.43154263750625 -1.49164004303092 174.558162189672 -35.6342270779564 4.47379724960973 0.841588827759526 0.866821530692809 0.868357390863318
30.231 0.759653320143605 9.90509652042468 -0.939270205946363 0.335925941158308 5.9112891371144 -1.65392642040722 174.022345970705 -35.3108043701607 4.62641752464876 0.841433624451725 0.866641880274721 0.868270938338166
30.261 0.755394330826388 9.89824460992885 -0.942547775195477 0.474089072233317 6.48428236080754 -1.82441164096191 174.020111373634 -35.2597239331447 4.76377577218388 0.841167471192245 0.866480194898442 0.867946347155542
30.276 0.757127759939718 9.89076115235393 -0.942145702439341 0.728970241345863 7.09768618579549 -1.99464223259091 174.018100236271 -35.0937515398302 4.88739819496549 0.841054403541172 0.866087345329302 0.867900999001168
30.291 0.756233785825629 9.87684334705506 -0.951181075451785 1.10416482026471 7.66807023897167 -2.1386894597135 173.716290212644 -35.2443763858472 5.29865837546894 0.840826172372748 0.866104573713105 0.867613401752244
30.321 0.753573704610162 9.85881071141572 -0.973259146342886 1.48153459778023 8.16156855858595 -2.24619455954368 173.684661191379 -35.2599387472625 6.02879253792205 0.840620764321165 0.865873021523297 0.867478024493753
30.336 0.755968036219382 9.84437701271067 -0.989418389198374 1.79673991662816 8.56449567219301 -2.33684227916183 173.416195072241 -35.0339448725362 6.32591328412985 0.8405623673572 0.86566462455247 0.867356184961111
30.349 0.763090898363206 9.8370129808732 -1.00132808845984 2.07737126847679 8.88590870039355 -2.4252954558258 173.714575565017 -34.6505503852826 6.53332195571686 0.840509810089632 0.865600664748416 0.86736985302618
30.38 0.775067993791473 9.83924393757714 -1.01719434644354 2.37726772941537 9.12937889905649 -2.52704071940353 173.803118008516 -34.7254953467543 6.89998976014518 0.840588829095238 0.865666561190308 0.867382154284742
30.397 0.782196225635623 9.84376568410873 -1.02716441976046 2.73877759769521 9.21949444426534 -2.66441298334104 173.702806207664 -34.8529458120789 7.16999078413066 0.840533625653866 0.86572586798801 0.867393225417448
30.41 0.793639458935632 9.84202938211631 -1.03458125615432 3.22825861655164 9.19983507617469 -2.80255183767869 173.432525586898 -34.427651230871 7.83299170571759 0.840736434582006 0.865779244105942 0.867403189436883
30.442 0.798850689281082 9.82592193722133 -1.04418930313868 3.75199764039266 9.04855385863355 -2.90626611955967 173.609273028208 -34.7048861077839 8.36969253514583 0.840918962617333 0.865950606256528 0.86753534465692
30.457 0.797315872266045 9.79406721984808 -1.05457233996882 4.20504215116256 8.82537786208318 -2.99273874424493 173.228345725387 -34.5343974970055 8.55272328163125 0.840957066370169 0.866104832192055 0.867531096752408
30.471 0.798508301276699 9.76420092221019 -1.06535359273876 4.51278221085546 8.56650419801226 -3.09575494615631 173.245511152848 -34.380957747305 8.71745095346812 0.841243554302078 0.86624363553403 0.867896430617936
30.501 0.807661922185483 9.76180197867081 -1.07344063565604 4.73707650885388 8.26939576294386 -3.24037792482313 173.140960037564 -34.6028619725745 8.98570585812131 0.841375370365397 0.866491746144352 0.868102313855873
30.515 0.809196410842713 9.77682127421194 -1.08131752412443 5.02443756025857 7.92413557596245 -3.39267601020341 173.166864033807 -34.562575775317 9.22713527230918 0.841745903228888 0.866591858091097 0.868533308924933
30.531 0.803634266496875 9.78052247046018 -1.1066625177943 5.42810067446172 7.60653117867155 -3.43890459238917 172.830177630426 -34.4063181977853 8.96442174507826 0.841701312920569 0.867051115822756 0.868552452196165
30.562 0.798568481601338 9.7694284601085 -1.12857518733292 5.79979442380944 7.37412233561356 -3.34386909498232 172.947159867384 -33.9656863780068 9.14797957057044 0.842039251528543 0.86709529080166 0.868938433431196
30.577 0.793530435321087 9.74394139794164 -1.14284977442696 5.97706688982545 7.22067956770106 -3.17513104044592 173.112443880645 -34.1091177402061 9.01318161351339 0.841965326390258 0.867381288021225 0.868917064251801
30.591 0.787439964077492 9.73710402084279 -1.16060502344377 5.92287165122458 7.16502382467141 -3.09044236388224 173.141199492581 -33.8782059661855 9.01186345216206 0.842402591892752 0.867392445780283 0.869266584281268
30.621 0.787285639519947 9.74723093717892 -1.16281808925277 5.81989746320136 7.24012449563938 -3.1249095778757 172.987079543323 -34.210385369567 9.31067710694585 0.842418504197004 0.867648727501986 0.869212400016866
30.637 0.786368632622472 9.75592621275424 -1.18097070615834 5.79821306039267 7.45962349645712 -3.24295297123317 172.968371588991 -34.0293468326103 9.45960939625127 0.842558848346229 0.86738635740298 0.869409603555948
30.65 0.7786001422774 9.75040423967218 -1.2047899463297 5.9153383192389 7.81747794070454 -3.36522255960603 172.891534430091 -34.0464121493492 9.77364845662614 0.842306642979758 0.867643247962414 0.869094606117087
30.681 0.771788065919686 9.72861517755188 -1.2240724711288 6.11922433464326 8.33267671151958 -3.45694457845459 173.122380987082 -33.6417709344143 9.39628361096353 0.842205978696351 0.867381425817365 0.86918067180511
30.697 0.770864580830403 9.70924448926447 -1.24040920871517 6.29737823705679 8.9574243075432 -3.56773867022745 172.670142888374 -33.0975938409729 9.23665524986717 0.841989060294867 0.867269246152362 0.869011891185779
30.711 0.768477214658678 9.6965393778014 -1.25559111241717 6.43557934464882 9.65252157144537 -3.73004877267036 172.623128599537 -33.3278344568756 9.21298972488046 0.841793833733532 0.867044824188319 0.868859988628381
30.737 0.761061340526719 9.68157332149099 -1.27625787083106 6.57064736438242 10.3765823914001 -3.89215839922011 172.520815739583 -33.235051011188 8.89169075239241 0.84161812982833 0.86696630468622 0.868723276326723
30.751 0.768752267917376 9.68019464916245 -1.29629447302637 6.68075820046326 11.0984661369929 -4.02126316998513 172.668734165625 -33.2715459100692 8.48252167715317 0.84133352603119 0.866772176868791 0.868353451345243
30.767 0.786088875794751 9.67679901694884 -1.31534494973496 6.79741520484441 11.6267874622249 -4.09928952474234 172.321860749062 -32.9443913190623 8.59426950943785 0.841203852896223 0.866473864363415 0.868267392771899
30.797 0.80648022758753 9.65267399348882 -1.34033139363476 6.81080345535234 11.7732690213459 -4.10310103028337 171.829674674156 -32.9499521871561 8.87484255849407 0.840834056100486 0.866452440843807 0.868066616411442
30.812 0.824114184389629 9.6174342697686 -1.37215658261372 6.58773837699268 11.5043390657762 -4.01034817916343 171.74670720674 -33.0749569684405 9.00735830264466 0.840754329958589 0.866186101940929 0.868009241331478
30.829 0.840643150338636 9.58739441029662 -1.38709243745202 6.07094927211784 10.847034930191 -3.80855000246846 171.972036486066 -33.3674612715964 9.4266224723802 0.840556106148423 0.865946396928338 0.86795760375951
30.859 0.841513141449487 9.57729750924499 -1.41651601145202 5.39133526093659 9.91500319289705 -3.54754233046589 172.35483283746 -33.4507151444368 10.3439602251422 0.840377704719273 0.865730662417007 0.868034317547284
30.874 0.835951499154742 9.56515768217913 -1.4441943277377 4.81174371957575 8.93647997284399 -3.31950565467121 172.399349553714 -33.4656436299931 10.269564202628 0.840343613715497 0.86578355909204 0.867856848709289
30.906 0.820172111997523 9.56327000005131 -1.47515016580744 4.47102736288535 8.13367167021608 -3.24404363882241 171.779414598342 -33.1790792669938 10.3826077823652 0.840312931812099 0.865831166099569 0.86782045039954
30.921 0.806988198288845 9.57647501298563 -1.51115070985368 4.45064218384873 7.73862511388149 -3.36009729020735 171.701473138508 -33.5211713402944 10.4843470041286 0.840285318099041 0.865874012406345 0.867910879523311
30.936 0.803023545797378 9.5768673676441 -1.54456873422811 4.80863140057836 7.79987710631014 -3.61721733217898 171.931325824657 -33.409054206265 11.1159123037158 0.840386786303706 0.866035897726891 0.86786907813216
30.953 0.7930508633158 9.5587851039937 -1.58266553598001 5.30868429105487 8.25271382316004 -3.88908338522062 171.778193242192 -33.3081487856385 11.0843210733442 0.840604279166862 0.866181594515382 0.867954644482669
30.981 0.793173418614393 9.53083933285214 -1.61617454276104 5.74270135813259 9.04805312786694 -4.06048039021001 171.460373917972 -33.2773339070746 10.6358889660098 0.840926045819102 0.866189397980577 0.868154706334134
30.995 0.805075162207894 9.50413193307523 -1.64788887845533 6.04476710018193 10.0348508685154 -4.1689361679829 170.814336526175 -33.2496005163672 10.8323000694088 0.841089612730719 0.866442932346244 0.868211709864445
31.008 0.838771063288283 9.47686308028284 -1.68959987712256 6.34487054283549 11.047396316015 -4.22074484126095 170.652902873558 -33.4046404647305 10.9490700624679 0.841362846026573 0.8665479256728 0.868508982418769
31.037 0.89722925263664 9.44651514353141 -1.73324500816183 6.81038348855194 11.8556337836501 -4.14676196018829 171.047612586202 -33.4841764182574 11.2341630562211 0.841356561438485 0.867011576646288 0.868530558340617
31.053 0.952834372264333 9.41393476183819 -1.77342343894049 7.39117720076545 12.2555665884912 -3.83208576416946 170.922851327582 -34.0357587764317 11.610746750599 0.841728975194667 0.86705970554284 0.868795946047324
31.068 0.993002895601559 9.39203448404914 -1.813534455604 7.85587627458204 12.1483305403291 -3.29773214958458 170.570566194824 -33.6921828987885 11.4696720755391 0.841559757143352 0.867472178529324 0.868911877742323
31.098 1.00802573331115 9.38226008990448 -1.84592336157558 8.09395276926124 11.699146341258 -2.66414214073299 170.613509575341 -33.6229646089097 11.7027048679852 0.841911851329047 0.867474247237572 0.86913913350886
31.113 0.996347320985054 9.38842695277072 -1.86848932867883 8.15783993508321 11.1208347605673 -2.10230807933145 169.992158617807 -33.5006681480187 11.3724343811867 0.841850666210712 0.867722348813546 0.868974506719154
31.128 0.965366321424772 9.39325882185522 -1.87880290477548 8.16037655226191 10.6820337272587 -1.71421467597845 170.272942756026 -33.7506013332168 11.675190943068 0.842173669489672 0.867576076848925 0.869195499588007
31.158 0.931318352478858 9.40203684439382 -1.87844845887191 8.21609462222656 10.5336776827771 -1.50767870456381 169.925648480424 -33.6155411998951 11.8276718487612 0.842086302555274 0.867813995463764 0.868901912545939
31.173 0.901932135097489 9.3992230105709 -1.873760043706 8.32425615237032 10.6551190748047 -1.47828487990896 169.853083632381 -34.3339870799056 11.8449046638851 0.842259866868672 0.86753509856858 0.869252947745993
31.187 0.870755995695864 9.39968328550258 -1.86738569062248 8.4070977127058 10.9827369383166 -1.60450219344478 169.847775269143 -34.2005883719151 11.5604141974966 0.842037559649956 0.867530875272902 0.868953615888127
31.219 0.844971959637172 9.39255578107952 -1.87050731052126 8.51982305593904 11.5310281299812 -1.80588403516901 170.322997742229 -34.4405295347236 12.1443727777469 0.84196380369953 0.867156692927115 0.869053780599045
31.233 0.825956182044655 9.38512355197059 -1.86260272624343 8.63654304042147 12.2588413475174 -2.04361624233913 170.510697968006 -34.2964765812512 12.5499354999722 0.841771102797728 0.867066986551137 0.868897689100321
31.249 0.820753136004725 9.38507841326523 -1.85644628014191 8.73930095011978 13.0596747700176 -2.29879660283804 169.899628171205 -34.2268289231261 12.734941949975 0.841723992532525 0.866986250812756 0.868510422841482
31.28 0.821217923217165 9.36977470783348 -1.85156388347767 8.79056169480246 13.8262263769853 -2.55441312576034 170.249665354085 -34.1041460308135 13.0814477549775 0.841681593293842 0.866666530912983 0.868531854721059
31.296 0.825227536725832 9.35618094981869 -1.84758871136983 8.69318491463519 14.4168861820348 -2.7959183780698 170.024698818676 -33.8137314277321 12.8533029794798 0.841264022458343 0.866502380472878 0.868181171900146
31.31 0.835719518036693 9.33969689948404 -1.83928250079345 8.43379008729381 14.7797777165031 -2.98579218911779 170.242228936809 -33.4923582849589 13.3079726815318 0.841267620227078 0.866231047607093 0.867989017626865
31.341 0.843067376766547 9.32504083105663 -1.83037039165191 8.05605993352626 14.80332666241 -3.09484655799227 170.078006043128 -33.083122456463 13.8371754133786 0.841018067390063 0.866233905763117 0.867692618515371
31.357 0.866020878214191 9.31208974172538 -1.83444021217071 7.64740050505913 14.5352077366271 -3.12810999379609 170.050205438815 -33.0748102108167 14.0734578720407 0.840919940119208 0.865989420368308 0.867549319580567
31.371 0.897153663687602 9.30474332019566 -1.84199363653699 7.2643398438662 13.9351220774682 -3.0656806738058 169.725184894934 -32.8873291897351 14.3461120848367 0.840831625575439 0.86589298098267 0.867420350539244
31.401 0.932295913743402 9.29208619932722 -1.86405473945891 6.98218066863988 13.0011518544542 -2.83850191940232 169.73266640544 -32.6585962707615 14.531500876353 0.840752142486046 0.865929645801136 0.867304278402053
31.416 0.979246826691114 9.27279398030392 -1.90360205768068 6.80151985368429 11.7697389590851 -2.38365936104987 169.319399764896 -32.3927366436854 14.3983507887177 0.840680607705593 0.865962644137756 0.867446324725572
31.431 1.02162235831262 9.25195932256894 -1.94206768332588 6.69465031106395 10.2706276585964 -1.70407205089908 169.367459788407 -32.6934629793169 14.4585157098459 0.840742546949603 0.865868882375174 0.867450978814195
31.461 1.06221440304853 9.22381090999588 -1.99200962238313 6.62976543262931 8.66646565609557 -0.880993090083984 169.590713809566 -32.9041166813852 14.6926641388613 0.840671971722794 0.866031280698836 0.867455167493956
31.477 1.1000041979808 9.20093142879854 -2.0528788171959 6.40037667562593 7.01966641873029 0.00252606625265894 169.551642428609 -33.0937050132467 14.7833977249752 0.840986969119441 0.866177439190133 0.867582124908285
31.49 1.12551559373066 9.17890337609813 -2.10891805911828 5.9504153439412 5.33907382265879 0.904563535963271 169.636478185748 -32.904334511922 14.8650579524777 0.840891951675648 0.866308981832299 0.867696386581182
31.521 1.1362055662065 9.18331938538163 -2.1560613407919 5.25995396221883 3.63035728008756 1.78586290755778 169.712830367174 -32.9739010607298 14.8185521572299 0.84105892800161 0.866304046565803 0.867922274222795
31.536 1.13122191334867 9.18986756998189 -2.19447999843024 4.46372955836336 1.93449712459789 2.60651325802338 169.361547330456 -32.9765109546568 14.9566969415069 0.841083035216019 0.866546116072947 0.86800252096424
31.55 1.11434663210902 9.20755235610504 -2.22839839739856 3.63338713687817 0.29829932053505 3.26570926046532 170.005392597411 -33.2188598591911 15.2010272473562 0.841356926263342 0.866763978629378 0.868320712408585
31.581 1.09550771899158 9.22538402311295 -2.24880945220521 2.84027743082394 -1.12084358861769 3.74753528098367 169.86485333767 -33.316973873272 14.5809245226206 0.84122491310516 0.867206024307208 0.868484167467458
31.596 1.0688561837715 9.23131699531337 -2.27268606008527 2.18525732132933 -2.21639281754218 3.91858327960286 169.918368003903 -33.5852764859448 14.2028320703586 0.841610491694674 0.867234708437668 0.868876977175359
31.61 1.05235168106932 9.23474131079668 -2.29621007664297 1.64688426095213 -2.96192910830705 3.77481655469601 170.086531203512 -33.9467488373503 13.8625488633227 0.841705614018734 0.867506763893632 0.868861753621548
31.641 1.03528298825841 9.23608741210837 -2.3240854736265 1.29288285775768 -3.37642322037711 3.39199138777603 170.177878083161 -33.9720739536153 13.7362939769904 0.842043122516892 0.867505374065449 0.869216804714041
31.657 1.02967753908772 9.23418649178987 -2.35252521003155 1.12695335060786 -3.49679616551497 2.89859377571598 170.440090274845 -34.2948665582538 13.2026645792914 0.84209498175873 0.867873280199673 0.869044410803817
31.671 1.02846335382824 9.23145809300761 -2.38799705712379 1.07990687050891 -3.39444479323828 2.42018477982377 171.276081247361 -33.9853799024284 13.0823981213622 0.842393553482887 0.867588454830899 0.869258413264204
31.701 1.03179986785261 9.24211078758258 -2.4202209825073 1.09405358803817 -3.08706138261674 2.01786095832995 171.308473122624 -34.3068419121856 12.614158309226 0.84215787760275 0.867702083511534 0.868835074588976
31.72 1.03264793911941 9.25457125194566 -2.44694802594969 1.1388467025168 -2.62568348862988 1.70080768692443 171.517625810362 -34.296157720967 12.1327424783034 0.842324284411401 0.867434377811573 0.869070010670847
31.73 1.03520686470897 9.26452872712341 -2.47106220811119 1.18984752844832 -1.95777162831651 1.45286432281214 172.185863229326 -34.8865419488703 11.9394682304731 0.842095535438412 0.867440226591596 0.868912296164942
31.761 1.04134061673371 9.27283203803534 -2.48522324403682 1.24948872980196 -1.12458988533219 1.23047865388971 172.307276906393 -34.8178877539833 12.0055214074258 0.84201598190914 0.86719870658363 0.868770353109628
31.777 1.0521880871572 9.27563630524011 -2.49288049078487 1.33064672705078 -0.27396295786767 0.996743765599972 172.476549215754 -34.696098978585 12.2449692666832 0.841818063186378 0.867104798842 0.868519280715399
31.79 1.05979603110414 9.27037902160941 -2.49306825461837 1.39987213068158 0.522135627995433 0.716153358505624 172.028894294179 -34.9464890807265 12.3404723400149 0.841639936335891 0.867020281874533 0.868293315560592
31.821 1.06137594203944 9.26528831259422 -2.49461391862797 1.39881621532334 1.21801366824932 0.361331915784832 172.046004864761 -34.9918401726538 12.3664251060134 0.841605942716872 0.866573423607784 0.868213270565713
31.836 1.06878336030955 9.2636994952203 -2.48433328238041 1.3352704716536 1.89315886630989 -0.0557173063280019 171.761404378285 -34.6126561553884 12.329782595412 0.84119593693907 0.866542044163739 0.868017906425875
31.85 1.06713019393726 9.27172657557498 -2.47424273997764 1.27349914967908 2.53285061326669 -0.497473819970011 171.985263940456 -34.5113905398496 12.0568043358708 0.841080022713315 0.866143009668069 0.867842078700021
31.881 1.07928929253975 9.27571885026845 -2.46839342096644 1.30034770799362 3.15895486491712 -0.898108117362323 171.406737546411 -34.8402514858646 11.6311239022838 0.840849229627676 0.865907613882765 0.867683833746752
31.897 1.09538000993037 9.27147088263053 -2.46312903385637 1.36649614330113 3.67130365323457 -1.22203776364136 170.70606379177 -35.0762263372782 11.6680115120554 0.84076798613306 0.865819355145681 0.867664736933256
31.911 1.11602673088405 9.26519362163798 -2.45138804037522 1.40694576561223 3.9980664176821 -1.45403246055966 170.675457412593 -35.5286037035504 11.3412103608498 0.840694866987905 0.865863382547847 0.867524226156664
31.941 1.13412993986809 9.2592448237442 -2.44967968391612 1.36701454782964 4.05474832553221 -1.59946890916019 171.067911671333 -35.2757433331953 11.3470893247649 0.840629059757266 0.865779546944255 0.867521090102178
31.956 1.14838774656716 9.25730267550675 -2.44443115407737 1.24329019228331 3.87446433267365 -1.67387316328234 170.8211205042 -35.0481689998758 10.3923803922884 0.840569833249691 0.865827555166563 0.86751826765314
31.971 1.15469557930944 9.2611810390901 -2.44569299949269 1.00445735626109 3.51373545665819 -1.71259271718311 171.13900845378 -35.2633520998882 10.3131423530595 0.840642849939291 0.865994086211086 0.867515727449006
32 1.16240769824312 9.25970359069867 -2.4127112716412 0.671187193154065 3.05549168198474 -1.70621894164801 170.825107608402 -35.0970168898994 10.2418281177536 0.840582244413514 0.866020640506711 0.867513441265285
32.014 1.16408136666648 9.26178565701333 -2.42337002366562 0.391854733380643 2.54994251378627 -1.70506269633817 170.782596847562 -35.5473152009095 10.4176453059782 0.840780191465689 0.866044539372773 0.867880540679525
32.029 1.15517288906127 9.26760992181737 -2.42212913641136 0.1297684966838 2.07968108683512 -1.73760986181885 170.384337162806 -35.9525836808185 10.6958807753804 0.84083217233369 0.866312559599221 0.867964960775298
32.06 1.14901076372936 9.27339049076234 -2.42627957649947 -0.103055681228855 1.70911755830428 -1.78445956265987 170.145903446525 -36.4373253127367 10.8262926978424 0.841005126593848 0.866430590200479 0.868163990997499
32.075 1.14484151556916 9.27733606006379 -2.42672293652226 -0.317177594022 1.42370198567996 -1.797616659829 170.051313101873 -36.273592781463 10.9436634280581 0.841034613949032 0.866660005344156 0.868343118197481
