24.446 0.319296131300123 9.66473126252023 -1.34897316544922 -0.374983343443895 1.05587964093706 -1.40655990983507 193.520187660714 113.855486887811 -101.50260807031 0.840691691683368 0.866071741577712 0.867533517089325
24.475 0.319329109579794 9.66096660947378 -1.35832650407855 -0.371836154137673 0.960978699744119 -1.33384285014928 193.308168894643 113.80993819903 -101.372347263279 0.840626201983182 0.865967070071134 0.867159070561895
24.492 0.321872702351635 9.65907483210184 -1.3727300072733 -0.607934981471998 0.906102203815508 -1.33709978650839 193.537352005178 113.708944379127 -101.555112536951 0.840440790970557 0.865996325980754 0.867069126422439
24.504 0.324640775720559 9.67437109568731 -1.37467983111948 -0.958591865004187 0.863583586487393 -1.36827530404076 193.143616804661 113.378049941214 -101.359601283256 0.840400391341653 0.866022656299412 0.866988176696928
24.533 0.321804945171132 9.68963404791667 -1.37206525872836 -1.08792351819843 0.781042021731783 -1.41618059806417 193.389255124194 113.200244947093 -101.42364115493 0.84023756139318 0.865799295850973 0.866915321943969
24.548 0.31398545309924 9.70175460842652 -1.37779257837554 -0.960047196912934 0.65484621650517 -1.43639459932645 193.670329611775 113.460220452383 -101.781277039437 0.840217484722013 0.865845329182609 0.866726292400765
24.563 0.297131682381239 9.7218808519906 -1.39288309344906 -0.690760034473549 0.528292892564577 -1.41336582641671 193.383296650598 113.634198407145 -101.563149335493 0.840451907743339 0.865886759181082 0.866802949721868
24.594 0.284177926133758 9.75926775229569 -1.41268948730163 -0.424737466140698 0.457906351399722 -1.28424298423305 193.244966985538 114.030778566431 -101.846834401944 0.840536716983575 0.865924046179707 0.867118181049413
24.609 0.286525625244396 9.80877756916818 -1.43350799098312 -0.096767536320521 0.402192052137612 -1.12910112855784 193.060470286984 113.727700709788 -101.68215096175 0.840613045299786 0.865957604478469 0.867401889244203
24.624 0.288877974381104 9.87099368432167 -1.45523739351063 0.429703110441302 0.227621701885683 -1.01542765692343 192.894423258286 113.694930638809 -101.533935865575 0.840555420237959 0.866234318194347 0.867534174483508
24.653 0.292611176160027 9.92986122720542 -1.49107443535235 1.25696180703076 0.0934091500177256 -1.08335054008605 192.804980932457 113.365437574928 -102.180542279017 0.840882072783089 0.866360172936093 0.867653231198882
24.669 0.305368299234256 9.99223923641237 -1.5385908059231 2.19996791640402 -0.113641688648169 -1.34600785248966 193.204482839211 113.788893817435 -102.282488051116 0.840923865519349 0.866719681942215 0.867760382242719
24.715 0.330436803354333 10.0558613058131 -1.56639178144499 3.22729936903843 -0.487773702989459 -1.89155973899642 193.56403455529 113.570004435692 -101.894239246004 0.841339548867445 0.866797000309173 0.868102787559216
24.716 0.335401073801676 10.1109065457762 -1.58662424875108 4.50914958480634 -1.07716427162181 -2.79095338341739 194.007631099761 113.373003992122 -102.144815321404 0.84133559399527 0.867112826577987 0.868164982967019
24.73 0.315507916249179 10.1743935088439 -1.61063941472299 6.10327279426464 -1.73662341697871 -3.85231606034282 194.046867989785 113.07570359291 -101.770333789263 0.841710104495774 0.867150830481369 0.868589711124964
24.745 0.297783639404783 10.2215958243719 -1.63548523324901 8.06546459880764 -2.36906794550985 -4.87548140087343 194.322181190807 113.768133233619 -101.913300410337 0.841795265539724 0.867431273732963 0.868603214176193
24.775 0.26447382803882 10.2124827926854 -1.6952558827833 10.0238036351101 -2.99093977691306 -5.74365845162578 194.809963071726 113.911319910257 -102.161970369303 0.841997933554677 0.8673141092764 0.868861336299342
24.804 0.242814848447962 10.1716600619703 -1.77149509839139 11.0290568593853 -3.32009007403092 -6.18150634692122 195.308966764553 114.100187919232 -102.685773332373 0.841801819667361 0.867578224648492 0.868601165586141
24.806 0.241816974841169 10.1612558927789 -1.82155532346893 10.6948534635231 -3.35296656281103 -6.02213433818329 195.338070088098 114.570169127308 -102.617195999136 0.84200383226955 0.867446365100376 0.868982275482174
24.837 0.255882648076961 10.2030083209266 -1.83530534541663 9.62842155228533 -3.36957830347649 -5.44205830894512 195.724263079288 115.113152214578 -102.555476399222 0.841807128510747 0.86769725489007 0.86871001085069
24.851 0.238853654217437 10.276199233829 -1.86366166981509 8.83962519858351 -3.45628459526625 -4.94136392843228 196.011836771359 115.66183699312 -102.6799287593 0.842008610228598 0.867306434582565 0.868834536065352
24.866 0.210958001123412 10.336923502951 -1.87577482145235 8.68543367109158 -3.51141949451825 -4.37623516917684 196.390653094223 115.915653293808 -102.55193588337 0.841811428673889 0.867325077685489 0.86857704537555
24.896 0.193513358777651 10.3921739665292 -1.89104608369951 9.33368419711219 -3.71752945346337 -3.65998569806068 196.851587784801 116.624087964427 -102.556742295033 0.84176028582107 0.867218532833673 0.868345303754729
24.943 0.182900858800908 10.4287911302706 -1.92675701087491 10.5781783728208 -3.89310475239184 -2.89551384581187 197.146429006321 116.781679167984 -102.56106806553 0.841461466424656 0.866999182201499 0.868260059940436
24.945 0.176402216000527 10.4492368501598 -1.96290714120069 12.0676887798135 -3.94654236875571 -2.36932123985664 197.531786105689 117.163511251186 -101.964961258977 0.841192528967883 0.866925226898082 0.867936556597585
24.957 0.166184019902203 10.4515968145884 -2.00142775692224 13.5738970010688 -4.00532324638396 -2.0949845357183 197.75860749512 117.627160126067 -102.268465133079 0.841076955539246 0.866487874128978 0.86764540358902
24.972 0.143460403554606 10.4417497857174 -2.04082486675095 14.9333011940917 -3.98112679960816 -1.91983722718464 197.782746745608 118.344444113461 -102.481618619771 0.840593076699971 0.866217991897583 0.867383365881311
24.986 0.126480741282971 10.4348028192306 -2.0922635583214 16.12470389911 -3.75934999750994 -1.83243365713793 198.104472071047 119.049999702115 -102.733456757794 0.840537448498125 0.865975097889327 0.86739431585436
25.044 0.117723244858388 10.4279520233916 -2.14208983672845 17.3275006847715 -3.42539973058337 -1.81331242882872 198.094024863943 119.504999731903 -102.540111082015 0.840360912834005 0.865880090751588 0.867157386920117
25.045 0.123668013601843 10.40311155204 -2.18825029694904 18.6130712269814 -3.06301242928076 -1.88999645312142 199.044622377548 119.434499758713 -102.846099973813 0.840328501018756 0.865670986857931 0.867190934789285
25.059 0.105136142899999 10.3774032487036 -2.24427961734416 19.9945121958863 -2.73991729322291 -2.09718001391615 199.900160139793 119.851049782841 -103.601489976432 0.840299330385032 0.865606390823331 0.86709780422709
25.074 0.0934852827910267 10.3249367618765 -2.3132610746695 21.2721602129389 -2.25905533489299 -2.26150781405125 200.430144125814 120.225944804557 -103.921340978789 0.840399397361098 0.865671714657732 0.867013986721114
25.09 0.0777921202174142 10.2512011537736 -2.40688799874247 22.1647915198893 -1.80872232048766 -2.33001352119574 201.687129713233 120.743350324102 -104.26920688091 0.84036313709314 0.865607045843152 0.867061874610183
25.105 0.0880891313306673 10.1693965443776 -2.47439281096692 22.524648245763 -1.2690714624847 -2.51533277976319 202.278416741909 120.789015291691 -104.882286192819 0.840456823398395 0.865548843910029 0.867351213448896
25.151 0.07562906043102 10.094635139299 -2.51778917268486 22.5836338028661 -0.766591797152256 -2.94929568499298 202.330575067719 120.950113762522 -104.594057573537 0.840414820526707 0.865743246080207 0.867365378665186
25.153 0.0691435451294749 10.0291455480986 -2.56714097936962 22.6672551554039 -0.172375365528634 -3.39253405542498 203.457517560947 120.97510238627 -104.814651816183 0.840503338488606 0.865918208033366 0.867501314962393
25.167 0.0706088966118487 9.91609591485857 -2.62855642092241 22.7066365100925 0.377686598505146 -3.63572339797408 204.411765804852 121.057592147643 -105.193186634565 0.840583004654315 0.866198861393754 0.867623657629879
25.197 0.0625304711933904 9.79741227246939 -2.68766106115591 22.3359728590833 0.794116411937074 -3.70726556199347 205.030589224367 121.491832932879 -105.413867971108 0.840906898757809 0.866328261815559 0.867856818166622
25.213 0.0501722097166752 9.71178563491361 -2.72984189641605 21.5283297716482 1.11394141196474 -3.68463060884756 205.76753030193 121.582649639591 -106.032481173998 0.840946208896597 0.866690961933734 0.86782042291114
25.226 0.0152274668009617 9.66524772693983 -2.75828769372818 20.8251151150941 1.26666940817285 -3.61158739529105 206.610777271737 121.964384675632 -106.649233056598 0.841359657906968 0.866894339904086 0.868279607074673
25.272 -0.00269556196407636 9.60043918654565 -2.81094338804707 20.4105425348824 1.67206353605785 -3.44966529698332 207.189699544563 122.487946208069 -107.264309750938 0.841479863609799 0.867323349454446 0.868447172666937
25.274 0.00643254084697819 9.49710045664231 -2.88263466039502 20.0068928615468 2.0941701595513 -3.25889724056743 207.590729590107 122.959151587262 -107.937878775844 0.84183994714885 0.867340301070181 0.868720898941012
25.287 0.0377518781719636 9.40116276510405 -2.9300382800031 19.1909363998196 2.34276841077175 -3.28262583712137 208.011656631096 123.203236428536 -108.60409089826 0.841785952448534 0.867601797262895 0.868474771963644
25.316 0.0445111780194668 9.32158239633901 -2.96342400316551 18.1657358896086 2.32299538648846 -3.46886707020313 208.210490967987 123.842912785682 -109.623681808434 0.842115427103711 0.867467580453339 0.868868521221927
25.332 0.0222232570196594 9.25863907293436 -2.9961646163835 17.132368407518 2.16932180203809 -3.52961395096908 208.749441871188 123.818621507114 -110.06131362759 0.841907563861492 0.867716348707736 0.868730955660914
25.377 0.000907173449880346 9.19223370751104 -3.0245537785626 16.2947040858502 2.01116824778848 -3.36978232686453 209.174497684069 123.856759356402 -110.515182264831 0.842224877375373 0.867323619018465 0.868976303635591
25.379 -0.0113341176255764 9.11313570678557 -3.08308415662675 15.6293558146697 1.90165447644475 -3.15952165142999 209.497047915662 123.471083420762 -111.463664038348 0.841879598823529 0.86758678341635 0.868704636188765
25.391 -0.00822548951901989 9.02883925265365 -3.12121672378268 14.6839774851112 1.7565271967392 -2.94280612750836 209.967343124096 123.543975078686 -111.657297634513 0.841821638955745 0.867330607725908 0.868706646733614
25.408 -0.0435553868371069 8.98756869637632 -3.16247921239989 13.4651980572107 1.47018745416452 -2.72562475139875 210.690608811687 123.669577570817 -111.891567871062 0.841643154528322 0.867223509870051 0.868461944976986
25.438 -0.0539840441725689 8.93767600062785 -3.19141533122948 12.3316553507263 1.4269855026412 -2.41642105488483 211.041547930518 124.082619813736 -112.042411083956 0.841482518543641 0.867003661534239 0.86824171339602
25.453 -0.0460118730096851 8.86679553511706 -3.21943304073654 11.4320776019132 1.2850503111557 -2.099969789091 211.297393137466 124.514357832362 -112.11816997556 0.841464266703846 0.866558465301519 0.868043504973152
25.498 -0.0438647424857766 8.77343473007948 -3.26152810870268 10.5774194600425 1.12143077622334 -1.91898044376969 211.52765382372 124.662922049126 -112.426352978004 0.841195049219154 0.86640512142256 0.86786511739257
25.5 -0.0202049439264194 8.68917058560852 -3.28672438936226 9.56471568197719 1.15050907264681 -1.953036597866 211.254888441348 125.396629844213 -112.583717680204 0.840952753482932 0.866267111931497 0.867827892214493
25.512 -0.0508054487508108 8.63715511548761 -3.3469900197696 8.31664106034435 1.18507648599281 -2.1577329380794 211.009399597213 124.856966859792 -112.725345912183 0.840481294849288 0.866142903389541 0.867547605644237
25.528 -0.0110089802087757 8.6086568890951 -3.37549142005247 6.68574031308854 1.48946960075231 -2.27478407175238 211.508459637492 124.971270173813 -113.212811320965 0.840436844832511 0.86603111570178 0.867542131640993
25.558 -0.0133796746290993 8.58677931358891 -3.37528530325474 5.03319681613083 1.28098065594426 -2.33356520656187 211.477613673742 125.194143156432 -113.771530188869 0.840143748843145 0.866053967048335 0.867413881393627
25.589 -0.0198228625736181 8.56014636514018 -3.39150006383045 3.96499163833454 0.998684117067387 -2.37654456376828 211.869852306368 125.094728840788 -113.854377169982 0.840133053426982 0.865951072994694 0.867174995905457
25.603 -0.0124536225153397 8.51714280269232 -3.40094581970021 3.17536270350872 0.985838606124007 -2.18087484021588 211.262867075731 124.76525595671 -113.928939452984 0.839996957269976 0.865981928611958 0.867083459231645
25.617 -0.0123455060827783 8.47915780861694 -3.41273903603952 2.29065086063877 1.05748375314519 -1.58034460810269 211.076580368158 124.588730361039 -113.996045507685 0.840127261557548 0.865886238401955 0.86712439986966
25.632 -0.00823791343492726 8.44527057694958 -3.42401132365108 1.3325781409871 1.14791858393755 -0.818493353399291 210.788922331342 124.549857324935 -114.056440956917 0.840118214869945 0.865923577478493 0.867161246443874
25.647 -0.0106462942229729 8.42333139080614 -3.44277552408016 0.376419563529616 1.37587481714684 -0.30687302569295 210.770030098208 124.634871592441 -114.350796861225 0.840110072851102 0.865957182647377 0.867317595963212
25.677 0.020824697017638 8.39574510841498 -3.45020619310769 -0.481833079846247 1.74363084688254 -0.0906895399175479 210.393027088387 124.831384433197 -114.135717175103 0.840229065580561 0.866233938546364 0.867458310530616
25.693 0.0449587372541142 8.39300397922631 -3.46533335993737 -1.36113068789216 1.99445860188894 0.145096971326115 210.413724379549 124.768245989877 -114.542145457592 0.84058835359143 0.866359831252908 0.867708005777286
25.708 0.0604544476508837 8.39059675833615 -3.44680564776107 -1.96776571070599 2.20035625315043 0.593946052819458 209.712351941594 123.99142139089 -114.787930911833 0.840785689725814 0.866719374427349 0.867809679363282
25.738 0.0720063846564062 8.40489039213388 -3.42228971578221 -2.04808837627662 2.26734352859875 1.09485679104896 209.921116747434 124.612279251801 -114.76913782065 0.841089315322159 0.866919911148339 0.868147154967722
25.753 0.0761782043804914 8.40123473457333 -3.42297027102894 -1.48908106536651 2.3207618474946 1.42048561576086 209.869005072691 124.691051326621 -114.752224038585 0.840984063258094 0.867223446333236 0.86808172603213
25.768 0.0932805162933639 8.36322870420071 -3.44985914461422 -0.760783645852762 2.33525054824132 1.4792004129634 209.462104565422 124.881946193959 -114.977001634726 0.841393726832316 0.867127064616646 0.868514779883564
25.798 0.1424308439136 8.32088295131909 -3.43269930093832 -0.245010624778936 2.40019877585994 1.10837960830828 209.27589410888 124.873751574563 -114.999301471254 0.841510525642611 0.86753280169575 0.868412588456388
25.812 0.146144272688668 8.34142975369085 -3.39995733925116 0.355826315561553 2.23727813491516 0.496014929920202 209.588304697992 124.986376417106 -115.139371324128 0.841867542978381 0.867528808087355 0.868689773151518
25.827 0.135480278107799 8.36518911444237 -3.39658637072216 1.30039635576112 2.24713810768319 0.070077559065586 209.269474228193 124.847738775396 -115.265434191716 0.841684468148694 0.867771453578351 0.868570082397546
25.858 0.111637183314511 8.35437048604867 -3.40372784637425 2.28028038430715 2.29341666332708 0.334825528349867 209.102526805373 125.322964897856 -115.378890772544 0.842024091233856 0.867620271137249 0.868954300612438
25.872 0.118669398086622 8.31674132166011 -3.3982440206678 2.93851188786117 2.28621240157453 0.919663586201903 209.252274124836 124.850668408071 -115.66100169529 0.841698891296163 0.867853770323256 0.868684833467928
25.886 0.121107812932748 8.32908316926094 -3.35949047564905 3.19122558457123 2.30720948202776 1.23304073903209 209.207046712352 124.725601567264 -115.854901525761 0.841911196735472 0.867694356207663 0.868811876420866
25.917 0.115581086616175 8.35569328495204 -3.33269271993138 3.46981294977823 2.32763357199293 1.30057635978537 209.106342041117 125.033041410537 -115.969411373185 0.841597286247618 0.867674207148077 0.868803162942505
25.933 0.12455325693529 8.36372089172905 -3.32844661840943 3.74420570060194 2.387999985786 1.25219811311981 208.955707837005 125.249737269483 -116.492470235866 0.841567557637425 0.867409289084462 0.868548809564988
25.948 0.115988508945475 8.38531093405639 -3.31343223305775 3.75833474886235 2.33469617041351 1.26361952318188 208.580137053305 124.964763542535 -116.12322321228 0.841288011059375 0.867170862827209 0.868196431259682
25.978 0.111093422996196 8.45639688319225 -3.25335206078499 3.6878447854265 2.20198991215078 1.49756291437514 208.482123347974 125.068287188282 -116.390900891052 0.84103641913913 0.867079739461221 0.868126074694894
25.993 0.160258109474653 8.4681208003723 -3.18030586380073 4.26333511604416 1.99476802017234 2.01498219545671 208.513911013177 124.921458469453 -116.871810801946 0.840936456693369 0.866750670696602 0.867939430142138
26.007 0.133578100893921 8.49124194405943 -3.15167440061249 5.10799397085195 1.42582556930015 2.62264428125455 208.662519911859 124.669312622508 -116.704629721752 0.840720020209725 0.866701566543675 0.867647989779117
26.037 0.140750569785261 8.49547105928484 -3.20329866186808 3.66589686384309 0.797746829164027 4.280990540152 208.736267920673 124.502381360257 -116.854166749577 0.840778018203321 0.8665339125405 0.867509153717939
26.053 0.273978772179446 8.50101304561099 -3.16716054716137 0.964956032420617 0.692017947774342 5.79640293651848 208.802641128606 124.112143224232 -116.988750074619 0.840450804876875 0.866506484203184 0.867384201262878
26.067 0.315414192452575 8.50935280779184 -3.13325956736589 -1.2185624715848 0.208312336203014 6.42668630698877 209.102377015745 123.640928901808 -117.229875067157 0.840409403857339 0.86611100570357 0.86739506769777
26.098 0.316493772424351 8.4852550666855 -3.1405172163956 -2.42571385801411 -0.0277860729898061 6.20462836331279 208.832139314171 123.876836011628 -117.386887560441 0.840245672657298 0.866002407784406 0.867158063579186
26.113 0.279457441380999 8.43513597023424 -3.21103413832598 -3.19306613633484 -0.167755557293879 5.93454720637083 208.348925382754 123.729152410465 -117.288198804397 0.840224784859719 0.866028129922698 0.867068220138001
26.128 0.30412428207223 8.34872882043066 -3.32968573509824 -4.58520990438074 -0.226552520648461 5.84872607352 207.914032844478 123.956237169418 -117.319378923958 0.840205985841899 0.866051279847162 0.867233872287926
26.158 0.356192099693635 8.34643955655166 -3.42067040865873 -7.32668891394267 -0.203133909804989 5.38370079441228 207.702629560031 123.980613452477 -117.287441031562 0.840189066725861 0.866072114779179 0.867382959222858
26.172 0.395810676494139 8.42225063705983 -3.44102564333607 -10.0810429233118 -0.132438839435177 4.50181926458937 207.452366604028 123.822552107229 -117.078696928406 0.840300160067844 0.866214189862441 0.867270626217306
26.188 0.362155257876722 8.5584759670306 -3.43462523411568 -11.6416409210569 -0.212324726484025 3.71881291064952 206.447129943625 123.620296896506 -116.830827235565 0.840526315554587 0.866342057437377 0.867292850156755
26.217 0.377774196162231 8.64887671093423 -3.42856557897499 -11.4935073633024 -0.268191490476844 3.4774659707296 206.142416949262 123.678267206855 -116.967744512009 0.840729855492655 0.866580325857364 0.867559091440811
26.233 0.44019411560393 8.64290894645702 -3.48200926540885 -10.622019222392 -0.338318906314656 3.33964303777878 205.508175254336 123.25044048617 -116.970970060808 0.841039064512315 0.866794767435353 0.867921625837498
26.247 0.492541324107319 8.58636188726054 -3.51729959272081 -10.5407333306871 -0.348761824843496 2.88735812331388 205.057357728902 123.345396437553 -116.853873054727 0.841065158075653 0.866987764855543 0.868001937417474
26.277 0.49033325404686 8.59143400389337 -3.50841931721033 -11.3339882418932 -0.431442894267543 2.27266811250921 204.111621956012 123.250856793798 -116.568485749254 0.841592440409608 0.867038274931168 0.868442970130374
26.293 0.49235627791967 8.61982121644959 -3.46960171658213 -11.8807420894596 -0.386771887283537 1.71868374400638 203.620459760411 122.805771114418 -116.191637174329 0.841563196383216 0.867329973737783 0.868347959678516
26.308 0.493398884609515 8.66224878947626 -3.45393920479788 -11.5560266591396 -0.356491645120069 1.1338382703691 203.23841378437 122.945194002976 -115.792473456896 0.841914946644925 0.867222939280738 0.868631607251433
26.338 0.454413918860413 8.7381422691407 -3.45809872631943 -10.644698802386 -0.41168217526455 0.650988794477229 202.834572405933 123.130674602678 -116.093226111206 0.84197962347396 0.867496171652396 0.86851773308747
26.352 0.420404840148381 8.775441495138 -3.48416824058935 -9.30923655573516 -0.513262049341149 0.434744876861567 202.17111516534 123.117607142411 -116.183903500086 0.842289731026595 0.867372517403889 0.86890718623337
26.382 0.400750142607294 8.81266194065594 -3.51295788511256 -8.14014496123035 -0.604683936010087 0.216461228870067 201.634003648806 122.92584642817 -115.845513150077 0.842064437392087 0.867630791963232 0.868765754171213
26.397 0.397725399380805 8.87686598432228 -3.53132683716375 -7.30093962541266 -0.473986534775491 -0.262436802413886 201.270603283925 122.993261785353 -114.940961835069 0.842366063552909 0.867370215418102 0.86900762229486
26.413 0.421997752230658 8.92375599264054 -3.52445558323405 -6.62199070103933 -0.305213835496415 -0.998788542019826 201.063542955533 123.053935606817 -114.966865651562 0.842006666383311 0.867505668040016 0.868856146626554
26.427 0.423073172367776 8.91202767120852 -3.48529132259437 -5.93536415001937 -0.238814589351354 -1.77219213056594 200.697188659979 122.808542046136 -115.050179086406 0.842062171238507 0.867381064152748 0.868843006127624
26.488 0.450137847480623 8.80283102476943 -3.4243058209349 -5.13266742967392 -0.15233771056889 -2.30336986407423 200.607469793981 122.707687841522 -115.005161177766 0.841859633582808 0.867392244298653 0.868707992076041
26.49 0.458395052389009 8.70239926354005 -3.41413057846391 -4.67207244243172 -0.208859664702841 -2.92417791583474 200.466722814583 122.67691905737 -114.424645059989 0.841550879410219 0.867278982785521 0.868586479429617
26.503 0.475463195236656 8.65390921511573 -3.39886765184311 -4.64150641956259 -0.0856836218966789 -3.56534791051081 200.220050533125 122.769227151633 -114.14218055399 0.841399470937349 0.866929989688472 0.868477118047836
26.516 0.451439906888127 8.5668134291022 -3.39117638321794 -4.23918783867504 0.0083809234990959 -4.30652304312385 200.358045479813 122.97230443647 -114.007962498591 0.8410101123375 0.866739493370818 0.868378692804232
26.53 0.413059536128866 8.45017982712826 -3.40394654320547 -3.64733012350982 0.309832907485064 -4.78503104415498 200.542240931831 123.095073992823 -114.067166248732 0.840912780571901 0.866444449215238 0.868290110084989
26.547 0.41275428549316 8.33299916855789 -3.40179272693577 -3.20244443940312 0.726177861011367 -5.02103175653337 200.228016838648 123.44556659354 -114.240449623859 0.840572091008597 0.866425967210448 0.867840004257993
26.605 0.409067822836636 8.2921800065544 -3.35292793693109 -2.55319236187502 1.11615549475756 -5.41892858088004 200.965215154783 123.341009934186 -114.096404661473 0.840518561375889 0.866162275670906 0.867928477995918
26.608 0.43549796343696 8.23497233228446 -3.2951829795417 -0.731460911947058 1.48545597581615 -6.06634869989127 201.148693639305 123.726908940768 -114.086764195326 0.840217293732185 0.866172011020548 0.86776159311306
26.621 0.440370897062289 8.11716605517173 -3.27912553230316 2.08901342352246 1.67736839350171 -7.09559169249756 201.193824275375 123.474218046691 -114.558087775793 0.840199243827118 0.866057312569686 0.867487936452947
26.636 0.394478300980628 7.97031928264711 -3.27131774496488 4.7121731498725 1.80963155415154 -8.25168137820964 201.234441847837 123.606796242022 -114.862278998214 0.840056528630099 0.865954083963911 0.867365105724385
26.652 0.383701035176426 7.8455792054261 -3.26297392670618 6.31423827763334 2.19584397125547 -9.08071171367112 201.270997663053 123.36611661782 -114.776051098392 0.840054555235241 0.865737580749022 0.867501069315672
26.666 0.376275988335648 7.80268512231636 -3.22697349391258 7.26602055674024 2.72740461229786 -9.6695871071895 201.483897896748 123.569504956038 -114.758445988553 0.840052779179868 0.865789785590853 0.867500248945285
26.714 0.346908385528838 7.70242974218006 -3.2529916167427 8.09514369190591 3.21649621213678 -10.2896512972339 202.275508107073 123.632554460434 -115.222601389698 0.840051180730033 0.865960093592948 0.867622698214481
26.726 0.290250746882303 7.58269135704286 -3.27844299675544 7.99784306317333 3.87041911000707 -10.9507625033884 202.687957296366 123.749299014391 -115.340341250728 0.840176062671599 0.866236558397378 0.867732902556758
26.728 0.300789855548451 7.63384194866402 -3.19881756724286 7.19958547441325 5.07574361122011 -11.8717167874007 203.299161566729 124.214369112951 -115.446307125655 0.840414627897966 0.866238865474374 0.867832086464808
26.758 0.265982321764865 7.78013468708619 -3.09100222249062 7.31550478956735 5.77961963177748 -13.0013390017904 203.729245410056 123.912932201656 -115.78167641309 0.840629336601697 0.866487453090661 0.867798164379507
26.773 0.158160798429702 7.79633775585316 -3.10577764206437 9.02135889076329 5.59326072203485 -13.5592203687869 204.776320869051 123.941638981491 -115.303508771781 0.840948597510453 0.866587994342775 0.868013874241288
26.788 0.16066036165886 7.70862826615651 -3.17970867836453 11.0138794902366 5.49805678723595 -13.4559700876334 205.418688782146 124.027475083342 -115.653157894603 0.840983737773977 0.867047638449266 0.868084960980884
26.818 0.178412424395677 7.74790347436142 -3.2048269142268 11.5071480297625 5.47725874210014 -13.4180066666563 206.416819903931 124.044727575007 -116.387842105142 0.841519162138099 0.86709216116552 0.868394908423564
26.833 0.0728835465343561 7.88739888208275 -3.19223857190233 11.512158417626 5.45625042514203 -13.5708624885403 207.195137913538 124.420254817507 -117.049057894628 0.841497245938858 0.867501388589736 0.868427891744933
26.847 0.0126833321301728 7.87545771900265 -3.25070002316852 11.9197212018176 5.38543454293317 -13.0328602091519 208.015624122184 124.158229335756 -117.284152105165 0.841981319486492 0.867500536291943 0.868703546111208
26.878 0.0285933957977822 7.76283741745456 -3.35395271753746 11.0185887762923 5.50795979092993 -12.2570551042673 208.514061709966 124.16240640218 -117.015736894649 0.841913187552412 0.86774600896248 0.868705665663812
26.892 0.0482395526603219 7.78430166917834 -3.3899579928113 7.98772226507529 5.61288900267663 -12.4366931052909 209.742655538969 123.746165761962 -117.434163205184 0.842229938697202 0.867473910717425 0.8689535426382
26.922 -0.0974831667391636 7.93901158938819 -3.35682144932088 4.49200347368227 5.33556956805782 -13.2823367718611 210.308389985072 123.671549185766 -117.630746884666 0.841884154013174 0.867844963186451 0.86880747493556
26.937 -0.177397705928818 7.98607379409683 -3.30365511630896 2.22066572173389 5.24094390896197 -13.1808206519269 210.757550986565 123.54439426719 -117.507672196199 0.841951910105384 0.867562969518999 0.869045170982772
26.953 -0.181205750539603 8.03405617069911 -3.29836234618655 0.877988462537598 5.28555180814211 -11.9299141592533 211.101795887909 123.609954840471 -117.456904976579 0.841633928280538 0.867679146730824 0.868766616801229
26.968 -0.16811299900833 8.14709113590459 -3.37871273609487 -0.999123360815398 5.54096609297675 -10.943029613557 211.171616299118 123.308959356424 -117.291214478921 0.841600535467054 0.867413734708935 0.868639241682286
26.997 -0.20074196380934 8.3178953279782 -3.39727823960025 -3.32592858198577 5.59297635390808 -10.7609403926593 211.834454669206 123.278063420781 -117.262093031029 0.8414441613885 0.867174863889234 0.86840128043079
27.026 -0.183301389344581 8.39823681858736 -3.36017750227963 -5.15440442607727 5.18406039790659 -10.6909532236224 212.071009202285 123.490257078703 -116.995883727926 0.841176954435343 0.867083340417044 0.868310438948891
27.028 -0.184005153293653 8.38118058515392 -3.36641088597043 -5.93591054835504 4.63206657185639 -10.2294914890464 212.163908282057 123.561231370833 -116.756295355134 0.841189259006378 0.866877509026533 0.868105357970735
27.057 -0.22929040084652 8.54174388116123 -3.43899874215183 -7.10567827214549 4.61924159406006 -9.76150417220281 212.367517453851 123.385108233749 -116.90066581962 0.840820921599625 0.866692260775073 0.867797324824855
27.073 -0.322180862638699 8.76448141931464 -3.52773112349085 -9.24701884187751 5.23670674763116 -9.19833085421917 213.030765708466 123.346597410375 -116.910599237658 0.840742508907814 0.866401939879068 0.867766878903549
27.087 -0.330484639477742 8.95273473917517 -3.51523391865824 -11.4719352783004 5.2382269125627 -7.82887944818657 213.207689137619 123.611937669337 -116.379539313892 0.840418846510918 0.866387708807894 0.867492693664387
27.118 -0.268586046283256 9.00700168960458 -3.4665171903056 -12.4568028191727 4.40066376329116 -6.16812890794807 212.826920223857 123.430743902403 -115.961585382503 0.840380641327978 0.866127843108608 0.867369387214682
27.133 -0.241248601315002 9.03602993327229 -3.39699431076784 -12.081351544889 3.62319280680937 -5.35589616982502 212.784228201472 123.327669512163 -115.525426844253 0.840219786380873 0.86614102171448 0.867134951144407
27.162 -0.357184535536987 9.1753412351416 -3.4309100492162 -11.4716896728429 3.29446131238798 -5.67832182001809 212.745805381325 122.994902560947 -115.252884159828 0.840201487210937 0.866029422194225 0.867170742591146
27.18 -0.409752267247875 9.26013960827051 -3.46035682410263 -11.5886428429632 3.79860296740872 -5.55705452351246 212.771224843192 122.635412304852 -115.547595743845 0.840058547675536 0.865928982625996 0.867202954893212
27.192 -0.370452981759405 9.3124563549935 -3.46794472262498 -12.4862671082852 3.7584373271564 -4.28837197192457 212.674102358873 121.951871074367 -115.21283616946 0.840056372376134 0.86596204728013 0.86723194596507
27.207 -0.296417267533507 9.36343194141798 -3.40282806866082 -13.5300068096704 3.08946382344839 -3.20380958389242 211.866692122986 121.45668396693 -114.911552552514 0.840306906632048 0.866238316715842 0.867258037929743
27.237 -0.293710310529798 9.47724543596637 -3.29292732279938 -13.9548687241232 2.334715914386 -3.342970610236 211.980022910687 121.251015570237 -114.760397297263 0.840406215983412 0.866240447960991 0.867404708300494
27.268 -0.362740969006237 9.57369213031529 -3.19772766054965 -13.3402978822452 1.90582447561915 -3.95065828203683 211.722020619618 121.185914013213 -114.744357567537 0.840621765878598 0.866488877328617 0.867413524031625
27.27 -0.375907136807457 9.57059184962629 -3.15358737130133 -11.9742070253184 1.8228756158435 -3.72734817902399 211.429818557657 120.467322611892 -114.909921810783 0.840815760784266 0.86671246375948 0.867667697928194
27.298 -0.305695423909678 9.51913941133724 -3.05137243586034 -11.1195344143896 1.77035904662556 -2.44926984967121 211.286836701891 121.020590350703 -114.698929629705 0.840864184720408 0.866913691547257 0.867650214696554
27.312 -0.252141545202124 9.48965150322354 -2.9480065469496 -11.4159779195155 1.31164375265003 -1.28220546012393 211.098153031702 121.338531315633 -114.209036666734 0.841159960817293 0.866971608953711 0.868003636767667
27.328 -0.271279975759198 9.50722554510089 -2.92680329959565 -12.2400289825258 0.602616781965176 -1.20131315838635 210.748337728532 121.684678184069 -114.068133000061 0.841173964750133 0.867269974358072 0.868075747254626
27.358 -0.317175130534657 9.4967059897058 -2.89730558586991 -13.7129726491587 0.141591744990033 -1.2308001631584 210.613503955678 121.336210365662 -113.881319700055 0.84169036641664 0.867292263483444 0.868386616069932
27.373 -0.310237604816397 9.46688764751012 -2.84561852627584 -15.5439654605787 -0.245849872257062 -0.53062091020134 210.852153560111 121.382589329096 -113.473187730049 0.841651329789545 0.867558563434831 0.868297241024119
27.387 -0.285498623644983 9.52480589264681 -2.75319136393298 -17.25674448704 -0.497600762893951 0.59114347089513 209.9869382041 121.184330396187 -112.865868957044 0.841994266710621 0.867428670008081 0.868708743376354
27.418 -0.29184424990029 9.59093845111772 -2.71184558760133 -18.0562608780306 -0.789062060650358 1.42286881846211 209.68824438369 120.645897356568 -112.19928206134 0.841672049225252 0.867681329307005 0.868587155599898
27.433 -0.309765742244817 9.59383486708383 -2.73592596433467 -18.7452912787772 -0.959774175196009 2.0248567457762 208.519419945321 120.341307620911 -111.659353855206 0.842012914202758 0.867539159293038 0.868846883580677
27.448 -0.285911917855588 9.60188845694405 -2.73772642477071 -20.4913728379224 -0.879063933248927 2.78725656738179 207.767477950789 119.88717685882 -111.233418469685 0.841815302250633 0.867657717527459 0.868711481783789
27.478 -0.260493043217284 9.68449412495204 -2.68912844774469 -22.9918538747408 -0.914821662061439 3.95356907858254 207.15073015571 119.778459172938 -111.150076622717 0.842015966594496 0.867517908691446 0.868712807769136
27.494 -0.227560408997437 9.81282854119219 -2.60672391281137 -24.8926684872667 -1.10272880883239 5.55515873560978 205.635657140139 119.440613255644 -110.835068960445 0.841818049403198 0.867392080739035 0.868344029643415
27.507 -0.289738674242408 9.91845335995505 -2.54141838096627 -25.7591268293798 -1.41993684397969 7.1172001139572 205.232091426125 119.25655193008 -110.431562064401 0.841639923931029 0.867155375316324 0.868382100842799
27.538 -0.224612360548178 9.94725621731892 -2.43422067233665 -25.5626034594189 -0.545118732100805 7.72151063691263 204.748882283512 119.330896737072 -109.588405857961 0.841479611006078 0.866942340435885 0.868169853675252
27.551 -0.132719277159452 9.94492723636462 -2.33319375576446 -24.8903125791258 -0.208164110799121 7.68600079459541 204.133994055161 118.857807063365 -109.249565272164 0.841208859091163 0.86675060904349 0.86785537095892
27.567 -0.127168649866652 10.0078336902794 -2.23311170633318 -23.9257088021293 -0.760630142467301 7.47541598231144 203.460594649645 118.072026357028 -108.704608744948 0.841091652650198 0.866578050790334 0.867695796779761
27.595 -0.151442200929944 10.0982676483694 -2.18092610265925 -22.3713058608477 -1.13800224272439 7.41184384972915 202.794535184681 117.904823721325 -108.274147870453 0.840859696570871 0.866546208628034 0.867428719752978
27.61 -0.0854211965123038 10.148174369708 -2.15401050292952 -20.5631829083507 -0.757026445932865 7.23859839605395 201.715081666213 117.874341349193 -107.526733083408 0.840777406381935 0.866270492946733 0.86743513433886
27.625 -0.051919524573018 10.2079345503825 -2.14570788899216 -19.5534295030118 -0.71872838149225 6.97122710606687 201.103573499591 117.606907214274 -106.854059775067 0.840576874929434 0.866145946303253 0.867194123556167
27.655 -0.0431961246902315 10.2785977947156 -2.10818831049638 -19.3469415145427 -0.724718138762872 6.98250134202507 200.313216149632 117.486216492846 -106.72865379756 0.840522866904642 0.86603385432412 0.867100674117284
27.67 -0.0322326022602232 10.3554825449681 -2.05209476879153 -19.0603389661419 -0.883544034810249 7.39035807805157 199.361894534669 117.257594843562 -106.615788417804 0.840347789399871 0.865809374073211 0.867139893266735
27.7 -0.0160207985237639 10.3574017701771 -2.00071275649291 -18.2039233901384 -0.805876654229988 7.90323066719298 198.745705081202 117.171835359205 -105.794209576024 0.840316689928035 0.865730939317083 0.867175190501242
27.715 -0.00190901503521804 10.3317154185378 -1.96739763395031 -17.1133020434909 -0.658876775066531 8.37931981421414 197.951134573082 117.214651823285 -105.414788618422 0.840415020949801 0.865783808302108 0.867083634367851
27.73 0.0332372300723916 10.3055450859431 -1.92771750428712 -15.999681762806 -0.478485280765985 8.67344890149502 197.416021115774 116.953186640956 -105.133309756579 0.84050351886939 0.86583139038863 0.867124557492246
27.744 0.0686397206395619 10.2809144207326 -1.87758032445701 -14.8958967926322 -0.408499348109234 8.85037882050582 196.874419004196 116.897867976861 -104.699978780921 0.840709338475978 0.865997537910947 0.867161388304201
27.776 0.100382252181448 10.2413290096957 -1.82329903809362 -13.5887498614606 -0.268412772076936 8.60656231250104 197.046977103777 116.908081179175 -104.609980902829 0.840894576121908 0.866270258283578 0.867317723637506
27.792 0.126137343327592 10.1821790951763 -1.76828080506444 -12.0871267837115 -0.171342487235655 7.94590608125094 195.822279393399 116.257273061257 -104.948982812546 0.841061290003244 0.8663925190164 0.867335237834936
27.808 0.15033446009194 10.0929712907917 -1.73348874531376 -10.6181087618289 -0.0198570934739215 7.02612463343118 195.080051454059 116.151545755132 -104.174084531292 0.841337355571845 0.86650255367594 0.867720157592211
27.838 0.163911723392324 10.0043644121093 -1.70014081015159 -9.53492383984448 0.109609531904005 6.12045873497356 195.192046308653 115.876391179618 -104.016676078163 0.841459791508188 0.866847824608077 0.867820615996715
27.852 0.181578069892927 9.94065940476677 -1.64923826706978 -8.79364519631805 0.329182929858643 5.42978690727773 195.172841677788 115.748752061657 -103.395008470346 0.8418218822574 0.86691232870845 0.86827978085169
27.868 0.22351472672886 9.92312849846978 -1.59851785766398 -8.07916617286945 0.594737919315527 4.8379532547179 194.675557510009 115.753876855491 -102.835507623312 0.841769694046229 0.867339539378373 0.868201089327701
27.898 0.258085397753713 9.8907708640769 -1.55610167027099 -6.92239459375045 0.683355730437409 4.12057014298657 194.408001759008 115.338489169942 -102.271956860981 0.842100794541637 0.867354872001716 0.8684994239357
27.913 0.265556262022493 9.8292074724324 -1.53366897440478 -5.64694902750517 0.569218630676111 3.50316961723753 194.647201583107 115.204640252948 -102.244761174882 0.841894394555625 0.867614911101276 0.868521955705855
27.928 0.266952940302704 9.80366816439814 -1.4966004187154 -4.75706328506 0.555808217990179 3.08186028910156 194.562481424797 114.904176227653 -102.520285057394 0.842213025000093 0.867355922642341 0.868788203676038
27.959 0.275033424923671 9.79235452102351 -1.47610756405776 -4.07906688021812 0.734578541229329 2.67367426019141 194.126233282317 114.753758604888 -102.408256551655 0.841995401968235 0.867615856677838 0.868535346225168
27.972 0.268180071380603 9.80336088258083 -1.46550499780701 -3.71848843647112 0.949670305427007 2.23531446776005 194.213609954085 114.498382744399 -102.427430896489 0.842303931671443 0.867480233926788 0.868677337902382
27.988 0.284756969571293 9.82134709046533 -1.4418967549538 -3.55121974549576 1.26462693900644 1.74537080724359 193.992248958677 114.808544469959 -102.50468780684 0.84207721797245 0.867604684697834 0.868312106763337
28.016 0.291416181171102 9.85010420041904 -1.41639963250179 -3.45258632056451 1.50381310006763 1.06167342117572 193.913024062809 115.087690022963 -102.694219026156 0.841999496189774 0.867346718879244 0.868353370250728
28.03 0.285618029276278 9.85749042115472 -1.39464932198064 -3.29053379537828 1.72747759158759 0.248635850050512 193.841721656528 114.378921020667 -102.504797123541 0.841803226038948 0.867114549642512 0.868143996142389
28.044 0.27632955065943 9.86335982157465 -1.37884490652147 -3.16148041584046 1.94404280952806 -0.518975826557593 193.957549490875 114.6410289186 -102.394317411187 0.841626582903205 0.866781999859764 0.86807888308933
28.076 0.2682093398414 9.88594040817329 -1.36114934351978 -3.07510336662282 2.28780646750656 -1.18005534313847 193.221794541788 114.99692602674 -102.534885670068 0.841467604081036 0.86660630252498 0.868020281341577
28.093 0.258028107879336 9.89417225312866 -1.35749362051729 -3.01873806812848 2.75749910319865 -1.70479790042768 193.339615087609 114.537233424066 -102.121397103061 0.841198052858625 0.866571635189216 0.867720755858612
28.107 0.269694553015627 9.90379553608606 -1.34606318003157 -3.04892533001792 3.06190186463451 -1.91676085847652 193.325653578848 114.243510081659 -101.989257392755 0.840955456758455 0.866293376851797 0.867697966833931
28.137 0.294140576897261 9.91329448436955 -1.33631447845297 -2.88601752984056 3.07403228885808 -1.95103897110215 193.013088220963 114.039159073494 -102.29033165348 0.840737120268302 0.86616654181781 0.867430672801731
28.152 0.300878965477524 9.92244206382566 -1.33053339624641 -2.54474402113131 2.78113287676617 -1.83227095185453 192.851779398867 113.975243166144 -102.081298488132 0.840793408256041 0.866052390287222 0.867190108172751
28.167 0.318256116170029 9.93139319283128 -1.33059767279837 -2.32156732894184 2.50912645931856 -1.62308965819579 192.94660145898 113.67771884953 -102.253168639318 0.840464655924323 0.866073114175233 0.867097060272209
28.197 0.315819331638521 9.94429740305865 -1.32502914125157 -2.38788387849041 2.25897717216533 -1.35467382214721 192.971941313082 113.709946964577 -102.347851775387 0.840295399517583 0.865844707939212 0.867136640806168
28.213 0.344331862299895 9.95034469064585 -1.31624659884958 -2.66665274254976 2.05445350075032 -1.06806140176455 192.994747181774 113.618952268119 -102.313066597848 0.840395859580394 0.865762739796484 0.867048939642285
28.227 0.380048783215215 9.93824975100021 -1.30014216592004 -2.97861342249326 1.73832112777453 -0.852858315023206 192.475272463597 112.877057041307 -102.221759938063 0.840359953090506 0.865812428733569 0.867093332239236
28.258 0.386276780002412 9.90234485036308 -1.30713613948307 -3.2914391031447 1.31334397682914 -0.722534315581954 192.247745217237 112.809351337177 -101.899583944257 0.840453957796025 0.865980472421392 0.867256473179038
28.273 0.396191541939763 9.87164653628624 -1.30780434716714 -3.76534862794473 1.07208591502408 -0.624326685550476 191.862970695513 112.568416203459 -101.909625549831 0.840538562030992 0.865884927830446 0.867280112422314
28.287 0.411818591883589 9.86706225832901 -1.30068442918932 -4.24606567354721 0.927472743369004 -0.597008520812223 191.936673625962 112.531574583113 -101.858662994848 0.84074087732142 0.866045721608582 0.867301387741262
28.314 0.422052211878427 9.85503550255836 -1.28003100482889 -4.30313849550546 0.785870507200043 -0.738834386288252 191.583006263366 112.558417124802 -102.352796695363 0.841048984158203 0.866313623611448 0.867566775266868
28.329 0.432938415394182 9.80351003305204 -1.27054089243652 -3.94687044748163 0.591252922128893 -0.971057817888435 190.964705637029 112.522575412322 -102.377517025827 0.841074085756952 0.866554735414029 0.867682571903906
28.344 0.433817593979199 9.72984323766309 -1.27319268526531 -3.56516050197011 0.394723049763332 -1.11746348648127 191.308235073326 112.070317871089 -102.339765323244 0.841600475322777 0.866525224789359 0.868032758254284
28.374 0.436643927151584 9.67371844529937 -1.27144929297475 -3.36971315406318 0.327769828756465 -1.21411408439803 191.257411565994 112.26328608398 -102.18578879092 0.841444107258651 0.866868228610155 0.868101956592581
28.39 0.441282554436884 9.63751153302041 -1.27808038468099 -3.26480290735915 0.314076815346467 -1.37361870649258 191.091670409394 112.316957475582 -102.287209911828 0.841807766432816 0.866807368665872 0.868410204474091
28.404 0.441447029086198 9.6276103629337 -1.27507010765317 -3.1665668914324 0.238394324651515 -1.55457744653034 191.122503368455 112.185261728024 -102.678488920645 0.841883161283062 0.867122158099017 0.868441658190407
28.437 0.437105929469089 9.6066684222519 -1.26984694898823 -2.99265829389221 0.116844968522241 -1.69224947286968 191.390253031609 112.426735555222 -102.430640028581 0.842202915054787 0.867159228850295 0.868838718826014
28.453 0.423143293513376 9.57321601178941 -1.27268784613042 -2.85980467824345 0.02348108235704 -1.74897872405599 191.331227728448 112.1040619997 -102.627576025723 0.842112623563877 0.867561749506034 0.868704133504592
28.467 0.406566631245779 9.56298074483899 -1.26973798308339 -2.93641963026643 0.0593009130526337 -1.77026405775726 191.578104955604 112.71365579973 -102.62481842315 0.84240943110752 0.867431537472164 0.86907494660878
28.497 0.399728067023903 9.56735609793687 -1.26648455649822 -3.10537308708712 0.110622730144317 -1.71461169778306 191.260294460043 112.722290219757 -102.682336580835 0.84217216746492 0.867683910024679 0.868793414864635
28.512 0.390820026966944 9.58284596345447 -1.2569724243004 -3.24292738143184 0.130858167053549 -1.62941006998949 191.154265014039 112.430061197781 -102.434102922752 0.842211122211955 0.867418021673404 0.868786547541897
28.527 0.38447873345585 9.60127597816249 -1.25391816387643 -3.2964972387085 0.155176930500866 -1.49929349047146 190.998838512635 112.227055078003 -102.390692630477 0.841993689458911 0.867425506067244 0.8684103954389
28.557 0.377514611645681 9.61319427878374 -1.2546409185833 -3.27142766750941 0.254163054244673 -1.28829543913423 190.918954661372 112.464349570203 -102.411623367429 0.841797999981171 0.867308918377252 0.868441830058735
28.573 0.376274726656803 9.62565653196615 -1.25445342803951 -3.21756734350656 0.407372703018679 -1.02893154407577 190.547059195234 112.137914613182 -102.010461030686 0.841748199997624 0.86720398945626 0.868223609969595
28.587 0.389464183331485 9.64561136369386 -1.24668310354611 -3.2339785480872 0.604040012869483 -0.739778847683462 190.932353275711 112.444123151864 -101.649414927617 0.841450589183554 0.866986093161827 0.868027211889369
28.618 0.40283107490625 9.68290388409327 -1.22915532234723 -3.17775626579756 0.741345935246657 -0.515419283525803 191.39911794814 112.839710836678 -101.564473434856 0.841182739450891 0.866789986496838 0.867973777261612
28.632 0.410671422463232 9.69755302510289 -1.21583437362386 -2.90807224227124 0.761867830271609 -0.306625446776276 191.159206153326 112.89573975301 -101.78802609137 0.840941674691495 0.866736950763887 0.867678902186644
28.648 0.412819620592809 9.69397785641218 -1.20761638378268 -2.5783337203342 0.765833719000173 -0.0637491616406332 191.063285537993 112.946165777709 -101.629223482233 0.840851186690497 0.866318425608203 0.867536974884713
28.673 0.404098802766278 9.67412049511789 -1.2058465733692 -2.43805760020917 0.802990805115423 0.227358578950911 190.316956984194 113.651549199938 -101.90630113401 0.84064327720714 0.866312545964116 0.867409240312975
28.689 0.403432670796878 9.66091748720156 -1.19886678349062 -2.66753428293635 0.957806228420675 0.596225774490935 190.425261285775 113.386394279944 -101.735671020609 0.840456158672118 0.866060196549207 0.86729427919841
28.705 0.413188073246152 9.6431092200793 -1.17097730539219 -3.13436864090225 1.18797980405189 0.909885639789933 189.982735157197 113.20775485195 -101.762103918548 0.840414222273058 0.865956679545479 0.867190814195303
28.733 0.413049533851567 9.63959141177987 -1.14605634005644 -3.67971040276623 1.42719709082227 1.07233219031476 190.124461641477 113.106979366755 -101.965893526693 0.840376479513904 0.865863514242125 0.867097695692506
28.748 0.412446008522174 9.64025610330452 -1.13212688498299 -4.05143401897816 1.8684468473889 1.05441194838252 190.01201547733 112.896281430079 -102.149304174024 0.840468831577083 0.866026449379092 0.867013889039988
28.763 0.426208191870625 9.6542618421562 -1.1206079101497 -4.20888603692767 2.30755636112329 1.06729136423129 189.790813929597 112.586653287071 -101.954373756621 0.840425627887526 0.866049767357916 0.86706178669717
28.793 0.443382561587371 9.65830778013296 -1.10958242797262 -4.06356995231887 2.61267858760638 0.998730166739457 189.531732536637 112.727987958364 -101.958936380959 0.840513065113343 0.866194077183305 0.867104894588633
28.808 0.462430793389449 9.66679741380179 -1.10600413426822 -3.68469387311752 2.752937446403 0.746948753118947 189.718559282973 112.795189162528 -101.063042742863 0.840717930095536 0.866323956026154 0.867266879293494
28.823 0.473947827528211 9.66893137786595 -1.10356178472995 -3.17271303542409 2.72802538115201 0.423398915974991 189.946703354676 112.555670246275 -101.396738468577 0.840776137100551 0.866440846984719 0.867289477925325
28.853 0.474676499822998 9.67587981188722 -1.09753295115136 -2.58826615936259 2.60407780486887 0.137547573995812 189.912033019208 112.460103221648 -101.217064621719 0.841080717959422 0.866546048847427 0.867678973673561
