78.041 4.15664207547169 -7.26271661799599 6.00618939451421 -0.702646168487694 1.01064860925522 -2.14626431283987 239.130096640952 -6.39190045772046 106.657870202281 0.840222767238278 0.865563210002199 0.867297044032899
78.054 4.17444806941683 -7.24237533224925 6.0008887247924 -0.875893002020604 0.915690618558705 -2.15453864491466 238.917086976857 -6.65271041194841 106.732083182053 0.840708560414481 0.865509391653172 0.867685783170377
78.084 4.16401753707231 -7.22718063425992 5.99857216447747 -0.876853320139154 0.863052854412758 -2.16656569645373 238.905378279171 -5.86743937075357 107.098874863848 0.840641383841184 0.865953978787586 0.86766649141452
78.1 4.1545702148989 -7.23625030009723 6.00827868017694 -0.704435163697758 0.852320088055452 -2.17815340161751 238.714840451254 -6.06069543367821 107.248987377463 0.841085315357096 0.865861083560021 0.868018285813836
78.114 4.17096734608845 -7.22956896324852 6.0119268825633 -0.637045082442486 0.796859071616319 -2.1672082904634 238.843356406128 -6.17462589031039 107.204088639717 0.840980463289538 0.86627050150375 0.867965743793633
78.144 4.19248836546215 -7.19997287243514 6.00934445240938 -0.619905459694421 0.667554843844 -2.19018211790561 239.079020765516 -5.91716330127935 107.043679775745 0.84126461152951 0.866145954004568 0.868410395868916
78.16 4.19623509623771 -7.19440539285459 6.0150408570067 -0.519746974793681 0.584005466329829 -2.15742344809978 239.531118688964 -5.92544697115142 106.65931179817 0.841015359562252 0.866403832767836 0.868195319198758
78.175 4.18464343170671 -7.19711594228373 6.02118514395618 -0.466245559757061 0.540108736490739 -2.04091774451117 239.398006820068 -5.99290227403628 106.373380618353 0.841296018174952 0.866265952142246 0.868494230819651
78.208 4.18707976717069 -7.19524587790155 6.02360254302797 -0.521911080117233 0.406708549864566 -1.94140612273181 239.638206138061 -6.17361204663265 106.236042556518 0.84104362554315 0.866388643489201 0.868394094298866
78.222 4.1896315751521 -7.17087776899323 6.01243052877644 -0.706361193479555 0.125579679610934 -1.95489909824489 239.734385524255 -6.69625084196938 106.232438300866 0.841195434482362 0.866128684321784 0.868303971430159
78.236 4.18881574315264 -7.15690717196452 5.99297849533849 -0.856335761154501 -0.174764547892144 -2.01742445559597 239.640946971829 -6.74662575777245 106.76919447078 0.840953100219818 0.866265102450785 0.867852479468646
78.268 4.17844485380442 -7.15414985206116 5.98654482541585 -0.937114398779508 -0.436677406080029 -2.0515598726318 240.276852274646 -6.6719631819952 106.772275023702 0.840734999383529 0.866017497387209 0.867816518082961
78.282 4.17455782119802 -7.16645245718707 5.97536759774182 -1.01210524897789 -0.676979131120881 -2.02655655712434 240.789167047182 -6.54476686379568 106.955047521332 0.840538708630869 0.865918250299681 0.867537368925858
78.296 4.17183764241074 -7.16776842744127 5.95842475772167 -1.23913899888926 -0.99096060732177 -1.96817571057221 240.830250342464 -6.49029017741611 107.179542769198 0.840362046953475 0.865828927920906 0.867286134684466
78.328 4.17333988662304 -7.11831546012439 5.92869127166507 -1.48087395396217 -1.41094851605524 -2.07288485707224 240.807225308217 -6.2612611596745 107.201588492279 0.840329521726279 0.865624940310318 0.867183484132752
78.343 4.16966408773429 -7.11055877373109 5.91456054781888 -1.09996213108504 -1.7545864888772 -2.39384064617418 240.606502777396 -6.83513504370705 107.041429643051 0.840173778739343 0.86556494893048 0.86696763837067
78.372 4.18233716145903 -7.15247931389948 5.90764881791187 -0.709813246220808 -1.86462402319559 -2.46667032201478 240.605852499656 -6.69162153933635 106.957286678746 0.840033610051102 0.865263623958136 0.867020161094783
78.388 4.19511960437075 -7.16045983709938 5.87132119198006 -1.11669451701857 -2.0155662010287 -2.18030863332475 240.96526724969 -6.92245938540271 107.241558010871 0.839780837539877 0.865363224479055 0.866697050166807
78.402 4.21362682423152 -7.11670570443314 5.82611664884712 -2.22563575233962 -2.40026912291056 -1.81113273182434 241.108740524721 -7.55021344686244 106.957402209784 0.839679962971582 0.865205807212653 0.86665330806686
78.417 4.15600322700582 -7.02662975374081 5.76226862150513 -3.2160492763423 -3.02512770680271 -1.84223319909992 241.417866472249 -7.3351921021762 106.641661988806 0.839589175860116 0.86506413167289 0.866737263821354
78.448 4.11395823076703 -6.99170965060489 5.7139632452555 -3.05474969221952 -3.40353096665679 -2.16564346697619 241.756079825024 -7.44167289195858 106.537495789925 0.839507467459797 0.864936623687103 0.866689500355952
78.463 4.09341583653096 -7.00457429383602 5.68311782023556 -2.42866403597467 -3.43951374785371 -2.31930812791215 241.700471842522 -7.53750560276272 106.563746210932 0.839686720728387 0.865068924235126 0.86652305297155
78.476 4.14477853182379 -6.96623334432608 5.65050864822787 -2.2033548842856 -3.36350130436605 -2.20798800214384 241.47042465827 -7.44375504248645 107.127371589839 0.839848048670118 0.865187994728347 0.866620034235575
78.507 4.16574613037786 -6.87660001347929 5.64935215062311 -2.00210336532269 -3.53707483805158 -2.29787622483022 241.083382192443 -7.05937953823781 106.614634430855 0.839993243817675 0.865295158172245 0.866830504975742
78.522 4.0883101920761 -6.88260008064332 5.65878593694934 -0.854564784515608 -3.71695514050596 -2.84824127410292 240.735043973198 -7.31344158441403 106.63317098777 0.840123919450477 0.865391605271754 0.867019928641893
78.537 4.05979812447524 -6.92379349321803 5.67068806682619 0.239288640500838 -3.45594664935613 -3.11608890241782 240.841539575879 -7.48209742597262 106.349853888993 0.840241527519999 0.865478407661312 0.867067222338884
78.568 4.12870821032789 -6.90023438200963 5.67559406216078 0.184825425305716 -3.29661152640525 -2.93119756942795 240.937385618291 -7.51388768337536 105.854868500094 0.840473546261526 0.865433069546374 0.867478943645764
78.583 4.235498863523 -6.79523410855781 5.70885958422839 -0.345107498904245 -3.63870609895557 -2.95639842317218 240.363647056462 -7.72249891503783 105.949381650084 0.840556191649943 0.865762236755462 0.867603523444913
78.598 4.19579936092925 -6.78752370887146 5.75795214905995 -0.0541081993954997 -4.11147671043406 -3.55465171062595 240.627282350816 -8.21024902353404 105.974443485076 0.840882767053874 0.865811975996649 0.86796161464119
78.627 4.15037330114095 -6.88185907792877 5.80135735453359 0.336035444971531 -3.97055804702424 -3.69002623421984 240.624554115734 -8.40922412118064 105.876999136568 0.840924490363056 0.866103252560709 0.868037927340796
78.643 4.20699372401758 -6.93048876576273 5.80935724301212 -0.524285656777531 -3.73991445606227 -3.10270300011084 240.502098704161 -8.58830170906258 105.429299222911 0.841340111226781 0.866118890221371 0.868352578147485
78.658 4.27926047901145 -6.89357087063177 5.81308557739621 -2.44819296896237 -4.25981614022704 -2.60235636422189 240.271888833745 -8.38947153815632 105.38636930062 0.841209779572255 0.866379475362959 0.868389794496462
78.685 4.26816497081367 -6.8416101191704 5.82272583977073 -4.12703779420354 -4.91475055673869 -2.37418179650199 240.66469995037 -8.33052438434069 104.627732370558 0.841470996183955 0.866120433008166 0.868669258587584
78.699 4.2050277158664 -6.87343512066583 5.80261179270466 -4.69830348043204 -4.99884802014879 -2.27569491456172 240.658229955333 -8.75747194590662 104.664959133502 0.841201105751252 0.866380863871074 0.868428295645559
78.713 4.18483546063718 -6.97378396470887 5.7515290420841 -5.16129755986975 -4.75392505019498 -1.88476664447959 241.1924069598 -8.84172475131596 104.398463220152 0.841463189745052 0.86624528013516 0.868580992380734
78.744 4.23082702176646 -6.98981780540534 5.69316457285799 -6.81005330006598 -5.11288369021365 -1.42835104873392 241.73316626382 -8.85755227618436 104.338616898137 0.841320550238699 0.866370038682824 0.868225395793854
78.759 4.23079977765866 -6.95450875817169 5.62830639995024 -8.78095636700595 -5.84358005401671 -1.21834037134145 241.919849637438 -8.93179704856593 104.224755208323 0.84119217468298 0.866111939996044 0.868275330378194
78.774 4.14099268616904 -6.97737825207498 5.55724478766518 -9.50057065396948 -5.99662662876771 -1.28200251741341 242.147864673694 -9.17861734370933 103.822279687491 0.840950166400375 0.865879651177942 0.868073760257108
78.806 4.15018829555812 -7.08002208732891 5.47605110113499 -9.21081893208398 -5.38780366054743 -1.32174119696978 242.773078206325 -9.2207556093384 103.280051718742 0.84073235894603 0.865546855980853 0.868015670792577
78.821 4.23154731558116 -7.20520202276106 5.40249794338355 -9.44775230605116 -4.88795459220261 -1.27582661925753 243.215770385692 -9.01868004840456 102.672046546868 0.840662802519578 0.86537107556427 0.867840066630052
78.836 4.32488175600486 -7.26806461772616 5.33492342484781 -10.6426717319346 -4.85183088870754 -1.16732792679743 243.194193347123 -9.37681204356411 102.664841892181 0.840347110761506 0.865212873189346 0.86743496514855
78.884 4.32825798126802 -7.30153690541949 5.24663290845861 -12.0287862381304 -4.96206764716503 -1.10555696617875 243.594774012411 -9.2791308392077 103.078357702963 0.840189608871048 0.864822882148314 0.867317431550428
78.886 4.32124094664525 -7.31861355392783 5.1662137639598 -12.9510984540121 -4.70097538626532 -1.01866539169828 244.13529661117 -9.61121775528693 102.790521932667 0.839921236477829 0.864719499114985 0.866964593576888
78.896 4.34138154237989 -7.35433327992543 5.10610679376804 -13.2437748681528 -4.12095418351665 -0.97252404336815 245.041766950053 -10.0900959797582 102.4714697394 0.839932792298198 0.864502719124191 0.866770636870392
78.927 4.3950619630473 -7.36211999511526 5.08768413891211 -13.0537485263757 -3.42946945218789 -1.02565331842065 245.617590255047 -9.92108638178241 101.94432276546 0.839690101562264 0.864431352393274 0.866596075834546
78.942 4.40093712202821 -7.39348907699412 5.074515471725 -12.3415034447305 -2.61629349933551 -1.18797348276179 246.075831229543 -10.1889777436042 101.769890488914 0.839471679899923 0.864243387074651 0.866685754812271
78.957 4.32733582429988 -7.46427820411526 5.02848646330982 -11.5699485201048 -1.74932063795158 -1.30047384440927 246.788248106588 -9.41007996924375 101.672901440023 0.839528191378082 0.864197953548689 0.866643142247777
78.988 4.33160389935585 -7.4930929030824 4.99436263997689 -11.4182971795447 -1.19881605507245 -1.30935775767827 246.88942329593 -8.88907197231938 102.12561129602 0.839579051708425 0.864280660845013 0.866604790939733
79.017 4.34029345639598 -7.51387857966259 5.01901714288594 -11.4100552478498 -1.05908712132093 -1.53491053152876 247.100480966337 -8.78016477508744 102.173050166418 0.839624826005734 0.864355097411705 0.86669359840694
79.019 4.34500155086563 -7.54784872149796 5.0197182442254 -11.215614608561 -0.802796729799526 -1.7524118447881 247.770432869703 -8.8021482975787 101.255745149776 0.83979234341973 0.864422090321727 0.866773525127426
79.048 4.30961481245082 -7.55442001237307 4.98605229367371 -11.2955798652621 -0.638547591170718 -1.89472791221769 248.433389582733 -8.64193346782083 100.850170634799 0.839943109092326 0.864482383940747 0.866845459175863
79.063 4.30805339376677 -7.53405777645559 4.97233275690277 -11.308769970339 -0.589960007626165 -2.07090397595775 248.970050624459 -8.31774012103874 100.785153571319 0.840078798197663 0.864660108463406 0.867156439558008
79.078 4.35321536624923 -7.51974205999777 5.0000880371207 -10.7962135839921 -0.511116678619274 -2.45388991423984 249.453045562013 -8.14596610893487 100.126638214187 0.840074597846048 0.864943384178246 0.867190082163387
79.108 4.39960721997465 -7.54893602874165 5.02871897912091 -9.99369146223411 -0.425653865719179 -2.95582916709066 249.947741005812 -8.29136949804138 99.7139743927683 0.840449332630369 0.864951548411614 0.86746660024678
79.123 4.42232597948353 -7.57084115099566 5.03850553419649 -9.84852078929314 -0.532706799757948 -3.27627678473274 250.392966905231 -8.42223254823725 99.7025769534915 0.840408078835484 0.865451919870184 0.867592414385827
79.138 4.44654373897231 -7.56338157431772 5.0461761771422 -10.3903862676157 -1.04508497474399 -3.46009948793886 251.093670214708 -8.60000929341352 99.3923192581423 0.840749465520861 0.865409230534359 0.867828699246976
79.168 4.50491112983033 -7.57055435934506 5.06211787034106 -11.0315003126099 -1.72607266047569 -3.74538724906864 251.964303193237 -7.92000836407217 98.9930873323281 0.840804518983344 0.865740781644648 0.867795115883458
79.183 4.55905787809913 -7.59388894759573 5.06521265717475 -11.6627014263871 -2.45728218832125 -4.12581035622284 252.087872873913 -7.96800752766495 99.5337785990953 0.841106261653935 0.865669206131376 0.868134047835881
79.198 4.58636184332571 -7.61758358707688 5.04908374260779 -12.3002480776415 -3.13979824429829 -4.48880183968453 252.559085586522 -7.89120677489846 98.7004007391858 0.840999314956693 0.86609781181797 0.868069929613473
79.229 4.58406048832359 -7.65064033952947 5.02110035995468 -12.7152614378163 -3.70597109162419 -4.80633386945653 253.04317702787 -7.88208609740861 98.2503606652672 0.84128157802995 0.865990533287366 0.868381380192894
79.243 4.60359695391078 -7.68972879428502 5.00662936967454 -12.6712162100652 -4.03690070001902 -5.13638750541164 253.358859325083 -7.99387748766775 97.8453245987405 0.841030629412647 0.866263954122354 0.868045744824798
79.258 4.62578859480816 -7.74537883203181 4.99887271703936 -12.20333123028 -4.20191292009345 -5.50442814418346 253.582973392575 -7.67448973890098 97.9007921388664 0.84118373796491 0.866016463891622 0.868113644506043
79.288 4.66688991683064 -7.79211198688405 4.98291345818333 -11.6868149011452 -4.30614910900014 -5.86467235266587 253.964676053317 -7.92704076501088 97.2907129249798 0.840942573354111 0.865917320153653 0.867804782706632
79.303 4.69939197090868 -7.81591602028183 4.95077320680164 -11.4639349377482 -4.46561053397799 -6.12629672045272 254.308208447985 -7.79433668850979 97.1016416324818 0.840851995486852 0.86582809078948 0.867896778599694
79.318 4.71559540916327 -7.81579185599779 4.92585722874233 -11.3350986958818 -4.59156856454966 -6.22817086520134 254.677387603187 -8.21490301965881 96.5114774692337 0.840770475406318 0.865747784361725 0.867733063656458
79.349 4.71060591181079 -7.80029734141852 4.90331316236224 -10.8168560018661 -4.55225903633896 -6.29772019089495 254.949648842868 -8.05341271769293 96.4003297223103 0.840444016359572 0.865551911107055 0.867585720207545
79.363 4.70599567806685 -7.78294055611394 4.88463959911674 -9.86875818793905 -4.31535374339209 -6.3664214542482 255.374683958581 -7.60807144592364 96.0002967500793 0.840276823909307 0.865375625177853 0.867453111103524
79.377 4.72195774241653 -7.75594697848412 4.85777770715245 -8.87577549891614 -3.96778783470174 -6.39848159889972 255.157215562723 -7.92726430133128 95.8802670750713 0.839999730012262 0.86534056531126 0.867210302644365
79.407 4.74524202875227 -7.73889524747836 4.82857418570478 -8.15232008642911 -3.66948233367431 -6.31512198862807 255.741494006451 -7.31453787119815 95.4722403675642 0.840003436479187 0.864937805058037 0.866991775031121
79.423 4.7698490285748 -7.71235579559124 4.78882365685904 -8.06762242893124 -3.61245776442902 -6.12788459892557 256.147344605806 -7.12308408407833 94.8650163308078 0.839626909545918 0.864822929733736 0.866795100179202
79.436 4.78187980030838 -7.64549433865174 4.74586558278385 -8.46773041504575 -3.80235702615406 -5.87769155888034 256.332610145225 -7.0107756756705 94.378514697727 0.839414807085212 0.864471933038265 0.866741553078015
79.466 4.8186846295732 -7.59130452583454 4.70576679649338 -8.71943065598392 -3.9205946059814 -5.62885370070223 256.559349130703 -6.96969810810345 94.4806632279543 0.839477005844842 0.864403644915941 0.866446302951716
79.497 4.86683258888761 -7.57533427337011 4.66195656009661 -8.8230601094695 -3.89494735912372 -5.36215153673888 256.583414217633 -6.9927282972931 94.1525969051589 0.83940651444605 0.86434218560585 0.866427635573278
79.499 4.91040517220771 -7.56808380120278 4.60540879799259 -9.39724264814087 -3.97415491328768 -4.98853180291232 257.325072795869 -7.25345546756379 93.857337214643 0.839469542469597 0.864410469696458 0.866410834932683
79.528 4.9337588905979 -7.55682982057286 4.5465551111102 -10.5369076963039 -4.27444934562304 -4.55685419514017 257.752565516282 -7.36810992080741 94.0716034931787 0.83939979740833 0.864471925378005 0.866519038000595
79.543 4.9514253580292 -7.54879617437678 4.48664361473917 -11.7633695984292 -4.60730975457218 -4.11032908096966 257.897308964654 -7.23129892872667 94.2644431438609 0.839589817682066 0.864403638021707 0.866493097117269
79.557 4.95325924548983 -7.55658950577638 4.42350557658373 -12.7282540126321 -4.8152810691913 -3.66570838661316 258.567578068189 -7.28816903585401 94.0179988294748 0.839760835928429 0.86458923713627 0.866716261569267
79.587 4.97256697648894 -7.58521118912513 4.34537294399708 -13.365352275491 -4.83069952715767 -3.26325968535642 259.05082026137 -7.21935213226861 93.1961989465273 0.839914752350155 0.864756276339376 0.86679392197352
79.603 4.9927571305704 -7.61306564050986 4.25458317004415 -14.0097330784763 -4.82091201718999 -2.88502531987421 259.545738235233 -7.33741691904175 92.9965790518746 0.840179448608667 0.864783151356631 0.8671100560759
79.617 5.01224505505608 -7.66453068290419 4.17628409566974 -14.7820422133767 -4.88691241852443 -2.47209530697076 259.69116441171 -7.86367522713757 93.3569211466871 0.84029150376237 0.865054122782148 0.86714833702949
79.647 5.01488030792755 -7.735748894521 4.09414319487657 -15.4847540225734 -5.03486239804603 -2.10656516558666 260.422047970539 -8.09730770442381 93.0812290320184 0.840644547955058 0.865174673420667 0.867429029626272
79.676 5.01928708113565 -7.77452666238701 4.00902349018078 -16.2156679332932 -5.10923875366128 -1.64781704597456 260.839843173485 -8.06757693398143 92.9531061288166 0.840583772627704 0.865529680242325 0.867435413224825
79.678 5.04468128523827 -7.82205606707116 3.91781113978941 -16.7658568651547 -5.02961258821881 -1.1181498451939 261.455858856136 -8.16081924058329 92.7177955159349 0.841033465264964 0.865602675134826 0.86793309835699
79.711 5.04838247395993 -7.86608947403592 3.84308217558311 -17.087744461082 -4.90909407748853 -0.527708906476036 262.070272970523 -7.70473731652496 92.2060159643415 0.840933798206619 0.865914881785068 0.867765751438024
79.723 5.05859687892294 -7.90883195180323 3.77839988404256 -17.1705730684089 -4.61665795218243 0.0868940452402703 262.44324567347 -7.47426358487247 92.2854143679073 0.841348488285988 0.865825896257755 0.86810761983499
79.736 5.07359576494422 -7.95029300253355 3.72569248021015 -17.147408891339 -4.1817097142161 0.619426014762045 263.018921106123 -7.86683722638522 91.8768729311166 0.841217318925541 0.866115780795704 0.868046144412671
79.767 5.08601739648813 -8.00311040104118 3.68088943606944 -16.9807596052585 -3.6757524832525 1.02771242091943 263.537028995511 -7.6201535037467 91.8691856380049 0.841477781601912 0.865883107897636 0.868237056271136
79.783 5.12993755320162 -8.09858993787188 3.65181945722995 -16.9094012019846 -3.1272612043929 1.3753228582168 264.24332609596 -8.11813815337203 91.5022670742044 0.841207212627414 0.866167271271598 0.867915853295215
79.797 5.16874743443236 -8.20074218599753 3.63421575094788 -17.2978503947632 -2.89926790838109 1.65000431285313 265.538993486364 -8.14632433803483 91.232040366784 0.841216491379242 0.865929449325941 0.868119794265425
79.829 5.20391574747716 -8.30249547441682 3.61968922494824 -17.9833325308594 -2.86048615571092 1.81477487393423 266.225094137728 -7.81169190423134 90.6288363301056 0.841098521709469 0.86596246731008 0.867810317490075
79.844 5.21677274031062 -8.37216648590458 3.59673926722087 -18.7506481327353 -2.87138410502532 1.91345005829653 267.022584723955 -8.41052271380821 90.745952697095 0.840865878724215 0.865745125760574 0.867655248657801
79.857 5.23031923642116 -8.44193330823087 3.56243734500776 -19.1458123270954 -2.72317699223272 1.89996764788673 267.740326251559 -8.10947044242739 90.8513574273855 0.840656500037486 0.86567311583571 0.867392226443214
79.886 5.22814588669262 -8.49801969008479 3.52851302273843 -19.0831394913324 -2.42032494186441 1.76493271515912 268.206293626403 -8.01852339818465 90.526221684647 0.840341438527623 0.865484709433641 0.866784300076795
79.901 5.2061982833444 -8.51539759168178 3.48660866184032 -18.5336041681534 -1.94470466141842 1.4823325734142 268.925664263763 -7.39667105836618 90.4135995161823 0.840310974143012 0.865191408410982 0.866731832985849
79.917 5.17112256435445 -8.5161337762697 3.44584214475449 -17.3023811559182 -1.12657007313918 1.17074053744683 269.753097837387 -7.13700395252957 90.6122395645641 0.840030465222597 0.865298230486617 0.866437554868767
79.947 5.11417585624359 -8.49034046318741 3.41124719190624 -15.4958071624638 -0.089485584909228 0.807101598205964 270.437788053648 -7.44330355727661 90.3710156081077 0.83990462788603 0.865147312619458 0.86654308594307
79.964 5.04059792172702 -8.43881499040077 3.37789711184526 -13.3462264462174 1.07442480564276 0.398147163576207 271.054009248283 -7.23897320154895 90.1539140472969 0.839664753591312 0.864763877635415 0.866514740265497
79.977 4.9627060468059 -8.35521224082664 3.35207188869021 -10.7833595267865 2.36698232507849 -0.121056865758513 271.548608323455 -7.23507588139405 89.4185226425672 0.839448866726067 0.864542659792577 0.86648922915568
80.007 4.85998235717963 -8.27835366971334 3.34331409404726 -7.30578693288647 3.78295584829583 -0.726508431091059 272.113747491109 -6.99156829325465 89.2366703783105 0.839381189239153 0.864467298994822 0.866342808891305
80.023 4.77740709700183 -8.260297183815 3.36703555825399 -3.06681129303293 5.55580530163419 -1.10271254981401 272.262372741998 -6.65241146392918 89.6730033404794 0.839446749783389 0.864523071746533 0.866334490918908
80.038 4.72182400868532 -8.2715796869606 3.40221138933044 0.693304950774176 7.22159881727229 -1.13137259254254 272.096135467799 -6.04717031753627 89.6457030064315 0.839505754273201 0.864573267223073 0.86632700474375
80.068 4.69610037666139 -8.28400835766884 3.45206555252142 3.1751194938647 8.27195801951453 -1.04037273786844 272.186521921019 -5.86245328578264 89.5011327057883 0.839558858314033 0.864741903417499 0.866443590830555
80.083 4.66546719904164 -8.28130780495249 3.49771242610992 4.52783655211182 8.64628893512033 -0.930228593852584 272.027869728917 -5.45620795720437 89.6110194352095 0.839732972497199 0.864893675992482 0.866425194664233
80.114 4.63101405175405 -8.27133555564621 3.53185143416268 5.2826864846869 8.72517149198998 -0.678427108513127 271.945082756025 -5.03058716148394 89.8899174916886 0.840015846741006 0.864783213574737 0.866778201497541
80.128 4.61287505273709 -8.2653533520103 3.56293567131587 5.95518119499683 8.79845586950854 -0.254095848043494 271.510574480423 -4.52752844533554 89.9009257425197 0.840144262081475 0.865177366380988 0.866972855511512
80.143 4.59493385712525 -8.27080310897235 3.58277118304934 6.56882338084066 8.86975532072562 0.289634347447878 270.99951703238 -4.67477560080199 89.9108331682677 0.840386007366854 0.865162132394082 0.867394013501129
80.158 4.5838145997544 -8.26912381812517 3.59643329470961 7.0974372259627 8.87972635353856 0.937006790565686 271.019565329142 -4.32729804072179 89.799749851441 0.840477406644738 0.865518393318399 0.867403898712196
80.184 4.5824862289208 -8.26007070450113 3.61381688078888 7.6838767094733 8.85511249681066 1.53796260005874 270.977608796228 -4.19456823664961 90.2397748662969 0.840685837473792 0.865592516903292 0.867781952381745
80.198 4.59140622327726 -8.25174332536571 3.64957340682132 8.39106155760994 8.81234933873264 2.11622740875515 270.939847916605 -3.83511141298465 90.5157973796672 0.840620933194564 0.865905739376688 0.867876231307296
80.213 4.61350015142561 -8.27441569159013 3.68827846161649 9.19241341711612 8.80210677127159 2.65116955337582 270.905863124945 -3.87160027168619 90.6442176417004 0.840941034444033 0.865817668090212 0.868207051717335
80.245 4.64409874086679 -8.31319631328805 3.7256269441139 9.564011770061 8.65853731551848 3.14254114765656 270.99527681245 -3.18444024451757 90.6397958775304 0.840850610467781 0.865985187842371 0.868135633106781
80.26 4.68103469197542 -8.32200205198488 3.75678648824316 9.35646555488696 8.29802709541701 3.53363054434129 270.895749131205 -3.10599622006581 90.9358162897774 0.841273619321034 0.865889171709327 0.868317596095835
80.274 4.71906544671587 -8.32657533769215 3.79961431868215 9.19715487726086 7.86746102709669 3.86194687922013 271.226174218085 -2.97539659805923 91.1422346607996 0.841023466574623 0.86617272870212 0.868111799402985
80.305 4.75933851515768 -8.33518043057089 3.8495916799963 9.30034015289355 7.52346301599007 4.07727890885537 270.863556796276 -2.19785693825331 91.1480111947197 0.841177291410688 0.86593436101341 0.868296145762418
80.32 4.81306193216609 -8.34980834927527 3.90624303903525 9.45961911470344 7.31768159988725 4.20008536911487 271.197201116649 -1.79807124442798 91.0932100752477 0.841063241737771 0.865966887828803 0.867969033837369
80.336 4.86674008915395 -8.36297347610922 3.96141908722828 9.53808468414912 7.19125695134891 4.25870278640186 271.257481004984 -1.55826411998518 91.5238890677229 0.841086917578563 0.865625368966627 0.868044604617357
80.368 4.91056134238455 -8.37775502025245 4.01448925278524 9.54763499436016 7.06984117987814 4.23435922531893 271.011732904485 -1.64243770798666 91.2515001609506 0.840855435006399 0.865565334721157 0.867989430716801
80.383 4.92994899095249 -8.39937826471768 4.07194893308228 9.36920737278674 6.82545248173765 4.12695383713818 270.430559614037 -1.238193937188 91.7263501448556 0.840773570973911 0.865387706430544 0.867692990296314
80.398 4.93626487142877 -8.4160858316175 4.12713425827991 8.97121793321799 6.51466295875473 4.01044165953123 270.447503652633 -0.574374543469196 91.73371513037 0.840573423062213 0.865104105708194 0.867672977827863
80.428 4.94087175029847 -8.45715957191156 4.18548001175795 8.46111904065955 6.16090658654338 3.84069520350177 270.88275328737 0.323062910877724 91.560343617333 0.840139897470641 0.864972600318877 0.867284585226579
80.443 4.9280191257447 -8.50813198065668 4.22835454933948 7.54096133506688 5.66771669124782 3.59021346941114 270.674477958633 0.410756619789952 91.7643092555997 0.840129587191728 0.864730510207694 0.867058629355114
80.457 4.90663554622382 -8.53114252068916 4.25431221955812 6.15251405652202 5.02308242670319 3.27088677895857 270.72703016277 -0.110319042189044 92.1878783300398 0.839867216966441 0.864636364368427 0.866731671601106
80.488 4.88134493547961 -8.55747839908289 4.27372366995033 4.71283516995379 4.29634670311684 2.89494313923065 270.414327146493 0.0207128620298608 92.2090904970358 0.839757704455489 0.864304024209487 0.866807791002175
80.503 4.84906643138783 -8.57567407876688 4.27874413857236 3.2148340957065 3.49419294883569 2.4970518787427 270.552894431843 0.678641575826875 92.5281814473322 0.839659143195633 0.864252526970041 0.866629514553151
80.518 4.81091782009414 -8.59713785222565 4.26518633123673 1.71396137315875 2.69286525700556 2.06643066033408 270.257604988659 0.970777418244187 92.155363302599 0.839696908344221 0.86432977692423 0.866592526014569
80.549 4.76640869875977 -8.59718187187369 4.2345489456335 0.275389663323794 1.96327338779355 1.57581812865182 270.831844489793 1.35369967641977 92.0598269723391 0.839730896977951 0.864275704413309 0.866682559974292
80.562 4.71581601232496 -8.58357460082401 4.20134893006796 -0.774286707588738 1.4348849803119 1.08846532342022 270.628660040814 1.69832970877779 91.7338442751052 0.839761486748307 0.864227039153481 0.866640266893596
80.575 4.67064174828118 -8.57922886712101 4.16985281956238 -1.3243389528604 1.1997934288456 0.607863065887362 270.565794036732 1.76849673790001 92.0404598475947 0.839789017541628 0.864430298154866 0.86647874285543
80.608 4.63142143026459 -8.56921247454953 4.1406683503274 -1.59877528658199 1.13782935313661 0.155473705863511 270.869214633059 2.07164706411001 91.8364138628352 0.840066287280992 0.864489770990573 0.866703342733612
80.623 4.58672587575436 -8.5433785302562 4.11883159685288 -1.63126417013753 1.166794509426 -0.288317939532 270.902293169753 1.98448235769901 92.0127724765517 0.840063338021045 0.864666756808249 0.866905482623976
80.637 4.54877438993979 -8.51875125614903 4.10564288087029 -1.28187821113905 1.35851200504829 -0.741928893670403 270.872063852778 2.32603412192911 92.1114952288965 0.840313175712467 0.864702583778617 0.867210460661309
80.667 4.52449411319252 -8.48677053971382 4.11358507204657 -0.481934664834303 1.71579057553583 -1.1952169203339 270.9048574675 2.0934307097362 91.9003457060069 0.840285537609372 0.86510479956448 0.867238701156358
80.687 4.50539521723887 -8.47217351427637 4.1309682106549 0.713587045923937 2.2106237317227 -1.61920667868219 270.33437172075 2.24408763876258 92.3103111354062 0.840386983863004 0.865220282524766 0.867633274581491
80.696 4.509215322285 -8.47531674710777 4.1734281160451 2.11093063140788 2.69719494633669 -2.04430891157733 270.420934548675 2.49967887488632 91.9592800218656 0.840351964944855 0.865570728436014 0.867742421287067
80.725 4.5449751560233 -8.50771404273391 4.23127446574125 3.25327268277091 2.9122082761305 -2.47804595935089 270.618841093808 2.72971098739769 92.363352019679 0.840698963019295 0.865639618509146 0.868209405613008
80.742 4.57129319408613 -8.54668787390363 4.27764999272364 3.57298358243275 2.64159813554035 -2.83940166875932 270.436956984427 2.69673988865792 92.1270168177111 0.840759066731935 0.866071182957963 0.868260939215432
80.755 4.5962363710917 -8.55273457113241 4.32746835412328 3.08515087304444 2.02171313114662 -3.16080501333377 270.393261285984 2.66706589979213 91.79431513594 0.841065354627667 0.8660900275789 0.868676071748536
80.787 4.61832612433287 -8.54399097928406 4.37745243187318 2.52778082390793 1.31648838291746 -3.53098405398512 270.653935157386 3.06035930981292 91.914883622346 0.840962498633052 0.866476551120741 0.868434427490415
80.803 4.6486216933571 -8.55300082834662 4.42333593853327 2.35973556594462 0.753541834702048 -3.98017572492249 270.468541641647 2.27432337883162 91.8433952601114 0.841248443338672 0.86620780119017 0.868586511041105
80.818 4.69444272676492 -8.57870708172412 4.45816675622475 2.37032689484634 0.337729635964668 -4.44475357227757 270.421687477482 2.40689104094846 92.0190557341003 0.841127278472956 0.866212983987886 0.868230362588188
80.848 4.74609644793914 -8.61483127711616 4.48759913265 2.26077512139224 -0.0929898925172951 -4.80485836772157 270.319518729734 2.34620193685362 91.6371501606902 0.841270722119188 0.8659705907706 0.8684028526291
80.863 4.79072928056222 -8.64614600096704 4.5138488514956 1.77515562452019 -0.702774872731214 -5.09841833247613 270.467566856761 2.29158174316825 91.5334351446212 0.841147329375421 0.865999494610273 0.868065070017384
80.877 4.82257897518666 -8.64254614848997 4.53388229939963 0.961762199472753 -1.46684853049626 -5.42750779693844 270.300810171085 2.18242356885143 91.5000916301591 0.84103627590603 0.865778450330748 0.868007849576825
80.907 4.832748522126 -8.60985767667686 4.53862457216047 0.280853155097996 -2.07588886828633 -5.71376465083238 270.690729153976 2.14418121196629 91.2900824671432 0.84080985750112 0.865703107948867 0.867833027535876
80.922 4.8531538514167 -8.56230193220253 4.53535086578366 0.0886457021836167 -2.31715494328976 -6.00193017048197 270.081656238579 1.62976309076966 91.7010742204289 0.840479460244894 0.865635299805173 0.867552227433481
80.936 4.885824000943 -8.5538585469962 4.52689787149045 0.35993380372098 -2.36711883827376 -6.34448524503683 269.713490614721 1.58678678169269 91.770966798386 0.840435193688556 0.865203066102559 0.867422967606866
80.966 4.91151610264924 -8.55356178455122 4.51474119782102 0.46210836228018 -2.47315504604944 -6.5970596212965 269.562141553249 1.48810810352342 92.0138701185474 0.840142262813586 0.865061664673805 0.867183173497373
80.981 4.92356583401334 -8.5252826133898 4.49955047571348 0.112844090937658 -2.66553419793304 -6.66407121641876 269.785927397924 0.79929729317108 92.2324831066926 0.84000524571792 0.864686794484328 0.867090819064369
80.996 4.91346132389997 -8.46086570497135 4.47624218526798 -0.244241844873665 -2.79516398424661 -6.67399997263948 269.507334658131 0.179367563853972 92.3092347960234 0.839881930331821 0.864597020217397 0.866884239809125
81.025 4.88700929551388 -8.38236021586459 4.46101080235825 -0.0236344542794282 -2.61641094460057 -6.69896638758927 269.196601192318 -0.198569192531425 92.318311316421 0.839770946484331 0.86451622337716 0.866821778744946
81.042 4.88277506174802 -8.36066672433795 4.44191558531212 0.85506486901111 -2.16622023181991 -6.7336499015021 268.916941073087 -0.538712273278282 92.3264801847789 0.839544440329784 0.864443506220947 0.866642103521644
81.055 4.89907557376169 -8.3494624367003 4.41832539473135 1.35047441264435 -1.8786058422257 -6.62898720142823 268.905246965778 -0.364841045950454 92.933832166301 0.839467205482498 0.864254325519557 0.866603856086213
81.085 4.89596906847903 -8.32746737634936 4.39452049464725 1.13222086450969 -1.95334067785046 -6.39051596220144 268.6547222692 0.0316430586445912 92.8804489496709 0.839397694119941 0.864207798149103 0.866569433394325
81.099 4.8848533589883 -8.30138701292097 4.37142009732791 0.535792671188489 -2.1251821825845 -6.04993764842404 268.36925004228 -0.391521247219868 93.1324040547038 0.839587924722516 0.864412981250926 0.866661776616072
81.13 4.86485342615039 -8.25457126580673 4.34967205999197 -0.01778659593036 -2.25617541470773 -5.69914235686408 268.232325038052 -0.292369122497881 93.4791636492335 0.839632811718416 0.864474185777027 0.866744885515645
81.144 4.85511349826923 -8.25678967252073 4.33925667474778 -0.157229310383126 -2.28017619384764 -5.33838842652118 268.409092534247 -0.983132210248093 93.4912472843101 0.839925702040101 0.864529269850517 0.867065923263812
81.16 4.8767539428759 -8.27255290879039 4.31725341442327 -0.600285005299012 -2.37582269660028 -4.88317553806754 267.848183280822 -1.48481898922328 93.5021225558791 0.840189303329618 0.864825629426645 0.867231805101156
81.174 4.89533250633673 -8.27758197307493 4.28350425687224 -1.78911146660117 -2.86037783152041 -4.43455264074933 267.64336495274 -1.87633709030096 93.6919103002912 0.840300373011226 0.864969029400714 0.867504150890772
81.206 4.90876117739495 -8.25972234296714 4.24947884911409 -3.40180337337617 -3.59724081172714 -4.01857829270493 267.579028457466 -2.34870338127086 93.9827192702621 0.840274015178255 0.865344600624368 0.86762620996542
81.221 4.91252712661102 -8.24263110537453 4.21281061679821 -4.86925662382481 -4.2367533717758 -3.61214031076268 267.281125611719 -2.41383304314377 94.0044473432359 0.840628808229355 0.865559427123111 0.867982032509646
81.235 4.92184213627048 -8.18505123954227 4.19483284453184 -5.70828515991561 -4.41994826360586 -3.20741482930474 266.953013050547 -3.2524497388294 93.4840026089123 0.840569606874571 0.86575277097198 0.867933115819862
81.268 4.93794692601562 -8.17482858629117 4.18122662573722 -5.54585359048894 -4.19703740671092 -2.91033746851167 266.717711745493 -3.58720476494646 93.0756023480211 0.840894840756039 0.865803456791515 0.868258247778644
81.283 4.97434818487585 -8.1971718346872 4.16802334907353 -5.50500868945531 -4.05443290268105 -2.64220448501928 266.565940570943 -3.58848428845181 93.248042113219 0.841061528173963 0.866095585276089 0.868304897164505
81.298 4.98424469001192 -8.21548508487327 4.15135195364982 -6.07588186631131 -4.16120335287096 -2.28638098308224 266.609346513849 -4.00963585960663 92.9832379018971 0.841337569925492 0.865988529399673 0.868592850988823
81.327 4.98764488608031 -8.19455760910078 4.12892570355919 -6.92630894685575 -4.26187691071364 -1.83942227408699 266.648411862464 -3.90867227364597 93.1049141117074 0.841207492401094 0.866262150623431 0.868359528806674
81.343 4.97723770299901 -8.15728754574625 4.10628801220108 -7.30467041858239 -4.1601167005583 -1.49517470316684 266.083570676218 -4.29780504628137 92.8544227005367 0.841342914654512 0.86601484074259 0.868642019466775
81.358 4.96643471860304 -8.14768653012426 4.08818857938154 -6.80626444542644 -3.74639510683835 -1.35252746185779 266.175213608596 -4.40802454165323 92.868980430483 0.841212302657212 0.866285830832056 0.868527104081277
81.388 4.97879850992633 -8.14838294592897 4.07758532527182 -5.85235555813571 -3.18244261905528 -1.31651135689339 266.137692247737 -4.62722208748791 93.2420823874347 0.841347243885018 0.866036152930353 0.868546867836875
81.403 4.98699303980833 -8.1763036883539 4.07133440878773 -4.9220818343832 -2.74053423501235 -1.33218846547886 265.983923022963 -4.70449987873912 93.3378741486912 0.841089728682209 0.866058500554051 0.868318143969921
81.418 4.99921635850816 -8.20538276165718 4.06594800388918 -4.51765991048687 -2.44510676570959 -1.25927496244242 266.085530720667 -5.01404989086521 93.4240867338221 0.84098443528214 0.865831555680149 0.868112292489662
81.448 4.97562114058032 -8.20054902192945 4.03991157504415 -4.60635193470536 -2.32349685249741 -1.14327113032032 266.0569776486 -5.41264490177869 93.7416780604399 0.840763200939618 0.865503570032838 0.868050349801876
81.463 4.93391501597847 -8.16124329766925 3.99558936380591 -4.69457170306688 -2.1186280832782 -1.01520355927302 265.73127988374 -5.95138041160082 93.8475102543959 0.840437469339542 0.865455715680747 0.867747817472881
81.478 4.91289952718275 -8.11796728790965 3.96246299883645 -4.26099239535562 -1.69455153449236 -0.970171752964037 265.198151895366 -5.83624237044074 94.0627592289563 0.840397401873739 0.865165314033377 0.867722322286773
81.508 4.89578121295324 -8.12534666080325 3.93839534885515 -3.38756491154524 -1.17166126653931 -0.973917936446259 265.378336705829 -6.15261813339666 93.7164833060607 0.839981478401015 0.864903952550743 0.867576052974829
81.523 4.89713417342977 -8.14449782388553 3.91876953333761 -2.90148017611591 -0.773579109351028 -0.921564310740564 265.300503035246 -6.557356320057 93.6448349754546 0.839987010029065 0.864668727216373 0.86744441059408
81.538 4.88877499268957 -8.15467095867227 3.8979938401891 -3.06400391422951 -0.608434938873941 -0.831697956002386 266.070452731722 -7.1616206880513 94.0603514779092 0.839738897520044 0.864580759676239 0.867078874716174
81.568 4.87137566953756 -8.16047490086046 3.87295108802138 -3.3911913090661 -0.481179231246089 -0.740894572615888 266.22340745855 -7.40545861924617 93.8943163301182 0.839642216953732 0.864501588890117 0.86699695016129
81.583 4.83907656922809 -8.14953757923145 3.84568405539112 -3.52077446823583 -0.227717796671098 -0.659171527568039 266.121066712695 -7.74491275732155 94.3448846971064 0.839428583752245 0.864430335182608 0.867046541706341
81.613 4.82730550517027 -8.15926662923067 3.83095996728823 -3.26106343362599 0.198107418110516 -0.607758191605129 266.388960041425 -7.8104214815894 94.6303962273958 0.839489404845172 0.864613264581081 0.86696785045244
81.626 4.83610456242607 -8.18322596407982 3.81669074134187 -3.08304869331682 0.61112110378038 -0.559959471681257 266.870064037283 -7.98937933343046 94.6473566046562 0.839544143828806 0.864654440774166 0.866897028323929
81.643 4.80739241589111 -8.19880381933199 3.79259570094487 -3.26863695375613 0.767566245310739 -0.526100929093284 266.583057633554 -7.91044140008741 94.9026209441906 0.839845900939453 0.864567901878252 0.867079799655261
81.673 4.78065369500818 -8.18415329198253 3.77593798326737 -3.46238394540342 0.954931758184245 -0.49333816442823 266.864751870199 -7.77939726007867 95.1923588497715 0.839864990313659 0.86473707460716 0.867121106250915
81.685 4.75982099152298 -8.18072419172715 3.75364370543319 -3.30087837529056 1.34569812435055 -0.456981447222049 267.358276683179 -8.8614575340708 95.2131229647944 0.840008491296862 0.864889330063177 0.867281469789549
81.699 4.73867735901497 -8.13903154855541 3.72897003351353 -2.99979817134929 1.81494510580863 -0.407466508606714 267.262449014861 -8.81531178066372 95.7718106683149 0.840137642181745 0.865272871220585 0.867425796974319
81.729 4.7054624227198 -8.13394959502433 3.70987618796857 -2.20745194200062 2.25024448835754 -0.546872529501768 266.696204113375 -9.25378060259735 95.9146296014834 0.840506072532496 0.865371547015259 0.867678743576618
81.743 4.70058838732648 -8.16397199392034 3.69879693537502 -1.42105789283873 2.61605973417827 -0.715849398688996 266.666583702038 -9.04840254233762 96.1631666413351 0.840585465293816 0.865706866477459 0.867783343382682
81.76 4.68453006930001 -8.15310391211253 3.6846956260462 -1.3186467600434 2.72773620350854 -0.732814077140707 266.159925331834 -9.46356228810386 96.5068499772016 0.840783090257962 0.865762142746446 0.868123452585182
81.789 4.64134714293641 -8.13135168931254 3.66847299165661 -1.34021719854288 2.70381754498974 -0.735105188510606 265.76393279865 -10.0172060592935 96.3961649794814 0.840834781246735 0.866058402635526 0.868060393887844
81.805 4.62600555379536 -8.10644755942852 3.65506972039164 -0.942836700062637 2.87618388209382 -0.815793142941988 265.467539518785 -10.4554854533641 96.8365484815333 0.841133497690987 0.865955065023167 0.868372798039828
81.821 4.60447679483306 -8.10845472380427 3.6378592476048 0.0758744508596569 3.2549777076249 -0.974671843914965 264.720785566907 -10.4899369080277 96.99289363338 0.84102382739004 0.866232032684575 0.868161481152578
81.854 4.60682828298281 -8.11451083986379 3.63350284917336 1.118668685163 3.67604482235859 -1.09628862898912 264.288707010216 -10.6409432172249 97.733604270042 0.841303639219961 0.866111332067311 0.868463776578089
81.868 4.61630679730538 -8.08853748948947 3.62479369184239 1.6068018166467 3.88935637065708 -1.14620175082303 264.439836309195 -10.5968488955024 97.9802438430378 0.841050484483658 0.86624948542176 0.868243361837014
81.884 4.5909595152494 -8.03900481025793 3.61527951068458 1.83848804719577 3.97293981756084 -1.16745943833615 264.395852678275 -10.9771640059522 98.142219458734 0.841201607528819 0.866003442061086 0.868414551953044
81.911 4.58448740787119 -8.01088553154842 3.60121008908847 2.32486825010978 4.19472980527041 -1.29956845633459 264.836267410448 -10.959447605357 98.8879975128606 0.840832035269823 0.866152384416158 0.868322383318919
81.926 4.59907304895053 -7.99449660913088 3.58681180318683 2.7274959289156 4.50884461100291 -1.36655817558663 264.572640669403 -11.1235028448213 98.8991977615745 0.840626040928533 0.865916051156044 0.868116107903761
81.941 4.60208464549896 -7.95394902112429 3.56583277798136 2.74558603068053 4.61979221097132 -1.32379548779896 264.215376602463 -11.2711525603392 99.0292779854171 0.840440646021373 0.865826948691633 0.868053783674564
81.97 4.56349511939511 -7.88998274221132 3.56101758852399 2.96721063371935 4.59827100514136 -1.35630143520227 263.833838942216 -11.5840373043052 99.5663501868754 0.840273790604928 0.865623159003972 0.867750907958301
81.984 4.54091511963211 -7.87107943487862 3.5676972351205 4.02163460851535 4.9934057366883 -1.48555678786525 263.250455047995 -11.9856335738747 100.289715168188 0.840123620730128 0.865316013024279 0.867478319813664
82 4.5427993309355 -7.87118500762611 3.58095138207659 5.47366962094626 5.86353081187443 -1.4980698113688 262.725409543195 -11.3870702164872 100.460743651369 0.839861847151001 0.865163316903354 0.867232990483491
82.03 4.54246002780106 -7.83782107496348 3.61724112870322 6.94156983442415 6.91458231083966 -1.50246130351436 262.252868588876 -11.2083631948385 100.494669286232 0.839879341904052 0.864902155133723 0.867135654351875
82.044 4.51300526571309 -7.82790481028634 3.66833725966835 8.68481743113441 7.9292309499847 -1.50794036400262 261.827581729988 -11.2875268753547 100.405202357609 0.839641996207533 0.864790844801853 0.86680099409819
82.06 4.50570946555169 -7.8449572590978 3.73126275001011 10.3766410315324 9.08134602292516 -1.4289020527932 260.724823556989 -11.1187741878192 100.804682121848 0.839555005772472 0.864690665503171 0.866623397339564
82.107 4.49022481698542 -7.84145013105789 3.79591623536982 11.1885952489899 10.017486229793 -1.17456146583449 260.45234120129 -10.9668967690373 101.164213909663 0.839476714380917 0.864600504134356 0.866587020522341
82.109 4.47311633102967 -7.76952025543379 3.85458321206782 11.3079036630222 10.8180276831495 -0.770082418487682 260.087107081161 -10.7102070921336 101.487792518697 0.839406252128518 0.864519358902423 0.8664308211213
82.123 4.40977479165382 -7.70017454550321 3.91749901920271 11.6763499379413 11.7591256781934 -0.348799367478608 259.518396373045 -10.5991863829202 101.419013266827 0.839342836101359 0.864569925663374 0.866290241660363
82.153 4.36551652978885 -7.66266308002759 3.98663292541843 12.2705470052159 12.8458085302214 0.155546218124214 258.706556735741 -10.0792677446282 102.017111940144 0.839538552505793 0.864491838278539 0.866410504055507
82.167 4.36620595423306 -7.60867180025359 4.06561288429565 12.42364497645 13.6673345474282 0.659838924556068 258.695901062167 -9.85134097016536 102.43540074613 0.839588376723365 0.864545157101878 0.866641927813681
82.183 4.36048183174066 -7.52931411500973 4.14836658114136 12.3377690284234 13.9838071995556 0.841946635153896 258.26631095595 -9.70620687314883 103.231860671517 0.83963321851918 0.864593144042884 0.866973261332044
82.212 4.35742501018464 -7.49739653560104 4.23254139191455 12.3436867820696 14.1617623574627 0.86843899453927 257.879679860355 -9.69558618583394 104.068674604365 0.839673576135413 0.864883116199775 0.86702522176002
82.228 4.35898342965263 -7.52858563684746 4.32643484145295 11.8184784092061 14.3318456637011 1.27243478974183 257.231711874319 -9.62602756725055 104.401807143929 0.839962390015399 0.865020767496531 0.867195173747743
82.243 4.31399835859136 -7.5249925055205 4.41614629390739 10.2351038507283 14.2452259828272 2.11618367717986 256.708540686888 -9.1434248105255 104.881626429536 0.839969830482011 0.865267977308058 0.867348130536694
82.272 4.31163947922941 -7.48261345607929 4.48724996056768 8.26502858015925 14.148184300575 3.16334393541607 256.237686618199 -8.70908232947295 104.953463786582 0.840355042002735 0.865243682228445 0.867731761023793
82.287 4.2257194144394 -7.43465609415971 4.53065314596843 6.68127381374638 13.9684803743343 4.38365076324851 255.993917956379 -8.49817409652565 105.198117407924 0.840449537817031 0.865591788169326 0.867707871482594
82.318 4.18442410435075 -7.38868127224985 4.57312773501233 6.09558918046334 13.9334643979696 5.58498034341221 255.714526160741 -8.60835668687309 105.718305667132 0.840912653935359 0.865658572269126 0.868055527875103
82.333 4.16144396846707 -7.33012554012069 4.62847341449877 6.4356485830277 13.757675210081 6.79671131670458 255.283073544667 -8.76752101818578 106.486475100419 0.840951388556392 0.866088241341945 0.867999261648773
82.347 4.15404967652454 -7.30866975452598 4.69456508176166 7.68216006060279 13.5559534905996 7.70940659724786 255.0147661902 -8.5507689163672 106.937827590377 0.841238444269679 0.865981919858944 0.868317779024664
82.363 4.16702724862123 -7.323836018438 4.77840857282256 8.76814252782495 13.2820375308527 8.55754990698873 254.71328957118 -8.53569202473048 106.924044831339 0.841118279310862 0.866133014434229 0.868111964038931
82.393 4.16901053221247 -7.33251768034237 4.84722379960097 8.95239697733253 12.6675742357827 9.44835980178604 254.501960614062 -8.34212282225743 107.091640348205 0.841262622873303 0.866022215641999 0.868419211175806
82.407 4.15403609184523 -7.31261830641214 4.88976448879371 8.48540155440844 11.8321145221281 9.8760429055769 254.671764552656 -8.40791054003169 107.002476313385 0.841013569771665 0.866292468241525 0.868203252974959
82.423 4.09129838384479 -7.28608975213811 4.92356197332498 7.82541101728821 10.9679870393809 9.80141571425585 254.64458809739 -7.92711948602852 106.862228682046 0.841294407363425 0.866042126598875 0.868255401841188
82.451 4.02424010250529 -7.27981144251268 4.9608032014533 7.29859510639908 10.1337837552901 9.54417490618904 254.620129287651 -7.49440753742567 107.336005813842 0.841042175812775 0.866063876855721 0.868055824573803
82.468 3.9473078067323 -7.31869311984039 5.00593219756163 7.03056765682788 9.1402527080054 9.02792535450144 254.118116358886 -7.5849667836831 107.882405232457 0.840941637699649 0.865836394351651 0.867876205033156
82.483 3.91051018970196 -7.40222908129385 5.05804045104155 6.77407577664127 7.99874652117432 8.08696488012 254.206304722998 -7.00647010531479 108.554164709212 0.840724683115377 0.86550792483719 0.867714547446573
82.512 3.88361725274012 -7.43850563529215 5.10230425986501 5.99208804630539 6.75001690722483 7.15842106386372 253.745674250698 -6.90582309478331 108.978748238291 0.840402803297724 0.865459635004664 0.867445595353109
82.528 3.85695954319792 -7.48815334942712 5.13681455844211 5.07837542488096 5.65516788825807 6.38074689640865 254.231106825628 -6.51524078530498 109.060873414461 0.840492522982521 0.865044967782101 0.867326998734531
82.543 3.86103962800167 -7.53995904719925 5.17601415270776 4.15679742437759 4.77438392385974 5.58084014569908 253.827996143065 -6.52371670677449 109.254786073015 0.840067087398919 0.864919376185393 0.867096801512271
82.572 3.88045357711251 -7.58802069481698 5.20135783631394 3.17317875064212 3.99541881391652 4.95176376471696 253.765196528759 -6.71134503609704 109.489307465714 0.839937587844719 0.864806343748356 0.867013084277778
82.588 3.89852470499696 -7.61224226882893 5.21471004020085 2.01005934886036 3.41496090199052 4.68330494549717 253.828676875883 -6.64021053248733 109.460376719142 0.83982103824594 0.864828212024714 0.866690681031502
82.603 3.88270640083333 -7.63140806613122 5.22014295158604 0.989969444508671 3.03300679652429 4.66230269522226 253.165809188295 -6.5761894792386 109.314339047228 0.839716143607039 0.864600560742947 0.866647575845085
82.632 3.87068454958361 -7.67786656371731 5.22850418476301 0.422270209981468 2.74879008633751 4.59301899058553 253.409228269465 -6.27857053131474 109.542905142505 0.839621738432028 0.864519409850155 0.86648532091177
82.648 3.8427463579538 -7.73619923489075 5.21585812915597 -0.0512545209403433 2.36780420747475 4.41386976328271 253.568305442519 -6.67071347818327 109.808614628255 0.839663244056976 0.864693431781872 0.866339291471786
82.662 3.7973111100521 -7.76421791461212 5.1808937914601 -0.80261761846463 1.93255050428453 4.15263545871016 252.931474898267 -6.24364213036494 110.107753165429 0.83970059911943 0.864602993785188 0.866331325241341
82.692 3.76060923584041 -7.78482585680875 5.14757041878382 -1.40327188715252 1.45914278210035 3.61294443192311 252.77832740844 -6.15927791732845 109.836977848886 0.839860539222056 0.864521599588172 0.866570666880931
82.712 3.73511930091146 -7.8235441225683 5.11315009069633 -1.63470042362811 0.944526213813978 2.86691716430332 253.300494667596 -6.5033501255956 109.893280063998 0.839878164768002 0.864695402546088 0.866662886754018
82.721 3.74318326517609 -7.84809555213887 5.07905933623485 -1.87199374004392 0.520302600066168 2.15961476085009 253.170445200836 -6.09301511303604 109.823952057598 0.839894027759354 0.864851825208212 0.866869072242341
82.751 3.75558836166263 -7.88246209860955 5.045085621163 -2.21990886985632 0.256821958380162 1.54365328476508 253.293400680753 -6.20371360173244 110.001556851838 0.83990830445157 0.865115929248571 0.867177691317839
82.768 3.76082731697738 -7.93817197776837 5.02408607508369 -2.51013172332871 0.0891550297177179 0.990051315067198 253.764060612678 -6.78334224155919 110.161401166654 0.840299668575338 0.865230299240447 0.86733239634978
82.782 3.77057019544047 -7.98465972689095 5.0023134443667 -2.7491948868737 -0.0716688702006188 0.551351527071929 254.12765455141 -7.36500801740327 109.765261049989 0.840399701732374 0.865579743480128 0.867348443275982
82.811 3.78251108830335 -8.0083027858791 4.97080692292808 -2.97427539818633 -0.146181372493534 0.290872862914354 253.914889096269 -7.58850721566295 109.70873494499 0.840741926128062 0.865647732048848 0.867609125248115
82.828 3.77033342097844 -8.03185605221307 4.9351487693926 -3.11043564462724 -0.10713575432815 0.172472599523682 253.663400186642 -7.96965649409665 109.717861450491 0.840797733529825 0.866078485143695 0.867720686887029
82.842 3.74728278971892 -8.06903528463824 4.90790467301669 -2.95817070611871 -0.0109259956892282 -0.0424845840928083 253.797060167978 -7.59269084468699 109.846075305442 0.841100154745768 0.866096599546059 0.868067061739094
