7.494 4.31639968456341 -8.93026010117537 0.101747128819361 -0.869552519014101 1.47428594890966 -1.06298519061336 272.88931212611 -39.9265278996698 -14.5841235807301 0.841339124370751 0.866316235693214 0.867852084911075
7.495 4.31122689635914 -8.91836020876413 0.104441249479295 -0.894811007570706 1.42075048378969 -1.21699201506348 272.960380913499 -39.7738751097028 -14.6857112226571 0.841335211948245 0.866063517305395 0.867816162981147
7.51 4.3146518217745 -8.91261828121047 0.108841175534821 -0.870215402996841 1.24508764915117 -1.41972029447316 273.444342822149 -39.6964875987325 -14.1171401003914 0.841078899939113 0.865959668226049 0.867537049334225
7.525 4.30576325779163 -8.92971655288191 0.143087760834542 -0.828232030636088 0.957220105610103 -1.699885669606 273.399908539934 -39.6268388388593 -13.9654260903523 0.840848219130895 0.865618871324148 0.867409307317536
7.526 4.29489051096144 -8.92918359540866 0.131831591929776 -0.940828674900724 0.628673667568177 -2.16577496524082 273.839917685941 -39.9241549549734 -14.068883481317 0.840767076685957 0.865435889373236 0.867417663146963
7.555 4.30784993284198 -8.9281652030614 0.152406676655217 -1.07346336466256 0.260462789360977 -2.75072418627399 274.175925917347 -40.131739459476 -13.9819951331853 0.840567578203054 0.865394803087106 0.867178399483459
7.557 4.33854732137846 -8.94484603917005 0.164938748519305 -1.12642237170775 -0.222835397972067 -3.24130062260842 274.298333325612 -40.2585655135284 -13.9637956198668 0.840388029568441 0.865110492699099 0.867209846096294
7.57 4.36773117681081 -8.98350152238073 0.144015600360051 -1.1908793711782 -0.870780865808448 -3.30572017866819 274.288499993051 -40.0127089621756 -13.8274160578801 0.840099815105482 0.864978348610692 0.866867766668167
7.585 4.35592887669564 -8.97046726522322 0.155291852423503 -1.49698227375504 -1.58522949678486 -2.95988098522885 274.219649993746 -40.451438065958 -14.0046744520921 0.840093513063086 0.864859418931125 0.866683492652543
7.588 4.32328012469197 -8.97699223975071 0.134734843658466 -1.8404138173719 -2.1541874631369 -2.40740433708765 273.977684994371 -39.9462942593622 -14.4642070068829 0.839834750250663 0.864752382219515 0.866517646038482
7.615 4.31670103266345 -8.95401463824268 0.105220208603494 -2.26095258830647 -2.6647229152965 -1.97506084994377 273.939916494934 -40.151664833426 -15.0577863061946 0.839728484411289 0.864532313918268 0.866491844351367
7.618 4.30970243627882 -8.93459173963447 0.0701576203450734 -2.58600236764376 -3.06389947872868 -1.88824178785015 274.085924845441 -39.6764983500834 -15.2920076755751 0.839759315438312 0.864457987707944 0.866345162567423
7.631 4.30232633365741 -8.91872722738367 0.0208243426989175 -2.93579907744427 -3.23231869116115 -2.20323440295827 274.277332360897 -39.5488485150751 -14.8428069080176 0.839787063362632 0.864514691588343 0.866336609227414
7.645 4.29526884448722 -8.91671942621513 -0.0242340120097408 -3.33000542924183 -3.09229292891527 -2.73558271838763 273.729599124807 -39.6739636635676 -15.3985262172159 0.839938357040938 0.864565725080701 0.866452234865853
7.648 4.3051378168958 -8.9110816861693 -0.0641879814046987 -3.82753923746268 -2.73955218564206 -3.2895053625794 274.076639212326 -39.5465672972108 -16.2586735954943 0.839948200804996 0.864611655223824 0.866556297940447
7.675 4.32233974679985 -8.89792723764514 -0.123190746651146 -4.37837309997596 -2.20452826478778 -3.80940978815353 274.088975291094 -39.3719105674897 -16.1328062359449 0.840083380739066 0.864776452618175 0.866526631063136
7.679 4.33524770746837 -8.87902541735353 -0.178088884901452 -4.9741235762379 -1.51384643067541 -4.30785812231527 273.980077761984 -39.4547195107407 -15.7795256123504 0.840331214158686 0.865048093917538 0.866746442120547
7.691 4.3662579346616 -8.84824710886403 -0.225402284876807 -5.3881616002935 -0.54032438302772 -4.77554559252649 274.242069985786 -39.2892475596667 -16.1815730511153 0.840428092757387 0.865415758689509 0.866944272072218
7.705 4.40799365242591 -8.83461256445101 -0.277022453441891 -5.43713169980614 0.577066833901006 -5.20638797983873 274.537862987207 -39.5603228037 -16.1234157460038 0.840893353381679 0.865500145737291 0.867245371164727
7.708 4.45333692252878 -8.81623624224053 -0.323301040197616 -5.20715898784079 1.58500900547274 -5.57429880017547 274.324076688487 -39.68429052333 -15.3510741714034 0.840807697511663 0.865945657463293 0.86739330821198
7.735 4.48696326750734 -8.78461404852795 -0.36088162338603 -4.65209194401854 2.41505772324607 -5.78480785145563 274.011669019638 -39.795861470997 -15.6159667542631 0.841109122329422 0.865977054633697 0.86777242093155
7.739 4.52225479666787 -8.77093831490929 -0.381595894776599 -3.67161557404417 3.1392008058833 -5.82388431821847 273.370502117674 -39.5362753238973 -15.8543700788368 0.841128210111049 0.866251823334053 0.867744465399575
7.751 4.56868167982457 -8.77179820351113 -0.394253234639302 -2.47239294793746 3.59474637414993 -5.77584703143479 273.333451905907 -39.6026477915076 -15.7689330709531 0.841523458999975 0.86612914365184 0.868088462400386
7.765 4.62327486514411 -8.77233273099937 -0.40522585562575 -1.38240556154066 3.39176028635326 -5.83795698477986 273.120106715316 -39.6023830123568 -15.2720397638578 0.841374792568129 0.866511755586388 0.868028902721528
7.768 4.64720974778558 -8.76329680363308 -0.41965019927956 -0.429661188592704 2.62052318901564 -5.86942846187439 272.808096043784 -39.3621447111211 -15.064835787472 0.841745383211347 0.866363082678942 0.868344455990144
7.795 4.64439015163862 -8.75300973725292 -0.417309217690265 0.606434701258933 1.76305102278583 -5.54813447064878 272.647286439406 -39.505930240009 -14.7583522087248 0.841574524358364 0.866599248574773 0.868012513042322
7.797 4.63173698699966 -8.73902286951518 -0.408019730185422 1.64731794869029 1.03178408844618 -4.93683247396559 272.142557795465 -39.8753372160081 -15.2025169878523 0.841799266491453 0.866318228898798 0.868083735901815
7.811 4.62992593630995 -8.74331377027729 -0.411570342244165 2.57418920725638 0.46524690097561 -4.39734769985147 271.868302015919 -40.1478034944073 -14.8222652890671 0.841623019310459 0.866312368925652 0.867777864962827
7.825 4.61033949540417 -8.73137386511235 -0.415903140778652 3.22593059187425 0.104218394084156 -4.31181140314877 271.741471814327 -40.1530231449666 -14.4800387601604 0.841337926565106 0.86618363468428 0.867872552630269
7.827 4.57918444829906 -8.72356078508915 -0.410345563002209 3.90181081512957 0.253338539408565 -4.46154629336824 271.447324632894 -40.3377208304699 -14.4720348841443 0.841207813376747 0.866067773867045 0.867587800018435
7.855 4.57197448811881 -8.72532770767887 -0.403248815573258 4.51162973361662 0.872279494628014 -4.485620671665 271.422592169605 -39.7839487474229 -14.2248313957299 0.840837620532958 0.865963499131533 0.867331522667785
7.857 4.58272375943022 -8.72278795601499 -0.386027980301084 4.81542859231602 1.64306681234078 -4.40423417701759 271.280332952644 -40.2455538726806 -14.2423482561569 0.840631067665354 0.865746054399883 0.867224333317739
7.873 4.60125664128444 -8.72181901301359 -0.368314592647525 4.90487809949664 2.31921814637388 -4.42335274404865 271.21229965738 -40.2409984854126 -13.9581134305412 0.840318549392705 0.865673951611087 0.866880805167468
7.886 4.59094162512047 -8.72070759205891 -0.349978341407751 4.94721471702789 2.95370854547695 -4.49399456888043 271.271069691642 -39.7568986368713 -13.7023020874871 0.840290373921586 0.865237852727882 0.866695227301914
7.888 4.59338968749246 -8.74646245541161 -0.336288902533509 5.11661538272968 3.94612395047124 -4.44917526466414 271.443962722478 -39.6812087731842 -13.3520718787384 0.839885153244076 0.865092972636596 0.866528207222916
7.901 4.61983424802483 -8.75683284195053 -0.33426347378414 5.09655689789183 5.22326728061496 -4.43097529544964 271.35956645023 -39.7330878958658 -13.1568646908646 0.839647226413554 0.864838845293641 0.866501349417358
7.903 4.62112883072967 -8.71923988215733 -0.323821462722312 5.1120920477973 6.73529169759163 -4.51917547582834 271.283609805207 -39.8997791062792 -13.2211782217781 0.83968618324035 0.864733865945779 0.866477177392355
7.931 4.63635988839157 -8.70042983131953 -0.302093514083347 5.67645536210154 8.61977779500804 -4.38786861526841 271.095248824686 -40.1698011956513 -13.1590603996003 0.839721244384467 0.864762982002394 0.866331962304313
7.946 4.63857568330485 -8.67422325108064 -0.266078223611583 6.38667242131123 10.6036015422248 -4.16740236442859 270.625723942218 -40.2328210760861 -12.5631543596403 0.839879119960589 0.864912646718888 0.866324728990615
7.96 4.67037770474182 -8.684575164559 -0.244677790098491 7.18846319444729 12.4119436780787 -3.96134915088649 270.863151547996 -40.2295389684775 -12.3268389236762 0.839894887432682 0.864923884698192 0.866318219008287
7.991 4.70456607333625 -8.66719653985725 -0.224220298760923 7.84824282920103 13.629527936225 -3.79956538083601 271.196836393196 -40.8265850716298 -11.5141550313086 0.839909078157565 0.864933998879566 0.866312360024191
8.007 4.73802906744305 -8.64209866626703 -0.180669438571148 8.73975442414352 14.2864224708468 -3.5928912855005 270.777152753877 -41.2439265644668 -10.9027395281778 0.840048170356378 0.865066561908343 0.866430410582952
8.022 4.75898796146474 -8.645487619373 -0.123756571171057 10.000893485546 14.6516733535331 -3.19696093557641 270.879437478489 -41.6195339080201 -10.11246557536 0.84017335333531 0.865185868634242 0.866536656085837
8.067 4.74672632657315 -8.64141496980142 -0.0649334015465124 11.1664529919532 14.7429945677981 -2.56047094888899 270.91149373064 -41.8975805172181 -9.70121901782398 0.840538212570704 0.865293244687551 0.866878516776985
8.071 4.72605421462201 -8.63469696906762 0.0112910608634641 12.1910290668037 14.7373974010946 -1.88610324331307 270.640344357576 -42.0878224654963 -9.39109711604158 0.840614391328203 0.865636394382521 0.866939951660466
8.082 4.70906536267885 -8.64074145139059 0.0746856933997831 13.0016971524897 14.735413386176 -1.37459215562299 270.756309921819 -42.1390402189467 -8.99198740443742 0.841061022095414 0.865575257595462 0.867241482794151
8.112 4.68455775219222 -8.67042283756257 0.135392016723761 13.2496190402942 14.6717957116805 -1.16003370341947 270.740678929637 -42.545136197052 -8.03278866399368 0.840958599354024 0.866013258135647 0.867266621075916
8.128 4.62987990055698 -8.64787537344742 0.199005967278786 12.8933594263411 14.7710283542529 -1.34326697429889 271.266611036673 -42.4906225773468 -7.34950979759431 0.841370809318652 0.866037895238816 0.867658402509093
8.143 4.56696300692157 -8.62303362925454 0.25218837788657 12.5612753921039 15.5534675035605 -1.73947462801404 271.079949933006 -42.6215603196121 -6.55455881783488 0.841237407854938 0.866183392276114 0.867641848819364
8.172 4.52314679312822 -8.60803823446873 0.315495145299635 12.3204150284661 17.0118612112197 -2.20674853925844 271.151954939705 -43.2194042876509 -6.19910293605139 0.841621736969475 0.866191015965236 0.867996107478196
8.188 4.50154900987252 -8.60040814377943 0.377678625564517 11.9586025332531 18.8038048610901 -2.77538666243183 271.036759445735 -43.3374638588858 -5.09919264244626 0.841463242740679 0.866444388532437 0.867945783291556
8.203 4.46433403884743 -8.58611909179162 0.442741721374459 11.3230476234392 20.7165541459734 -3.37800066794437 271.053083501161 -43.9237174729972 -3.74927337820163 0.841699113035537 0.866302452330387 0.868146731262132
8.228 4.4411356222216 -8.56619603301529 0.497467788609267 10.5060100366678 22.7929903344295 -3.89897922710414 271.007775151045 -43.6713457256975 -2.83434604038147 0.841406410917676 0.866544681261073 0.867710963317421
8.243 4.46502862318608 -8.54922295986513 0.569705586927295 9.68594338414606 24.8923172551851 -4.4319820677525 270.966997635941 -44.4042111531278 -2.13091143634332 0.841395769840478 0.866392715786159 0.867935393285411
8.258 4.50496770689714 -8.52107840817183 0.651239592996681 8.95933377855588 26.4824748426437 -5.05443271593908 271.230297872347 -44.043790037815 -1.19782029270899 0.841133402042123 0.866379407124276 0.867767816873603
8.289 4.48327247276748 -8.48126333392569 0.720430349559287 8.36874391215067 27.4785021675396 -5.48257723060472 271.227268085112 -44.6794110340335 -0.238038263438089 0.840897271023603 0.866120371593351 0.867616998102976
8.305 4.48343903995912 -8.47056890818693 0.787011589334041 8.02423593314934 28.4443924088009 -5.53126607242974 271.044541276601 -44.5914699306302 0.92576556290572 0.840684753106935 0.866010837085209 0.867357800943871
8.319 4.55864717224861 -8.49865258896248 0.859923248641756 7.53173600395655 29.1396478244094 -5.64836847282036 270.880087148941 -44.8723229375671 2.21318900661515 0.840366866290127 0.865912256027881 0.867000926030987
8.352 4.63010536723993 -8.51069996205475 0.919199113684655 6.55108148753036 28.8928586144875 -6.36292093851542 271.032078434047 -45.1850906438104 3.55187010595363 0.840333859129266 0.865576200345797 0.867050119989068
8.367 4.6104411401778 -8.47964406115568 0.979370860431576 5.65475196473152 28.4600613026571 -7.07548380649594 271.408870590642 -45.5865815794294 4.51668309535827 0.840051061710225 0.865644543227951 0.866724013171664
8.382 4.57251232729223 -8.44235632511457 1.06040035620986 5.44500195909806 28.945352882315 -6.84961481515933 271.027983531578 -45.8279234214864 5.86501478582244 0.839923164724895 0.86533525882586 0.866677574771231
8.412 4.54065086125612 -8.44483013474179 1.18845339061909 5.76386054181421 30.1004359146942 -5.69289760845255 270.98518517842 -46.1051310793378 7.4985133072402 0.839808057438098 0.865056902863978 0.866635780210841
8.428 4.52915398191762 -8.45615452101736 1.30932749011003 6.23556609068623 31.0438274377286 -4.45108876363783 270.826666660578 -46.474617971404 8.60866197651618 0.839704460879981 0.864930117759083 0.86659816510649
8.442 4.49833636204617 -8.45024548981406 1.41033303169504 6.31353619917486 31.3264675947191 -3.63422416208321 270.62399999452 -46.6271561742636 9.78779577886456 0.839611223977676 0.864939608634368 0.866440851247034
8.473 4.4239135448952 -8.41063037229018 1.50722351754989 6.189052808265 31.2693933543312 -3.15858800541687 270.981599995068 -46.8244405568373 11.2690162009781 0.83965378104806 0.864824552952434 0.866422729039064
8.488 4.36178127510722 -8.36893142502698 1.610645667481 6.41060554270568 31.2645914234782 -2.74730935754694 271.363439995561 -46.7019965011535 12.6621145808803 0.839565612128946 0.864844600308383 0.866529742696338
8.503 4.32106542214789 -8.347263979088 1.71306300380907 6.90694956858778 31.0007277009777 -2.54738758209759 271.647095996005 -46.7717968510382 13.8559031227923 0.839612730384203 0.864986103194278 0.866626054987884
8.547 4.28065027855371 -8.34105110809571 1.79458439546002 7.45976606211068 30.3693572209563 -2.80180912923134 271.782386396405 -46.9546171659344 15.530312810513 0.839781457360352 0.864989995526043 0.866712736050276
8.551 4.2386502807963 -8.32157316784888 1.86346453604555 7.8779115933042 29.7782230255782 -3.38269691859829 272.324147756764 -47.2991554493409 16.4972815294617 0.840059483117844 0.864993498624632 0.867036988744979
8.562 4.22096158137572 -8.31589423698928 1.93958243886342 8.35958608282874 29.6057442344708 -3.89786234124227 272.271732981088 -47.5492399044068 17.5475533765156 0.840183534820629 0.865243435323349 0.867205764034207
8.59 4.20653811458337 -8.28229222669673 2.03125246607998 8.71370381042373 29.6825743911764 -4.25464099261423 272.224559682979 -47.6543159139662 18.852798038864 0.840547375907492 0.865221594442207 0.867480713930517
8.622 4.22420279410709 -8.26809155322139 2.12668416718012 9.1995853377783 29.9425612268679 -4.70093261854365 272.182103714681 -47.3888843225696 19.9075182349776 0.840622638331312 0.865571909161711 0.86760511670119
8.624 4.26122980320956 -8.27697852292977 2.22550139861732 9.65825275819895 30.2986867835704 -5.45526683760531 272.203893343213 -47.4499958903126 21.0367664114799 0.840942569067106 0.865640681162273 0.86796304857184
8.653 4.29856440726971 -8.311911514753 2.32808384332742 10.0779236655852 30.8970623800225 -6.56699206224173 272.523504008892 -47.5649963012813 22.1130897703319 0.840851991628547 0.866072139345778 0.868039217878381
8.668 4.33312323067238 -8.33820365490368 2.39915951222497 10.1479938944465 32.0439973633943 -7.69807911555954 272.331153608003 -47.1884966711532 23.5617807932987 0.841148987034618 0.866090888327933 0.868353739631312
8.682 4.3314854834108 -8.34426928718553 2.49814281580136 10.3721258027118 34.006773199574 -8.22598112766771 272.278038247202 -46.9696470040379 25.2256027139688 0.841037767799308 0.866477325794871 0.868144328584914
8.711 4.35808353426711 -8.31387516104876 2.62930587873416 10.5639208560284 36.2389203070975 -8.03620744238186 272.230234422482 -46.1726823036341 26.7230424425719 0.841442060919408 0.866332095866577 0.868325422026154
8.727 4.39770376207819 -8.30076595762699 2.75698929976425 11.1624906024866 38.1890740779145 -7.13029662180779 271.827210980234 -45.5754140732707 28.1907381983147 0.841301534295618 0.866571360443644 0.868118842740272
8.741 4.43198533823243 -8.28615443068143 2.87316132144035 11.7821194048334 39.2434491128711 -5.83024405886365 271.764489882211 -45.5778726659436 29.6916643784833 0.841427552359584 0.866416727050473 0.868302484765976
8.772 4.44182959768312 -8.2285317911869 2.9993238021961 12.3466555559531 39.4145240489123 -4.38386087435133 272.308040893989 -45.5800853993493 31.5224979406349 0.841288476591777 0.866401017262159 0.867974738940571
8.788 4.43476802921119 -8.16811214096836 3.12579875916521 13.4005396186784 39.1219266058531 -2.8218106647788 272.377236804591 -45.6420768594143 33.7102481465714 0.841163308400751 0.865892211813846 0.867926551607694
8.803 4.4178182496055 -8.12552592343829 3.25075922367227 14.9543787865815 38.6822530292373 -1.21138532349176 272.619513124132 -45.6378691734729 35.4992233319143 0.841050657028827 0.865805493283654 0.867759859363658
8.833 4.39160997391558 -8.09055020678111 3.36693467459606 16.4322233506715 38.0674628408173 0.412043285193298 272.777561811718 -44.9740822561256 37.2893009987229 0.840949270794096 0.865603849136791 0.867486376078485
8.848 4.34024978924528 -8.03363365770639 3.46622534181053 17.4302223896501 37.2233119765829 2.05099162842969 272.979805630547 -44.7966740305131 38.6003708988506 0.840731552900379 0.865422369404615 0.86736370138737
8.862 4.27110115214051 -7.9810320869797 3.56695941315926 18.2154444254943 36.3200647483903 3.63062529001421 273.461825067492 -44.6970066274618 40.6803338089655 0.84028221432499 0.865382635115346 0.866882501169337
8.893 4.17253536752338 -7.90980852267565 3.66300700211677 19.0053503646242 35.6544704872917 4.94237192131813 273.895642560743 -44.4873059647156 42.432300428069 0.840257672360643 0.865099541524516 0.866696753703597
8.908 4.08580136392839 -7.84421095211585 3.77644448969501 20.1971817403756 35.6714661866542 5.86034846964433 274.286078304668 -44.298575368244 43.6490703852621 0.839982493618464 0.864968492553567 0.86652958098443
8.922 4.03910482014114 -7.79720397853207 3.9034977450407 21.6454024976357 35.9821821634086 6.44530598909211 274.757470474202 -43.8887178314196 45.2241633467359 0.839987923724769 0.864726813218915 0.86650258580272
8.952 4.02652660684194 -7.81259795483963 4.03843583712903 22.6686485074141 35.5946509699685 6.98016470316 275.121723426781 -43.4598460482777 46.7017470120623 0.839992810820444 0.864633037078526 0.866354829873641
8.967 3.95140073010092 -7.77713197878316 4.16718240424926 22.3285012139246 34.079460682132 7.65695739314934 275.329551084103 -42.8338614434499 48.0315723108561 0.839997209206551 0.864672236021866 0.86634530980301
8.982 3.86337687947242 -7.71366901169403 4.28802229027392 21.6017579627612 32.536400110102 8.46301737902525 275.516595975693 -42.9904752991049 49.8284150797705 0.840001167754047 0.864707515070873 0.866460065383889
9.014 3.79373221139212 -7.62357218536899 4.42999776357807 21.2957806397675 31.5926837632139 9.02129579379448 276.044936378124 -42.6514277691944 51.5655735717934 0.840004730446794 0.864739266214978 0.866316561496693
9.026 3.76169780975669 -7.61670531755535 4.57932348389385 21.8089506673938 31.1189115700986 9.22756316097992 276.460442740311 -42.646284992275 52.9490162146141 0.839881466587807 0.864891302510214 0.866310868263757
9.041 3.72550467329701 -7.65415945582851 4.72233574991486 22.1097349899674 30.465799039043 9.36969234106513 276.83439846628 -42.2816564930475 54.4341145931527 0.840149491422554 0.865028135175926 0.866552255601107
9.074 3.64678259799612 -7.69552966594634 4.84518102471586 21.5636469871539 29.5489901275051 9.96249409932503 277.230958619652 -41.5334908437427 56.3107031338374 0.84013822174845 0.865151284575066 0.866769504204721
9.088 3.54115697243571 -7.72013339376394 4.95987175403138 20.4149158762247 28.9948544735332 11.1402904909192 277.527862757687 -40.6801417593684 57.8196328204537 0.840380571067132 0.865138658768753 0.86708808008398
9.104 3.45303708760821 -7.75765946783969 5.07620166389436 19.5497601664649 29.2610178811417 12.200307243354 277.735076481918 -40.2121275834316 59.1176695384083 0.840472513974988 0.865374079453057 0.867128558636762
9.133 3.37738033338383 -7.80962894509747 5.17898322327396 19.5428757528718 30.2440763983711 12.6466887327591 277.681568833726 -39.7909148250884 60.7659025845675 0.840807457146415 0.865462634424485 0.867534146313855
9.147 3.31018709126707 -7.86406291261775 5.2678953276586 19.969504208119 31.5593634150225 12.6995771113916 278.593411950354 -38.8118233425796 62.1293123261107 0.840730390899925 0.865788845145762 0.867653205846194
9.162 3.24935404345628 -7.90736720027443 5.36305952070756 20.5099583674598 32.5591522643599 12.9105354307868 279.354070755318 -37.9906410083216 64.1363810934997 0.841165421709963 0.865835923547919 0.868006328802344
9.193 3.17419373886498 -7.91749098058268 5.46750178335849 21.1696495536145 32.664305740214 13.433985704502 280.098663679787 -37.0715769074895 65.6427429841497 0.841178879553536 0.866124805356852 0.868078170085834
9.208 3.07440730240982 -7.92007815381043 5.56479185580084 22.2305471936729 31.8520736394751 14.0592894241281 280.408797311808 -36.1244192167405 67.4784686857347 0.841443186167108 0.8661382877379 0.868388796618019
9.223 2.94371850765086 -7.93126514738935 5.66318670891704 23.7113092681988 30.6203013900314 14.4678642985092 280.687917580627 -35.5119772950665 68.8906218171613 0.841302547018549 0.866519985263841 0.868175879872951
9.253 2.80826179513041 -7.94767804610256 5.75563263877912 25.2386516238216 29.4132330830893 14.7004671816354 281.239125822564 -34.7807795655598 70.4615596354451 0.841428463810221 0.86624689191896 0.868353818185387
9.268 2.6936530738655 -7.95622473657897 5.86163876042978 26.2857788278517 28.2337418358491 15.0853822955329 281.555213240308 -33.4627016090039 71.9354036719006 0.841162826614892 0.866248165643797 0.868020939018041
9.283 2.57829479601234 -7.92626798481439 5.97559933888509 26.6144528534635 26.8233447515008 15.6898211652163 281.839691916277 -32.3964314481035 73.6218633047106 0.84130271544693 0.86600225426092 0.868214371415969
9.313 2.43035917484388 -7.88853296337152 6.07582950318689 26.4843052780408 25.5005522610836 16.2101520257939 281.915722724649 -31.8567883032931 74.3596769742395 0.841176123370388 0.866027991751561 0.867895436925565
9.328 2.31409623328112 -7.86720085767768 6.18680634252579 26.186256429626 24.8268329128378 16.3303581972603 281.924150452185 -31.6711094729638 75.4437092768156 0.841062190501501 0.865804097757908 0.867855179794188
9.343 2.20939973089035 -7.86883154476758 6.30667708652334 25.4661040691062 24.7922412246075 16.0454139805877 282.231735406966 -30.7239985256674 77.199338349134 0.840959650919502 0.86572619063331 0.867695624731503
9.372 2.10721216582897 -7.8446213391281 6.44365030232474 24.1202570209742 25.0840094685589 15.8225519718419 282.56856186627 -29.5715986731007 78.8394045142206 0.840740895013245 0.865656074221172 0.867304967439855
9.387 2.00279350862183 -7.84449968220504 6.5605815443701 22.3288420058997 25.5320970713214 16.1257929578638 283.111705679643 -28.4144388057906 80.3154640627985 0.840670484980072 0.865221763076958 0.867200433612603
9.401 1.87936803506564 -7.79991787804704 6.68389589130638 20.1837440648517 26.0216354557923 16.6910762574973 283.120535111678 -27.8529949252116 81.6439176565187 0.84035402497595 0.865202089420455 0.866859295432845
9.432 1.75876815444306 -7.72088849067873 6.80020593291304 18.5554459942444 26.6835940476176 16.9013579447247 283.128481600511 -26.8676954326904 82.7195258908668 0.840195831664048 0.864813176756312 0.866799328806294
9.448 1.64980927699276 -7.68166478443313 6.89644538181229 17.9334891810795 27.4396621237719 16.4142755853667 283.55563344046 -26.0409258894214 83.5075733017801 0.839926836991529 0.864710764262184 0.866621898576858
9.461 1.55533759230496 -7.67952313394697 6.99036321774605 17.7073158354906 27.9185966747535 15.5797182558377 283.640070096414 -25.3568333004792 84.7568159716021 0.839937832760527 0.864742190487158 0.866462211370365
9.493 1.48312205464352 -7.6632304522814 7.07315343977943 17.2320040992698 27.8145232668201 14.9003723844524 283.716063086772 -24.3811499704313 86.1211343744419 0.83969463797836 0.864646876619945 0.866318492884521
9.508 1.42082154504099 -7.63114922643497 7.15538596834482 16.6591853687321 27.1857426958633 14.4027015582209 284.024456778095 -23.6230349733882 87.1090209369977 0.839602383366217 0.864561094139453 0.866312606512802
9.523 1.3410484887806 -7.6031140691113 7.23077192061312 16.1528088165917 26.1931226247503 13.9532710970553 284.662011100286 -22.4607314760494 88.3581188432979 0.839519354215288 0.86448388990701 0.866183848512715
9.551 1.25422912218995 -7.59350461418076 7.27725101250262 15.5329477822608 25.2898408966264 13.5976386438383 284.875809990257 -21.8946583284444 89.3623069589682 0.839697418808328 0.864661463833043 0.866314750222624
9.567 1.17686981003428 -7.60394985665062 7.31118133727775 14.5445385002179 24.9142919214676 13.3645923367064 285.488228991231 -20.8451924956 90.6860762630714 0.839731356395647 0.864697820100931 0.866432561761541
9.596 1.07863571829448 -7.61083664169174 7.3193328416115 13.1710006807305 25.3129390651987 13.2220262328067 285.439406092108 -20.26067324604 92.2374686367642 0.840014392249609 0.864730540742031 0.866661779749112
9.612 0.969096205228714 -7.59081824127073 7.3021286281138 11.6439769485353 26.6740115708925 13.287609869068 285.635465482897 -19.374605921436 93.1537217730878 0.840269124518176 0.865006773229008 0.866744888335381
9.628 0.883379477942718 -7.57208342108043 7.27515267898345 10.2582052078803 28.7142440015896 13.500070256207 286.471918934608 -18.3971453292924 93.318349595779 0.840498383559885 0.8650085985573 0.866942873665568
9.644 0.806294278369605 -7.51930909233908 7.25841602894399 9.2522320153365 30.6901478457054 13.4279258260062 286.384727041147 -17.2774307963632 94.5465146362011 0.840578545218466 0.865380212865295 0.866874549215744
9.67 0.76139831191265 -7.48605765888948 7.25813723694742 9.03769583670361 31.943270465715 12.9981103426422 286.966254337032 -16.3296877167268 95.951863172581 0.840902885265545 0.865468154495499 0.867182620593901
9.685 0.709978613072306 -7.45649052253239 7.27273040793652 9.41789571868211 31.9191724267771 12.4028794610497 287.309628903329 -15.6567189450542 96.9166768553229 0.84094259675356 0.865916865345681 0.867213645095691
9.702 0.65250799162418 -7.42431359819358 7.30304265423698 10.3967168338368 30.5837437337177 11.9221334996776 287.258666012996 -14.8110470505487 98.3850091697906 0.841230531647129 0.865951141727846 0.867610724126891
9.729 0.614072252242837 -7.41726126669453 7.34965684775188 12.0394878985447 28.0085754672162 11.4421338901679 287.392799411697 -14.1099423454939 99.0465082528116 0.841363649975944 0.866228501718786 0.867598938275382
9.743 0.558830096360212 -7.43276127337164 7.40004916277833 13.846226131591 24.30466448538 10.9139510355022 287.873519470527 -13.4789481109445 99.8818574275304 0.841609479547275 0.866108154198101 0.867957487988612
9.758 0.487743905815034 -7.43192708634209 7.45384183484888 15.3387027550731 20.0283965101245 10.5927849395856 287.946167523474 -12.55105329985 100.633671684777 0.841452211060699 0.866369812942016 0.867664241840944
9.789 0.403595183759227 -7.40741385349218 7.50273407958665 16.5536874413979 15.9270835766693 10.4106056822682 287.891550771127 -11.355947969865 101.6703045163 0.841563161448156 0.866111736829317 0.867893343956581
9.804 0.300627292218173 -7.36559982295559 7.54972982522296 17.688395033136 12.559566058697 9.94893442701852 287.662395694014 -11.0603531728785 102.78327406467 0.841410524771492 0.866249849707565 0.867729972477656
9.819 0.201372135599582 -7.34424775119775 7.61046137913865 18.92642575883 10.5448308268731 9.02350663317163 286.796156124613 -10.6143178555907 103.484946658203 0.84152564378787 0.866003769918311 0.867706261791071
9.851 0.134847264516468 -7.34442390152353 7.66122916792156 19.627676312718 10.1269889655599 7.79901856527431 286.916540512151 -10.1528860700316 104.296451992382 0.841250288594776 0.866029355843213 0.867438138263157
9.866 0.0986774766696533 -7.29951159788851 7.72864754904201 19.2588018112172 10.8745954125153 6.69087243393772 286.664886460936 -9.85759746302844 104.666806793144 0.84112893920345 0.865928922910085 0.867196827088034
9.88 0.0968303043472505 -7.23484922021941 7.80781936564049 18.2962804087214 12.2680519017981 6.08132717527677 286.258397814843 -9.5318377167256 104.82012611383 0.840893254468797 0.865591200539781 0.867103107295964
9.913 0.117972620620823 -7.16528065714523 7.88912963793875 17.1513851922768 13.6168192307023 5.8556372058407 285.592558033358 -9.05865394505304 105.378113502447 0.84068113820761 0.865534583136996 0.86677170174787
9.928 0.14250736978158 -7.08830370646671 7.96865348749936 16.0988420928964 14.3383434145023 5.73801241655434 285.653302230023 -8.21278855054774 106.180302152202 0.840616703855001 0.865236294744001 0.866720494489816
9.943 0.149205898164254 -7.01100390680393 8.03795043885929 15.3393395629961 14.280081592136 5.68024170925005 285.16797200702 -7.75150969549297 107.202271936982 0.840305621963386 0.864967835190305 0.866550947692028
9.973 0.137397770510801 -6.95567954952503 8.09570887321433 14.8252529349408 13.5261192344491 5.71527097343955 285.091174806318 -7.33635872594367 107.762044743284 0.840278739235199 0.864726221591979 0.866521815839558
9.987 0.103965684258957 -6.87787549532936 8.13847382039607 14.3320406185459 12.3315225781798 5.6467973112101 285.142057325686 -7.2027228533493 108.265840268955 0.840001453805565 0.864632504614283 0.866248539437105
10.003 0.0937486809605344 -6.79947214875358 8.17666300985915 14.1683022055463 10.9518054348656 5.28211758008909 285.187851593118 -6.24245056801437 108.95925624206 0.84000498789316 0.864671756804048 0.866249648410128
10.032 0.0991580088836536 -6.71412494379643 8.20019944477411 14.5125406872817 9.32914397534855 4.64703559307255 284.749066433806 -5.85820551121294 109.583330617854 0.839755077597729 0.864707083774836 0.866250646485848
10.048 0.106959301224582 -6.67358460365263 8.22898387880622 15.1353324200803 7.51378682972209 4.08691218643705 284.294159790425 -5.45238496009164 109.604997556068 0.839783249306108 0.864738878048546 0.866251544753997
10.062 0.0889012005846793 -6.64009102289552 8.2625513074234 15.308058720057 5.55935471163537 3.89272478458724 284.364743811383 -5.44714646408248 109.744497800462 0.839808603843649 0.864767492894884 0.86612889292979
10.093 0.039429362439015 -6.60252478216298 8.29318094230606 14.9352681152269 3.98280855344894 4.16223093208271 284.188269430245 -5.32243181767423 109.990048020415 0.839957743473853 0.864669648786898 0.866388477800536
10.108 -0.0207773126755072 -6.56015589083022 8.33487343767507 14.2615886319484 3.31124525535595 4.69638951826375 283.84944248722 -5.03018863590681 110.511043218374 0.839965648594619 0.864828646824942 0.866498916581663
10.121 -0.0740654955143255 -6.52292172531593 8.3807165382435 13.4659641198986 3.56867034814097 5.1832391160557 283.544498238498 -4.64716977231613 110.979938896537 0.840099083749727 0.864971745059181 0.866721499087221
10.153 -0.132679059192645 -6.51868009943045 8.41964092476339 12.4697493872981 4.41333003088412 5.54277779986998 282.670048414648 -4.18245279508451 111.401945006883 0.840219175389323 0.865223857114443 0.866921823342224
10.168 -0.220207042174137 -6.52348175387034 8.44563480576728 11.002927120324 5.70634817283388 5.91903437102802 282.603043573183 -3.40420751557606 112.021750506195 0.840579452419317 0.865327434319732 0.867225167307733
10.182 -0.311132800587949 -6.52504993743106 8.46448027218152 9.13927562966565 7.52731640898561 6.23781795682598 282.482739215865 -3.00378676401846 112.399575455575 0.840651507191954 0.865667165051484 0.86725193713814
10.212 -0.366270636328104 -6.51742318808798 8.50628107003661 7.21542440257695 9.66389774518628 6.18426516877697 282.074465294279 -2.70340808761661 112.679617910018 0.840842527966286 0.865726411463069 0.867645186965095
10.242 -0.411106283791104 -6.52001617735413 8.56036192070507 5.64121020659407 11.4852942302096 5.67347223968553 282.007018764851 -2.01306727885495 112.631656119016 0.840888275184227 0.866149296616493 0.867629954829765
10.244 -0.457443870896613 -6.53755305754353 8.60364776156303 4.42594414776672 12.5138640438299 5.09391127525896 281.946316888366 -2.11176055096946 113.188490507114 0.84118164223473 0.866036869606037 0.867985402887557
10.272 -0.493700889761312 -6.55040336740502 8.64475975008568 3.28716652688318 12.4953020669278 4.80589419353459 282.131685199529 -1.72058449587251 113.689641456403 0.841067157479408 0.866305656809158 0.867812825515535
10.288 -0.525494236959574 -6.55927518390853 8.70983261083151 2.33173231694295 11.3801230052732 4.65049561387579 281.698516679576 -1.48852604628526 114.140677310763 0.841342636300393 0.866053996309745 0.868027069263713
10.303 -0.576853161347113 -6.57019270107066 8.78414001060651 1.82069648982881 9.33142368184512 4.31979719752638 281.848665011619 -1.57967344165673 114.366609579686 0.841085581856046 0.866197883239951 0.867726864988535
10.333 -0.650729231797637 -6.61802639345749 8.83006740206295 1.52717645916654 6.86698360373695 3.91377167624702 282.103798510457 -1.42170609749106 114.569948621718 0.841359218239367 0.865957000097458 0.867949704789413
10.348 -0.718235229935927 -6.66987541121624 8.87080352837277 0.760718355234618 4.47417837313425 3.52086779106507 282.213418659411 -0.919535487741954 114.992953759546 0.841100505601123 0.866110586648892 0.867780697227205
10.363 -0.776117589014783 -6.69193911673768 8.92644006014853 -0.511536686395715 2.38095900910326 2.95275047760742 282.49207679347 -0.887581938967758 114.713658383591 0.840994134509162 0.865878433165506 0.867628590421218
10.393 -0.839703881089105 -6.72586238493452 8.97902691961219 -1.94206240706912 0.754313489872327 2.18495634587721 282.202869114123 -0.678823745070982 115.122292545232 0.840771930243939 0.865793092500148 0.867615017940276
10.407 -0.89687168897171 -6.77764185765322 9.00265247166953 -3.74785616636221 -0.300507172092005 1.3550103296101 282.242582202711 -0.910941370563884 115.190063290709 0.840698416687696 0.865592688431636 0.867232421327751
10.423 -0.944432130166703 -6.829510621717 9.01900738365174 -6.05856673293209 -0.825418286943874 0.402715403519319 281.67832398244 -0.759847233507496 115.731056961638 0.840632254487078 0.865288589509177 0.867011681846169
10.453 -0.978677252568733 -6.86912964507081 9.02277328270722 -8.66339708253965 -0.932952794127349 -0.648243159733377 281.710491584196 -0.803862510156746 115.197951265474 0.840319617532256 0.865262233209452 0.866689418843055
10.468 -0.994055264864503 -6.92166589549904 9.00563236801072 -11.2894237864994 -0.743474308607744 -1.7353272407066 282.039442425776 -0.903476259141072 115.378156138927 0.8404176557936 0.864991179809211 0.866646439875483
10.483 -0.998079246587281 -6.97613111899845 8.97051321919183 -13.8780386597579 -0.482103976983611 -2.88851207388785 282.455498183199 -0.993128633226964 114.820340525034 0.840126478708125 0.864870967009793 0.866360701069437
10.513 -0.974227368509821 -7.00833053380149 8.92585752715546 -16.2734409006523 -0.391908846460822 -4.18439369092655 282.949948364879 -1.55381576990427 114.558306472531 0.839991040023005 0.864762775490316 0.866227133613686
10.528 -0.925406926580714 -7.03503554156331 8.86992557921897 -18.2102189479917 -0.781725595402526 -5.59038180274992 283.694953528391 -1.75843419291384 114.142475825278 0.839869145206397 0.864665403122787 0.866106922903511
10.543 -0.8585440460221 -7.04446538470007 8.81910798620185 -19.6380520150246 -1.98446906639662 -6.86340469117722 284.485458175552 -1.82259077362246 113.64822824275 0.83975943987145 0.864577767992011 0.865998733264353
10.573 -0.784301519546749 -7.07497892542318 8.76211936775745 -20.3452391799343 -4.13335040403177 -7.86637719915874 285.076912357997 -2.12033169626021 113.443405418475 0.839660705069998 0.864622493844003 0.86577776511942
10.588 -0.710001365605452 -7.1139332690564 8.70292880091579 -20.4618603001088 -7.05131307355226 -8.6339379525253 285.129221122197 -2.62829852663419 112.899064876627 0.839824634577567 0.864662747110796 0.865949275168658
10.602 -0.655581076082699 -7.16383621442859 8.63062333423058 -20.3049872471972 -10.2690825295558 -9.13771972979186 285.476299009977 -3.14546867397077 112.829158388965 0.839845850587962 0.864698975050909 0.866226821815517
10.632 -0.602412962142031 -7.21066422476063 8.5574679794147 -20.2157098965233 -13.3498078643865 -9.26822256597298 285.84866910898 -3.91092180657369 112.586242550068 0.839991265543735 0.864607982727321 0.866476613797691
10.647 -0.541154130170555 -7.23455367577395 8.49300483663986 -20.2651312732832 -16.0362011237494 -9.0772781719711 286.303802198082 -4.71982962591633 112.487618295061 0.839995818457513 0.864896471015769 0.866578238979102
10.662 -0.505833200099895 -7.24288603745986 8.43127702295878 -20.2088471535884 -18.102810019008 -8.95199310286559 286.713421978273 -5.32784666332469 111.558856465555 0.840252408105289 0.865032786830925 0.866792889244916
10.693 -0.484698562159684 -7.27187316193958 8.34872733312933 -20.0032296138021 -19.2635213835194 -9.25450371624316 286.662079780446 -6.05506199699222 110.902970819 0.840230846762912 0.865278794709013 0.86698607448415
10.707 -0.433355663904143 -7.31190777338845 8.25683522306164 -20.1197005455517 -19.521902069595 -9.86569456599289 287.155871802402 -7.129555797293 109.8926737371 0.840589956655546 0.865253417889304 0.867405910576503
10.722 -0.361708663125568 -7.32980285153361 8.17293522431505 -20.7077304909965 -19.2323072824828 -10.5562243460348 287.780284622161 -8.1566002175637 109.04340636339 0.840660961004561 0.865600550264099 0.867414606080033
10.752 -0.274122317629814 -7.33633162437891 8.08581338233398 -21.352987976248 -18.7006796076696 -11.2250293923474 287.982256159945 -9.20094019580733 108.519065727051 0.841102934804135 0.865666458154422 0.867791589012798
10.766 -0.186615622041607 -7.31527275317026 8.00836140429956 -21.6497502473255 -18.1168711888874 -11.8498546973874 288.644030543951 -9.5408461762266 107.807159154346 0.841122641338291 0.866095338638712 0.867761716672699
10.796 -0.0752984547597023 -7.29410509890121 7.92734199627622 -21.2946988867151 -17.6509855967162 -12.4251745711602 288.819627489556 -10.3867615586039 106.746443238911 0.841392571773388 0.865988307426033 0.868103988546197
10.811 0.0533181431309713 -7.31078767143907 7.84676309106693 -20.2644656392649 -17.7874137546019 -13.0612830682426 288.9776647406 -11.3880854027435 105.43179891502 0.8412569940642 0.86613876324461 0.867796092342771
10.825 0.147166133142978 -7.31891869929333 7.75808120678019 -19.1937442661781 -18.8300464249432 -13.3780555247771 289.35989826654 -12.2892768624692 104.248619023518 0.841387466151308 0.865903792101652 0.868134926649262
10.841 0.227559185222509 -7.30462893927306 7.67898577073351 -18.1674996105527 -20.4126906374107 -13.0356698196277 289.463908439886 -13.1003491762223 103.183757121166 0.841125928721869 0.866185887055212 0.867947396901069
10.871 0.30254655140256 -7.26662901417204 7.61540147321644 -16.9018946876654 -22.3111162301582 -12.2183623796496 289.557517595898 -13.7103142586 102.46538140905 0.841395530418608 0.865946203531193 0.868025131374687
10.901 0.319697088518277 -7.19585767426302 7.52806853643557 -15.3743006387462 -24.5479435384401 -11.2720986607686 289.881765836308 -14.61928283274 101.098843268145 0.841259656844899 0.865977546094807 0.867848581153952
10.903 0.336030399666907 -7.20716184709856 7.44450091771633 -13.8712217199097 -26.3839888792526 -10.4532857412567 289.813589252677 -15.677354549466 99.7489589413302 0.841263691174978 0.865882294136519 0.86768968595529
10.932 0.340974008321776 -7.21787428558817 7.36964916693285 -13.455091914331 -27.5585670905639 -10.0071938083524 289.932230327409 -16.5696190945194 98.5940630471972 0.841014531243173 0.865549234643572 0.867423220010954
10.946 0.36673165137769 -7.20237633914605 7.31365506208344 -13.9485140206078 -27.7294279387595 -9.81410801530339 290.039007294668 -17.4926571850675 97.3146567424775 0.840790287304548 0.865496813830408 0.867183400661052
10.978 0.417925686614525 -7.16310951707532 7.26487646421555 -14.7445023132035 -27.1206072822881 -9.60216286262801 289.955106565202 -18.6233914665607 96.2231910682297 0.840714938042245 0.86507842872527 0.86709102351168
10.991 0.503803918638955 -7.16200647590551 7.19954761791912 -15.5242505551656 -26.1833557143646 -9.39003817941864 290.419595908681 -20.1810523199047 95.3008719614068 0.84026726095267 0.864825755773447 0.866760826342015
11.008 0.601923885833439 -7.21614021514052 7.13608294363636 -16.7176270263666 -25.212348387203 -9.15561451414854 290.657636317813 -21.0429470879142 94.0507847652661 0.840244214325554 0.864722085377605 0.866710706624546
11.021 0.692925330601231 -7.28299665261084 7.07609169753627 -18.7015895145696 -24.2330982813071 -8.73623626884055 290.691872686032 -22.2386523791228 92.8657062887395 0.840097002078692 0.864752379491037 0.866418541143594
11.052 0.75513432914206 -7.32993950672842 7.00001309876653 -21.3039496470821 -23.0296357814207 -7.82978821447558 291.322685417429 -23.5547871412105 91.7991356598655 0.839964511056515 0.864532311462638 0.866402649945968
11.068 0.815491841681498 -7.37536037768033 6.90718132166576 -24.1918752930609 -21.4953744933549 -6.27963382050894 291.830416875686 -24.3193084270895 90.419222093879 0.839845269136556 0.864581582967567 0.866264887602564
11.082 0.855508249802319 -7.39594830994404 6.80489812411527 -27.0955885271136 -19.7824782653935 -4.36617425525194 292.107375188117 -25.1873775843805 89.3572998844911 0.83999074223747 0.864625927322003 0.866264361759041
11.113 0.896550835790868 -7.40735469393071 6.70212919221217 -29.4203808194404 -17.8256044846557 -2.71123621903972 292.296637669306 -26.2686398259425 87.981569896042 0.839868877199416 0.864665837240996 0.86626388849987
11.128 0.952822346945973 -7.42270810126189 6.60012019907738 -30.8661289970384 -15.739227242297 -1.6385858795785 293.006973902375 -27.1817758433482 86.5634129064378 0.840011989494043 0.864578158698399 0.866509973813608
11.142 1.03010219883356 -7.45017315196028 6.4990345707712 -31.5558519751971 -14.1072892508917 -1.18846774963592 293.466276512138 -27.3435982590134 85.107071615794 0.84001447001279 0.864746305745292 0.866608262993428
11.173 1.09301016227692 -7.50362209004489 6.39872012774743 -31.8201141059217 -13.399613760917 -1.26198738688607 293.879648860924 -28.4492384331121 84.1563644542146 0.840143023026081 0.864897638087496 0.86681991085781
11.187 1.14178631451389 -7.56591180135901 6.29682523823318 -31.9732171991463 -13.5955302474208 -1.58922376270128 294.191683974831 -29.1443145898009 83.2407280087931 0.840132400191624 0.865157160839927 0.867010393935754
11.202 1.1844877518415 -7.63280628177609 6.18051942720894 -32.1423076929721 -14.5138398180985 -1.86465253146932 294.232515577348 -29.7698831308208 82.0566552079138 0.840501354741387 0.865390731317114 0.867181828705904
11.231 1.21831019972558 -7.6805614774205 6.06339431287244 -32.3868555496291 -16.0952802637696 -1.92093536992544 294.569264019613 -30.1528948177387 80.9309896871225 0.8404548987354 0.865724132349128 0.867212932396493
11.246 1.23689910401221 -7.72587546212474 5.94182088805492 -32.4321394603151 -18.1162865885377 -1.79907084056648 294.872337617652 -30.9776053359648 79.5578907184102 0.840791603430786 0.865777682030948 0.867610082697613
11.261 1.2663183864592 -7.81855242702066 5.79032669216325 -32.4034293310775 -20.3588564029663 -1.57336222979228 295.205103855887 -31.6598448023683 77.7821016465692 0.840842443102276 0.866072387991578 0.867721548591576
11.304 1.28878545671449 -7.88651903795629 5.64278902187881 -32.7417123521682 -22.8374745794636 -1.46106417475198 295.204593470298 -32.5738603221315 76.3638914819123 0.841266268692079 0.866091112109154 0.868067837273187
11.305 1.30715031543147 -7.96139586264577 5.4967771790171 -32.9461670711498 -25.346093533731 -1.64320203208594 295.324134123268 -33.6364742899184 74.967502333721 0.841143321291023 0.866354475061964 0.868133527709594
11.319 1.30715870069359 -8.06116653944272 5.33100971177915 -32.8378099060196 -27.5794231116556 -2.09643908078575 295.971720710942 -34.2928268609265 73.2907521003489 0.841411183730846 0.86622153020696 0.868438618479403
11.351 1.29316016918624 -8.1373730552067 5.17804811533421 -32.6570823505321 -29.1359846172839 -2.78679517270717 295.894548639847 -35.1835441748339 71.241676890314 0.841273744825913 0.866471851349989 0.868344043192643
11.365 1.29193393784348 -8.19087541567113 5.02954891445752 -32.1005344208224 -29.7987220334181 -3.51880267833722 295.765093775863 -35.6851897573505 69.6975092012826 0.841654440243353 0.866203571396493 0.86850516517311
11.38 1.29567859528289 -8.23034862697267 4.88404834678039 -31.0423893756868 -29.8241933415267 -4.04860179981647 296.188584398276 -36.5566707816154 67.6477582811544 0.841239584712903 0.866455688420569 0.868280611572532
11.411 1.33280703387701 -8.28736242073903 4.74352101454376 -29.6663947129272 -29.5997892745496 -4.24145154349895 296.029725958449 -37.1610037034539 66.102982453039 0.841245626256182 0.866189024760014 0.868325024579004
11.427 1.37053218748012 -8.34867067710873 4.60699077817117 -28.4447934095735 -29.4863752325908 -4.22188654182081 296.306753362604 -37.4049033331085 64.0526842077351 0.840998272816257 0.866072624935206 0.868118485037837
11.441 1.40897394954418 -8.39157784798428 4.47507545088811 -27.533138496097 -29.4438445795608 -4.26152994870743 296.196078026343 -38.1044129997976 62.6874157869616 0.840902125002782 0.865967865092878 0.868055923095233
11.488 1.43519183760215 -8.39847108857648 4.36544961394444 -26.7309696846553 -29.2338112666428 -4.52545328971455 295.556470223709 -38.6739716998179 61.1586742082654 0.840815591970656 0.865626248504295 0.867876293702443
11.49 1.4628580757856 -8.38725719276204 4.26115999217249 -25.665506303976 -28.6569950254747 -5.01947284623928 295.520823201338 -38.7665745298361 59.6028067874389 0.840484621267476 0.865442528835368 0.867714627248932
11.502 1.52438896437404 -8.41864417871655 4.16412700648979 -24.3775816277769 -27.8996924694922 -5.56561716466879 294.948740881204 -38.7899170768525 57.902526108695 0.840313368326421 0.865277181133334 0.867569127440772
11.533 1.6102928537719 -8.46897899103899 4.07697689624914 -23.5863883504954 -27.5143033752147 -6.14798674591183 295.153866793084 -39.4109253691672 56.3722734978255 0.839905848208428 0.865128368201503 0.867191119878197
11.547 1.66809360551171 -8.49458809190457 3.99926005684395 -23.4468334849115 -27.5247050987619 -6.91334074307637 294.678480113776 -39.9098328322505 55.1750461480429 0.839792472573278 0.864994436562855 0.867097970807111
11.562 1.71807921261191 -8.5205093219292 3.89376101687306 -23.5326844875654 -27.3684177949926 -7.83956392067713 294.550632102398 -40.2988495490255 53.9175415332386 0.839690434501643 0.864997495557763 0.866890676377593
11.588 1.8366879611963 -8.5544327015649 3.78450650389272 -23.9351412296485 -26.9720340307605 -8.90446249044148 294.435568892158 -40.5289645941229 52.6657873799148 0.83972507051963 0.86500024865318 0.866704111391027
11.603 1.97336335090583 -8.56994013026095 3.68240659012149 -24.7912454272944 -26.7336092536387 -10.3193597528477 294.272012002942 -41.5160681347106 50.8792086419233 0.83962977265336 0.865002726439055 0.866659663168657
11.618 2.07991106904553 -8.55349043638768 3.60500157392398 -25.7953269914352 -26.5167368778931 -11.9553627088607 293.524810802648 -41.9244613212396 49.631287777731 0.839670474856175 0.864881358976652 0.866619659768525
11.65 2.17334994909472 -8.55915614036854 3.53150634035208 -26.4974736816046 -25.9276586099511 -13.3041012471349 292.852329722383 -42.0520151891156 48.0281589999579 0.839707106838709 0.86489572573018 0.866583656708406
11.665 2.28473883781409 -8.61579049886587 3.43513382731144 -27.4248255500854 -24.9715339703301 -14.0759811987573 292.367096750145 -42.1668136702041 46.9453430999621 0.83974007562299 0.865032116073895 0.86679776520129
11.679 2.35560002845742 -8.64234058792582 3.32325944833395 -29.1815796362982 -23.8682737030681 -14.4019708651411 291.990387075131 -42.3301323031837 45.1908087899659 0.83989606807526 0.865401378630231 0.866990462844886
11.711 2.38214525212841 -8.62894595326654 3.20772847115193 -31.239757550531 -22.2287745770361 -14.6014684351155 291.771348367618 -42.4771190728653 44.4517279109693 0.840162632761261 0.865610527328387 0.867040703121578
11.726 2.43009768095609 -8.64149119253461 3.07376320879931 -33.0028046962413 -19.7425383407065 -15.1542986908406 291.034213530856 -43.3894071655788 42.8865551198724 0.840150048953287 0.865675437512282 0.8670859193706
11.74 2.51922354251441 -8.62476972754751 2.93667448509879 -34.7284784250904 -16.859887560071 -16.4465024095428 290.85079217777 -43.6104664490209 41.8378996078851 0.840517238626883 0.865857180322234 0.867372853733271
11.77 2.6538450582352 -8.61121681942899 2.79210594549013 -36.3075389795279 -14.2174102544455 -18.2850582754588 290.265712959993 -43.9894198041188 40.7141096470966 0.840469194232347 0.866266988589742 0.867384854921124
11.784 2.79188352795184 -8.59321323288404 2.64744948674052 -37.6622812647813 -12.3284936564819 -20.1290715318824 289.619141663994 -44.4504778237069 39.822698682387 0.840930344709143 0.866142792381961 0.86776481296978
11.799 2.91186845873362 -8.57838672923675 2.49750650521048 -38.4960531383031 -11.2040412373986 -21.3787597985415 288.557227497594 -44.6254300413362 39.1404288141483 0.840967310252798 0.866524039443496 0.867737618233982
11.83 3.08102673805863 -8.58742866391805 2.32012060221369 -38.8891959160759 -10.8256218464832 -21.8706548110537 287.781504747835 -44.9628870372026 38.3463859327334 0.841378649127549 0.866374138150339 0.868082299951353
11.847 3.22476975784102 -8.57778943903626 2.13461590948405 -39.1697419733233 -11.5316092801555 -22.1156503986506 287.203354273052 -45.3865983334824 37.3917473394601 0.841117993400487 0.866609198499031 0.867900032872951
11.863 3.31008520721256 -8.54068300718708 1.95533154734405 -38.8161265546169 -12.8257765964147 -22.2315662748161 286.683018845746 -45.6479385001341 36.4125726055141 0.841388388629364 0.86632718383063 0.868105555885387
11.894 3.39225603639059 -8.54355936284044 1.77446287866025 -37.4360406167125 -14.1088477917351 -22.0442875099299 285.854716961172 -46.2431446501207 35.6513153449627 0.841000138260313 0.866566939611292 0.868044286858028
11.905 3.50182355790412 -8.566139671521 1.58755949433674 -35.8771693794687 -15.7491080507295 -21.8726831864178 284.749245265055 -46.5388301851087 34.2461838104664 0.841156295927809 0.866289150831666 0.868235384471957
11.922 3.59851896776923 -8.56108343599732 1.4068965997937 -34.3581547315982 -18.0627468639772 -22.0212927303715 283.754320738549 -46.6849471665978 32.8615654294198 0.84091787552072 0.866286198665232 0.867914348675954
11.951 3.66399699462207 -8.55593420265759 1.24681390553498 -32.2513468920261 -20.7053271394115 -22.0054229993191 282.678888664694 -46.516452449938 31.4354088864778 0.840956087983218 0.866036483980212 0.867748876725092
11.966 3.73136680733637 -8.58368152259569 1.09639484789774 -29.580410676106 -23.4065501506612 -21.4300715390818 282.130999798225 -46.1848072049442 30.09186799783 0.840864158653047 0.865935338233384 0.867352894234085
11.982 3.82851120303401 -8.63397273312909 0.948448137403777 -27.1246596848312 -26.4040630745264 -20.7603468279217 281.457899818402 -46.4263264844498 28.702681198047 0.840528331281628 0.865844307061238 0.86712010746187
12.027 3.9143250626653 -8.70766604743215 0.791354080403969 -25.2106669987909 -29.8056414998982 -20.4110297023815 280.672109836562 -46.8236938360048 27.3924130782423 0.840352707339158 0.865515046275819 0.867157383276863
12.029 3.91207004567947 -8.72419058801364 0.656254208414369 -23.6957071691408 -32.9853826934198 -19.8783236787082 279.724898852906 -46.8213244524043 25.6131717704181 0.839941253319891 0.86546604429943 0.866820550130679
12.041 3.91656473560005 -8.73217933942346 0.535861423309398 -21.7513272919214 -34.9830276301847 -18.7393462726694 278.992408967615 -47.0591920071639 24.0118545933763 0.839950807456054 0.86529834505099 0.866764458034344
12.072 3.99572802140894 -8.72009593459488 0.418769083049075 -19.4029121199811 -36.0931218137311 -17.6585414163949 278.153168070854 -46.7332728064475 22.0306691340387 0.839706315204334 0.865271013197084 0.866590514882103
12.088 4.07738976974412 -8.71598442386855 0.331821326875248 -16.6496438087464 -37.0952600140374 -17.2415422365874 277.157851263768 -46.4399455258028 19.8876022206348 0.839612892869593 0.86499908179808 0.866557426310626
12.103 4.11323652236871 -8.72652957431617 0.263803560552203 -13.6190305729099 -38.1864973714123 -16.8899070968982 276.922066137392 -46.3559509732225 18.0188419985713 0.839528812768327 0.865001676269465 0.866280588861066
12.133 4.15711049052368 -8.74068892233499 0.211865102366093 -10.593768736993 -39.1518170999199 -16.056641578048 276.349859523652 -46.4003558759002 16.2169577987142 0.839579610959645 0.864880413824021 0.866155032626153
12.148 4.20784979890845 -8.73463789432879 0.170866572960153 -7.8939338480265 -40.0740399700806 -15.0731148248234 275.774873571287 -45.9003202883102 14.4152620188428 0.839625329331832 0.864771277623121 0.866288815924717
12.164 4.23316443411465 -8.72931165524991 0.141389921996535 -5.53431145559026 -41.0704527669657 -14.3459560140968 274.957386214159 -45.5102882594792 12.7337358169585 0.839666475866801 0.864796652512002 0.866409220893425
12.193 4.22727705640753 -8.72619393195514 0.10923456164617 -3.62820855430604 -41.89623191775 -13.8243375119237 274.041647592743 -45.0992594335313 10.5603622352626 0.83982982829469 0.864942950177535 0.866517585365263
12.208 4.24526204112017 -8.74583365970079 0.0559935898699047 -2.33027319505865 -42.2524102526926 -13.4892320050062 273.937482833468 -44.6093334901782 9.20432601173637 0.840103016958748 0.865074618076515 0.866738300992462
12.223 4.25276951887766 -8.7414228897085 -0.00437313338062029 -1.82090999769019 -42.0867112121561 -13.5738965907651 273.063734550121 -43.8684001411603 7.44389341056273 0.8403488867564 0.865193119185597 0.866936945056941
12.253 4.25569552986526 -8.74661104507359 -0.0819867970342117 -1.71973502845552 -40.9772767321619 -13.7867359393222 272.937361095109 -43.2615601270443 5.67950406950646 0.840570169574288 0.865423093828217 0.867238776850978
12.268 4.29460108407173 -8.74523504341047 -0.152856629055263 -2.01417373935043 -38.7429078375717 -13.756917307222 272.463624985598 -42.9554041143399 4.33155366255581 0.84051683208501 0.865630071006575 0.867140862082613
12.283 4.35870567674488 -8.70975954321981 -0.208080209161211 -2.51657315930851 -35.6945712522878 -13.6125232864235 271.857262487039 -42.9798637029059 2.69839829630023 0.84097321877654 0.865693026822651 0.867545219415121
12.313 4.42609629376277 -8.68585218478406 -0.248384186803134 -2.73896164490438 -32.1648087835476 -13.4115763012926 271.611536238335 -43.0618773326153 1.40855846667021 0.841005896913455 0.866119250440117 0.867539984034789
12.328 4.50278903255056 -8.68019707342235 -0.290403851132541 -2.89407311400173 -28.594892790689 -13.0291972971175 271.450382614501 -42.3556895993538 -0.172297379996811 0.841413377122141 0.866133288312839 0.867904429172078
12.342 4.57109423764816 -8.65314072972758 -0.326186479563369 -3.40848259649468 -25.4163195421544 -12.5224607735126 270.765344353051 -42.0201206394184 -1.53506764199713 0.841275718878078 0.866269246042735 0.867739949171604
12.373 4.61114081402068 -8.59150030558905 -0.345940996499229 -4.03404655058567 -22.6006417864123 -12.0755582076118 270.448809917746 -41.7781085754766 -2.94156087779742 0.841656216890301 0.866268284355195 0.868207180709091
12.387 4.66112893217305 -8.5368619174862 -0.349055572710665 -4.35201594132863 -19.9016463100611 -11.6580787227285 269.683928925971 -41.9202977179289 -4.08740479001768 0.841367804386964 0.8665139300834 0.868135749199362
12.403 4.73700345808417 -8.51330534915067 -0.356407676066964 -4.68551663727211 -17.5130083966123 -11.3823471863335 269.835536033374 -42.048267946136 -4.63866431101591 0.841739093848298 0.866241442256563 0.868317700579157
12.433 4.7931399576737 -8.49503727227393 -0.353507617645868 -5.5581863475907 -15.6097991600045 -11.1838071241887 269.191982430037 -41.5034411515224 -5.55479787991432 0.841442393649161 0.866366584592087 0.868111893437974
12.447 4.8276216238326 -8.49344003918716 -0.36256929594285 -6.70389443038888 -13.8816436714849 -10.7845103812355 268.792784187033 -41.4330970363702 -6.07931809192289 0.841428154298814 0.866232428784071 0.868049990655357
12.461 4.90001497712011 -8.52899298122181 -0.371921909076035 -7.78846681941106 -12.1942426631151 -10.1579677400585 268.37350576833 -41.4297873327332 -7.2113862827306 0.841162548054625 0.866111688556857 0.867870954506555
12.493 4.95708856027969 -8.53920336709011 -0.406256495912725 -8.90885677869133 -10.7450474044372 -9.63072058437324 267.816155191497 -41.6068085994598 -7.93024765445754 0.840923502434856 0.865879424882674 0.867709821972633
12.508 4.96583798862977 -8.53606256376733 -0.456371091902126 -9.75842911608937 -9.19344342735222 -9.20428974730996 267.614539672347 -41.5861277395139 -7.79722288901179 0.840708361377063 0.865546652315111 0.867441342426562
12.522 4.97772277001276 -8.52042694566574 -0.495787998825195 -10.128387731198 -7.20234335942616 -8.62508214662477 267.253085705113 -41.5075149655625 -7.97750060011061 0.840261341954006 0.865247157004304 0.867199710835099
12.552 5.02534963432313 -8.51844557235772 -0.517855686655535 -10.0537168970095 -5.1072998631782 -7.91448232890885 267.167777134601 -41.6767634690062 -8.13975054009955 0.840238887226757 0.865101346485376 0.867105702668322
12.566 5.04588786730195 -8.51229288676501 -0.533047910968268 -9.93307803173602 -3.46145537304358 -7.26043867617064 266.370999421141 -41.7090871221056 -8.76577548608959 0.839965586997967 0.864970117018341 0.866650302322194
12.583 5.04072954627 -8.53752100317884 -0.545404103195493 -9.72602977054715 -2.06111136245678 -6.37256274748487 266.073899479027 -41.6781784098951 -8.42919793748063 0.839846237483863 0.86460440159441 0.866734558651155
12.611 5.02716867660394 -8.55058961971887 -0.554549455758176 -9.6786176331871 -0.777900989569882 -5.28645151090433 265.866509531124 -41.7103605689056 -8.66627814373257 0.839485430450126 0.864522866616471 0.866440007967542
12.628 5.0179566192768 -8.54918323037882 -0.566491288050629 -9.70388564086075 0.360957811677183 -4.48299719950855 266.039858578012 -41.859324512015 -8.51965032935931 0.839540566873265 0.864573082606017 0.866298509821981
12.644 4.99458231164294 -8.53858015010827 -0.567362852786139 -9.63273371799605 1.23936584730336 -4.07668221238212 266.075872720211 -41.8733920608135 -8.98768529642338 0.839463719371631 0.864494679526918 0.866171161490976
12.668 4.96995413571546 -8.54489898446268 -0.579040880108615 -9.40533820879187 1.89787201066462 -3.81099872396834 265.62828544819 -41.7660528547322 -8.80891676678104 0.839521026902619 0.864424116755729 0.866303331903058
12.683 4.93821197989538 -8.55471591737627 -0.602419938240713 -9.21289599096611 2.43251229051419 -3.57493701951044 265.585456903371 -41.4294475692589 -8.76802509010294 0.83944613339805 0.864607667996889 0.866298961629486
12.699 4.91120024540682 -8.56911765861594 -0.622443555826783 -9.088552956755 2.90605495459254 -3.38309217252122 265.126911213034 -41.906502812333 -8.91122258109265 0.839505199526397 0.864772864113934 0.866418352027717
12.728 4.88635100142949 -8.58172007198409 -0.63741220745579 -8.89496483665202 3.30018228356077 -3.20279822244467 264.71422009173 -41.7358525310997 -8.92010032298338 0.839684679588326 0.864921540619274 0.866648990988671
12.744 4.8523149479937 -8.58486217077323 -0.656211087523123 -8.56501033771964 3.67092741398332 -3.04511382004753 264.582798082557 -42.1822672779898 -8.68809029068505 0.839972383123021 0.86505534947408 0.866733378450984
12.758 4.80881366635961 -8.59397477342857 -0.663493421153623 -8.14362380776447 4.13131558861552 -2.97037343040919 264.344518274302 -42.2240405501908 -8.47928126161654 0.840105144825288 0.865299101087852 0.866809327167065
12.789 4.80048784171584 -8.6047498920635 -0.67363882047808 -7.77735303004146 4.63574128166237 -3.01761089652858 264.310066446871 -42.2016364951717 -8.35135313545489 0.840476824911685 0.8653951538958 0.86712392075009
12.805 4.79455085296967 -8.59738884023508 -0.675646930779897 -7.52633528428922 4.90880837487018 -3.16699484504366 263.919059802184 -42.4214728456545 -8.5962178219094 0.840559142435086 0.865851164805951 0.867160815236261
12.818 4.80028072326963 -8.61027664230776 -0.67446148083736 -7.18515213753969 4.88128631600911 -3.37472284145533 264.047153821966 -42.4993255610891 -8.69659603971846 0.840885422760503 0.865892011242089 0.867563177253404
12.85 4.78592485782133 -8.61942157405477 -0.672915736014808 -6.88572089325137 4.61682180654561 -3.62427345807315 264.102438439769 -42.2693930049802 -8.48693643574661 0.840926880499022 0.866175284281605 0.867679333691788
12.864 4.78946475920045 -8.60921662978406 -0.67565455959007 -6.63684346041478 4.31697168695975 -3.82367817333454 263.492194595792 -42.0024537044822 -8.35824279217195 0.841216387018045 0.866060258504638 0.868029843863378
12.879 4.817670077714 -8.59225105582543 -0.677700515917821 -6.25178506857178 3.95016001444698 -4.10237905829116 263.422975136213 -42.0022083340339 -8.24241851295476 0.841098427784392 0.866326706817899 0.86797614603822
12.909 4.83461527582944 -8.57925655250729 -0.67409506708254 -5.71439282125659 3.32308294429999 -4.4936678700193 263.600677622592 -41.4019875006306 -8.37817666165928 0.841370779574879 0.866072941317612 0.868296974975167
12.924 4.86171726486332 -8.57725798313302 -0.687370156674411 -5.07119781394009 2.42283571857228 -4.76491177004027 263.400609860333 -41.3417887505675 -8.14035899549335 0.841110910803083 0.866461173485582 0.868093240394383
12.938 4.89137629361075 -8.56929424307778 -0.699437447275662 -4.45568108598119 1.35154451312727 -4.78842059303624 263.460548874299 -41.5276098755108 -8.04632309594402 0.841255991216302 0.866193961318526 0.868279442654676
12.97 4.90753494224955 -8.56446118565233 -0.710657138722488 -3.78339542013117 0.335474031280191 -4.73095257953414 262.79449398687 -41.4548488879597 -7.96169078634962 0.841134071562823 0.866323851747854 0.867954001040402
12.985 4.9162717567862 -8.57926502894012 -0.724525730994954 -3.11726961857606 -0.477462684824928 -4.72045274142806 262.915044588183 -41.7493639991637 -8.00552170771466 0.841024343874693 0.866193969224261 0.867907887497542
12.999 4.90713607433267 -8.57044216755612 -0.73748630391444 -2.65210754221464 -0.944983591914954 -4.70794945201808 262.843540129364 -41.4744275992473 -8.22496953694319 0.840799118672916 0.865953477483338 0.867743061664521
13.032 4.91196237054015 -8.55597741094455 -0.748911399604845 -2.24949220784051 -0.942088286158573 -4.6379178655949 262.719186116428 -41.2869848393226 -8.36247258324887 0.840596415991317 0.865737034916507 0.867594718414802
13.046 4.9192987624992 -8.55002204198144 -0.755901955630154 -1.89400863591142 -0.698261136932029 -4.64359172789037 262.547267504785 -40.9382863553903 -8.78622532492399 0.840540453860337 0.865542236606359 0.867461209490055
13.062 4.91901822783253 -8.53765909330698 -0.752137812732849 -1.65804288682409 -0.374236549956383 -4.67999591387996 262.632540754307 -40.9844577198513 -8.68760279243159 0.840110225188952 0.865490515596916 0.867093993722552
13.108 4.93079658655257 -8.52485654762374 -0.750904863559479 -1.50597905615695 0.0837977920621558 -4.64405739119425 262.409286678876 -41.0860119478662 -8.89884251318843 0.83997641185575 0.865320369218727 0.867133880911477
13.11 4.95139290369688 -8.51453130851078 -0.743929414883203 -1.45003763909087 0.605952364000978 -4.65217073604429 262.088358010988 -41.4174107530796 -8.96895826186958 0.83972935916406 0.865290834948047 0.866799398001832
13.124 4.97316178211992 -8.5022458679368 -0.738549335838807 -1.45923234846423 1.06825789095966 -4.73733534182918 261.61952220989 -41.1756696777716 -9.09206243568263 0.839633632433347 0.865016921373947 0.866498363383151
13.153 5.00879490848861 -8.49837156953424 -0.732989004887449 -1.43391980064071 1.43242446827591 -4.76054837253176 261.797569988901 -41.4381027099945 -9.32285619211437 0.839420857683898 0.864894134418055 0.866227432226339
13.168 5.03930846878721 -8.48045961399683 -0.733192096624351 -1.49739804958427 1.59223545656282 -4.7791500238282 261.897812990011 -41.374292438995 -8.99057057290293 0.839355981101201 0.864659890896954 0.866230651920438
13.182 5.06964371230156 -8.47158134287425 -0.739300528592089 -1.46521549653424 1.63224855212791 -4.82337242602553 261.568031691009 -41.4968631950955 -8.63151351561264 0.839297592176773 0.864696404458451 0.866233549645127
