67.589 3.44726616017262 -1.14981422085088 10.0002030020237 -0.741475942930367 0.825419771092959 -2.07115408571587 170.616197452789 11.3926439713885 41.5102064256155 0.839302551945154 0.865089293723813 0.866491288486127
67.604 3.44574835782265 -1.17285852365364 9.98557622599126 -0.623816898255651 0.901656419937862 -2.2999165397397 170.95457770751 11.5733795742496 41.6791857830539 0.839502296765208 0.865206327268165 0.866591446198694
67.631 3.44761450485899 -1.20359419047239 9.96732446581889 -0.309526811483521 1.02675795351659 -2.63557374072756 171.319119936759 11.5560416168247 41.6512672047485 0.839682067103256 0.865311657458082 0.866681588140005
67.65 3.45234665331108 -1.23730165594282 9.94443359104486 0.114555640657197 1.20881498259242 -3.03613850405939 171.287207943083 11.5404374551422 41.5061404842737 0.8398438604075 0.865529778273453 0.866762715887184
67.662 3.45145805826959 -1.26650111824389 9.92742305512153 0.630580992622012 1.42381134692859 -3.38595976815726 171.378487148775 11.526393709628 41.3755264358463 0.840241668935676 0.865726087007288 0.867081970598197
67.692 3.44197933809021 -1.28470021143659 9.9215107934021 1.29118701549722 1.65929280765558 -3.69011188294459 171.220638433897 11.5137543386652 41.0179737922617 0.840347502056677 0.866025952470284 0.867123060099557
67.706 3.43674050214343 -1.30006186057721 9.9201402583429 2.06283167272612 1.91550093147018 -3.98827626716922 171.378574590507 11.3223789047987 41.1161764130355 0.84082082175104 0.866049320139989 0.86752919763037
67.721 3.44393670358467 -1.30622589489455 9.94452466237921 3.00845690240007 2.16669892992621 -4.29860894579581 171.520717131457 11.5101410143188 40.724558771732 0.840868739590506 0.866439914425722 0.867648752031058
67.752 3.47788675843067 -1.3126713505444 9.99053240121942 4.18623716635854 2.33476186136107 -4.61378621915516 171.048645418311 11.3191269128869 40.8521028945588 0.841164060200381 0.866298425634343 0.867879403127684
67.767 3.52184932427156 -1.32308110634003 10.0196092155714 5.31875848789062 2.32800323247687 -4.87836179571293 170.50378087648 11.0272142215982 41.0868926051029 0.841051333648494 0.866541057234633 0.867717425731649
67.782 3.55507100519432 -1.31108163332505 10.0426659369891 6.06016508184965 2.15169145884751 -4.99281569247751 170.073402788832 11.0644927994384 40.9982033445926 0.841454270183676 0.866265856692673 0.868064126699252
67.811 3.50039534178579 -1.30662673594561 9.99883339861853 6.67781269580209 1.93346887784825 -5.02559519193205 169.926062509949 11.2180435194946 41.2783830101334 0.841186052351001 0.866634797323137 0.867883676946061
67.827 3.45591580039743 -1.30339544309979 9.94813132935605 7.48026043385547 1.88516015800236 -5.16273032922739 169.913456258954 11.3562391675451 40.81054470912 0.841323618609428 0.866473820242016 0.868090835551186
67.842 3.44234014004305 -1.28929438555663 9.91961801636673 8.53681454314168 2.00427772998838 -5.49454889935809 170.142110633058 11.1206152507906 40.389490238208 0.841194936216636 0.866575724778994 0.86778425464726
67.873 3.38289642736169 -1.2915672036805 9.84774793912581 9.7564155315756 2.28858278141703 -6.03288026896427 170.527899569753 11.5685537257115 40.1905412143872 0.841079122063124 0.866420654952288 0.867755115743714
67.888 3.36740503673123 -1.24297536964401 9.80443308707724 10.8555831387234 2.73987717503105 -6.64104262374723 170.875109612777 11.7316983531404 39.7714870929485 0.840848419042504 0.866281092108252 0.867605567086076
67.902 3.36890537110895 -1.18104678590761 9.78687782844887 12.1288034508052 3.29337037355848 -7.37159484992212 170.5275986515 11.6985285178264 39.3343383836537 0.84051416563214 0.86615548554862 0.867470973294202
67.933 3.38252595574793 -1.11501599132716 9.80645245099949 13.5937857011446 3.79227761101179 -8.12374834202915 170.15483878635 12.0886756660437 39.2409045452883 0.840339958254618 0.865918842175261 0.867349838881515
67.948 3.39185159961406 -1.05385248166054 9.82574550317127 14.9725750699614 4.12526359036863 -8.68541930935295 170.179354907715 12.1998080994393 38.1968140907595 0.839929779143806 0.865829460608928 0.866993760174866
67.962 3.36558860743067 -1.0001819875991 9.82820541864394 15.8394397003699 4.13411127713329 -8.91077050818865 170.321419416943 12.6598272894954 37.7371326816835 0.839814010415118 0.865501684468739 0.866920347074113
67.994 3.34644102636594 -0.919856098039953 9.78929890876196 16.2974804631573 4.12299022575584 -9.04183086194994 169.969277475249 12.9538445605459 37.2034194135152 0.839456426088256 0.865454018673058 0.866607217548204
68.008 3.33740834817546 -0.823201794991501 9.7525472672449 16.9173507374523 4.23130189020316 -9.23077754674731 169.652349727724 13.2184601044913 36.7230774721637 0.839387992665123 0.865163786726457 0.866448998444577
68.024 3.33287023686102 -0.723882783564574 9.74275436684487 18.0912645186689 4.50740834240422 -9.70006620428632 169.547114754952 13.7566140940422 35.8707697249473 0.839199781892496 0.865149910705004 0.866306601251312
68.056 3.32118436559497 -0.644252045404297 9.73388086573778 19.7981686011531 4.87269804251494 -10.417082484621 168.972403279456 14.1209526846379 34.7436927524526 0.839030392197132 0.864890089555208 0.866301904042914
68.071 3.28953823624067 -0.564025110111876 9.72625386848895 21.477130366992 5.225122894752 -11.142549808678 168.575162951511 14.4488574161741 33.9693234772073 0.839004562163111 0.86477998578119 0.866297676555356
68.085 3.24681123356234 -0.445133935904125 9.70855583073063 22.8546081699875 5.62093121596382 -11.6763864308637 168.51764665636 14.5639716745567 33.3323911294866 0.839107785414952 0.864927950119804 0.866293871816554
68.117 3.21661691898296 -0.30233856275286 9.72812163819102 24.4050252155841 6.11761672032164 -12.1965340473193 168.165881990724 14.7275745071011 32.2191520165379 0.839327006888026 0.865184441669004 0.866536958798623
68.131 3.21954912871888 -0.158978678893498 9.79708651294613 26.2858967398273 6.63486268187726 -12.6982546883889 168.389293791651 14.694817056391 31.1572368148841 0.839397985667375 0.865291960418837 0.866632549479941
68.16 3.23697231052015 -0.0237298531336651 9.86998864046011 28.0305895085926 6.91717794040709 -13.0383528836721 168.110364412486 15.3853353507519 30.2015131333957 0.839588187115206 0.865388727293686 0.866718581093127
68.176 3.2336192652973 0.105535818069899 9.89130781916923 29.2092099470463 6.88347541354195 -13.0917695037019 167.679327971238 15.2268018156767 29.1613618200561 0.839885539897213 0.865599141125498 0.866919197147539
68.19 3.19163589406542 0.267604177829377 9.85632628346813 29.9638614714257 6.72260878821829 -12.9917528586752 167.471395174114 15.144121634109 28.2852256380505 0.840026985922061 0.865788513574128 0.866976563993965
68.205 3.15732244904517 0.424179755720572 9.82598015795945 30.9086966983289 6.75569142084685 -13.0192951300596 166.924255656702 15.3097094706981 27.0167030742455 0.840532357229886 0.865712164867908 0.867397351135337
68.236 3.14595309724521 0.580719938641557 9.80968196210979 31.9850026010151 6.98775586654842 -13.1524801208704 166.731830091032 15.3987385236283 25.9350327668209 0.840482800975049 0.866136474680849 0.867406902582984
68.25 3.15086400356988 0.718134514182003 9.80249544695961 32.9788687531273 7.34394211195465 -13.3967740935162 166.258647081929 15.5388646712655 24.4215294901388 0.840942590777575 0.866148790129497 0.867661738624417
68.264 3.1454676018396 0.85180342646467 9.79387285157395 33.5970124121657 7.67901354961414 -13.5395394322562 166.012782373736 15.1249782041389 23.359376541125 0.840852011167969 0.866529437416279 0.867644851323155
68.295 3.12606606718054 1.00586368249679 9.78072549561577 33.7854027740026 8.04699005724815 -13.5810053363588 165.731504136363 15.052480383725 22.4634388870125 0.841149004620097 0.866502456591384 0.868121592645487
68.309 3.10704843255416 1.16780153757475 9.78672973209546 33.9419770004191 8.46671853243936 -13.6801567111199 165.958353722726 14.9872323453525 21.1770949983112 0.84091131334378 0.866724685095971 0.867935396297671
68.325 3.11866300153019 1.32958674293288 9.78560926819377 34.3057945675528 8.90630622118016 -13.7693929484048 165.442518350454 15.1685091108173 20.2593854984801 0.841202376578328 0.866554719237567 0.868260300208673
68.355 3.10966320795371 1.46016981477911 9.78621694717884 34.817199843622 9.1408664387568 -13.7550490734117 165.398266515408 15.2716581997355 18.8934469486321 0.840959348106188 0.86664853387499 0.868060233104539
68.371 3.07037893500227 1.58858821042217 9.76713142342043 35.2889149737636 9.04433704678952 -13.5780174485133 164.758439863867 15.124492379762 17.7841022537689 0.840993413310138 0.866362585668994 0.86812668395781
68.386 3.04298379033475 1.72541329784248 9.74785951566701 35.7203288198987 8.75593387646171 -13.1133454746543 163.882595877481 14.5720431417858 16.485692028392 0.840771281164817 0.866475613663274 0.867692920743531
68.416 3.01641280063691 1.87710673978675 9.70705164484982 36.3330287623363 8.50018781705982 -12.5027742859675 163.094336289733 14.0748388276072 15.3171228255528 0.840571362234028 0.86633055494814 0.867672915230358
68.431 2.99058355041178 2.01668342981412 9.68732342433457 37.2737716876294 8.42650491321643 -11.9960083077524 162.384902660759 14.2273549448465 14.1454105429975 0.840391435196318 0.866200002104519 0.867531586624056
68.461 2.92741391492932 2.15451289147443 9.68219743947557 38.2028830684848 8.40293839136044 -11.5635830494963 161.926412394683 14.3046194503618 12.9108694886978 0.840229500862379 0.86608250454526 0.867157333143153
68.475 2.85428066342815 2.2792177998749 9.6746511231098 39.0116023952241 8.3893621094763 -11.1911942101955 161.213771155215 14.4341575053257 11.499782539828 0.840210230244292 0.865853159272237 0.867067562745571
68.505 2.7973192985929 2.38857917818972 9.66019800039233 39.7081520793658 8.37256330310883 -10.8766549418477 160.392394039694 14.3707417547931 10.4098042858452 0.840066416405556 0.865646748526516 0.866863309122207
68.507 2.77239028716775 2.50220760852291 9.66550579129548 39.9999322912765 8.3192764384468 -10.5218138751439 159.773154635724 14.3136675793138 9.54882385726067 0.840063454233152 0.865213369951767 0.866926264771166
68.548 2.70308766458654 2.62506333425814 9.60234733634196 39.8892520392481 8.24994421444945 -10.2261210372478 158.615839172152 14.6223008213824 7.57394147153461 0.839807697303722 0.865194535607783 0.866612543475552
68.549 2.61108707512221 2.7462876746223 9.53898054551782 39.6591054612775 8.22647651056176 -10.02182954421 158.054255254937 14.7800707392442 6.63654732438114 0.839577516067235 0.865053987228508 0.86645379177919
68.561 2.55785493068219 2.8677197315543 9.49493900112839 39.558080411333 8.31527924118497 -10.0517076584913 157.248829729443 14.6220636653198 5.61289259194303 0.839496973646205 0.864803758426361 0.866310915252464
68.593 2.54927076112319 2.96850915118299 9.47313837265252 39.5564708434821 8.46619406515808 -10.2946284956956 156.463946756499 14.5398572987878 4.51160333274873 0.83929786477547 0.864702287765228 0.866305786643951
68.607 2.48228851447483 3.06155398515679 9.40048626710724 39.2641825377599 8.53942198688654 -10.5292877835306 155.517552080849 15.065871568909 3.16044299947386 0.839371757766074 0.864858021905438 0.866301170896289
68.622 2.41123058339935 3.18791110838489 9.33827167436258 38.6881459633732 8.52670116224369 -10.6053666387654 154.605796872764 15.4792844120181 1.88439869952647 0.839438261457618 0.864874722366087 0.86642034036784
68.669 2.35625670499487 3.36298396162721 9.29903793649175 38.3246748784863 8.50532875594299 -10.7677307382476 153.545217185488 15.7313559708163 0.375958829573823 0.839624435326426 0.865136536690659 0.866650780494781
68.671 2.32844773066238 3.52060937260865 9.29688730522661 38.7151081539964 8.55861267424182 -11.394774458316 152.710695466939 15.9582203737347 -0.62163705338356 0.839791991808352 0.865372169582773 0.866858176609028
68.683 2.30742994963105 3.63080892004322 9.29770509020688 39.514589705009 8.56382010910771 -12.1820145697363 152.199625920245 16.5223983363612 -1.3994733480452 0.839942792642087 0.865460915541229 0.866798321864858
68.716 2.2941403152255 3.72693589661495 9.28030497684659 40.0180925665692 8.34331596079236 -12.6432024257398 151.91966332822 17.6901585027251 -2.63952601324068 0.840204684871405 0.865664110548286 0.867114015978104
68.73 2.21388504758845 3.86474598050692 9.23363996912165 39.9643749129657 7.97692329601084 -12.8117066106467 151.127696995398 18.3211426524526 -3.93557341191662 0.840314216398834 0.865970173657182 0.867275088544019
68.76 2.15901327599916 4.01110095322649 9.17105134757569 39.9106855132722 7.83037600457769 -12.969467247292 150.234927295859 19.1890283872073 -4.68201607072495 0.840664989327876 0.865875658942657 0.867666023230385
68.776 2.08814071836919 4.15455205327738 9.10400753407667 40.0165635268304 7.93283458732603 -13.3244289195093 149.851434566273 19.5501255484866 -6.01381446365246 0.840728490409658 0.866160567212116 0.867771895071072
68.807 2.08750247260496 4.30281163829388 9.07664825787237 40.1584186245291 8.22428395302091 -13.6950394626729 149.386291109645 20.8351129936379 -6.85243301728721 0.841037835937618 0.866170473407638 0.868113149104733
68.809 2.04999750227241 4.46198293189247 9.0380187714406 40.1883782887937 8.49651204626844 -14.0102683408331 148.967661998681 21.8716016942741 -8.08718971555849 0.840811261529548 0.866548952366606 0.86805112075544
68.881 2.00947940382816 4.61637014704978 8.9918797627963 40.094731299609 8.84762420042022 -14.2565697510246 148.290895798813 22.3844415248467 -9.25847074400264 0.841112329945519 0.866396559781138 0.868364452220665
68.895 1.98163224488608 4.76274065874251 8.94233415864802 39.9051054978924 9.26973200938583 -14.5484700278305 148.041806218932 22.6059973723621 -10.5526236696024 0.84087830613666 0.866629377966749 0.868153969915331
68.897 1.96710429099302 4.90171656044333 8.90330961653199 39.5565796809276 9.69924735806557 -14.890569589933 148.057625597038 23.4053976351258 -12.0773613026421 0.84117267009192 0.866468942821268 0.86833409922353
68.912 1.95534594214351 5.05408879249104 8.85968809701747 38.9665705677967 10.0163455230224 -15.1694515622374 147.951863037335 23.8848578716133 -13.2096251723779 0.841059082550879 0.866571335100321 0.86812665221791
68.914 1.93500705381981 5.21325043555028 8.81528117696416 38.3241119842994 10.1307415050713 -15.3402926655556 147.616676733601 24.9163720844519 -14.2286626551401 0.840956853763943 0.866416704241482 0.868186461159844
68.926 1.91257206041293 5.35733390792543 8.74891886508439 37.6565862820527 9.98865972097637 -15.3474847730459 147.555009060241 26.2047348760067 -15.2657963896261 0.840738377573241 0.866277536468527 0.867870317695053
68.956 1.86598449443587 5.49251569161714 8.65681120213247 36.7909276538474 9.57605329086346 -15.1631179751306 147.679508154217 26.7042613884061 -16.2592167506635 0.84054174900161 0.865904952742378 0.867709248842281
68.971 1.79077627803214 5.64524404570372 8.54883505514005 35.7881707663253 9.11921132055574 -14.9170351852511 147.851557338795 27.4538352495655 -17.3332950755972 0.8404912535696 0.865693362649643 0.867687610519233
68.986 1.74128482233281 5.78754785387138 8.45225509653157 34.992559796563 8.74698484498872 -14.6711331934436 147.526401604916 28.4884517246089 -18.0599655680374 0.840319337398333 0.865626529035872 0.867174019388014
69.016 1.70398496530171 5.92226519639867 8.3506686268717 34.4711664123265 8.44098865056618 -14.4902794160839 147.593761444424 29.179606552148 -18.8339690112337 0.840164612844192 0.865319046052989 0.867205904010392
69.031 1.64521612174853 6.05775626709084 8.25337503955989 34.1667978626969 8.05414169390651 -14.2923965126435 147.894385299982 29.9216458969332 -19.5305721101103 0.839898740053658 0.865166046629193 0.866864218790856
69.046 1.59830967289994 6.20268259236235 8.18723887151089 34.0661486107784 7.69147561611891 -14.0478896858066 147.504946769984 31.2494813072399 -20.5775148990993 0.839786075233985 0.865028347147776 0.866556702093273
69.076 1.55334052773824 6.32952498604969 8.10969998191839 34.0854879481738 7.3215646957284 -13.736993846997 147.634452092985 32.0845331765159 -21.2797634091894 0.839558056204472 0.864904417614501 0.866403534535138
69.091 1.49934105872372 6.44936937579617 8.03566526548009 34.0853360999213 7.02223265363647 -13.3220730882515 147.751006883687 32.4760798588643 -22.6317870682704 0.839352839077911 0.864792881034554 0.866512467642805
69.105 1.44188299297625 6.56824264367614 7.97507936217732 34.1516116502346 6.78718496079191 -12.8959726496553 147.795906195318 32.6484718729779 -23.6686083614434 0.839421234638271 0.864692498112601 0.866363723529717
69.135 1.38328740465045 6.65643409586127 7.9191754203291 34.350954302005 6.68098554868218 -12.5117188961402 148.436315575786 33.4036246856801 -24.7217475252991 0.839482790642595 0.864725750952534 0.866353314093479
69.15 1.33001268029869 6.72988074746288 7.86203838061553 34.4547901695144 6.6403679098445 -12.0681805943124 148.772684018208 34.2032622171121 -25.9095727727691 0.839538191046487 0.864879138774014 0.866467269245311
69.166 1.27949165809745 6.80579895132682 7.82085025910671 34.3085477937843 6.56564409595929 -11.5506755119804 148.955415616387 35.2829359954009 -26.7386154954922 0.839714371956408 0.864893727547806 0.86656982888196
69.196 1.24096592821414 6.92799491602691 7.80479006115319 34.0135708770013 6.36938502987481 -10.9276690294847 149.539874054748 36.3146423958608 -27.784753945943 0.839872934775336 0.865030317709758 0.866538808910497
69.21 1.22233392498852 7.04784734474282 7.78746284374942 33.9381679877745 5.99580530551328 -10.2318486914217 149.705886649273 36.6431781562747 -28.7262785513487 0.840015641312372 0.865276572499962 0.866880454319179
69.225 1.21621930928792 7.13979308092589 7.75468995567575 33.8710687462489 5.37866752305356 -9.37354931846273 149.975297984346 36.8188603406473 -29.9336506962138 0.840017756649286 0.865621389413691 0.867064883050986
69.255 1.21460674105673 7.20255265489812 7.71029042956008 33.5618244670439 4.59805267914515 -8.43543102783783 150.157768185911 37.1569743065825 -30.2402856265925 0.840398175553283 0.865685213389055 0.867476838286656
69.27 1.21375397949149 7.2461075948679 7.65087799808478 33.0453366768281 3.82450695321537 -7.50486502429069 150.02199136732 37.1612768759243 -31.0562570639332 0.840362037466106 0.866112218349881 0.86747844101917
69.284 1.20712069370207 7.27770544591578 7.577115958164 32.4262991923514 3.13136923499307 -6.58185943789215 150.319792230588 37.2251491883319 -31.7306313575399 0.840708028288421 0.866126959431626 0.867849040458022
69.314 1.18606726853123 7.31176990422337 7.4821792589693 31.77603568533 2.58846131912735 -5.76489486814874 150.527813007529 37.3426342694987 -32.7575682217859 0.840767225474149 0.866509789788195 0.8678134229734
69.328 1.16963309521739 7.35745152967628 7.37201608542223 31.1770580709954 2.21282129408484 -5.092222175227 150.895031706777 37.3883708425488 -33.8618113996073 0.841072697495659 0.866484773726109 0.868150524216828
69.344 1.16088770456848 7.39335759703031 7.26269385805981 30.7349247829799 2.02970710360766 -4.57383965236078 151.225528536099 37.9095337582939 -34.6156302596466 0.840969107214245 0.86683182265323 0.868084758356325
69.374 1.17420554126267 7.41681451997498 7.14329474202922 30.2820429917048 1.93666005736903 -4.02943278636135 151.582975682489 38.4385803824645 -36.0740672336819 0.841254391061746 0.8666511430391 0.868394726061461
69.388 1.21019346682695 7.45265005291706 7.02625874011634 29.7935333490228 1.90558947147945 -3.59595515658017 151.90467811424 38.5547223442181 -37.0266605103137 0.841006161141264 0.866981555034921 0.868181216372049
69.404 1.26826041193426 7.49771102304344 6.9085961877905 29.3973861209908 1.87915266173609 -3.36307719817407 152.374210302816 38.7192501097963 -38.0639944592824 0.841161716520665 0.866662304712932 0.868235568898569
69.434 1.32411196158785 7.55586323769467 6.79030989702964 29.1378001806474 1.79581754823423 -3.3160824554559 152.856789272534 39.0473250988167 -39.7775950133541 0.840922754054291 0.866622037158372 0.867914514659905
69.447 1.33553243571334 7.64973970918277 6.67014545586488 29.0369972618193 1.59944190028104 -3.33180245418512 153.051110345281 39.702592588935 -40.9598355120187 0.840834158117014 0.866462336093728 0.86799553735764
69.461 1.28493828380537 7.73638326527255 6.51932081925972 29.4195570776221 1.64865801559645 -3.4719046515147 153.345999310753 40.1723333300415 -42.2638519608168 0.840754421773464 0.866318605135548 0.867698486273069
69.492 1.24377296094088 7.81879171074847 6.41434413207862 30.0821815225317 2.11585328273909 -3.70715693445483 153.611399379678 40.5950999970373 -43.0774667647352 0.84055618878181 0.866189247273186 0.867431140296955
69.507 1.22527923933257 7.90935964889603 6.34177206170523 30.5518259656984 2.97220688576289 -4.0761358974979 154.09025944171 40.4955899973336 -43.8097200882616 0.840377779089322 0.86594922772737 0.867437312828439
69.522 1.22814762668243 8.0014651612098 6.29291733096806 30.6775593996629 4.05895566283546 -4.48149940698475 154.641233497539 40.6460309976003 -44.7087480794355 0.840090589674275 0.865856807605826 0.867072486727098
69.568 1.2475484497228 8.11368904074922 6.25708835116715 30.4143836123683 5.16680055456718 -4.74861664185879 155.497110147785 40.7814278978402 -45.8778732714919 0.840085210174999 0.865402423123146 0.866867740705581
69.569 1.26590701522339 8.23599895442332 6.21712094061098 30.0065330373911 6.08370828537001 -4.7264267333981 155.787399133007 41.2632851080562 -46.9300859443427 0.839827277651385 0.865488143727565 0.866683469286216
69.582 1.27351131959476 8.35409846846585 6.15738785427083 29.8463377489191 6.79671150263453 -4.66676115929493 156.588659219706 41.5169565972506 -48.0570773499085 0.839595138380132 0.865194499275513 0.866517625008787
69.614 1.28526330224023 8.43321384439759 6.10662080193701 29.8838413786074 7.36284187908863 -4.63443618840361 156.949793297735 41.8652609375255 -48.8313696149176 0.839512833727811 0.865053954529464 0.866491825424642
69.629 1.2851260325135 8.49675624474787 6.05751873265334 29.6046175460901 7.65327524843168 -4.47480936345638 157.394813967962 41.698734843773 -49.8882326534259 0.839438759540723 0.865051061727711 0.866468605798911
69.645 1.27560525722693 8.58309374664637 6.01075309405292 28.776980218962 7.56657367778699 -3.93114522100387 157.555332571166 41.7888613593957 -50.5994093880833 0.839498563054802 0.865171918471673 0.866447708135753
69.676 1.25512540567568 8.69838647616875 5.96166099807231 27.6343967008826 7.2015193634434 -3.13039711111722 157.939799314049 42.3499752234561 -51.479468449275 0.839425915935014 0.865157229275699 0.866552223883358
69.691 1.22400426473008 8.83207747256433 5.91418607563325 26.5930944353745 6.66686361030517 -2.20819709466199 158.465819382644 42.1949777011105 -52.2115216043475 0.839487003809665 0.865267469264862 0.866522964411755
69.706 1.18534104471612 8.94677297695584 5.87522952136887 25.9528689613027 6.0429253408777 -1.31333158366907 158.81923744438 42.8954799309995 -53.3503694439127 0.839668303443267 0.865366685255109 0.86661995453176
69.736 1.15694863598234 9.02360284707642 5.84489717821026 25.5621622178442 5.33863280678993 -0.527799952019723 159.257313699942 43.1659319378995 -54.1353324995214 0.839705152567092 0.865455979646332 0.866707245639764
69.751 1.12630778849739 9.05893167598572 5.81843601530561 24.8922055380445 4.5505710528285 0.215819737838738 159.651582329948 42.8093387441096 -55.0817992495693 0.83999080880391 0.865536344598432 0.867032047375519
69.781 1.10232232481794 9.07995367714936 5.79869110762271 23.5312292590492 3.67872005441588 0.998054557947994 160.426424096953 42.4284048696986 -55.7536193246124 0.83999540739167 0.86597823643832 0.867078129199147
69.796 1.07367251340052 9.09600043895102 5.77379793565743 21.7323048064267 2.74901598790559 1.74099719375625 160.583781687258 42.5055643827288 -56.7782573921511 0.840378061221429 0.866006375711221 0.867365842578964
69.81 1.05363376757652 9.10361908020607 5.74038076378053 20.0499140204406 1.92067927461121 2.42338602399894 161.505403518532 42.8750079444559 -57.640431652936 0.840343934567438 0.866401264439831 0.867378544882247
69.825 1.03835223157243 9.07755559213785 5.70581617334914 18.7617165115263 1.24464188150124 2.78410085671355 161.854863166679 42.6075071500103 -58.1763884876424 0.840691735679619 0.866387100912581 0.867759133934791
69.856 1.03351724778744 9.02686437542285 5.66291662197797 17.5870715779309 0.68277311319844 2.90492741226357 161.809376850011 42.8467564350093 -58.2987496388782 0.840626241579809 0.866620864985048 0.867609183458045
69.871 1.02946503730236 8.96322594203095 5.61287471182485 16.2619522063974 0.262587404932031 2.80680108325096 162.24843916501 42.7020807915083 -58.4088746749904 0.841071687321859 0.866584741403276 0.867966708653009
69.886 1.02132891808407 8.91247553334422 5.54970092052823 14.4578943903378 -0.0484041599886531 2.71696066958235 162.463595248509 42.8718727123575 -58.3279872074913 0.840968198057825 0.866798741426674 0.867919324348888
69.915 1.0044296073418 8.8847567084949 5.47201492614691 12.4976011345101 -0.182495041699711 2.50862338125007 162.597235723658 42.9646854411218 -59.0351884867422 0.841253572820968 0.866497772465509 0.868122918213731
69.93 1.00041312165568 8.88285397084243 5.40646698081921 10.9325738454866 -0.0314211100488243 2.0264633332014 163.317512151292 43.1682168970096 -59.431669638068 0.841005424724564 0.866597281780138 0.867813129043551
69.961 1.00260421801368 8.8683325164767 5.34501973990587 9.81870577391501 0.361033978055295 1.2604582212553 163.785760936163 43.0513952073086 -59.4885026742612 0.841034882266676 0.866440056253317 0.867904290302921
69.974 1.02241301389419 8.86112897216545 5.30222695056189 8.64599550186702 0.836380961929155 0.475633773175575 163.667184842547 42.7662556865778 -59.7196524068351 0.840808603225702 0.866545337189166 0.867739824189362
69.989 1.04467019902363 8.88612952786028 5.28328603193392 7.424907402062 1.33823904894235 -0.41391433696641 163.740466358292 42.20963011792 -60.1076871661516 0.840604952088824 0.866393306121442 0.867591804687159
70.004 1.05919500708605 8.93945535681254 5.28377675132659 6.41218765422221 1.79067468603284 -1.25801908647588 164.166419722463 41.828667106128 -60.3369184495364 0.840421666065634 0.866256478160491 0.867335126869636
70.033 1.06819718349003 9.05939436550384 5.3083998124305 5.64043453765495 2.00626370597918 -1.89939275034737 164.249777750216 41.5458003955152 -60.7232266045828 0.840130087952957 0.866133332995635 0.866980519364175
70.049 1.11340926827213 9.14914355810385 5.37132184748384 5.21455902282076 2.03235489263317 -2.36670538370958 164.024799975195 41.5912203559637 -61.1309039441245 0.840120758625812 0.865775169616776 0.867031753988938
70.078 1.18097506828207 9.1573735428086 5.43321891764879 4.39539319687456 1.6863713117668 -2.39492034152183 163.702319977675 42.1120983203673 -61.4978135497121 0.839859271257117 0.865823615571831 0.866707483771547
70.091 1.23771413743882 9.15831614305655 5.45079862004589 2.39783861001153 0.886436470666455 -1.92794739133911 163.772087979908 42.1008884883306 -61.5880321947409 0.839750553317098 0.865496423935352 0.866662698311125
70.108 1.26118612808337 9.20052438470793 5.41598301165764 -0.238128457096493 -0.00755068785057256 -1.29316791938077 163.774879181917 41.7907996394975 -61.9692289752668 0.839652707171081 0.865201951462521 0.866622391396746
70.122 1.26555151214316 9.25856318616633 5.359868976773 -2.58225454268455 -0.704505542729638 -0.767667921335826 163.657391263725 41.6317196755478 -61.9523060777401 0.839564645639665 0.864936926236974 0.866586115173805
70.152 1.28749671998723 9.30181983599452 5.32229502198206 -4.50265504261457 -1.04626872891469 -0.390901129202244 163.731652137353 41.668547707993 -61.9970754699661 0.839485390261391 0.864945736264469 0.866430006307617
70.167 1.28516089400443 9.32794183036138 5.27979945418632 -6.26154984369663 -1.17675635984001 -0.0609713216255306 163.738486923618 41.1616929371937 -61.3773679229695 0.839414060420945 0.864953665289215 0.866412968593589
70.182 1.27976662648433 9.33421338981792 5.26238302538451 -7.98730325627353 -1.18503492232929 0.32298840595687 163.924638231256 41.1255236434743 -61.5996311306725 0.839349863564543 0.864960801411487 0.866397634650963
70.213 1.28227396070403 9.31519749212031 5.26711882486632 -9.63742789247824 -1.0703482239895 0.535727733300114 163.49217440813 41.0929712791269 -61.9196680176053 0.839544877222658 0.865090684187072 0.866507157747047
70.229 1.29243141942718 9.30825860304622 5.29628071786186 -11.2973492253678 -0.860259966476042 0.554674043939568 163.042956967317 41.1236741512142 -61.3077012158447 0.839594068968544 0.865207578685098 0.866482404889075
70.243 1.30366805672793 9.29429227414418 5.34347568989892 -12.9744845318387 -0.6643103057063 0.606840227331871 163.058661270585 40.9713067360928 -61.1769310942603 0.839890833565217 0.865312783733321 0.866706638563893
70.275 1.31761176121367 9.26209014328738 5.40606243945151 -14.8129139412502 -0.528413626280708 0.800354677881127 163.252795143527 41.0141760624835 -61.1192379848342 0.839905429676846 0.865530791921169 0.866908448871229
70.29 1.31543675719619 9.21126116817373 5.46753806653907 -16.8026149135374 -0.445037912507599 1.03100623299378 162.887515629174 40.9927584562352 -60.7673141863508 0.840171058202689 0.865603675645785 0.867336047524874
70.321 1.32610866718519 9.14600234185319 5.51765873536429 -18.8773152542447 -0.393663892249206 1.36989034251883 162.558764066257 41.0934826106117 -59.8505827677157 0.840157631850572 0.865915782244932 0.867351729333567
70.335 1.34169888460363 9.09145917553896 5.56725647304918 -20.9369119730951 -0.416129564092988 1.80236695712191 162.622887659631 41.1841343495505 -59.0255244909442 0.840398040159042 0.865950166937172 0.867734999940979
70.351 1.35758558479302 9.04596167259688 5.61823908914148 -22.8210833712054 -0.582150195469948 2.30151957438682 162.320598893668 41.3857209145954 -58.7629720418498 0.840361915611289 0.866350676543186 0.867833974110606
70.366 1.35793739170449 9.00597159969754 5.66663732912259 -24.4504254157643 -0.896454259892419 2.85304700626111 161.508539004301 40.5471488231359 -57.8666748376648 0.840707918619086 0.866464895450048 0.868169020240314
70.395 1.35466271886782 8.95663281298829 5.70816069948182 -25.7740851642642 -1.32283936825432 3.41507054990981 161.017685103871 40.5124339408223 -57.0600073538983 0.840640806225328 0.866813932204774 0.868101404777463
70.426 1.37045013531645 8.88415592924195 5.74804561830317 -26.7821728310439 -1.73025008791744 3.96058639568219 160.515916593484 40.1811905467401 -55.9140066185085 0.840832897096323 0.86663504163549 0.868286790599448
70.428 1.39483416936934 8.79432632340882 5.78483988192756 -27.6383066929777 -2.13279759820967 4.42788653473992 159.464324934136 39.6430714920661 -55.0026059566576 0.840753286854842 0.866844011635666 0.868084074456236
70.472 1.39696778829819 8.713479678159 5.81987007868659 -28.5622622832219 -2.56837280022076 4.83471620187662 159.057892440722 39.3387643428595 -54.7223453609919 0.840934129662885 0.866662113123293 0.868271193310344
70.473 1.3953565893405 8.66064939527963 5.86701944243048 -29.3129062839073 -2.93061948966433 5.17414534504774 158.15210319665 39.0048879085735 -53.5701108248927 0.840844396164748 0.866621864727697 0.867946576630503
70.485 1.41766896288097 8.61256350543428 5.94225440118731 -29.7411576402494 -3.22076364756813 5.48573844413075 158.176892876985 38.5843991177162 -53.1330997424034 0.840763636016425 0.866214848175631 0.868024393131178
70.513 1.44140126502961 8.53373227238353 6.00062848652024 -30.0601716472168 -3.4070842293762 5.82953101193141 157.959203589286 38.4459592059446 -52.1397897681631 0.840437860908668 0.866095866009261 0.867847916734793
70.528 1.46898525532887 8.44596487629142 6.07938167027788 -30.4083529557776 -3.49309336369049 6.17253210921156 157.703283230358 38.5013632853501 -51.5458107913468 0.840397754285953 0.865865184589838 0.867565627712507
70.544 1.50195113638167 8.35685873938554 6.17138838087461 -30.7934718586731 -3.51095959984053 6.39115676088582 156.872954907322 38.6712269568151 -49.8112297122121 0.840361658325509 0.865657571312356 0.867435027857989
70.571 1.53407448368482 8.26122060638327 6.27017571313627 -31.2354987186073 -3.55833692229922 6.59402581762167 156.30565941659 38.6441042611336 -49.1501067409909 0.839949309207607 0.865594316832314 0.866946694992895
70.586 1.53156159374606 8.16928047437958 6.35495433017714 -31.8004984650672 -3.62845742854258 6.87202781601217 156.155093474931 37.6596938350202 -48.0750960668918 0.839958057754998 0.865290055069787 0.866754528144798
70.601 1.55348143029354 8.07737655490183 6.4417895627478 -32.3105249544384 -3.5854590139326 7.15887083593767 155.899584127438 37.2537244515182 -47.4675864602026 0.839712840473384 0.865263552214001 0.866457980511821
70.632 1.59571478111871 7.97568896159121 6.52760271004968 -32.8145869628113 -3.4200428835317 7.37199138593169 155.489625714694 36.8283520063664 -46.9808278141824 0.839745235894197 0.864992366913306 0.866438145377372
70.647 1.63635842809076 7.87614958355953 6.60399654899955 -33.5010671978279 -3.19788592342281 7.5958609496286 154.820663143225 36.5055168057297 -46.0027450327641 0.83964792149047 0.864872035403478 0.866296833490828
70.663 1.67970131166871 7.78841965976474 6.68148985560167 -34.2792047528543 -2.97809733108053 7.81261073252833 154.398596828902 35.9149651251568 -44.5824705294877 0.839560338527116 0.864887334514323 0.866169652792938
70.695 1.69961615498151 7.72304982170269 6.75296961416687 -35.0222766439811 -2.86425706362133 8.10310538446634 153.958737146012 35.4434686126411 -43.8442234765389 0.839481513860097 0.864901103714084 0.866301974074825
70.711 1.72394400920229 7.67816316686397 6.84214127495782 -35.4002016513387 -2.85951074657217 8.32638263227925 153.322863431411 35.139121751377 -42.819801128885 0.839537041942238 0.864913495993869 0.866297739584075
70.726 1.76211965756795 7.60298939587764 6.94220778138843 -35.2097998068155 -2.94760547344167 8.42809551408949 152.63057708827 34.8652095762393 -41.7778210159965 0.839587017216166 0.865048109311215 0.866170468276861
70.755 1.80868815789087 7.51450346745931 7.04280211440987 -35.0208808948362 -3.22154721617384 8.60589664970344 152.907519379443 34.3186886186154 -40.9000389143969 0.839758315509119 0.865169261296827 0.866302708010355
70.77 1.87980906435368 7.40607584867969 7.1378859929347 -34.9729912786351 -3.66198791440379 8.95217721374073 152.556767441498 33.7068197567538 -39.8700350229572 0.839786163426358 0.865278298083877 0.866544911373044
70.785 1.95183847190604 7.30645589847054 7.21753582824206 -35.1695852805425 -4.04311736723822 9.35390605725216 152.121090697349 32.7961377810785 -38.9430315206615 0.84006371857725 0.865376431192223 0.866885946535471
70.816 2.00936260677873 7.21739651696699 7.28838273408058 -35.5289626303509 -4.37850028700295 9.80324827595442 151.068981627614 32.5165240029706 -38.0487283685953 0.840061026187676 0.865711262236726 0.866946638443104
70.846 2.04455448559671 7.13029989543692 7.35633477439322 -35.8691961383082 -4.69103193769196 10.2435341353819 150.302083464852 31.8448716026735 -37.1838555317358 0.840311095062436 0.865766098929786 0.867247500898525
70.847 2.04049371515288 7.03377686390104 7.39348977389787 -36.0860933183705 -4.99215775155636 10.6115471340574 150.031875118367 30.8203844424062 -36.2254699785622 0.840157194741885 0.866061963200533 0.867272037369853
70.876 2.03450467736638 6.92865032954951 7.42028535827566 -36.1446595590525 -4.99294197640072 10.8389420389723 149.24868760653 30.4383459981656 -35.302922980706 0.840523669836622 0.866081729797213 0.867663277173636
70.891 2.05389454261467 6.81033382717317 7.47558586679014 -36.046987496277 -4.69059434364614 10.8206966900369 149.203818845877 30.154511398349 -34.4126306826354 0.840474982321111 0.866469083117223 0.867646236017452
70.905 2.0811017718554 6.70037740978788 7.5598926861475 -36.0506856932142 -4.24672574897619 10.5989323645447 148.86343696129 29.3590602585141 -33.5513676143719 0.840809678657926 0.866448137722234 0.868000055956476
70.932 2.10792263448004 6.5998603807079 7.6549823092869 -36.2998155971753 -3.93961042598697 10.5016345479375 148.917093265161 28.6431542326627 -32.7762308529347 0.840732390260285 0.866798850249742 0.867826013277562
70.947 2.132240987716 6.50969436522012 7.7546289033399 -36.7614370908928 -3.8670234291898 10.4896390320751 148.665383938645 27.9388388093964 -31.7786077676412 0.840915322727783 0.866621467875961 0.86791588611353
70.977 2.13826589903046 6.40184960444884 7.82431924939507 -37.263919336002 -3.87574093359906 10.425407953295 148.25884554478 27.3649549284568 -30.5807469908771 0.840700999640698 0.866708607649545 0.86762680015337
70.993 2.1470402221752 6.27923118186101 7.86938328087646 -37.7199701504934 -3.74389203107885 10.1363022724694 148.312960990302 26.5484594356111 -29.8026722917894 0.840887071170155 0.866416652066093 0.867859646437765
71.008 2.19312461682017 6.16803665559386 7.93095006829785 -38.156370082009 -3.4206478661389 9.75473311392471 147.641664891272 26.17361349205 -28.7424050626105 0.840802043521291 0.866524273420664 0.867699644710722
71.023 2.21107755125632 6.02714041114653 7.97426939862627 -38.4598170432737 -3.02285788868532 9.289946825433 147.217498402145 25.536252142845 -27.8481645563494 0.840725518637313 0.8662507512601 0.867555643156383
71.054 2.28272079844239 5.91535745180373 8.07766080669455 -38.7420796137555 -2.60606828302289 8.79759336426375 147.55574856193 24.4826269285605 -27.2833481007145 0.840530175959275 0.866128178785283 0.867302581491938
71.069 2.31966640429761 5.8042182634776 8.17430442069673 -38.8564212707006 -2.28515611120915 8.24378822631066 147.560173705737 23.8343642357045 -26.355013290643 0.84035436754904 0.866017863557948 0.867074825993937
71.084 2.35225905666113 5.68485982213961 8.28319062138828 -38.9440615863786 -2.09328172146228 7.8079590220002 147.264156335164 22.950927812134 -25.8195119615787 0.840322610262287 0.865547373480056 0.866993306311276
71.116 2.39146852811599 5.56917721326244 8.41333036433368 -39.2030905422446 -2.09922072488858 7.62639976102156 147.237740701647 22.5158350309206 -24.8575607654209 0.840040937729944 0.865495138783243 0.866796478331342
71.131 2.38072850990674 5.44926114942216 8.48514582643547 -39.7591173658827 -2.40914598064399 7.71795825820184 147.453966631482 21.2842515278285 -23.9918046888788 0.839914053142642 0.865076921182821 0.866619333149401
71.146 2.36501715202673 5.33050295173153 8.53379844960247 -40.2824422705158 -2.72777336731242 7.96906319574044 147.168569968334 20.4158263750457 -22.8526242199909 0.839673236322264 0.864948134246042 0.866459902485654
71.176 2.35776024120638 5.19441129379592 8.56567470434315 -40.2396942266703 -2.75117923668805 7.9721568761664 146.911712971501 19.7542437375411 -21.8273617979918 0.83958312187573 0.864955823472631 0.866439875153822
71.191 2.366013214507 5.05534895908644 8.62351267519302 -39.7851904528583 -2.41346589317191 7.75127706641235 147.340541674351 18.498819363787 -20.7246256181926 0.83950201887385 0.86483914630687 0.866298390289632
71.203 2.42264173524228 4.92384822951385 8.71189888402259 -39.1272820945953 -1.99043991454175 7.43492798572531 147.186487506916 17.9089374274083 -19.4321630563734 0.839429026172157 0.864734136857686 0.866294514177402
71.232 2.48881059375388 4.78173510837521 8.81664550379905 -38.461118770632 -1.78681577041582 7.38151152303065 147.347838756224 17.0780436846675 -17.968946750736 0.839363332740634 0.86476322582311 0.866167565410855
71.247 2.5277125849156 4.6631108338353 8.88164833852046 -38.1012664355535 -1.97607312467194 7.65175731729247 147.193054880602 16.1502393162007 -16.9520520756624 0.83955699948114 0.865036189801979 0.86630009543095
71.261 2.54255321149484 4.56155638230297 8.93254924716109 -37.7048802500134 -2.25022153739559 7.95223044052505 147.233749392542 15.0152153845807 -15.7368468680962 0.839478508718719 0.865035073472974 0.866419372449035
71.292 2.54645268789937 4.45986229478526 8.97440965981681 -37.1328655074549 -2.37558106304534 8.09288525906797 146.910374453287 14.4736938461226 -14.4031621812866 0.839786829340374 0.86503406877687 0.866772961503863
71.308 2.5683377087594 4.36181343465335 9.02034399519621 -36.520342315488 -2.37084738422172 8.12710818354285 147.759337007959 13.3263244615103 -13.6228459631579 0.839938146420906 0.865403136062908 0.866844951914656
71.323 2.59491756264695 4.28188931527096 9.06952591189973 -35.9538042671453 -2.4116252412194 8.22203095297483 148.463403307163 12.3536920153593 -12.8605613668421 0.840074331793385 0.865488785373351 0.867032930886916
71.355 2.61800146136577 4.20864077433072 9.1267782042852 -35.2576604816521 -2.4803863812196 8.28761411721933 149.217062976447 11.4783228138234 -11.4545052301579 0.839944107799739 0.865812380999741 0.867202111961949
71.37 2.65649406940248 4.12254594586005 9.1863856545476 -34.4906730594411 -2.43082102554039 8.21305117877984 150.195356678802 10.870490532441 -10.6090547071421 0.840331891588691 0.8658571058165 0.867600344306523
71.385 2.6957462385044 4.02542814154962 9.24122950715314 -33.9782469748711 -2.36178472451307 8.11159338914613 151.135821010922 10.1434414791969 -10.0281492364279 0.840302381897973 0.866266921534581 0.867589596437051
71.416 2.74609682751407 3.91491806989496 9.29190580799422 -33.7720253308191 -2.32331617572588 8.05234244717808 152.16223890983 9.66909733127724 -8.96533431278512 0.840654338277101 0.866266192297856 0.867949080334114
71.431 2.79344742708841 3.80306901173817 9.32500475127317 -33.9123800496456 -2.34899982532887 8.09519980551371 152.786015018847 9.18218759814952 -8.30880088150661 0.840718904463961 0.866635099367802 0.867903458861883
71.445 2.82708469522094 3.69623980793679 9.35054413210288 -34.1951878462077 -2.36371816340667 8.116977534886 153.647413516962 8.56396883833456 -7.17792079335595 0.84102920858649 0.866474092082215 0.868108639275426
71.49 2.84843983196105 3.58399249798051 9.37185358760597 -34.3413179165488 -2.26398756844005 7.97932558292412 154.302672165266 8.36757195450111 -5.92012871402035 0.840803496913534 0.866822209173725 0.867923738264617
71.493 2.86742003509002 3.46154183464639 9.39875342629411 -34.3850487203138 -2.09484071999299 7.71116401699812 155.312404948739 8.370814759051 -4.84811584261832 0.840979318715707 0.866518893437855 0.868249807978924
71.521 2.89234323276815 3.34181928322368 9.41613974137954 -34.4969255276717 -1.94184519761201 7.40340639392426 156.461164453865 8.3737332831459 -3.88330425835649 0.840885066312288 0.86661629065525 0.868050790097764
71.535 2.91764714992407 3.23287188725758 9.43406193820106 -34.6632635092557 -1.84537060151493 7.12871460949367 157.435048008479 8.19635995483131 -3.07497383252084 0.841052731174587 0.866333566771227 0.868118185251713
71.549 2.92390069970218 3.13990689263124 9.47173970968247 -34.699227234666 -1.81121522075275 6.90897291953667 158.371543207631 7.97672395934818 -2.28747644926875 0.840698046551013 0.866449496655285 0.867808869377735
71.561 2.92665585525686 3.03624683271687 9.51396955875206 -34.4819762669246 -1.82398682844847 6.81349547491125 159.154388886868 7.95905156341336 -1.27872880434188 0.840631921364064 0.866307049640949 0.867530485091154
71.591 2.94775040728916 2.93068248317398 9.55287430728359 -34.2146946707665 -1.93853471048912 6.84283295032089 159.918949998181 7.64314640707202 -0.67085592390769 0.84044593841335 0.866055249858357 0.867403399498772
71.606 2.97685100838306 2.82903066532991 9.59692664782599 -33.9512404708654 -2.15078810966921 6.90358782322773 161.147054998363 7.17883176636482 0.776229668483079 0.8401519330659 0.865952227523714 0.867165562200088
71.622 2.99962980334248 2.72269996932609 9.63352113819476 -33.7042080268323 -2.37693067274809 7.03612980426373 162.192349498527 7.18094858972834 2.01860670163477 0.840013948945003 0.865612174692047 0.867074968896813
71.652 3.01402551040905 2.61431307433364 9.66112914553007 -33.5650849340727 -2.56671852150382 7.29434888490606 162.413114548674 7.9028537307555 2.89674603147129 0.839636370765152 0.865306127143547 0.866869974658324
71.666 3.02662251686326 2.51257501994059 9.69058517400074 -33.517736746009 -2.66729857775038 7.58628804221698 163.211803093807 8.43256835767996 4.28707142832417 0.839676413156788 0.865154419610695 0.866808940109225
71.682 3.05412066842858 2.41496541757421 9.71841243312044 -33.5308485675913 -2.72575955967 7.82765923799529 163.570622784426 8.66931152191196 5.53836428549175 0.839459360334995 0.865017882831128 0.866383216019007
71.712 3.09467074453006 2.30491055243346 9.73483775322393 -33.5624965352596 -2.83867978690911 8.00519865770721 163.953560505983 8.46238036972076 6.12452785694257 0.839390633487188 0.865018597199208 0.866370857333839
71.727 3.1177582965419 2.19712233418047 9.73351956246574 -33.6482316145581 -2.98839959447774 8.17719787590595 164.538204455385 8.51614233274869 7.49207507124832 0.839328779324162 0.86501924013048 0.866359734517189
71.742 3.13470635051656 2.07982207423883 9.72485132966887 -33.5689046363084 -3.0758191770147 8.34802770663597 165.064384009847 9.28452809947382 8.84286756412349 0.839399580859897 0.865143279034165 0.866226263716663
71.773 3.15594512136395 1.96048518198524 9.72896102626131 -33.2761363100821 -3.06900061809186 8.50024783673573 165.897945608862 9.13607528952644 9.69858080771114 0.8393368319596 0.865254914047482 0.86622960026173
71.79 3.1807462267126 1.82399243275339 9.74558852516717 -32.7584463431961 -3.05065017460328 8.62350549581025 166.048151047976 9.36246776057379 10.94872272694 0.83953314877821 0.865108327824237 0.866479114399282
71.806 3.19821897972036 1.66595419192327 9.7670774555484 -32.2169528539146 -3.05474546248646 8.68558242714526 166.603335943178 9.50622098451641 12.013850454246 0.83958351336854 0.865223457958546 0.866580489520534
71.836 3.21077213133939 1.51013268033278 9.77624207403775 -31.8845705456224 -3.06682816814622 8.7101539554231 166.86300234886 9.63559888606477 13.4524654088214 0.839755162046255 0.865327075079425 0.866917966868212
71.851 3.20896171431751 1.36558375656258 9.76659357845648 -31.7129073841899 -3.02961100018656 8.71394772018613 167.216702113974 9.9920389974583 14.5072188679393 0.839909645856199 0.865666841735207 0.867098644345116
71.866 3.19566060514162 1.24614392280266 9.77365185290453 -31.3897082488244 -2.82817661772515 8.64560638328202 167.715031902577 10.3728350977125 15.6364969811454 0.840174852764106 0.865849444122867 0.867384306210336
71.896 3.18650280306556 1.1012386714788 9.81082962873469 -30.7018824621099 -2.438488726945 8.45051139380878 168.223528712319 10.5355515879412 16.8328472830308 0.840287367502265 0.866136973874305 0.867395162150482
71.911 3.18418641272025 0.956099605742548 9.84566625585756 -30.1225339105554 -2.0358612282963 8.20317017809203 169.101175841087 10.7419964291471 17.6095625547277 0.840640825320964 0.866149239403608 0.867774089476202
71.926 3.17868993922624 0.82822777585696 9.87911415663899 -29.8736392981258 -1.78647357874912 8.08056308394695 169.111058256979 10.8677967862324 19.088606299255 0.840706742803437 0.866529841762978 0.867745967089762
71.956 3.16344803194302 0.720684865920343 9.90508728534765 -29.7794051393056 -1.71087965598871 7.99998769158279 169.179952431281 10.9210171076092 19.9997456693295 0.841018263092019 0.866502820503414 0.868089813921555
71.971 3.14853321570245 0.607376256413994 9.91481621245253 -29.5419226406422 -1.69246344611503 7.80151563998176 169.841957188153 11.0889153968482 21.0597711023965 0.840920116250969 0.866848064752804 0.867906795446132
71.986 3.13205728880842 0.486843441868786 9.90806979399658 -29.093837246807 -1.62398046028215 7.46869232025839 169.657761469337 11.4200238571634 22.3137939921569 0.841210299194797 0.866665760928717 0.868111642201251
72.016 3.12518965559255 0.359928555737404 9.91504638011817 -28.452392453424 -1.40891065852875 6.98976201953026 169.671985322404 11.7780214714471 23.3824145929412 0.84096647846101 0.86687165899957 0.867802980632319
72.03 3.12463517806278 0.249595738158048 9.93575039460269 -27.8735654218221 -1.1336684476377 6.39765604658487 170.224786790163 11.6802193243024 24.7641731336471 0.841126002108436 0.866563398281116 0.868018208868818
72.046 3.12018571932327 0.146824607287724 9.9525883342684 -27.3953691849834 -0.901217633408284 5.81743242665921 170.662308111147 11.7721973918721 25.7077558202824 0.840890611083285 0.866656345014184 0.867965674543116
72.077 3.11630091642629 0.0858143440200795 9.94936698787159 -27.0634658542713 -0.777508083807914 5.36317010002382 170.516077300032 11.6749776526849 26.1369802382541 0.84067875916065 0.866369615694268 0.867918393649985
72.091 3.10550226189456 0.010554391561202 9.94706630211543 -26.5952872077755 -0.707390863213382 4.77189125796037 170.924469570029 11.6474798874164 26.9432822144287 0.840488092430277 0.866235156776035 0.867875840846166
72.105 3.11206405238296 -0.053408695681466 9.95026292355184 -25.8998806244025 -0.521384601319525 3.88401510926357 171.472022613026 11.4427318986748 27.6089539929858 0.840442962655401 0.865990546279934 0.867467161943052
72.134 3.12796545811878 -0.128213727554894 9.96505108432166 -24.9793582108172 -0.256269041950931 2.8658426059708 171.604820351724 11.4984587088073 28.9280585936873 0.840275875575554 0.865646661572645 0.86709935093025
72.149 3.15999382247079 -0.218343023134365 9.99098984261923 -24.2318040691248 -0.212321527068815 2.2258232308699 171.664338316551 11.7286128379266 29.9352527343185 0.839998876511884 0.865584498066573 0.866891918488418
72.164 3.17726732649995 -0.293892875617529 10.0003285872391 -23.9269442728993 -0.37658555756804 1.82690502992032 171.657904484896 11.6357515541339 30.7817274608867 0.839876198046388 0.86528121818062 0.866828689556309
72.196 3.19131709359819 -0.359673108433889 10.000234025787 -23.8052422120216 -0.609156009444824 1.46406185517256 172.012114036406 11.9121763987205 31.783554714798 0.839639166735635 0.865132001544061 0.866524725782181
72.209 3.21485549112619 -0.430427341856247 9.99775472110865 -23.4773897465447 -0.716179339798052 0.954296891029351 172.210902632766 12.0409587588485 31.9651992433182 0.839552459247764 0.864997706571157 0.866374755855156
72.224 3.23801527530367 -0.52175917851718 9.99594239139281 -22.876979016165 -0.736164459253361 0.4260427744455 172.569812369489 11.7368628829636 32.4286793189864 0.83947442250868 0.865000438565235 0.86648656683082
72.254 3.26951326826585 -0.6222136136394 9.98575197229137 -22.2953879847775 -0.775525112564666 -0.00434776254103453 172.65283113254 11.7031765946673 33.3258113870878 0.839404189443505 0.864879299890214 0.866340412798931
72.269 3.29199567347205 -0.711545215532296 9.96460959824338 -21.9231010946967 -0.859041303598276 -0.353531306897618 172.787548019286 11.2528589352005 34.313230248379 0.839340979684847 0.865017332817926 0.866085276700541
72.284 3.30821956613155 -0.775782799558443 9.9307374254979 -21.6361344966774 -0.956343280108677 -0.708254512085719 172.908793217358 11.2075730416805 35.4419072235411 0.839536881730932 0.865018102187326 0.866226035591667
72.314 3.33455264644467 -0.830663730952086 9.91246293450451 -21.0671775355593 -0.900403608586359 -1.25574967156417 173.077913895622 11.2268157375124 35.677716501187 0.83958687302599 0.865018794619787 0.866475906196225
72.328 3.35849183866361 -0.884006998169072 9.90385690747251 -20.197864362156 -0.713416682842227 -1.84849531509478 173.11012250606 10.5241341637612 36.0099448510683 0.839631865191542 0.865142878074541 0.866700789740328
72.344 3.37375232638996 -0.94332854261486 9.89766768889323 -19.3857115137267 -0.569555930588539 -2.25066868434866 173.499110255454 10.3717207473851 36.9089503659615 0.83967235814054 0.865377876828267 0.866779997327475
72.375 3.39933807607365 -1.00060850659449 9.89329444417383 -18.8036289119723 -0.508783543636555 -2.41262471667715 173.429199229908 10.8945486726466 37.4180553293653 0.839961293820013 0.865466052062174 0.866974471758452
72.388 3.42924858590251 -1.05407584559416 9.89654112204038 -18.2476935016911 -0.457141830494274 -2.49655308470409 173.486279306918 11.0050938053819 38.1162497964288 0.839968843906163 0.865791921019681 0.867026311143787
72.401 3.44724964016931 -1.11650180385854 9.89006591150871 -17.6328478156442 -0.375549784849427 -2.55987487547032 173.177651376226 11.3445844248437 38.9846248167859 0.840354154084472 0.865962015478893 0.867442123570177
72.433 3.45602854711643 -1.17849109977197 9.86993291654925 -17.1428454768278 -0.27845282163166 -2.54129196807596 173.079886238603 11.5901259823594 39.5861623351073 0.840448738690594 0.866238288094729 0.867570385376884
72.448 3.45501118263153 -1.2199162579451 9.84498968135184 -16.779705967313 -0.169691508934142 -2.42304063386379 173.171897614743 11.7511133841234 39.9475461015966 0.840786059390461 0.866240422201989 0.867931790379964
72.463 3.45134220147623 -1.24121760757631 9.83505049715221 -16.2811246835588 0.00376619157759245 -2.38302664681329 173.254707853269 11.7760020457111 40.6327914914369 0.840837453465984 0.866611906281522 0.867887897903148
72.492 3.46150750182116 -1.25589968650221 9.83274919423264 -15.489653436577 0.221710183106856 -2.36686138671211 173.149237067942 11.73840184114 40.8295123422932 0.841135902688311 0.866576678570103 0.868217551653602
72.509 3.45694946880976 -1.28192253609311 9.82786477773906 -14.5788560318506 0.300302523574797 -2.27674013353708 173.534313361148 11.464561657026 41.4865611080639 0.841025991887631 0.866668297274273 0.867898299139435
72.523 3.4556005922184 -1.28684789866041 9.81975777002741 -13.7835658485128 0.25653181320205 -2.11318825758795 173.160882025033 10.9781054913234 42.1979049972575 0.841179564192395 0.866503970198038 0.86822691276626
72.557 3.45546399300327 -1.2966078185722 9.81713017570289 -12.9464306377074 0.172863364706272 -1.94232744709633 173.42479382253 10.900294942191 42.4781144975318 0.840938816958849 0.86672604734196 0.867906724140827
72.57 3.47066392968622 -1.32292928072972 9.83044737053495 -12.0105661998908 0.13191290609824 -1.81756035124166 173.662314440277 11.1902654479719 42.9703030477786 0.841101106756491 0.866432347789266 0.867988525890469
72.599 3.5007441622364 -1.35996627008762 9.84734093075318 -11.1011126333368 0.100401004801393 -1.62511729321673 174.176082996249 11.1512389031747 43.2332727430007 0.840868205266534 0.866415075927073 0.867815636218156
72.614 3.51608477077014 -1.39533462997538 9.86954825155726 -10.4597036600795 -0.058494057510807 -1.24275823565078 173.918474696624 10.8761150128573 43.2299454687007 0.840785064208033 0.866276070985559 0.867536575247533
72.63 3.51971597112233 -1.42531064936157 9.87552870243303 -9.98472566048376 -0.296156102141406 -0.761993862467386 174.406627226962 10.3885035115715 43.7069509218306 0.840583766972922 0.866027369068505 0.867285420373973
72.646 3.52076940509988 -1.44899704267355 9.8750453436033 -9.47632943031325 -0.481044308721158 -0.380450964770265 174.305964504266 10.2496531604144 43.9562558296475 0.840275978769515 0.865927134812848 0.867059380987769
72.671 3.52159778571111 -1.47683898994123 9.87586726340557 -8.85846747964834 -0.597825374032249 -0.108054723255071 174.095368053839 10.0046878443729 43.8206302466828 0.840252060360715 0.865465717609466 0.866979405805725
72.687 3.51970970895274 -1.52158905615325 9.8754697346053 -8.23063599885908 -0.678500851896199 0.153132428459749 174.505831248455 10.0242190599357 44.0585672220145 0.839977442818529 0.865298051030022 0.866783967876346
72.702 3.51723233699545 -1.56042759612127 9.87337617606176 -7.73810675011821 -0.755688934645511 0.414918422254996 174.21524812361 10.3417971539421 43.9727104998131 0.839856907722369 0.865147151108522 0.866731534005444
72.732 3.51422457551728 -1.59765677149526 9.86095749613869 -7.33681515907585 -0.835845232020654 0.581823526594382 174.373723311249 10.2076174385479 44.3154394498318 0.839621805444018 0.865134938648863 0.866437285786403
72.748 3.50415541519914 -1.63535287823169 9.83912652084733 -6.93672142942781 -0.893482082864391 0.645778578515096 174.276350980124 10.4468556946931 44.6238955048486 0.839536834085309 0.864876614704681 0.866419520124496
72.762 3.49790636709506 -1.66832169454594 9.82007716908608 -6.45068287427129 -0.9026071570207 0.640742705396411 174.008715882111 10.6021701252238 44.4815059543637 0.83946035986247 0.864767858415716 0.866280070763239
72.792 3.49994366178966 -1.70290174986094 9.80993577374119 -5.8155382509663 -0.834483845898782 0.563691335620129 173.9478442939 10.3219531127014 44.8933553589274 0.839518003344375 0.864917035490877 0.866278026603649
