58.449 -7.00147869713019 5.18582407644397 -3.32178429299615 -0.726410734511778 0.718869025123485 -2.57045254285839 132.010082644873 64.323078614362 -26.7516111018049 0.839933745736627 0.865001893240539 0.866767298079782
58.463 -7.01145102852801 5.1799599648506 -3.32401598275324 -0.788120806098768 0.648508840168388 -2.60806377712217 132.189074380386 64.7907707529258 -26.8964499916244 0.839817580348657 0.864880609097988 0.866716531188537
58.492 -7.01659540779191 5.17234790810858 -3.3209966848548 -0.866560633885838 0.71190223096071 -2.65336426963896 132.590166942347 64.6116936776332 -26.666804992462 0.839586410807677 0.864771453369692 0.866423783251186
58.507 -7.02080640000222 5.17040518959387 -3.31899757655762 -0.944026707901834 0.891857046032578 -2.75291333885827 132.351150248112 64.3305243098699 -25.9801244932158 0.839504978912602 0.864549477953427 0.8664073678428
58.522 -7.02154367687212 5.16949468886874 -3.30983620410236 -0.967181289020048 1.09732782997894 -2.89212582176634 132.496035223301 64.0774718788829 -25.6021120438942 0.839431690207034 0.864473435339587 0.866269133709714
58.552 -7.0223868029288 5.16484451922197 -3.30254864864116 -0.928478427293615 1.23645000881311 -2.96932545333016 132.386431700971 63.7297246909946 -25.7419008395048 0.839492200654482 0.864652054722361 0.866268183255476
58.567 -7.0297894838725 5.16664486496823 -3.30167608415393 -0.908913027312345 1.22196531327531 -2.99605703013455 132.107788530874 63.7167522218952 -25.9277107555543 0.839546660057185 0.864689351901318 0.866267327846661
58.582 -7.04908131032655 5.17502882512668 -3.29795786996461 -0.901991190229966 1.07763137736762 -3.0407261362814 131.977009677787 64.1850769997056 -25.9749396799989 0.839721994066036 0.864599321892689 0.86651306922572
58.613 -7.07536238255623 5.18790147094959 -3.30592408114473 -0.762173750596282 0.84544075871483 -3.34581382799677 132.039308710008 64.0665692997351 -26.317445711999 0.839879794674002 0.8648886762646 0.866611048864328
58.629 -7.11571490009895 5.19960658600062 -3.31279440820634 -0.285956375536654 0.447919583606706 -4.35398053680015 132.335377839007 64.3199123697616 -26.1457011407991 0.839895494674753 0.865025771554873 0.86682241814162
58.644 -7.19303286588434 5.17710119053838 -3.34866579860824 0.340349185681134 -0.0945822984180867 -6.11629240678426 132.601840055106 64.5479211327854 -26.2311310267192 0.839909624675429 0.865272480960566 0.867012650491183
58.673 -7.31493231519678 5.16372966973588 -3.36748266658525 0.791810450319127 -0.664513381553377 -8.12527385312873 132.661656049596 63.9731290195069 -25.7680179240473 0.840174833701414 0.865494519425689 0.86718385960579
58.689 -7.44642908154088 5.13146429248398 -3.38334045804745 1.05766757322615 -1.10035211973392 -10.0112197502586 132.355490444636 64.4158161175562 -26.0712161316425 0.840161029799424 0.865817541646845 0.867214760206391
58.703 -7.55627673964045 5.08393022705089 -3.41862158176785 1.26029776246842 -1.41550774745518 -11.8765099889732 132.559941400173 64.6942345058006 -25.8640945184783 0.840527121388407 0.865861750398894 0.867611727726521
58.734 -7.6686669299037 5.04180798490915 -3.43852330622809 1.55716874958035 -1.88540735438905 -13.9667215854957 133.043947260155 65.1248110552205 -26.0976850666305 0.840604409264136 0.86614804952273 0.867599841515048
58.749 -7.77999342462695 4.99108897650308 -3.4712788943446 2.03885645477499 -2.60755364185091 -16.2494387399233 133.47955253414 65.6323299496985 -26.3079165599674 0.840926162906648 0.86615920748719 0.867835383663275
58.763 -7.91627983732173 4.93179493252098 -3.50836051857439 2.60367309937383 -3.5521417891162 -18.7344185300531 133.751597280726 66.4490969547286 -26.1371249039707 0.840837226084134 0.866538813038203 0.867677808213681
58.794 -8.04659904673531 4.88226101193124 -3.51910877248019 3.20513785050515 -4.55646959493741 -21.3174652266661 133.876437552653 67.1841872592558 -25.9834124135736 0.841135698044646 0.866387434385575 0.868028470933081
58.81 -8.14868314535768 4.80745368057454 -3.52692670840356 3.99225765324089 -5.54738752093985 -23.9910622154499 134.108793797388 68.2057685333302 -26.0850711722163 0.841025807708333 0.866621165110743 0.867851586756506
58.823 -8.24115745548622 4.73037070799438 -3.53958921925724 4.88005478868016 -6.71860296731915 -26.9782155358896 133.897914417649 69.4251916799972 -26.3565640549946 0.841305421506426 0.866337953781171 0.867938902244581
58.855 -8.33030998996689 4.64866590590985 -3.53464505639523 5.84624778309459 -8.14597931180861 -30.255203142606 134.068122975884 70.6426725119975 -26.1209076494952 0.841052088541476 0.866453444964234 0.867647514671316
58.872 -8.40797349475438 4.54867565713863 -3.52714269370005 6.8753634628004 -9.82909130429187 -33.5525835917042 134.641310678296 72.0384052607977 -25.9688168845457 0.841076879701897 0.866187005649313 0.867755237367909
58.886 -8.47368077632142 4.43994981124288 -3.48759001204519 7.8801935287341 -11.7324417158474 -36.8003786676483 135.097179610466 73.7145647347179 -26.0119351960911 0.8408464009174 0.866070807735575 0.867605676547852
58.917 -8.56100908693391 4.34185712999957 -3.46593882181479 8.76087646593703 -13.7889685366291 -39.9310278237842 135.74746164942 75.3431082612461 -26.530741676482 0.840765440293812 0.865966229613211 0.8674710718098
58.931 -8.64666738310502 4.21604460597209 -3.42801739160627 9.50387278880897 -15.8245754997601 -43.027238018505 136.512715484478 77.1087974351215 -26.6976675088338 0.840692575732582 0.865624776572594 0.867349927545553
58.946 -8.70526467143636 4.08677217471753 -3.40412331865201 10.1534855099281 -17.6154003925322 -46.1176439876469 137.20144393603 79.0579176916094 -27.5679007579504 0.840373906653209 0.865441204096837 0.867240897707731
58.976 -8.77607846003003 3.97186350621123 -3.34455083530518 10.6167629131337 -19.0912649334316 -49.2180933293402 138.001299542427 80.9921259224484 -27.4511106821554 0.840213725173581 0.865275988868656 0.867142770853691
58.991 -8.83370563752557 3.8199032765389 -3.30302633096015 10.9611934920494 -20.3393903484854 -52.2268183475512 138.961169588184 82.7329133302036 -27.5859996139398 0.839816169370872 0.865127295163293 0.866807398949825
59.004 -8.90232949287091 3.6665592034245 -3.2588308088413 10.986448188646 -21.4741536037132 -54.8789456731015 139.525052629366 85.1996219971832 -27.7673996525458 0.839711761619478 0.864993470828466 0.866752621971575
59.035 -8.95241922882552 3.50837839599709 -3.18074760130922 10.7916201636745 -22.4007840448686 -57.1971579760203 140.212547366429 86.9996597974649 -27.9906596872913 0.839617794643223 0.864996626396813 0.866579862425611
59.05 -8.98726477695127 3.36170611044401 -3.1069412585367 10.4933741778414 -23.1263544953436 -59.2629383616244 140.771292629786 89.0396938177184 -27.7715937185621 0.839533224364593 0.864875868938634 0.866424378834243
59.065 -8.99007495468217 3.2239549630341 -3.02381599750542 10.3837314165458 -23.7694442366489 -61.2221407086681 142.474163366808 91.4757244359466 -27.3344343467059 0.839457111113827 0.864890784695964 0.866407903867552
59.098 -9.01409211360238 3.08836705149326 -2.94936239248297 10.4010834657309 -24.5604387442817 -63.1327510652822 143.646747030127 93.9081519923519 -27.4209909120353 0.839641400017013 0.864656876147072 0.866516400041977
59.11 -9.05605820360322 2.95897576803965 -2.87032328420086 10.5846392412952 -25.4723338011513 -64.9446667984486 145.122072327114 96.0373367931167 -27.5588918208318 0.839554469201005 0.864693691183557 0.866490722954512
59.142 -9.07216020413524 2.77734146352114 -2.7830272290695 11.1452592866314 -26.4655584363033 -66.6120321796725 146.029865094403 98.253603113805 -27.1430026387486 0.839602701749056 0.864850284981935 0.866714124822786
59.156 -9.11927300681131 2.59334031196388 -2.71415729882612 11.6383669457545 -27.5999186232073 -67.9386152212472 147.806878584962 100.728242802425 -26.8887023748738 0.839772431588719 0.865237730647467 0.866915186504233
59.171 -9.15766423335186 2.38218959079938 -2.62763379420901 11.8592630756065 -28.8109191272988 -69.1409369052294 149.286190726466 103.075418522182 -26.7798321373864 0.840051359923375 0.8654632441439 0.866972954414989
59.187 -9.14876159480671 2.19053785419545 -2.5319856978005 11.8939474550688 -30.0023462985384 -70.378751611653 150.49757165382 105.667876669964 -26.5618489236477 0.840049903399189 0.86566620629069 0.86702494553467
59.217 -9.1670854132008 1.98064189031197 -2.41010909466855 11.9831786637604 -31.0708139587609 -71.7195024046862 152.427814488438 108.241089002967 -26.005664031283 0.840427107628195 0.865725548578354 0.867317977280935
59.232 -9.19770267373008 1.74468946046656 -2.31023638119321 12.1069982019645 -31.728618059068 -73.1002239199428 155.065033039594 110.256980102671 -25.6850976281547 0.840388076333527 0.866025467884244 0.867335466114021
59.247 -9.20041833012416 1.50312301147305 -2.21101354959626 12.0787411298596 -31.7649165585047 -74.3802778638264 157.378529735634 112.971282092404 -25.4565878653392 0.8407314632691 0.865925423747012 0.867720363043388
59.276 -9.21040417274041 1.2665595945268 -2.12075532141047 12.0220120550416 -31.3372798644863 -75.7941584743903 159.580676762071 115.294153883163 -24.7709290788053 0.84078831695676 0.866328407672043 0.867697613300229
59.291 -9.19347418713751 1.02168992190502 -2.02545698281572 12.0579787884687 -30.4157656184957 -77.1529105658826 161.682609085864 117.864738494847 -23.7938361709248 0.841091679830009 0.866321529821572 0.868046295510975
59.305 -9.19733090431854 0.780956509968117 -1.93442122754257 12.180425184431 -29.1100669192416 -78.3124286695997 164.294348177278 120.538264645362 -22.5544525538323 0.840859721032701 0.866684903139146 0.86786762887661
59.334 -9.15836477784542 0.524971666866966 -1.84913716867686 12.4509322843085 -27.4601289296075 -79.0689720621817 166.70491335955 122.644438180826 -21.6190072984491 0.841281818829462 0.866395318006734 0.868199309529718
59.348 -9.11240163303818 0.252626940251375 -1.77375818033625 12.7020222619846 -25.8370168000055 -79.6261969933681 169.234422023595 124.659994362743 -21.2571065686042 0.841030846132208 0.866628260369786 0.868005341493479
59.363 -9.0049548046953 -0.00589085402400655 -1.67413406437286 12.6516673640304 -24.4869029062645 -79.9964017215122 171.330979821235 126.893994926469 -20.6313959117437 0.841183933012514 0.866467936984 0.868077281507857
59.394 -8.88478950534759 -0.252323539098901 -1.57082540570779 12.6666532993831 -23.5878309362487 -80.7387462821854 174.477881839112 129.564595433822 -20.3682563205694 0.840942748896956 0.866447106202333 0.867895516273804
59.408 -8.79064682609884 -0.529179588890793 -1.47132341366187 12.9427360610478 -22.9214142548376 -81.674795318089 177.430093655201 131.60813589044 -20.0114306885124 0.840852153475412 0.866181300763603 0.867731927563157
59.422 -8.68239537018879 -0.807080450001409 -1.36758597762443 13.1018975694469 -22.220875882789 -82.0615142595626 180.027084289681 133.267322301396 -19.3902876196612 0.840770617596022 0.866065673338436 0.867337639988344
59.455 -8.581856600687 -1.07634484381352 -1.28164430920235 13.2481963621205 -21.5392463097772 -81.7316987114689 182.544375860713 135.300590071256 -19.1312588576951 0.840317372551069 0.865961608655785 0.867106378640703
59.47 -8.47269695303896 -1.31694699177928 -1.17251378116564 13.3737584052978 -20.9128025948301 -80.7699792220014 185.169938274641 137.250531064131 -18.7781329719256 0.840162844481655 0.865620617710911 0.867021703693366
59.484 -8.40479975910835 -1.56622963711429 -1.09446745649776 13.5012680609512 -20.4306826406906 -79.773133971557 187.532944447177 138.765477957718 -18.580319674733 0.839897148527375 0.865561058591013 0.866698438505532
59.516 -8.33124244783985 -1.80063965527542 -1.01381098511041 13.5984694991309 -19.9792174300566 -78.9477289713479 190.73965000246 139.768930161946 -18.0422877072597 0.839911113142789 0.865383857913414 0.866531097306172
59.532 -8.2548056534648 -2.02633302159602 -0.924221329679078 13.8996912515079 -19.5774788931578 -78.0361621810833 193.745685002214 141.152037145751 -17.0780589365337 0.839670590322396 0.865224377303575 0.866380490226747
59.546 -8.16715820655704 -2.27267237377907 -0.832697022313613 14.5226992255937 -19.37087604201 -76.8378894744254 196.571116501992 142.036833431176 -16.4502530428804 0.839580740475849 0.864957109493922 0.866368404120806
59.577 -8.08444478534592 -2.54495533590983 -0.750145580592145 15.1070705244084 -19.3421853843739 -75.2991386949218 199.294004851793 143.613150088059 -16.1852277385923 0.839499875613957 0.865087361461263 0.866110468890228
59.593 -7.97444877406597 -2.7963546063197 -0.654062047203531 15.2704092734943 -19.3804859299059 -73.4883087948952 202.344604366614 144.671835079253 -15.8267049647331 0.839553567520713 0.86508112796633 0.866125384917938
59.606 -7.87066396517133 -3.04338364115587 -0.548493109285966 15.1884065140838 -19.5951090926405 -71.5860428009019 205.510143929952 146.164651571327 -14.8440344682598 0.839475419954334 0.864951920351199 0.866262132987325
59.637 -7.77731752791323 -3.30335864106922 -0.430556585317971 14.6855963970265 -19.9775829162009 -69.465606459743 208.539129536957 147.208186414195 -14.4996310214338 0.839405087144593 0.864959230967273 0.866508393852317
59.652 -7.72425079701827 -3.54697278153993 -0.33560660772871 13.4895558412934 -20.3309696627488 -67.1808778748374 211.745216583261 148.267367772775 -14.0696679192904 0.839720749923661 0.865212594431725 0.866606841028266
59.667 -7.67313881240922 -3.76640508483735 -0.221002220750013 11.697852165561 -20.1688650628861 -65.0292023010941 214.630694924935 148.740630995498 -13.0827011273614 0.839878674945864 0.865317297905286 0.866818631089164
59.697 -7.62653950026009 -3.93977253953416 -0.117319577610635 9.67386847572243 -19.5405281749181 -62.9003278725114 217.227625432442 150.126567895948 -12.0744310146252 0.840146978944805 0.865534854675937 0.867009242143973
59.711 -7.53468099090791 -4.10998891579925 -0.0316067877496566 7.98739765868454 -18.6643379528461 -60.9003714211382 219.804862889198 150.533911106353 -11.0469879131627 0.840388452543852 0.865730655769524 0.867303844229307
59.727 -7.43704461026195 -4.26587711680966 0.0526574722154183 6.74285636609853 -17.9284385087066 -59.4225480194824 222.364376600278 151.380519995718 -10.2422891218465 0.840353286757618 0.866030064356296 0.867322746367556
59.757 -7.33510593445304 -4.42622792937491 0.127537626435451 5.92429592032837 -17.4363580166145 -58.4741863473051 224.90793894025 152.142467996146 -8.91806020966181 0.840826027981887 0.8660530208374 0.867708915271569
59.772 -7.24288228635075 -4.5876023669672 0.206362079152547 5.52041594661614 -17.1293634363271 -57.7969967202082 227.557145046225 152.348221196531 -7.48625418869562 0.840873425198268 0.866443245053391 0.867687310305592
59.787 -7.09583609834983 -4.75785876807261 0.284067705782428 5.45845068783239 -16.9332209858242 -57.0142436130729 229.941430541603 153.253399076878 -7.03762876982606 0.841294152578472 0.866301423199245 0.868037022815802
59.815 -6.97061728419966 -4.92270141986032 0.373455663483299 5.6110789014919 -16.9376088109059 -55.9212161983305 232.267287487442 153.648059169191 -5.97386589284346 0.841294737335194 0.866543755043046 0.867859283450955
59.832 -6.83523525281644 -5.07716499102431 0.453605550492666 6.02401681286943 -17.0392677771435 -54.3435983952913 234.720558738698 154.003253252271 -5.37647930355911 0.8415474581706 0.866515342455475 0.868191798646628
59.862 -6.70249784127381 -5.25676395594165 0.518617693750436 6.69642429188783 -17.2857226788185 -52.4122919908767 236.928502864828 154.442927927044 -4.2388313732032 0.841269921539233 0.866736282373652 0.868121905343145
59.876 -6.60607832791364 -5.40056621520894 0.585089347513058 7.12907193903492 -17.6594404872725 -50.1848032498043 239.275652578345 154.83863513434 -3.21494823588288 0.841525123954235 0.866317824056991 0.868428158349599
59.892 -6.51965991963705 -5.54974041720489 0.648983974830691 7.49708077566578 -17.8751758278583 -47.7296817034498 241.268087320511 154.834771620906 -2.53345341229459 0.841249820744504 0.866558515815017 0.868087845165832
59.906 -6.43200729170227 -5.71500210470193 0.708224933960781 7.64584598054195 -17.8594139702633 -45.1124387239445 243.30127858846 154.951294458815 -1.32010807106513 0.841254838684623 0.866405166884708 0.868028347210429
59.936 -6.34132845889435 -5.81740979408831 0.76758716251142 7.32248275653356 -17.6635489091148 -42.2782940881913 245.131150729614 155.416165012934 0.011902736041381 0.841006564001853 0.866267152847431 0.867851475406119
59.952 -6.26929430685257 -5.91376658727774 0.826579681745355 7.18641768698708 -17.3254382930125 -39.4695486488378 247.198035656653 155.41454851164 1.27071246243724 0.840783116787361 0.86601934274419 0.867692290782241
59.966 -6.20428399314119 -6.02269391223832 0.89433743212627 7.28075301752501 -16.8990013339402 -36.6096166847174 249.178232090987 155.773093660476 1.80364121619352 0.840582014294317 0.865672578390475 0.86742556435521
59.996 -6.11219607653887 -6.1434135556672 0.961723902708351 7.34199069287175 -16.5915439486378 -33.5127771536502 250.120408881889 155.975784294429 2.88327709457417 0.840147629579535 0.865484225732931 0.867185510570882
60.011 -6.0380557554603 -6.2524802315641 1.02069578667229 7.03527253961511 -16.5957483324 -30.0134078352318 251.6283679937 156.578205864986 3.79494938511675 0.840136546089733 0.86531470834114 0.867092922430527
60.024 -6.01891423859957 -6.34178170219737 1.07550627678405 6.45006589634062 -16.6819750258776 -26.1998533112506 252.20553119433 156.940385278487 4.67545444660508 0.839746708195409 0.865162142688529 0.866762535368977
60.055 -6.0217383050808 -6.38797581782053 1.12112469693813 5.80734938304243 -16.2198843935188 -22.3035321022629 253.444978074897 157.626346750639 5.46790900194457 0.83977571684402 0.86490109834038 0.866835568393259
60.069 -6.03433560227353 -6.44942237666347 1.14955186147207 5.28310299435651 -14.8307203816478 -18.7670720218076 254.320480267407 157.643712075575 5.94111810175011 0.839421961874267 0.864789893687845 0.866654514205126
60.084 -6.031966390267 -6.48126112578302 1.18734673826737 4.54792246591323 -12.6438315495899 -15.8949449722986 255.168432240666 158.079340868017 6.6670062915751 0.839483445154992 0.864813406970253 0.866491565435807
60.114 -6.02809826915412 -6.5091977401792 1.22866444738665 3.82595464680282 -9.89242549386758 -13.4596489483512 255.5115890166 158.291406781216 7.26030566241759 0.839412309825185 0.864710971454731 0.866344911543419
60.132 -6.01300511704339 -6.53565747894815 1.26076271192991 3.06625994548132 -7.05814477654189 -11.0625390153481 255.94043011494 158.722266103094 7.67427509617583 0.839474758310818 0.86461877949076 0.866459706950257
60.145 -6.02126833748627 -6.54696156404589 1.2846233194181 2.18177135551334 -4.65843716911671 -8.54483473213394 256.566387103446 158.630039492785 8.04684758655825 0.839404491665429 0.864782864458418 0.866439699171965
60.175 -6.02325846807786 -6.55330447395599 1.28706396923441 1.27046444896964 -2.82007436823557 -5.90103828182131 256.829748393101 158.847035543506 8.20216282790242 0.839467721967038 0.865053864573756 0.866545015815948
60.189 -6.02091955593194 -6.53519078528842 1.31056894039492 0.575479072774964 -1.5434104428624 -3.32391155287582 256.706773553791 159.282331989155 8.82194654511218 0.839650949784903 0.865174441033113 0.866762988398078
60.203 -6.03204252229004 -6.54115456732477 1.32041081048888 0.224801394505101 -0.709680085599058 -1.06174940522183 256.596096198412 159.43409879024 8.41975189060096 0.839815854820982 0.865282959846535 0.866835976119451
60.233 -6.0755121401477 -6.5505322670254 1.32412096492507 -0.164854317464493 -0.0287884129170148 0.910074390262187 256.256486578571 159.330688911216 8.77777670154087 0.839964269353453 0.865503950423062 0.866778341424239
60.249 -6.12528900726391 -6.55891235369261 1.31381315558008 -0.716307817015754 0.921418672649496 2.94425779093063 256.010837920714 159.177620020094 8.79999903138678 0.840350036987034 0.865702841941936 0.867096033581546
60.263 -6.12106689593572 -6.54317080704405 1.33105190904902 -1.37750146279509 2.11782642370516 5.06891598130321 256.029754128642 159.279858018085 9.2999991282481 0.8404450333029 0.866005031911467 0.867258904387117
60.293 -6.07656555874388 -6.52062371726067 1.32442041914433 -1.8344078050652 3.04039492637281 6.91698621523396 255.986778715778 158.951872216276 9.44999921542329 0.84090859987264 0.865907031371513 0.867651457489174
60.31 -6.07111060771263 -6.51379869599847 1.32725077284071 -2.09600519249761 3.50811115892637 8.4909364486724 255.4681008442 158.296684994649 9.22499929388096 0.840947739899946 0.866311854534093 0.867635598301436
60.324 -6.15125516789779 -6.49341066676117 1.30322245430374 -2.48335123813335 3.96417027204137 10.431919139683 254.70129075978 158.247016495184 9.20249936449287 0.841235160478877 0.866306631997417 0.867990482012061
60.356 -6.16670254234336 -6.46069624421957 1.26920697395286 -2.99532145783147 4.78683721430288 13.0917806608292 254.071161683802 158.502314845666 9.00224942804358 0.841115323899141 0.866548442961401 0.867817396727588
60.37 -6.13577371266957 -6.38486559150782 1.25589114401592 -3.3629648845674 5.46769547760542 15.7986331290974 253.024045515422 158.492083361099 8.70202448523923 0.841385986078152 0.866272503846763 0.868154100595598
60.385 -6.14822025383243 -6.27567719481737 1.25426182127464 -3.04956915946944 5.69039157869984 17.8118995871801 252.08164096388 158.602875024989 8.5518220367153 0.84112459665603 0.866640779761818 0.867964653452772
60.416 -6.2128726776069 -6.24576205368951 1.24190181174697 -2.11407789237746 5.77326081777642 19.7467401628132 251.413476867492 158.52258752249 7.99663983304377 0.841268308483954 0.866355606967139 0.868163714407226
60.432 -6.27273579856386 -6.23924901207789 1.20096999715705 -1.66144872909391 5.79135458332702 22.4247379022571 250.632129180743 158.150328770241 7.4369758497394 0.841018686821251 0.866469332831605 0.867973305883237
60.447 -6.31960953850118 -6.15898746955845 1.17969367186075 -1.83347179511582 5.60382217842943 25.3570732723367 249.328916262668 157.815295893217 6.81327826476546 0.840920497607277 0.866324902199638 0.867925261856093
60.474 -6.34300146322161 -6.0322241310041 1.1877790207849 -1.80966660033706 5.41366896822008 27.7580071664771 247.976024636402 157.213766303895 6.91195043828891 0.840705657032242 0.866071317161177 0.867758698587217
60.488 -6.39511894423405 -5.95925756011255 1.15920266942853 -1.21877627618122 5.39825626987135 29.3226644650966 246.578422172761 157.212389673506 6.82075539446002 0.840385679822904 0.865843090626562 0.867732115289675
60.503 -6.5060695818541 -5.8769479368375 1.12169250938303 -0.857203992074546 5.71415583372391 30.8522300796556 245.500579955485 157.271150706155 5.95867985501402 0.840224321026306 0.865637686745408 0.867584866677441
60.534 -6.6441725025902 -5.78329668410834 1.07039583706564 -0.7188118371419 6.78548834195458 32.9433429495526 243.930521959937 157.44403563554 5.54281186951262 0.839825705638325 0.86557642072206 0.8672052851912
60.549 -6.72620748850672 -5.64573954911425 1.03655897066331 -0.879755080908626 8.83976393524003 35.2963368988722 242.697469763943 157.299632071986 4.74853068256135 0.839720344260185 0.865397683831357 0.86723404323326
60.563 -6.75311262046964 -5.49230989847834 1.0263367934704 -0.970405527016237 11.200825709655 37.1201383234888 241.407722787549 157.469668864787 4.57367761430522 0.839498898328052 0.865360418099414 0.867013141561127
60.594 -6.78720329972212 -5.35559984178175 0.970090771646519 -0.921456577368048 12.9189110776208 38.2783534987735 239.286950508794 157.622701978308 3.6963098528747 0.83942621768094 0.865079546210177 0.866814330056207
60.61 -6.89533737992142 -5.23998285648969 0.906001968620318 -1.05221168299002 13.9010657713854 39.4077700572931 237.498255457915 157.400431780478 2.90667886758723 0.839234184406731 0.865074094240352 0.866511802232089
60.624 -7.04227786983455 -5.08008278594387 0.848621320818154 -1.72561646888949 15.0506538507354 41.1990541202661 235.768429912123 157.32038860243 1.7160109808285 0.839187975151751 0.864821854737021 0.866486584925613
60.657 -7.1815273319966 -4.91007592546319 0.785187293971439 -2.34236779909978 16.773832740471 43.5394540517509 234.331586920911 157.008349742187 0.764409882745654 0.839146386822268 0.864842171914512 0.866463889349785
60.672 -7.2655518372613 -4.74090890527405 0.726121453837925 -2.76767300392263 18.3056097717674 45.9908521580262 231.89842822882 157.387514767968 -0.272031105528911 0.839108957325734 0.864860457374254 0.86644346333154
60.687 -7.40869040963868 -4.5817752519903 0.65728017618928 -3.03441715391204 19.037644214438 48.2207745758114 229.468585405938 156.888763291171 -1.08482799497602 0.83932806160773 0.865123698198009 0.866671591162111
60.717 -7.57642093608814 -4.43825567719257 0.597058822339835 -3.45311284310099 19.3086889532996 50.3620558968562 227.101726865344 156.739886962054 -1.99634519547842 0.839398934915108 0.865237291294941 0.866876906209625
60.731 -7.7213928637806 -4.27155894896611 0.523705990278181 -4.14138934505044 19.307591050336 52.9708884751095 225.57155417881 156.005898265849 -3.05671067593058 0.839589041438167 0.865339525082181 0.866938502149843
60.763 -7.92273599546284 -4.06796164686583 0.447632795122376 -4.65320460901867 18.5111830903406 56.2615858871405 222.994398760929 155.705308439264 -3.53103960833752 0.839886308787877 0.865554859135142 0.867117126098583
60.775 -8.1580537197691 -3.89160738624724 0.369889386487404 -4.67796048399467 16.9951792851233 59.8949692831593 220.674958884836 154.714777595338 -4.07793564750377 0.840027677923659 0.865748659782808 0.867154700049905
60.787 -8.41113968232588 -3.71181959722273 0.280347717993617 -4.61932474093872 15.8040583031759 62.5955486907212 218.467462996352 153.703299835804 -4.57014208275339 0.840532980031324 0.86567629645572 0.867557673585683
60.802 -8.59570167844876 -3.52445247304886 0.222265714281642 -4.52227776302805 15.8183089614079 63.6421006918781 216.060716696717 152.132969852223 -5.43312787447805 0.840483361496343 0.86610419310988 0.867551192788295
60.834 -8.67956670271204 -3.37455668329402 0.168615246302346 -4.17921029206876 16.614340660687 63.696974592156 212.994645027045 151.739672867001 -6.14981508703025 0.840817219915634 0.865996276450085 0.867914517050234
60.848 -8.73104334008854 -3.25455437552218 0.117277217942291 -4.00251063690768 17.4551966709541 63.5333840031694 210.475180524341 151.025705580301 -7.15483357832722 0.840739177392222 0.866392175104808 0.867749028261944
60.864 -8.81490140079404 -3.10261870430068 0.0646685031394482 -4.28164888619401 18.523417461874 63.1685952211731 207.427662471907 150.203135022271 -7.7593502204945 0.841047454221926 0.86637892051106 0.868215351890397
60.894 -8.88414873706351 -2.92188315099021 0.000261974394946109 -4.87562140215476 20.3443581584347 62.6685295921855 204.924896224716 149.342821520044 -8.66341519844505 0.840819917985426 0.866613502623679 0.86801977961809
60.912 -8.95024226332054 -2.70630928729958 -0.0874518584663014 -5.63996765888585 22.4122124189271 62.0787758696082 202.372406602244 148.268539368039 -9.65707367860055 0.841120120755809 0.866454655012504 0.86833624519705
60.926 -8.99212904773068 -2.53090773393201 -0.174534597824902 -6.24772661818811 24.2152659861947 61.3800585879909 200.07516594202 147.061685431236 -10.6713663107405 0.841011788148379 0.866558476072434 0.868128583594078
60.956 -9.05406841041366 -2.36269141169924 -0.26452094211956 -7.26646540675098 25.6899225936821 60.8580832635429 197.707649347818 145.675516888112 -11.5242296796664 0.841040609348111 0.866405131116384 0.868188199398395
60.972 -9.07599578262913 -2.13779472871905 -0.339822416556896 -9.02226161416748 27.0316173572147 60.8799085249749 195.396884413036 144.127965199301 -12.4718067116998 0.840813757598992 0.866513904565925 0.867748284640058
60.986 -9.07609788741065 -1.85895282236592 -0.446080534207542 -10.3811041550408 27.8902876825619 60.5552764511034 193.317195971733 142.975168679371 -13.6846260405298 0.840736061307245 0.866365016760526 0.867722742737232
61.016 -9.12694690375382 -1.60416438765398 -0.563679643167006 -10.5895586250329 28.1035489906416 58.732573233474 190.785476374559 141.397651811434 -14.8361634364768 0.840539664362213 0.866231017735666 0.867576431380242
61.032 -9.2362172402339 -1.42267897355918 -0.674127686941279 -10.3428165029876 28.3382322595164 55.6608426276838 188.206928737103 139.91788663029 -15.4525470928292 0.840236286419877 0.865986821143602 0.867321290893411
61.046 -9.35952010727497 -1.27963296066252 -0.763834406963276 -10.4459394328415 29.2654777358548 52.5764377542284 186.306235863393 138.886097967261 -16.1872923835462 0.840089866963582 0.865767044210745 0.867091664455263
61.077 -9.41153539696251 -1.11886910042638 -0.833138141064007 -11.1486737338322 30.7793879775365 50.5561985589582 184.175612277054 137.897488170535 -16.5485631451916 0.83983146876111 0.865569244971173 0.866761403191239
61.092 -9.41297905575259 -0.907922096027207 -0.922745543445491 -11.7658674291513 32.1518308591722 49.289128321383 182.258051049348 136.527739353482 -17.7137068306725 0.83985200135315 0.86526749039476 0.866834549433295
61.106 -9.41870759365878 -0.719566166675036 -1.03846726214171 -11.797677632801 32.8725256358504 47.5892231228325 180.592245944414 135.354965418133 -18.8223361476052 0.839617389711721 0.865243244006477 0.866529999671469
61.137 -9.43134523425628 -0.603197109945963 -1.14668694789959 -11.660657961124 33.0997768890592 45.1753389784882 179.153021349972 134.11946887632 -19.8801025328447 0.839532859926241 0.865097824787332 0.866379502355515
61.152 -9.42422383720394 -0.509657849891499 -1.23277206113117 -11.9632944550879 33.0065930932831 42.8188737829294 177.317719214975 132.347521988688 -20.1720922795602 0.83945678311931 0.864843212229303 0.866367515036697
61.167 -9.43008493508145 -0.402308616063162 -1.31844880780736 -12.8287970706478 32.7280711885349 41.1293528168502 175.305947293478 130.992769789819 -21.3948830516042 0.839261693301264 0.864737796187875 0.866480050094207
61.197 -9.44529577903668 -0.298332136590329 -1.39436078013027 -13.8291234704533 32.3857984208265 40.3729060847835 173.49535256413 129.533492810837 -22.3753947464438 0.839339203439289 0.864889979485821 0.866334547735979
61.212 -9.43348733913351 -0.182427372085197 -1.47812416500786 -14.7866691386751 31.8563788840873 40.3982108961525 172.165817307717 128.280143529754 -23.3178552717994 0.839408962563512 0.865026944453972 0.866450379523561
61.227 -9.4086741238664 -0.0622515012745345 -1.5818226308847 -15.4713610034336 31.1318096979687 40.4996111805831 171.089235576945 127.032129176778 -24.2860697446195 0.83959806632173 0.865150212925308 0.866554628132385
61.272 -9.39490145711574 0.0696692350574478 -1.68406965475302 -16.0074310099604 30.3247355984008 40.245069909853 169.580312019251 125.6089162591 -24.7374627701575 0.839768259704126 0.865384478193957 0.866771639482872
61.274 -9.36855980993933 0.206952966725958 -1.76783198840339 -16.3990543211781 29.3869185271104 39.8785781860433 168.462280817326 124.44802463319 -24.9037164931418 0.839921433748283 0.865471993291295 0.866720438451318
61.287 -9.3450917951014 0.345112953313708 -1.85566792541968 -16.5377748432588 28.1528068270711 39.9510257109504 166.916052735593 123.343222169871 -25.3533448438276 0.840185461866982 0.865550756878899 0.867166838146955
61.316 -9.32905824349043 0.513450402374732 -1.94525476981008 -16.4198752215283 26.6443963733716 40.4414193230615 165.224447462034 122.168899952884 -25.4580103594448 0.840296915694853 0.865868155354734 0.867199440893439
61.332 -9.30630819230423 0.661302940567435 -2.03671669383768 -15.8145289207496 25.0990407055001 40.6942239556408 164.18200271583 121.112009957596 -25.3122093235003 0.840523395618895 0.865907302735994 0.867475023103827
61.346 -9.31139123644661 0.820467021930308 -2.14794239479235 -15.0834577080639 23.62806793266 40.4751832394661 163.123802444247 118.840808961836 -25.9009883911503 0.840601056071575 0.86618904662612 0.867599994957169
61.374 -9.31105789130536 0.954437160672031 -2.21326974402009 -14.2651882731354 22.1217496890123 40.0994206407103 161.271422199823 117.336728065653 -26.1308895520353 0.840923145033343 0.866319428524688 0.867835521761183
61.389 -9.30088182019241 1.08686159626956 -2.27182493838792 -13.4287457816997 20.3882006743096 39.8787915537385 160.08427997984 115.863055259087 -26.3378005968318 0.840708039715701 0.866559959835944 0.86792444374879
61.405 -9.28627654070002 1.22166575112625 -2.32290854066424 -12.6599170050565 18.3486172481 39.7145765205021 159.435851981856 114.716749733179 -26.3440205371486 0.841145305644162 0.866406466503543 0.86825044291468
61.434 -9.27636388678261 1.3450245599629 -2.3817526162548 -11.8191161442455 16.1557402561144 39.289683753948 158.252266783671 113.565074759861 -26.7096184834337 0.840907984265438 0.866638294016913 0.868051361539945
61.45 -9.2921626902125 1.47645804947748 -2.4368670637205 -10.9219373542484 14.1096318793579 38.5225474396219 157.187040105304 112.288567283875 -26.3186566350904 0.84119938040782 0.866476967266415 0.868241751685682
61.465 -9.30201216368393 1.58810429870606 -2.47671369208051 -9.91371308447241 12.6299664013458 37.3496820086368 155.628336094773 110.899710555487 -26.4467909715813 0.84108312183519 0.866578557100953 0.867920079168307
61.495 -9.31303151692613 1.67625577240754 -2.5145508840068 -9.07654024930762 11.9631529673181 35.7574618993762 154.225502485296 109.409739499939 -26.6821118744232 0.840978489119822 0.866423204042051 0.868000545415201
61.509 -9.27596273641882 1.74948689034195 -2.53789030263279 -8.76354271292647 11.953097212571 34.023700442263 153.142952236766 107.768765549945 -26.8339006869809 0.840757849393533 0.866159788819349 0.867702993524874
61.525 -9.20788489539413 1.83951646707009 -2.55745925977338 -8.95665409048879 12.1646577203216 32.3770555888764 152.58865701309 106.71188899495 -26.9105106182828 0.840559273639872 0.865798979858118 0.867681980733567
61.555 -9.13620004736472 1.93694337566093 -2.58045826978542 -9.19152303258495 12.3695659940909 30.710342396401 151.789791311781 105.700700095455 -26.7994595564545 0.840507025744036 0.865597987053809 0.86766306922139
61.569 -9.07383841588875 2.04958713375982 -2.59804491961352 -9.29603485146386 12.5356628297963 28.9324379277533 151.010812180603 104.97063008591 -26.6395136008091 0.840206911663518 0.865540690999621 0.867275667480754
61.586 -9.02752921266657 2.14731537392845 -2.62859723059254 -9.07482831288236 12.6721728826946 27.1689651273443 150.249730962542 104.253567077319 -26.5555622407282 0.840063429682859 0.865241791820363 0.867297387293858
61.617 -8.96418344929787 2.24616439721981 -2.64837302942202 -8.80856685563992 12.6774746783946 25.6955800649916 149.144757866288 103.068210369587 -25.9400060166553 0.839807675208459 0.86522011528952 0.866946553745975
61.63 -8.90280281265055 2.35188793762326 -2.67161804001741 -8.39335902503776 12.3410249204788 24.2702968676527 148.150282079659 101.641389332628 -26.7060054149898 0.839830587155764 0.865077008942071 0.866754401022571
61.647 -8.86396048151977 2.45152825972855 -2.70911839212071 -7.79906129047292 11.6221896040034 22.746320616002 147.195253871693 100.297250399365 -26.3754048734908 0.839598116934073 0.864948213229366 0.866581463571507
61.676 -8.83624487236316 2.5376132505663 -2.72814438287995 -7.02907882554777 10.6897416359695 21.2274137452415 146.875728484524 99.5075253594288 -26.7378643861417 0.839388893734552 0.864708561827134 0.866549280131089
61.691 -8.80160434051014 2.59761206306765 -2.74754226396604 -6.18800300406169 9.72763770138018 19.9558174088853 146.108155636072 98.6767728234859 -26.3440779475276 0.839453683829248 0.864616610825923 0.866520315034714
61.706 -8.75600277486733 2.66837038991824 -2.76577845981828 -5.50431720747232 8.76556095414292 19.0793196374624 145.837340072465 97.7490955411373 -25.9296701527748 0.839511994914475 0.864780912660064 0.866494246447976
61.736 -8.70502541455589 2.74234796522237 -2.75477742944162 -4.6424351050457 7.80961554575153 18.3164258416551 145.233606065218 96.9141859870236 -25.7967031374973 0.839564474891179 0.864928784310791 0.866594108364358
61.751 -8.68919301622775 2.79791444204608 -2.77079374606014 -3.44689388461746 7.03399750262676 17.3427985246651 144.390245458696 95.9827673883212 -25.4970328237476 0.83973802741663 0.864938408530905 0.866683984089102
61.766 -8.67045472199023 2.80650459822142 -2.78502885414303 -2.38617396180457 6.59471988976866 16.2276026416643 144.051220912827 95.0844906494891 -25.8873295413728 0.839894224689536 0.865070530594548 0.866641548596925
61.798 -8.64622808218866 2.83566384699455 -2.80298800390786 -2.09259473356305 6.39860667941775 15.1796515378032 143.566098821544 94.2160415845402 -26.5385965872356 0.84016097371411 0.865312764096273 0.866972920036964
61.811 -8.62675851035896 2.89105656015734 -2.80843718458855 -2.18333526020674 6.36485288170498 14.2059611931832 143.60948893939 93.7944374260862 -26.764736928512 0.840274876357268 0.865530774247826 0.867148102196993
61.826 -8.60301097734674 2.94186768175239 -2.8227386916546 -2.39782616166698 6.43142102864899 13.219716218903 142.928540045451 93.4149936834776 -27.0882632356608 0.840755458621572 0.865480199474236 0.867428818277025
61.858 -8.57912421677027 3.00316001094348 -2.8403385798515 -2.74506644626364 6.50812625402836 12.042019406173 142.435686040906 92.5934943151298 -27.2594369120947 0.840683592227567 0.865927705826544 0.867558410613047
61.871 -8.5569677155034 3.06430860564381 -2.85917122844289 -3.05300254972888 6.59548156755683 10.7477411296779 142.352117436815 92.0941448836169 -26.9334932208852 0.840997427573735 0.865960898160623 0.867921013092511
61.887 -8.51865137226727 3.10838886682931 -2.87510308936325 -3.25915267643538 6.61150592988511 9.59892121518336 142.276905693134 91.5247303952552 -26.6401438987967 0.841027684830931 0.866237282508286 0.86787819834444
61.917 -8.47249492949855 3.15278965757558 -2.88746653778929 -3.42789389734146 6.36180571857599 8.68025046771083 142.38921512382 91.0722573557297 -26.9161295089171 0.841307110916764 0.86611605690865 0.868208822050765
61.931 -8.42484894645165 3.18323341482522 -2.90056886777501 -3.51563885875236 5.80272438335962 7.91604221483288 142.250293611438 90.6650316201567 -27.5245165580253 0.841180079293239 0.866499977517517 0.868137226406868
61.946 -8.39465681837753 3.21901249414958 -2.9151142940392 -3.56254825531987 5.09115423509999 7.26260593228089 141.945264250294 90.238528458141 -27.5320649022228 0.841444265932841 0.866352482416958 0.86844194730695
61.976 -8.36730432623704 3.245826716956 -2.92347662199764 -3.41240030001689 4.48585560548312 6.73787205661005 141.310737825265 89.7346756123269 -27.6588584120005 0.841177048525249 0.866712760474994 0.868223715492988
61.992 -8.34334550005865 3.25499577141091 -2.93501301302816 -3.13833584253428 4.06322424340809 6.33813065247576 141.339664042738 89.6412080510942 -27.2929725708005 0.841315515166251 0.866420389608997 0.868273818107415
62.007 -8.32232128711944 3.2690538419749 -2.94258256877338 -2.98404424301368 3.80193998700621 5.93790537348773 140.885697638465 89.3170872459848 -27.2036753137204 0.841061172835319 0.86628085329929 0.867948938947866
62.035 -8.30184328972463 3.28086813570252 -2.95071197859831 -2.97037264313979 3.66449407990865 5.49678659186415 141.017127874618 89.6853785213863 -27.1833077823484 0.840958735019939 0.866031673150864 0.868026519216805
62.05 -8.29173285143821 3.30251434100739 -2.95467656832088 -3.16570179103956 3.66598360321549 5.08832930672353 141.015415087156 89.4168406692477 -27.5249770041136 0.840740070703637 0.865931008486971 0.867726369946317
62.065 -8.27988019922896 3.32762229430442 -2.96033963544204 -3.37508581040888 3.77953791464967 4.74972538368477 140.533873578441 89.2951566023229 -27.8324793037022 0.840416652127159 0.865840410289467 0.867579695868419
62.097 -8.25748118763736 3.35195525873689 -2.96034871026606 -3.50627951944433 3.89089710028394 4.44345513539263 140.580486220597 89.3056409420906 -27.989231373332 0.840252196100136 0.865635274442023 0.86744768919831
62.111 -8.2370827049515 3.38055868496586 -2.95820209817348 -3.56328515528616 3.89493716124791 4.15330809513581 140.922437598537 89.1350768478816 -27.9503082359988 0.839977564984008 0.865574249649013 0.867205422929672
62.127 -8.21764660929156 3.40690031841477 -2.96321332546703 -3.54741465502472 3.79475642222236 3.88072537722528 140.930193838683 88.9215691630934 -28.0952774123989 0.839983487953758 0.865148120962015 0.866987383287898
62.158 -8.20308705319028 3.43497721429241 -2.96886068665354 -3.50641364753751 3.66260902427493 3.66822535858672 140.037174454815 88.7894122467841 -28.045749671159 0.839735727652268 0.865135811517006 0.866791147610301
62.172 -8.18022707834001 3.45509886809205 -2.97095056250723 -3.38019976369979 3.52077560276347 3.464761601354 139.713457009334 88.6704710221057 -27.7611747040431 0.839512743380927 0.86487740028601 0.866614535500464
62.187 -8.16396265984317 3.47685952247395 -2.9707365144047 -3.27347749725348 3.32594995088407 3.23507933434837 139.9021113084 88.9234239198951 -27.8650572336388 0.839565148510986 0.864768565438912 0.866579044867151
62.216 -8.15860221768087 3.49105716283214 -2.97479358691748 -3.17132058722279 3.05824045197887 2.97645689709674 139.53190017756 88.3710815279056 -27.6585515102749 0.83948584284558 0.864794211546214 0.866423643031629
62.232 -8.15270045385956 3.51263373376512 -2.9775471154938 -3.09388318498906 2.78447747548327 2.6826280012802 139.678710159804 87.8739733751151 -27.3526963592474 0.839540938029173 0.864940753308325 0.866407241645199
62.247 -8.1522370605427 3.52642625524029 -2.97290253616182 -2.96846433213901 2.62740377373647 2.31818199504531 139.630839143824 87.7265760376036 -27.8574267233227 0.839464053411949 0.864949180628686 0.866392480397413
62.275 -8.14272204894643 3.52890359717689 -2.96866257169969 -2.86169423480297 2.63718248033229 1.95888287951024 139.707755229441 86.8739184338432 -27.7116840509904 0.839521327538905 0.86495676521701 0.866379195274405
62.292 -8.1266766773953 3.53286901138498 -2.96269182424957 -2.85033397162801 2.71239553000898 1.62940680529968 139.416979706497 86.9465265904589 -26.6205156458914 0.839699194799584 0.865087051612043 0.866490562308144
62.303 -8.11373225336915 3.54445845206625 -2.96402190978421 -2.88972805538124 2.76711017548137 1.298527193472 139.335281735848 87.071873931413 -26.5384640813022 0.839732954787777 0.865080849102031 0.86659079263851
62.333 -8.09729382531922 3.55464952874225 -2.97036651541376 -2.87632776892709 2.76368160068132 0.975544703132433 139.201753562263 87.1246865382717 -26.524617673172 0.840141853877925 0.865198727108562 0.86692723967439
62.349 -8.07244360271466 3.56340250093975 -2.97607666048036 -2.82991636608018 2.6758630589338 0.747455881674152 138.901578206036 86.8722178844445 -26.2121559058548 0.840131347958284 0.86555132856143 0.866983802268131
62.364 -8.05055724224483 3.58241322683607 -2.9776843588885 -2.76448198138056 2.45026148586485 0.639885866025821 138.451420385433 86.7049960960001 -26.7109403152693 0.840500407731381 0.86549869835648 0.867280948341049
62.396 -8.0400772092435 3.59269941193444 -2.98858837497261 -2.56971317255548 2.13424297086615 0.546126287056826 138.28627834689 86.9144964864001 -26.4398462837424 0.840454046426395 0.865944354820564 0.867302140068124
62.411 -8.0382467267835 3.60626653739139 -2.99564866017127 -2.31197849652131 1.84753623103144 0.433498391175571 138.737650512201 86.9830468377601 -26.1958616553682 0.840916711683786 0.865975882255241 0.867690369602081
62.427 -8.03630002956902 3.6153644911199 -3.0029605965986 -2.00902492167834 1.67728642472219 0.324499697096182 139.083885460981 87.1047421539841 -26.5162754898313 0.840828719983559 0.866127580590897 0.867670619203053
62.457 -8.02598877508624 3.60691294000291 -3.01121727894314 -1.74171021577005 1.61871808759348 0.286706215936182 139.035496914882 86.9742679385857 -26.5646479408482 0.841253917885234 0.866017325183 0.868022000823516
