25.666 1.05575028243476 9.74201112193391 -0.677580231409596 -2.30267200393007 -0.0113003617824322 -1.31695975823926 212.477491070605 83.9453398770288 -44.5624384247696 0.841345452969814 0.866954412805981 0.867593372303689
25.682 1.05743549331558 9.73476824643485 -0.665307832343572 -2.11133610124699 -0.105590172932433 -1.29060729386571 212.529741963544 83.6508058893259 -44.2461945822926 0.841214587140984 0.866514141446087 0.8675833216345
25.696 1.05254768786906 9.73627025022154 -0.665335857197517 -1.87577501020626 -0.228618941898732 -1.21879847287609 212.45676776719 83.7457253003933 -44.3215751240634 0.840970337612579 0.866365229952671 0.86757427603223
25.724 1.0612569164462 9.73385113001507 -0.663924559943266 -1.66300666949097 -0.304230330151607 -1.07707129734421 212.451090990471 83.891152770354 -43.969417611657 0.840876983319472 0.866231209608597 0.86744281134574
25.74 1.06562363307718 9.74035293031312 -0.661576996736872 -1.56846172773272 -0.352433251334919 -0.967074091273907 212.025981891424 83.8420374933186 -44.4324758504913 0.840666494173218 0.86611059129893 0.867201032862359
25.755 1.06542368412951 9.74782064707795 -0.65036622627957 -1.51772242518845 -0.421770078873183 -0.878763628711402 212.063383702281 83.9778337439867 -44.6692282654422 0.840603524224047 0.86600203482023 0.867230216137303
25.8 1.06769778443223 9.75412254767167 -0.639258998135179 -1.38961430480701 -0.496386964115636 -0.812261311641789 211.857045332053 83.8600503695881 -44.762305438898 0.840420380987335 0.866027794254941 0.867256481084753
25.802 1.07028316956322 9.74016182336105 -0.640395531802878 -1.18729409570036 -0.581862771520866 -0.792103882767686 211.851340798848 84.0540453326292 -44.5460748950082 0.840382022356753 0.86605097774618 0.867156795893011
25.815 1.06494856627191 9.74142373245561 -0.644291451349412 -1.10520590750437 -0.653447486735192 -0.786175937239009 211.966206718963 84.2286407993663 -44.9514674055074 0.840347499589229 0.866071842888295 0.867067079220443
25.862 1.06320003942911 9.74740764476302 -0.648396328784127 -1.13437997324248 -0.702606554855566 -0.778550709927322 211.889586047067 84.4457767194297 -44.6563206649566 0.840568921123834 0.866090621516199 0.867232845462124
25.863 1.06222491511343 9.76440510431626 -0.632937105623274 -1.25605647973503 -0.906391700896727 -0.692298692369704 211.52062744236 84.1011990474867 -44.090688598461 0.84064202902602 0.866230845925759 0.867382035079636
25.876 1.07110366566752 9.7799421901676 -0.623991774434497 -1.28159586992946 -1.32262275981469 -0.587190960537314 211.428564698124 84.7510791427381 -43.8216197386149 0.840707826137987 0.866357047894363 0.867639357871404
25.907 1.09088598499096 9.78129615382906 -0.636830383760915 -1.36030651194415 -1.87738338459658 -0.646792475170606 211.645708228312 84.7959712284642 -43.8794577647534 0.840767043538758 0.866593817268652 0.867870948383995
25.922 1.06092575320062 9.7861060678651 -0.645272672971951 -1.71282547907035 -2.4125458094957 -0.922571242920721 211.301137405481 85.2563741056178 -44.4715119882781 0.841072533753807 0.866683722102967 0.868079379845327
25.938 1.03527835424355 9.82539030131907 -0.599958875001252 -2.05528338917858 -2.66518435831712 -1.111230149163 211.351023664933 85.310736695056 -44.2843607894503 0.841095280392996 0.867010876192401 0.868143916024519
25.968 1.03368365242134 9.85978843167911 -0.572643841702443 -1.62685428690194 -2.80248271637854 -1.19552698157494 211.035921298439 85.4796630255504 -44.1159247105052 0.841493822253727 0.866935751489894 0.868447967962836
25.982 1.0266220522587 9.86129804905197 -0.565597837029727 -0.745084888746099 -3.12757795619107 -1.17597428341745 211.352329168595 85.5116967229954 -44.2043322394547 0.841600611521882 0.867360619881674 0.868352457727732
25.996 1.01859066659193 9.84721414258427 -0.568114982419162 0.0950724550903435 -3.50794993156433 -1.08204097721311 211.577096251736 85.8405270506958 -44.1038990155092 0.841948620269724 0.86725052081024 0.868635655495728
26.026 1.02884009278399 9.83591525563907 -0.549012160038604 0.784038492024057 -3.61288012924759 -1.11887504743073 211.239386626562 85.8364743456263 -44.0735091139583 0.841883758257321 0.867520995028947 0.868521376507335
26.042 1.04129674550816 9.8430443836091 -0.527270638110328 1.46975678022623 -3.59663028426176 -1.44515548161895 211.715447963906 85.6528269110636 -44.1061582025625 0.842077577000515 0.867394858442786 0.86878768239737
26.056 1.0408359991037 9.8583191841398 -0.540982672419031 2.28995667472269 -3.59803595812566 -1.9960597807853 211.543903167515 85.6075442199573 -44.0155423823062 0.841873498768615 0.867650898898238 0.868534877074366
26.087 1.04898060201316 9.86853504862377 -0.551288433831227 3.01973963320462 -3.7825071714734 -2.41019426072204 212.109512850764 85.3267897979616 -43.8139881440756 0.842068343460679 0.867264714189917 0.868676915666661
26.1 0.998071791279692 9.89502745288004 -0.56469361301776 3.63761299812843 -4.24242439325736 -2.45314430029869 212.498561565687 84.9541108181654 -43.7525893296681 0.841738718300303 0.867287529332106 0.868558510661175
26.113 1.0015145554081 9.90791709498217 -0.584419718234386 4.28835551510948 -4.22657890049651 -2.2276771985131 212.428705409119 84.6786997363489 -43.3973303967013 0.841568525938425 0.867184739315628 0.868451946156238
26.144 1.02406593685765 9.92436606236384 -0.611929587288481 4.7465428643619 -4.09247062876747 -2.04460413515034 212.125834868207 84.430829762714 -42.9575973570311 0.841415352812734 0.867092228300799 0.868356038101794
26.16 1.06393478386478 9.96544643534499 -0.63884324887137 4.93448399777303 -3.89543730634874 -2.10044906514675 211.793251381386 85.2277467864426 -43.101837621328 0.841277496999612 0.866885508121912 0.868022936942807
26.173 1.10017587607691 10.0329448368544 -0.645647731948558 5.10057758272856 -4.01352716350012 -2.40032782275422 211.673926243248 85.5249721077983 -43.4116538591952 0.841153426767802 0.866575862491223 0.86772314589972
26.206 1.1084318566226 10.1006366240735 -0.683435077245829 5.65540532063891 -4.5648462028753 -2.89922633818872 212.106533618923 85.6124748970185 -43.5104884732757 0.840788672584907 0.866544239158834 0.867453333960941
26.222 1.12962889741984 10.1594642961999 -0.698709066011724 6.29978845269715 -5.19004097190075 -3.49250981124008 212.615880257031 86.1712274073166 -43.5994396259481 0.840839805340986 0.866268720424453 0.867457287126027
26.237 1.09286147419626 10.2407206444424 -0.713353480665282 7.3423286913969 -5.88554069150457 -4.3707397461466 212.594292231328 86.794104666585 -43.6794956633533 0.840759504275039 0.866267811298741 0.867090463594927
26.27 1.0591722434522 10.3006832136347 -0.751433151157256 8.92030956271523 -6.40080341624724 -5.45198638221897 212.814863008195 86.8746941999265 -44.351546097018 0.840560763033228 0.8662669930856 0.867007380152167
26.282 1.01724005691063 10.3271760762006 -0.810843971840939 10.6633931102605 -6.84621925782862 -6.39762743865356 213.133376707375 87.1872247799338 -44.5963914873162 0.840381895915598 0.866266256693774 0.866932605053684
26.296 1.00320368664132 10.2982274848464 -0.874369359736801 11.9886568526696 -7.25701717937401 -6.80824637417752 213.600039036638 87.2885023019404 -44.5167523385846 0.84022091550973 0.866142133675589 0.866865307465049
26.324 0.981951829701661 10.2542173050264 -0.948960021190489 12.6584934574789 -7.57864370571142 -6.77780341614908 213.900035132974 87.1396520717464 -44.9250771047261 0.840202503426909 0.866153883224764 0.866681279369737
26.34 0.960969653943181 10.2298711284178 -1.00076872860132 12.7140181575326 -7.60474880078913 -6.42597727300745 213.930031619677 87.0056868645718 -44.9325693942535 0.840312253098787 0.866287781463467 0.866885625596488
26.355 0.955014384286701 10.2445310721556 -1.02985904295508 12.5594102349091 -7.38015178330564 -5.93147114876014 214.617028457709 87.5451181781146 -44.9993124548282 0.840411027803478 0.866284966233854 0.867069537200564
26.385 0.948996236768752 10.2590417596483 -1.05232930492697 12.7462173030212 -7.20091523092927 -5.54443090411314 214.935325611938 87.9706063603031 -44.9993812093453 0.840373604491282 0.866282432527202 0.867358109780239
26.414 0.932925704879215 10.2547434567914 -1.1042158631504 13.3960230536351 -7.03120538722566 -5.30678170683159 214.741793050744 88.3535457242728 -44.8794430884108 0.840339923510305 0.866526663438207 0.867617825101947
26.416 0.908705851819501 10.2316016077553 -1.17461636316959 14.2006955574319 -6.6899169095718 -5.15472949034691 215.46761374567 88.6381911518455 -45.0714987795697 0.8406881257282 0.866623283655566 0.867851568891484
26.446 0.876852340745675 10.1845574366648 -1.23163217293188 14.8737557726811 -6.25680308121004 -4.97131761001451 216.000852371103 88.654372036661 -45.4843489016128 0.840749313169949 0.867079398830778 0.86793888616606
26.478 0.828312305135501 10.1349752891897 -1.29797001469402 15.374166454955 -5.76700063568445 -4.63601791008176 216.660767133993 88.9689348329949 -45.5559140114515 0.84105657642188 0.86712074550888 0.868386224004101
26.48 0.78163352089194 10.1004667892014 -1.35701566745283 15.6749177483908 -5.20404103013127 -4.08004970685984 217.494690420593 88.8920413496954 -45.5003226103063 0.841080918794261 0.867404197257723 0.868420075767416
26.506 0.753748403284557 10.0702471328338 -1.41141372152664 15.9066626147731 -4.57676669811051 -3.4056325224334 217.585221378534 89.1228372147259 -45.3902903492757 0.841606625056355 0.867536251695676 0.868819294645322
26.537 0.760434823894746 10.0553197019601 -1.45492515470234 16.1679047502423 -3.94275415043687 -2.80705400301449 217.726699240681 89.0305534932533 -45.9512613143481 0.841575962565289 0.86777815282584 0.86868665174197
26.539 0.735926530657035 10.0394908148024 -1.51204196368737 16.6243967179662 -3.41183751401913 -2.46604325920159 218.154029316613 89.727498143928 -46.3961351829133 0.841800560877685 0.867626300459989 0.868936430108541
26.597 0.690226327089508 10.0048941693878 -1.57637576837912 17.1108120080016 -2.88897437330424 -2.12936259740357 218.478626384951 89.8147483295352 -46.856521664622 0.841750504804486 0.867859196713722 0.86866875001442
26.599 0.695962641276157 9.96639501352693 -1.63762807172157 17.43942546369 -2.24664182147 -1.68741870407543 218.770763746456 89.7732734965817 -47.1508694981598 0.841957648892963 0.867575779693542 0.869043101467626
26.611 0.678739542040738 9.93539691537248 -1.70783862461106 17.5160936043439 -1.71205397520086 -1.24081423824804 219.273687371811 89.4959461469235 -47.6557825483438 0.841765563471818 0.86781372802392 0.868888077882043
26.632 0.661682517177027 9.89049976381326 -1.77408073833098 17.4385300454362 -1.17825315783345 -0.908335867858346 219.48631863463 89.6063515322311 -47.8702042935094 0.841971201693562 0.867534857872721 0.86899479639357
26.642 0.666023508470799 9.85553914290068 -1.82729414543966 17.3259747508163 -0.60088585731728 -0.608341975729 219.677686771167 89.465716379008 -48.0631838641585 0.841777760992357 0.867653846249174 0.868721279670946
26.657 0.686270823265503 9.81156485660134 -1.857109982742 17.4216215505438 -0.162934676165705 -0.290255869759153 220.20991809405 89.5791447411072 -48.3568654777426 0.841729984907691 0.86751442454099 0.868598438265032
26.687 0.67211183028107 9.76749895855717 -1.90980161336642 17.8412914565581 -0.0382442619842489 0.0929681904992048 220.148926284645 89.3812302669965 -48.4411789299684 0.841560665885073 0.867265484738084 0.868487880999708
26.718 0.67343466982262 9.70479544560551 -1.98727130688055 18.2785363567039 0.125885507725626 0.46382404320501 220.45403365618 89.5631072402969 -49.1170610369716 0.841281808482259 0.867288222825455 0.868141595550931
26.72 0.684800584659129 9.64201758408939 -2.04705810365221 18.4071712706518 0.428564132525583 0.741869119800539 221.268630290562 90.1467965162672 -49.5453549332744 0.841283627648602 0.866814570463614 0.868076722557018
26.75 0.706941061805323 9.56121636126395 -2.10870723560877 18.3809579603805 0.704791688738673 0.900506635301401 221.041767261506 90.0721168646405 -49.810819439947 0.840779081598391 0.866512018598755 0.867771552952509
26.777 0.704361993304463 9.51100083017906 -2.16993753286088 18.1901904086173 0.949579695437325 0.999005590091872 221.737590535356 89.9449051781764 -50.3497374959523 0.840704852906704 0.866239721920382 0.867743684218438
26.779 0.693361852972124 9.48705538354421 -2.20744741116659 18.1856751845494 1.18591943581726 1.1876546494033 221.94383148182 89.7704146603588 -50.654763746357 0.840511576801726 0.866241712645077 0.867471818447787
26.807 0.725898946292771 9.43473894812558 -2.25832485098865 18.4548939256365 1.30244199605233 1.36583574934846 222.369448333638 89.7333731943229 -51.1692873717213 0.840464098589705 0.865996446562072 0.867473923164189
26.837 0.740338282258129 9.36688446478152 -2.3227893257668 18.6032976628438 1.38746497201961 1.40406133471896 222.512503500274 89.8200358748906 -51.8723586345492 0.840421368198886 0.865899304557058 0.867229033498963
26.853 0.757762959424391 9.29055244454239 -2.40528805355999 18.4567083545747 1.54948183359628 1.28502924704859 222.641253150247 89.2980322874015 -52.2651227710943 0.840382910847149 0.865935337018086 0.8671320930658
26.866 0.750879815957309 9.23915165718043 -2.4751675066421 17.7087474427814 1.88766342122902 1.1527095284506 222.877127835222 89.5482290586614 -52.8586104939849 0.840348299230585 0.86584430596747 0.867044846675953
26.883 0.786643372542883 9.21569578101317 -2.51238119039562 16.8386360572818 2.35614898750306 1.08858361377348 223.3894150517 89.3534061527952 -53.4527494445864 0.840443469322096 0.865762378021916 0.867335888308089
26.911 0.822002887636922 9.19727895483446 -2.55221813410783 16.3166045126224 2.5365646231039 0.98583212262514 223.79047354653 89.2380655375157 -53.9274745001277 0.840529122404456 0.865935426780905 0.86735158603846
26.928 0.807378941694351 9.17633436165815 -2.63505760571597 16.2376158170853 2.42412953483931 0.939920666087817 224.451426191877 88.9542589837642 -54.654727050115 0.840606210178579 0.866091170663994 0.867611953734346
26.943 0.850720549153792 9.0933196846476 -2.73948080308352 15.9283580521707 2.54965551265309 0.974172874288195 224.986283572689 88.1588330853877 -55.2492543451035 0.840675589175291 0.86635452776132 0.867846284660643
26.956 0.850582800383127 9.06541309688963 -2.80048154861135 14.8851405675643 2.70385026673129 0.970648716630368 224.38765521542 88.042949776849 -55.7843289105931 0.840990224826687 0.866468361546368 0.86805718249431
26.988 0.871647514767727 9.04364904702733 -2.82832774284842 13.9966265108079 2.82354157593603 1.03846934115054 224.328889693878 87.8186547991641 -56.6258960195338 0.841021202358588 0.866693999555456 0.868000750806059
27.002 0.881627498150421 8.99934121019569 -2.87391958919193 13.623681416979 2.77019505193021 0.925462101691973 224.936000724491 88.0367893192477 -56.8433064175804 0.84142715202276 0.86677388616109 0.8684419021801
27.033 0.884145138931769 8.90822829050058 -2.95954424995505 13.3315422829147 2.67561829482879 0.717648715950256 225.122400652041 88.1131103873229 -57.0389757758224 0.841540608314011 0.86721494108575 0.868470186125815
27.048 0.894970284347979 8.83604283251376 -3.02864571981123 12.3495330927912 2.82179692336118 0.634433462675841 225.770160586837 87.9417993485906 -57.4550781982402 0.841894617382641 0.867242733538355 0.868741611054002
27.062 0.917462038795872 8.80962257788787 -3.06450082575522 10.9855721499242 3.01824318522354 0.674806910301387 225.813144528154 87.9676194137315 -57.7695703784162 0.841835155658946 0.867636903725288 0.868493412865335
27.092 0.940158672154596 8.8090082395632 -3.0592413101963 10.0870149349318 2.96756390486912 0.728700265072775 225.851830075338 88.1108574723584 -58.1726133405745 0.842159709993082 0.867499176269493 0.86876251511957
27.107 0.951607394534931 8.78301702635517 -3.07114745566593 10.0248783269348 2.50363194186312 0.716135582076948 226.186647067804 88.0597717251226 -57.9953520065171 0.841947418461925 0.867744784942275 0.868635550168793
27.123 0.946049655960726 8.72024028328386 -3.14931961348068 10.0750622499665 2.03952828966155 0.772002939899787 225.707982361024 87.9537945526103 -59.0958168058654 0.842260746515764 0.86747280909924 0.868890438692683
27.153 0.950564639705474 8.66852961326236 -3.19136313602696 9.23244152115309 1.93404874313814 0.962741577207519 226.057184124922 87.9184150973493 -58.9462351252788 0.84191188104988 0.867721054489048 0.868627357740148
27.166 0.953012040500094 8.66730031679208 -3.18688477282557 7.9450752316332 1.96430799096173 1.18020787750203 226.371465712429 88.2465735876144 -59.291611612751 0.841976864438419 0.867574911956876 0.868637096129858
27.197 0.962217746297344 8.67319697120906 -3.13149862174541 7.11087305198133 1.85490009262892 1.42478250959916 226.354319141187 87.6419162288529 -59.4224504514759 0.841782857462729 0.867443383677922 0.868399349433605
27.211 0.975770120131812 8.68658434729983 -3.13408409968927 7.38833536510381 1.33811237344236 1.45864013650184 226.638887227068 87.3977246059676 -59.3602054063283 0.841608251184607 0.867201547961323 0.868308701051425
27.228 0.981742326296426 8.5998123471249 -3.22475708200856 7.6899598438606 0.951629380372933 1.21506619918753 226.414998504361 87.2979521453709 -59.6641848656955 0.841324635251839 0.866736563085895 0.868103793863016
27.241 0.965030804762594 8.55308155873199 -3.22268542654207 6.68126920298599 1.03661911409136 0.951574846444352 226.513498653925 86.9081569308338 -59.6377663791259 0.841069380912348 0.866688869694039 0.867919377393447
27.272 0.955197824975269 8.55741152160269 -3.15013211673699 5.65207358039732 1.09249918741505 0.938096751112894 226.482148788533 87.2773412377504 -59.6139897412133 0.840966122289265 0.866522485375828 0.867876726215283
27.288 0.978490305489674 8.52066689425321 -3.12559541797223 5.69526316892247 0.729814154169731 0.918332877528322 226.273933909679 87.3096071139754 -59.412590767092 0.840493326774988 0.866372739489438 0.867467958775257
27.303 0.969047170173861 8.42247445905457 -3.20825873078926 6.02268341691572 0.295000677684055 0.618102643210604 226.566540518711 86.9786464025779 -59.4713316903828 0.84044767356564 0.866237968191687 0.867347125814465
27.334 0.924515618048672 8.34188243917451 -3.29384860630653 5.23033873934629 0.3258059534271 0.484536653698704 227.18988646684 87.0407817623201 -59.5241985213445 0.840280115394769 0.866240134289252 0.867238376149751
27.362 0.911551552858261 8.31902928207957 -3.28929706724722 3.74012929289257 0.643607037473703 0.870434133367002 226.850897820156 87.0367035860881 -59.5117786692101 0.840255783323444 0.86611862351152 0.867140501451509
27.366 0.96464705274669 8.32114649165848 -3.22522591631626 2.96535300482469 0.663979158153814 1.33758919331274 226.965808038141 86.8530332274793 -59.0806008022891 0.840233884459251 0.866132724077101 0.867052414223092
27.404 0.971432290728399 8.26457362487178 -3.29487356317951 3.38179480357886 0.216665211804081 1.34734172436315 226.589227234327 86.8077299047314 -59.0525407220602 0.840340496027895 0.866021954320584 0.867096459361963
27.405 0.968381186356106 8.13135738176937 -3.39975424503905 3.09247028505304 0.215609377646574 1.33703503284287 226.790304510894 86.4669569142582 -59.3272866498541 0.840436446439675 0.866045721805259 0.867259287589491
27.419 0.988978666093908 8.14709422888906 -3.39544590618273 1.69085684433399 0.693285081103291 1.28882771276469 226.671274059805 86.8202612228324 -59.5145579848687 0.840396481263859 0.866067112541466 0.867405832994267
27.463 1.01823044004467 8.18555853875772 -3.3676263836568 1.03169482402273 0.701055809634183 1.09124265141188 226.744146653824 86.3582351005492 -59.1431021863819 0.840486833152042 0.866332875451045 0.867660775994572
27.465 0.987874318800211 8.11489144068029 -3.4643938375305 1.32318183017008 0.406522747754734 0.662271058026418 227.109731988442 86.6024115904942 -59.5887919677437 0.840820344405764 0.866572062069665 0.867890224694846
27.478 0.971507277764535 8.09127422959566 -3.54418221409239 1.06261937234391 0.855183450078497 0.134211891155074 227.018758789598 86.8821704314448 -60.1699127709693 0.840994481458714 0.866787330026424 0.867973676389087
27.523 1.04991138578444 8.13891188613438 -3.5057387527387 0.391471938926311 1.82310021957446 -0.625774183456617 226.996882910638 86.7139533883003 -60.3929214938724 0.841277227881768 0.866857883584961 0.868171835049909
27.538 1.04846946538379 8.19016552250264 -3.56182004599815 0.404996500758871 2.17514134265519 -1.86396012388958 227.337194619574 86.9225580494703 -60.2336293444851 0.841153184561743 0.867167621526197 0.868103938106098
27.553 0.998928577967496 8.16015815985809 -3.59272059430819 0.415641888850923 2.17365774274081 -2.77069388249299 227.703475157617 86.8103022445233 -60.2702664100366 0.8415459360056 0.86707682229031 0.868534770750136
27.554 1.0220976870668 8.18851738201925 -3.59401531782872 0.386291440423846 2.34026143411559 -3.33255579195361 227.913127641855 87.0692720200709 -59.943239769033 0.841647513898567 0.867487583602048 0.868430580236302
27.584 1.08209508074034 8.24666168416156 -3.55148638278657 0.717891304015049 2.60394521436815 -4.40388036543001 227.981814877669 87.0623448180639 -60.1289157921297 0.841990832408741 0.867488111803023 0.86870596575344
27.599 0.998007155174395 8.26702897064043 -3.55026061228288 1.54839224994942 2.50767283033591 -5.81082057316182 227.923633389903 87.1761103362575 -59.9360242129167 0.841921749182436 0.867734826922452 0.868584655739276
27.613 0.950819024486286 8.20084424297946 -3.62535287342703 2.15080493335143 2.36301241753133 -6.3785934776777 227.811270050912 87.2184993026317 -59.822421791625 0.842237644164223 0.86758730714694 0.868967416619996
27.646 0.970359524228819 8.15462566150073 -3.66276897253605 1.66167863848957 2.54350506890797 -6.50332954975726 227.770143045821 87.5566493723686 -60.3801796124625 0.841891088933494 0.867824102731978 0.86869663787473
27.661 0.987706554059966 8.17138755976716 -3.59840090211045 0.855052759373434 3.00136830247519 -7.10032483905634 227.673128741239 87.4409844351317 -60.7021616512163 0.84208417460907 0.867667655375513 0.868822500386988
27.678 0.928739501945481 8.18575505607926 -3.53681849660704 0.983287941451358 2.97909406764752 -7.89639922537971 227.465815867115 86.9768859916185 -60.7519454860947 0.841752966333855 0.867650176399142 0.868689536909469
27.708 0.908888704102312 8.09681250030044 -3.55729052325096 1.84831792593218 2.62851290515757 -8.34721731810892 227.339234280404 87.4591973924567 -60.9767509374852 0.841833841193997 0.867511121675961 0.868446546135256
27.723 0.869834297765262 8.04465664661744 -3.57224375814205 2.08867697303362 2.35650130929831 -8.55753375423696 227.405310852363 87.353277653211 -60.9990758437367 0.841654136542749 0.867262512159558 0.868104394172923
27.737 0.81206013012138 8.01477508458631 -3.56535095104581 1.35843522992873 2.45062217073489 -8.46971931011097 227.824779767127 87.2579498878899 -60.899168259363 0.841365932074167 0.867162223860335 0.867919917672364
27.767 0.822851317359868 7.9968000594956 -3.51886498447364 0.45541613441677 2.57578896129499 -8.00748020352736 227.962301790414 87.5321548991009 -60.5692514334267 0.841233018334901 0.866824906655805 0.867877212466308
27.783 0.838848165184733 7.98547082640371 -3.49193151756619 0.147279101127765 2.46019479798991 -7.77390775569371 228.386071611373 87.4789394091908 -60.572326290084 0.840986925687104 0.866644918641417 0.86759199387087
27.828 0.786207680264542 8.0218417659191 -3.46948704687799 0.229497755900484 2.15997684490848 -7.88353988088769 228.587464450236 87.4910454682718 -60.3950936610756 0.841018233132963 0.866482929428468 0.867458757400516
27.831 0.72853617759892 7.9969950450767 -3.48166860551874 0.288990728402039 1.82336847339473 -7.82953703783709 228.828718005212 87.5619409214446 -60.4155842949681 0.840666998313552 0.866460599402355 0.867338844577198
27.843 0.729483826986092 7.94823691248676 -3.49568460057295 -0.152885443674806 1.72576445048274 -7.49162150199232 229.345846204691 87.4457468293001 -60.0140258654713 0.840477507667889 0.866193444643622 0.867354246680658
27.856 0.755356118706886 7.92129356562895 -3.5317621738027 -1.15286407487984 1.95089792909859 -7.21955858843431 229.271261584222 87.2811721463701 -60.0726232789242 0.840306966086793 0.866076602830453 0.867121324663785
27.886 0.689995863850138 7.95953320473256 -3.55130331310426 -2.88108911777354 2.21535012092155 -7.00370959981988 229.6841354258 87.1330549317331 -59.8853609510317 0.840406269492683 0.866094905464141 0.86703515511414
27.902 0.679654221667548 8.08187593528469 -3.46384473376984 -4.61969776324809 2.59839526150115 -6.6094455100669 229.33572188322 87.3597494385598 -59.3568248559286 0.840495642557984 0.86598791756892 0.867080926163906
27.918 0.643890813827842 8.1921639696554 -3.43517082691355 -5.03024707089275 2.37138016283196 -6.06911164608311 229.862149694898 87.2037744947038 -59.6011423703357 0.840449757770337 0.866015088728761 0.86724530771124
27.948 0.678501971817311 8.15650994680485 -3.49806949281839 -4.80355824166607 1.9678299328083 -5.36449055781068 229.855934725408 87.3033970452334 -59.5810281333021 0.840660953486831 0.866162866417065 0.867270063501296
27.962 0.644469873538283 8.21863319071079 -3.60088638768328 -5.66442379154527 2.10921487845877 -4.81277432645709 230.450341252867 87.1530573407101 -59.5629253199719 0.840851029631675 0.866295866336538 0.867292343712347
27.978 0.703084853080512 8.37522026531647 -3.55222353016495 -7.32698904597853 2.81890407763579 -3.98340529075795 230.38530712758 87.6177516066391 -59.9066327879747 0.841022098162034 0.86653875386661 0.867558635640843
28.023 0.660130122412086 8.56912037699893 -3.5327879727646 -7.81413746962495 2.24922741033023 -2.70262201359055 230.746776414822 87.3759764459752 -59.9159695091773 0.841176059839358 0.866757352643674 0.867921215617528
28.025 0.723164587416208 8.6436725345505 -3.49901539153734 -7.25791456235711 0.993006959373542 -0.766710957269664 230.59209877334 87.1583788013777 -59.8043725582595 0.841188453869992 0.866954091543031 0.867878380616955
28.038 0.722674181340298 8.66827241366381 -3.51375077426623 -6.30540554886949 -0.922324270914957 1.33896777204509 230.632888896006 87.1425409212399 -59.8839353024336 0.841703406624512 0.867007968949908 0.868208986096028
28.067 0.724447450290466 8.72351214693732 -3.59572621220521 -6.29852911611995 -2.15451932473949 3.13484198720699 231.449600006406 87.7882868291159 -59.2955417721902 0.84166306597663 0.867302698354649 0.868137374047605
28.083 0.737595416233252 8.79878599709345 -3.54177342683827 -8.04501208237055 -2.35433456783806 4.65418221596721 231.584640005765 88.4894581462043 -58.8859875949712 0.842004829278998 0.867198391435917 0.868564863097492
28.096 0.784324077181795 8.90795215904182 -3.42043218759377 -9.2878391184083 -2.16164920265731 5.24448918521018 231.226176005188 88.1605123315839 -58.3973888354741 0.842060517844626 0.867474078592057 0.868580850951468
28.142 0.872049272727471 9.04504762535809 -3.33307217729997 -9.1598185653461 -2.12640031292593 4.71469675523878 231.50355840467 87.7444610984255 -58.4376499519267 0.842362535960194 0.867352633649585 0.868963992310968
28.144 0.883425599936993 9.07482020657229 -3.28431584095578 -8.25070693781912 -2.13589768621349 3.14551715605078 230.673202564203 87.730014988583 -58.113884956734 0.842129961832326 0.867612896584358 0.868816879641051
28.158 0.814895059112624 9.05738268435866 -3.2983748107161 -7.99815532800668 -1.84139188705779 1.77524024960601 230.885882307782 87.5970134897247 -57.7024964610606 0.842425035549124 0.867230512107424 0.869053635217715
28.203 0.843119846681281 9.06892289645258 -3.25931312939577 -9.19604971887013 -1.06259620980239 1.22061698800419 230.957294077004 87.4773121407522 -57.2122468149546 0.842059741179905 0.867502987196413 0.868897558257123
28.204 0.864871001451782 9.15221252971992 -3.17477719456898 -11.0619409301892 -0.37007704683742 0.852753762486212 230.781564669304 87.969580926677 -56.4110221334591 0.842109938555441 0.867378651393505 0.868880276595136
28.218 0.891928913780664 9.25219265461658 -3.03506895724786 -12.31147202801 -0.0307792658178001 0.533890599978048 230.683408202373 87.9926228340093 -56.3499199201132 0.841902624168049 0.867390072815335 0.868618211852356
28.263 0.88006873958285 9.29806160784389 -2.95500094435083 -12.2543706267357 -0.109380728548997 0.266761081964976 230.175067382136 87.8333605506084 -55.9949279281019 0.841716041219395 0.867277028450534 0.8685056772283
28.264 0.869514292773384 9.31905281415545 -2.91568042106748 -12.1075595182606 -0.055694564091044 0.342375050104357 229.237560643922 87.8100244955475 -55.7954351352917 0.841548116565607 0.866804495526185 0.86840439606665
28.278 0.89305527177165 9.35272904519108 -2.87688022792924 -12.6884066198697 0.35369168621119 0.344015407689341 228.63380457953 87.7890220459928 -55.3758916217625 0.841017121623696 0.866502951155069 0.868189919376718
28.321 0.847264359891802 9.45049428001523 -2.8124515110903 -13.7775812250583 1.06259732675038 0.0974001264623915 228.210424121577 88.3701198413935 -55.4783024595863 0.840919088929478 0.866231561221065 0.86799689035578
28.324 0.789712113589397 9.52651199450028 -2.80061389458057 -14.7601284460639 2.47847499865549 -0.0131032449624736 228.309381709419 88.0531078572542 -55.3304722136276 0.840577768530415 0.866234368015692 0.867576106501704
28.337 0.795136513516621 9.60217042639791 -2.81408163415083 -16.0314438457323 4.7527649033701 0.0821002093047661 228.038443538478 88.0077970715287 -55.5574249922649 0.840523671145525 0.865989836395625 0.867690970015259
28.367 0.860232647244915 9.72604790814166 -2.78843406891843 -17.4588338123041 7.46832810768958 0.0257985853208544 227.79459918463 88.3270173643759 -55.1616824930384 0.840348513216666 0.866016815672796 0.867547835930466
28.384 0.956827118383155 9.81503216762047 -2.8013241415264 -18.6564618814554 9.81462506791299 -0.105025548020391 227.335139266167 88.0143156279383 -54.2055142437346 0.840443661909568 0.86591763675671 0.867295554988613
28.398 0.979956669556772 9.96257462804348 -2.76486159488933 -19.888525616974 10.7560633244805 -0.00291993978323774 226.74162533955 87.9128840651445 -54.0049628193611 0.840276504904304 0.865951835997772 0.867191962406485
28.427 1.07625047232003 10.0854867819383 -2.66584563069382 -20.5179936659636 11.0407623355439 0.166837703050048 226.207462805595 87.58159565863 -53.704466537425 0.840252533882025 0.865735557579498 0.867345240329561
28.442 1.13550128816328 10.1607333651276 -2.58475184273278 -20.4539805589092 10.2595868653483 0.252444009080921 226.146716525036 87.103436092767 -53.4940198836825 0.840230959961974 0.865787964738281 0.867236679213338
28.457 1.1829612220415 10.207924970784 -2.49674382059176 -19.7841550221023 9.49775031621802 -0.18806756739969 225.732044872532 86.7930924834903 -53.0646178953142 0.840211543433928 0.865958454825633 0.867262297853185
28.487 1.18676938698488 10.2442323882564 -2.4074809513843 -18.6255868481363 8.84492184948171 -0.900558520583385 225.178840385279 86.5737832351413 -53.6981561057828 0.840320389105105 0.866235083506795 0.867408542231591
28.502 1.11687430816111 10.2189095484481 -2.33396784922683 -17.1302037358418 8.13600218361751 -1.40515915707467 224.800956346751 86.4964049116272 -53.5483404952045 0.840544521688121 0.866237538072848 0.867540162172157
28.516 1.0792275644292 10.1369223297178 -2.28791734392527 -15.6820688584408 8.04606608739317 -1.42036843220689 224.580860712076 86.5467644204645 -53.5335064456841 0.840620069533879 0.866486258429289 0.867535432516121
28.548 1.0817373612776 10.033804819036 -2.276938099996 -15.1001215145815 8.3017648221653 -0.960774337077807 224.322774640868 86.772087978418 -53.1001558011157 0.841066132480521 0.86658691914754 0.867900332805278
28.562 1.10889587574493 9.98541157697008 -2.19918116867758 -15.7328574547264 8.39143566819305 -0.259353391919645 223.970497176781 87.2148791805762 -52.3501402210041 0.841089519247039 0.867046670773554 0.867982773688475
28.578 1.0867713133093 9.9859708182904 -2.09442414885954 -16.4946862130705 7.99580355175542 0.49100942818835 223.473447459103 86.7133912625186 -52.2151261989037 0.841614365463855 0.867091290257379 0.868425722774275
28.607 1.09918093439307 9.99419536884662 -1.99020690363224 -16.5581946910001 7.48553617367912 1.24038176781226 222.846102713193 86.5620521362667 -52.1536135790133 0.841582928932039 0.86750060477241 0.868455624660572
28.621 1.11819060823053 9.95682588841948 -1.94824584700086 -15.810772168465 6.96064667844861 1.57435885820661 222.581492441874 86.3658469226401 -51.678252221112 0.842058434180354 0.867376507211902 0.868851288649162
28.636 1.15493176145014 9.93540382051259 -1.88366583923178 -14.8793132722292 6.53633773579459 1.43677030063022 221.923343197686 86.2492622303761 -51.1904269990008 0.841982590776888 0.867634382790443 0.868715446345426
28.667 1.15837055828562 9.90205802616885 -1.83464178985068 -13.7509239297391 6.01018487824566 0.977062736216056 221.331008877918 86.0243360073385 -51.1113842991007 0.84229240159923 0.867373447162592 0.868962345251652
28.682 1.15625807988397 9.88294044224093 -1.7850733418379 -12.5246864985972 5.56412822248217 0.461035851907427 220.977907990126 86.0019024066046 -50.9802458691907 0.841813749933193 0.867754545987101 0.86869207364322
28.698 1.15657148374097 9.83496908325854 -1.76721694044296 -11.2653476197299 5.1886314307683 0.00653532015179914 221.140117191113 86.1017121659442 -51.3422212822716 0.842014569508799 0.867481594039584 0.868818392578629
28.726 1.16565224182287 9.79502705316755 -1.75138559912465 -10.3380494989783 4.97129500524872 -0.299461723313763 221.106105472002 86.2515409493498 -51.4879991540444 0.841690321743612 0.867605908799351 0.8685625162375
28.742 1.17597970353078 9.78691182954024 -1.71888160981079 -9.77523691549265 4.7932494741895 -0.47256898609689 221.435494924802 86.1463868544148 -51.37919923864 0.84165128958382 0.867347820570609 0.86845555117493
28.757 1.18940442490439 9.78948418876151 -1.68956816444403 -9.09847658272201 4.52690162600719 -0.685617430998652 220.711945432322 85.7517481689733 -50.861279314776 0.841363369811131 0.867115541164741 0.86823595897417
28.788 1.18311117012376 9.78096557182628 -1.67126648649221 -8.31076632902997 4.19329543287212 -0.82392591690642 220.360750889089 85.576573352076 -51.0551513832984 0.84110424201571 0.867029949965 0.868161649637933
28.803 1.18421086596615 9.75139186849497 -1.67203323565106 -7.71480419994377 4.07472924836354 -0.802602027505854 220.344675800181 84.8789160168684 -50.9296362449686 0.841123817828709 0.866829457619693 0.867971447590873
28.818 1.20908275479525 9.73171876135739 -1.64704549779457 -7.56469782575091 4.15046243039741 -0.679593733152215 219.730208220162 84.8510244151815 -50.5766726204717 0.840762024539723 0.866772474774457 0.867553208013288
28.848 1.24379759342477 9.7270613276655 -1.60833580914106 -7.53952575309949 4.24762992781569 -0.747512222432414 219.837187398146 84.6459219736634 -50.4390053584245 0.840689501553902 0.866474132478514 0.867547173773139
28.863 1.25911949853007 9.72436604771267 -1.56104724070102 -7.26496249076664 4.12363029381274 -1.12237932079986 219.453468658332 84.5813297762971 -50.5551048225821 0.840371139892398 0.866452682147396 0.867418419312559
28.878 1.26057907444153 9.71302181965039 -1.53075781280401 -6.6186189134457 3.70592375298109 -1.63914902230766 219.648121792498 84.5831967986673 -50.7195943403239 0.840337705371309 0.866186319114159 0.867179080032496
28.908 1.25860066862626 9.70394927101665 -1.50589152706804 -5.75752038087976 3.17349931661428 -2.1370661811456 219.523309613249 84.5248771188006 -51.2876349062915 0.840181144019871 0.866193650119476 0.86708713494598
28.923 1.24592648433199 9.70009353611469 -1.49715883016416 -4.88863857179941 2.77294327808262 -2.59969544089363 219.530978651924 84.4723894069206 -51.0788714156624 0.840166709086035 0.866076787758722 0.867127708012562
28.938 1.21997494536534 9.66017165351152 -1.52419488262977 -4.2593166993523 2.68343520981634 -2.98094727085007 219.477880786731 84.2451504662285 -50.9509842740961 0.840027247363125 0.865971611634043 0.867164223772486
28.968 1.18386943672206 9.63711084039426 -1.52638097374301 -4.35628579277585 2.91432833005608 -3.06453193307804 219.850092708058 84.9406354196057 -50.8958858466865 0.840028202094964 0.866000413387372 0.867197087956417
28.983 1.16807403147911 9.63832285205796 -1.50548382790679 -4.87638240433796 3.15419320697414 -2.7512085107626 219.405083437252 85.1465718776451 -50.1862972620179 0.840155381900037 0.866149658609814 0.867226665721955
28.998 1.17175483090307 9.65683157027013 -1.47763828210647 -5.24370599596523 3.23572045116222 -2.29364491159474 219.484575093527 84.8519146898806 -49.7876675358161 0.840269843724602 0.866160655665566 0.867376473313485
29.027 1.16171987696849 9.65032543045503 -1.46831916367366 -5.25215982384962 3.19688123047348 -1.93832622196198 218.476117584174 84.7067232208925 -49.9089007822345 0.840499030845669 0.866417064262735 0.867388112543316
29.043 1.14269262413111 9.63160111876329 -1.46723427708763 -5.25976826894558 3.14818547383835 -1.65441726388792 218.228505825757 84.7560508988033 -50.198010704011 0.840831322330028 0.866524644397641 0.86752177545271
29.057 1.14352460378343 9.61935806010962 -1.45925483407812 -5.40936396113499 3.14863410202703 -1.41416637719379 218.005655243181 84.920445808923 -49.9782096336099 0.840878190111594 0.866744654121602 0.867518884468619
29.087 1.15235382026971 9.62420091391921 -1.43076494904372 -5.55774054212073 3.11621343991593 -1.31320775474158 218.165089718863 85.0684012280307 -50.1403886702489 0.841298441000466 0.866819475270622 0.867885439562525
29.1 1.14820939636118 9.63873480583418 -1.41787317608606 -5.43937106806133 2.96795087455029 -1.42768850598498 218.188580746977 84.9615611052276 -49.686349803224 0.841298596914988 0.867133054043291 0.867969369769998
29.129 1.12454768719572 9.63565443895925 -1.42482563747297 -5.16947976278191 2.79329319167542 -1.58110286149336 217.909722672279 84.9254049947048 -49.2177148229016 0.84180253536501 0.867045711555695 0.86816795909273
29.145 1.11719837816624 9.64066332825425 -1.41965053880212 -5.03268445825944 2.70785700227887 -1.59780173564936 217.898750405051 85.0128644952343 -49.1559433406115 0.841752281843078 0.867336666699857 0.868223637347182
29.16 1.1269842776543 9.65277287586095 -1.4017051315665 -4.9500266994564 2.6317277906006 -1.56931927200809 217.708875364546 84.6715780457109 -49.2803490065503 0.841959248227696 0.867228962946605 0.868642500067111
29.174 1.1301053517657 9.65349614522066 -1.39788440373776 -4.74815380050313 2.49603592757107 -1.63757818450194 217.417987828092 84.3644202411398 -49.6323141058953 0.841767002873078 0.867501592951676 0.868527536621579
29.206 1.1211228746412 9.65025647790318 -1.40701530731235 -4.60463613037648 2.39299722031015 -1.7402325797922 217.156189045282 83.9679782170258 -50.0690826953058 0.842098372485801 0.867377396573241 0.86879322650019
29.222 1.12237603469829 9.66032934466975 -1.39943139275772 -4.6166916013083 2.3468272692715 -1.75475894013359 217.220570140754 83.7911803953233 -49.3221744257752 0.841892214705372 0.867512131079642 0.868663190411351
29.252 1.12332431379682 9.6732256437538 -1.3771632717925 -4.54586213583396 2.26557965684817 -1.75256548886833 216.738513126679 83.9320623557909 -49.0699569831977 0.841959164728362 0.867386880888411 0.868669345533941
29.266 1.13279689464324 9.69111712204199 -1.35035833777883 -4.2011995863727 2.09474688200304 -1.73608756593569 216.244661814011 83.5188561202118 -49.3829612848779 0.841893248270095 0.86739747936075 0.86818131616205
29.281 1.12821396392602 9.69608635389908 -1.34712331052332 -3.52917123078886 1.80206608693251 -1.75713529789174 216.34019563261 83.8069705081907 -49.7246651563901 0.841707602911237 0.867160234075868 0.86823565870957
29.311 1.11235773744003 9.67709550873134 -1.36444278260209 -2.92129227564891 1.53254650114002 -1.73562024138501 216.846176069349 83.6462734573716 -49.9721986407511 0.841540522088265 0.866946713319474 0.868038055755346
29.324 1.10329451723531 9.67203463568413 -1.37476306885604 -2.76504091067944 1.42891017163671 -1.5971727210633 216.761558462414 83.6816461116344 -50.614978776676 0.841263679065131 0.86687800490426 0.867736752831005
29.34 1.10441515353591 9.67807412255517 -1.36441886779777 -2.78701010205424 1.42647716974021 -1.42829514361346 216.805402616173 83.953481500471 -50.3534808990084 0.84114099062677 0.866692707065027 0.867589040464637
29.37 1.1056631461436 9.67710516549985 -1.35774271807473 -2.66098084757401 1.36474548330054 -1.29462593459563 216.844862354555 84.0781333504239 -50.2381328091076 0.840904100749785 0.866525939009718 0.867332639069367
29.385 1.07655954262505 9.68120107976651 -1.35652258206666 -2.57579879335096 1.10766024794759 -1.216308379304 217.0003761191 84.3103200153815 -50.1343195281968 0.840690899860499 0.86612851502945 0.86734866172361
29.401 1.08837425620159 9.67189893062165 -1.35572373458082 -2.48844792164945 1.12055834529023 -1.11986838106826 216.78033850719 84.3992880138434 -49.6808875753771 0.840499019060142 0.866141626443238 0.866992700732752
29.415 1.10152140776039 9.66023491265104 -1.34087898363174 -2.46097717528603 1.00773915198258 -1.07429375670189 216.882304656471 84.419359212459 -49.6927988178394 0.840452796622279 0.866029966450108 0.86691939357621
29.444 1.09940762090433 9.64548762835615 -1.33817290690095 -2.32251304554369 0.858110274952265 -1.07984148026834 216.854074190824 84.9174232912131 -50.3035189360555 0.840411196428203 0.86592947245629 0.866976740779769
29.459 1.09971984715237 9.61856808839041 -1.35195815050499 -2.14904036694352 0.75321527799139 -1.09170466048578 217.248666771741 84.8256809620918 -50.0731670424499 0.840247285971075 0.865839027861854 0.867028353262972
29.475 1.10173664531982 9.58877400080381 -1.36274878517296 -2.23947984169955 0.728275429581564 -1.06497694252881 216.823800094567 84.6831128658826 -50.0458503382049 0.840352557388537 0.865881087992402 0.866951480853408
29.507 1.10971683897265 9.57788072395341 -1.35450383724725 -2.51782193386547 0.750104375173026 -1.03634184369577 217.041420085111 84.9148015792944 -50.1412653043844 0.840447301664253 0.865918942109895 0.867005619329247
29.522 1.11995161745866 9.57789303989425 -1.33684818180164 -2.66680309925755 0.718605388037403 -1.06553208680711 217.1772780766 84.9433214213649 -49.567138773946 0.840658742991355 0.866076334460086 0.867054343957502
29.537 1.11886784887838 9.56904553888334 -1.33502402512813 -2.57187851452264 0.582622711829082 -1.17119261858442 217.11955026894 84.9089892792285 -49.8304248965514 0.840849040185746 0.866341175177802 0.867221383725477
29.57 1.11885013690467 9.55892805622303 -1.35301473088787 -2.42995783864289 0.446497845226327 -1.28842450176414 216.827595242046 85.1180903513056 -50.0673824068963 0.840894136181741 0.866456344221202 0.867248531914109
29.582 1.12607666114755 9.56352910130874 -1.35268637848847 -2.49535900134349 0.375130503451786 -1.37408586838162 216.744835717841 84.7662813161751 -50.8206441662066 0.841186917132492 0.866559996360262 0.867642122263467
29.597 1.13299951785613 9.58430975135853 -1.3386242030229 -2.59544142181983 0.288762491274546 -1.48629560215415 216.910352146057 84.8096531845576 -50.658579749586 0.84132439691277 0.866899523023967 0.867750384200846
29.628 1.13773371428676 9.60367075315139 -1.31800752027325 -2.43589727963784 0.124771738330298 -1.62468894270209 216.819316931451 84.9686878661018 -50.1527217746274 0.841700027121524 0.86695885728275 0.868216572235408
29.643 1.13301623151089 9.60511436204035 -1.32129959890388 -2.05337625396413 -0.0777817713805948 -1.759929972096 216.497385238306 85.1118190794916 -49.9374495971646 0.841660024423941 0.867381415095244 0.868267389175592
29.658 1.12541861789273 9.60743118053602 -1.31731927957364 -1.79002336139215 -0.202064662944825 -1.85950949397037 216.207646714476 85.0006371715425 -49.7437046374482 0.842002091881578 0.867392560146899 0.868559093798802
