64.825 2.32993532727208 -7.2357160555245 -5.85343698205952 -0.669758782469493 1.02594189042483 -1.22862100742544 383.763304603435 -24.0919735788704 61.4004497430195 0.840450127855273 0.865047014947073 0.866734420815021
64.84 2.33139399448078 -7.2322006023158 -5.85066240616802 -0.629500461474452 1.00044693802357 -1.291255089889 383.966974143091 -24.1427762209834 61.4404047687175 0.840408794537897 0.86479748337307 0.866686941650253
64.857 2.32307013057805 -7.23963106240893 -5.8490032814875 -0.570367209220137 0.981318274755562 -1.35678606944972 384.090276728782 -24.008498598885 61.7763642918458 0.8402451242698 0.864820237686956 0.86639715266673
64.886 2.32198314830485 -7.24099134712873 -5.84278151359571 -0.60646025929049 0.962575760257105 -1.36919906555818 384.021249055904 -23.9476487389965 61.8987278626612 0.840097821028513 0.864469510196163 0.86638340031679
64.901 2.32956413893244 -7.2375469384443 -5.84580104022991 -0.687798966185868 0.925860168964219 -1.38266083839168 384.259124150313 -23.7128838650969 61.5888550763951 0.839838627419547 0.86415385545445 0.866247562936304
64.917 2.33926006974287 -7.24659754435878 -5.84492731514369 -0.721309145903159 0.870678732220469 -1.45660849501052 384.833211735282 -23.5015954785872 61.5499695687556 0.839605353171478 0.863993639829709 0.866248769559407
64.947 2.35026089687503 -7.23331498146648 -5.84234528919573 -0.782002658793759 0.781320782662544 -1.56438276001329 384.869890561754 -23.7914359307285 61.39497261188 0.839522027040023 0.863973181028241 0.866126395254659
64.975 2.33352613752505 -7.2793003473335 -5.85127425057156 -0.753420713525071 0.716929162411557 -1.66137959851578 385.142901505578 -24.1722923376556 61.495475350692 0.839573503804172 0.863954768106919 0.866139718645927
64.977 2.34079079901058 -7.29782254877569 -5.82770683642444 -0.900216046752716 0.684167543880325 -1.71432560812985 385.028611355021 -24.1550631038901 61.2259278156228 0.839493362609447 0.86393819647773 0.866275033342514
65.005 2.35648681886386 -7.29934918328716 -5.80140850194887 -1.06515627413851 0.640178270408323 -1.77495411601915 384.985750219519 -24.1995567935011 61.6433350340605 0.839547705816654 0.86404687948115 0.866273492924996
65.021 2.3766585782235 -7.3244856188708 -5.77624359055098 -1.12963301313688 0.570053573138483 -1.90051213953174 384.827175197567 -24.599601114151 61.6590015306545 0.83959661470314 0.864144694184228 0.866272106549229
65.036 2.4090586717485 -7.34166159540535 -5.74916592529776 -1.06934146754838 0.444345925748299 -2.11809451336483 385.04445767781 -24.8396410027359 62.033101377589 0.839893124726353 0.864109129947308 0.866517370058031
65.066 2.42529005547392 -7.39303301254023 -5.76070901713993 -0.514315717740106 0.27319377592156 -2.54445300095964 385.180011910029 -24.9956769024623 62.0697912398301 0.83990749172187 0.86432417986931 0.866738107215953
65.096 2.4469612128141 -7.45560768675007 -5.71986188556754 0.295131121209477 0.19396600138284 -3.06176342605452 384.642010719026 -24.9561092122161 62.1628121158471 0.84017291404321 0.864517724799113 0.867182740035127
65.098 2.43061208307169 -7.52060390202282 -5.68028631865385 0.974014955653415 0.0570121493361586 -3.62581609108265 383.917809647124 -24.6804982909944 62.1265309042624 0.84015930210704 0.864815238880382 0.867213752592794
65.127 2.54710011106213 -7.53756111283372 -5.46360677831831 1.93997223871403 -0.0708264701776099 -4.44796730640187 383.506028682411 -25.032448461895 62.4538778138362 0.840399543389863 0.864959677909077 0.867610820874283
65.141 2.4306552447809 -7.39097453432623 -5.77856020647403 3.05589867896476 -0.821759090335422 -5.5741629421739 383.49542581417 -25.2292036157055 62.0284900324526 0.840363268519029 0.865336184281894 0.867599025348035
65.156 2.35332833867668 -7.43956943700323 -5.78057984576926 3.68695003244233 -0.82813279962249 -6.11598328917788 383.245883232753 -25.286283254135 61.8856410292073 0.840709136236051 0.865305068504898 0.867957566354
65.187 2.36729176468908 -7.51137682512053 -5.67100726425324 3.54497258645001 -0.811731733400699 -6.17537732667231 383.081294909478 -25.1576549287215 61.8170769262866 0.840641902080598 0.865647035818133 0.86791109627978
65.202 2.43989345694118 -7.53871380729659 -5.66624465161271 3.26070433543859 -0.753459323419408 -6.10440447950126 383.11316541853 -25.7018894358493 62.1753692336579 0.840959906441464 0.865584834887513 0.867992460815527
65.217 2.53354639945507 -7.55565565326676 -5.63933309233523 3.23616061945199 -0.485746978863727 -6.09625410788701 383.441848876677 -26.3717004922644 61.8378323102921 0.840867595265469 0.865775637959942 0.867819177650708
65.246 2.61621797506285 -7.53115955739199 -5.63151297852102 3.80949112239228 -0.0799203725804074 -6.24235388793801 383.257663989009 -26.4945304430379 62.3740490792629 0.841037007232449 0.86557697934545 0.868032786185368
65.261 2.53164738796001 -7.59063563122432 -5.60155040518674 4.60869468190878 0.386086931853206 -6.44788949151062 382.911897590108 -26.3050773987342 62.5566441713366 0.840936985977355 0.865645244327638 0.867732010218025
65.291 2.44900966628055 -7.54971286094857 -5.57362640943735 5.27301605341256 0.617707246301473 -6.76569596220688 382.780707831098 -26.7945696588607 62.420979754203 0.840846966847771 0.865212016172777 0.867708095757402
65.321 2.35775659928018 -7.61679071578389 -5.52694697123715 5.94342437173543 0.788760949152242 -6.93492789270375 382.962637047988 -27.2951126929747 62.7188817787827 0.840639479348687 0.865193317206693 0.867563249098395
65.323 2.3388956169721 -7.69547648185199 -5.42262640245511 5.86053231624127 0.874006991641598 -6.7773129660288 382.886373343189 -27.5056014236772 63.1069936009044 0.84057921088197 0.865052890667526 0.867309426839749
65.338 2.38853939000694 -7.80944915074442 -5.32173486931104 6.01799053499883 0.895003239042324 -6.72095571522744 382.57773600887 -27.2150412813095 63.696294240814 0.840398498979465 0.864802771521478 0.867204447072507
65.366 2.45219282767709 -7.85647903196515 -5.27995373353045 6.51237468760581 0.861228105977786 -6.90382197576577 382.659962407983 -27.3135371531785 63.8666648167326 0.840109237575404 0.864701399550832 0.86673917228596
65.38 2.50343558008852 -7.90527031105013 -5.24492448757303 7.2367097379292 0.868998425151 -7.22031000719683 382.553966167185 -27.4621834378607 63.7199983350593 0.840101993286015 0.864362555873652 0.866567757708557
65.397 2.51848928465291 -7.91237158728765 -5.25254334977459 8.00311510001414 0.818739804009945 -7.6646912202176 382.338569550467 -27.7159650940746 63.8279985015534 0.839842382451299 0.864305205467789 0.866413484588895
65.426 2.50582111180285 -7.90194344955497 -5.24880600545875 8.89211656711196 0.850606281624218 -8.07608469361569 382.02471259542 -28.1843685846672 63.9251986513981 0.839861823674321 0.864129854841715 0.866398099046738
65.441 2.52189320594483 -7.84521277342272 -5.22401428735917 9.76473697146947 0.924324279415995 -8.28145332349076 381.922241335878 -28.7859317262004 63.8326787862582 0.839752850492581 0.863972039278248 0.866260791793258
65.457 2.5641906941272 -7.84090199107556 -5.21552825435995 10.9401716712691 1.18990711864997 -8.33498738045466 381.65001720229 -29.1473385535804 64.5294109076324 0.839654774629016 0.863953740531925 0.866137215265125
65.486 2.64948405185377 -7.91591118009057 -5.17622750221192 11.9202003056689 1.55870266632696 -8.20988558897408 381.345015482061 -29.6526046982224 64.6164698168692 0.839566506351807 0.864060869129926 0.866149456655346
65.501 2.70757331871124 -7.98359902707785 -5.17222088472693 12.5877222598348 1.87382476610647 -8.04614893847362 381.130513933855 -29.6873442284001 64.8748228351823 0.839613535184778 0.864033687398436 0.866160473906545
65.531 2.74447091600118 -8.01117887504145 -5.14479262140377 13.011392781943 2.26735832003018 -7.80794625836672 380.93746254047 -29.5986098055601 65.587340551664 0.839655861134452 0.864132821309785 0.866046929167083
65.547 2.75367686910169 -8.01810408598701 -5.11304427242563 13.3468947251227 2.68947744985922 -7.50654094550715 380.883716286423 -30.2387488250041 65.9886064964976 0.839946446514533 0.86422204183 0.866191522811555
65.561 2.73825962927404 -8.08598743349183 -5.09967394819515 13.9572434205494 3.12587321632368 -7.31771891202513 381.13534465778 -30.8748739425037 66.4097458468479 0.839955481331232 0.86454912420818 0.866444844694124
65.576 2.74341802227315 -8.13966047587873 -5.05549849406472 14.2187709868914 3.54611032217223 -6.9531225933417 380.821810192002 -31.0273865482533 67.2087712621631 0.840216104691636 0.864596714438555 0.866795886524443
65.607 2.77337924624517 -8.16671758731795 -4.99880161287419 14.5923137355305 3.88004890827562 -6.63872636454188 380.299629172802 -30.684647893428 67.9278941359468 0.840198173690623 0.86488632955588 0.866865584433179
65.621 2.76227655397387 -8.13169284320408 -4.97219525339036 14.6964411406034 4.15845623118851 -6.30386136167548 380.069666255522 -31.2161831040852 68.4551047223521 0.840434527815088 0.865023659517025 0.867174552289593
65.637 2.74324601638196 -8.02547145774842 -4.95291824247088 14.9626748891385 4.48841213478722 -5.94065079802702 379.92269962997 -31.1545647936767 69.2295942501169 0.840394754501731 0.865393767729047 0.867329571224358
65.667 2.74814519060741 -7.99547336898041 -4.99907515441459 16.0496135070949 4.86628847856041 -5.80918113807164 379.730429666973 -31.399108314309 69.6266348251052 0.840737473620484 0.865480353872876 0.867715057642691
65.682 2.77051096653721 -8.04580777646714 -5.04199300403966 17.0507590266144 5.2659191726891 -5.67788134487517 379.737386700276 -31.3191974828781 69.9239713425947 0.840667405726587 0.86592784478532 0.867692838439602
65.698 2.78178160335822 -8.08129247809899 -5.02148229654646 17.4472098415102 5.55841122488584 -5.45589473710521 379.143648030248 -31.7272777345903 70.6715742083352 0.840982859722854 0.865961023223521 0.868164781050289
65.727 2.81826139342371 -8.1647639344822 -4.99194949963107 18.031496490947 5.86516552224458 -5.3988548817153 379.029283227223 -32.0345499611313 71.1644167875017 0.84088825321872 0.866237395064894 0.867974265861993
65.741 2.84432960317954 -8.19218373930669 -4.99158648936523 18.4230033304019 6.14506118376058 -5.33912206529949 378.926354904501 -32.3110949650181 72.0879751087515 0.841055599390375 0.865992560739907 0.868172365575526
65.758 2.8731779405453 -8.16412933441594 -4.93134485741174 18.2661991805678 6.47941002721659 -4.98688924808252 378.833719414051 -32.5599854685163 72.6791775978764 0.84082724863703 0.86601926758265 0.867857631669166
65.785 2.89279681584044 -8.21651236807639 -4.85055177563175 18.4975945296866 6.79253772678501 -4.85155910190022 378.690347472646 -32.2439869216647 73.7512598380887 0.841000695266854 0.865796246005888 0.868067394801981
65.801 2.91362610585216 -8.31273823316695 -4.82997170526157 18.9623388935118 7.05297861059506 -4.90991464209188 378.621312725381 -32.7395882294982 74.4161338542799 0.840777834925862 0.865842584322032 0.867886618238516
65.816 2.91052538567832 -8.21001999380411 -4.80061590169403 18.9760286682828 7.23546700907753 -4.91739646032544 378.439181452843 -32.9456294065484 75.6145204688519 0.840703730901427 0.865637231071332 0.867847242975845
65.845 2.88768328202413 -8.21866877796252 -4.7859272554028 19.2524716029812 7.53329435397131 -4.91802322650664 378.755263307559 -33.1310664658936 76.5730684219667 0.840510566996977 0.865576010615391 0.867565021329453
65.86 2.87131526147705 -8.25195088316798 -4.75750428389084 20.0554687174923 7.86088094910853 -5.07354914813078 378.859736976803 -33.3579598193042 76.65576157977 0.840336719482972 0.865520912205045 0.86718742437801
65.875 2.87124852605505 -8.15950120386302 -4.73497622564946 20.5934332961247 8.08624323587707 -5.19062171423374 378.653763279123 -33.6221638373738 77.750185421793 0.840306727002826 0.865100117262444 0.867094644856943
65.904 2.91590017319778 -8.1787084778859 -4.70165256281657 21.4119525619321 8.44097769091531 -5.2608725199096 377.98838695121 -33.4999474536364 78.8551668796137 0.840153263488236 0.864845275456904 0.866887683022441
65.92 2.96063563443177 -8.31390951043789 -4.60450392621723 22.6089252446702 8.83810129586958 -5.50043412288047 377.749548256089 -33.8699527082728 79.2496501916524 0.840015146325105 0.864368031569441 0.86670141737139
65.936 2.99311640158552 -8.26033485501788 -4.52886159710258 23.3961243232566 9.08329879987041 -5.76794796250082 377.654593430481 -33.9629574374455 80.4446851724871 0.83976422018648 0.864310133593999 0.866533778285444
65.965 3.01744098331265 -8.26131848606272 -4.44593946479711 24.3565118909309 9.57191548476887 -6.10718370060188 377.149134087432 -33.6266616937009 81.5802166552384 0.839665007353525 0.864258025416102 0.866506363373633
65.996 3.04920919119476 -8.34097296100381 -4.38956532784957 24.6895629919142 9.9093804248416 -6.46440426183941 376.874220678689 -33.7439955243308 83.0221949897146 0.839575715803865 0.864334725525685 0.866358229687463
65.998 3.09665491025888 -8.34921565742662 -4.34954265870444 24.1473242499747 9.97722100831164 -6.8660554387089 376.62679861082 -34.3295959718978 84.1999754907431 0.839495353409171 0.864280158154619 0.86634836963545
66.027 3.11553374982992 -8.37830166004334 -4.2613885055583 23.4959506036032 10.0565981441217 -7.20006058186091 376.524118749738 -34.616636374708 85.4999779416688 0.839423027253947 0.86423104752066 0.866216035323098
66.042 3.15096006444501 -8.33983558400482 -4.20317861294162 23.0043708104184 10.1326177190225 -7.44035986718627 376.491706874764 -34.8149727372372 86.4899801475019 0.839610724543121 0.864433905685327 0.866343718351968
66.057 3.18703359649843 -8.33568229064951 -4.12547101547192 22.033704721743 10.1453101455935 -7.4802933461165 375.322536187288 -34.9334754635135 87.6809821327518 0.839653331556961 0.864493017767988 0.866335309433505
66.085 3.20974340098738 -8.31805797027596 -4.08450401398424 20.5570518068206 10.008641726454 -7.48493576723004 374.810282568559 -34.8601279171621 88.8128839194766 0.839944169894792 0.864422621172691 0.866697304789885
66.098 3.20282846144712 -8.27011381036385 -4.00693227564886 19.1448580765202 9.84289205762542 -7.44331241951467 374.469254311703 -35.3941151254459 89.3515955275289 0.840079752919882 0.864729645616602 0.866776860872077
66.114 3.24179558859952 -8.19452264111945 -3.94962743862505 18.3601432612346 9.69677079079418 -7.33943919283038 373.922328880533 -35.3947036129013 90.316435974776 0.840201777642463 0.864759183706135 0.866971648948594
66.143 3.27405280685444 -8.17904328884223 -3.91936145970853 17.8172587061035 9.53396394072239 -7.26351054072291 373.55009599248 -35.1552332516112 91.1847923772985 0.840058809063909 0.865155739499247 0.86714695821746
66.158 3.31158371105211 -8.1448210201997 -3.90026238038807 17.3340061179359 9.32560571458908 -7.28601444848268 372.975086393232 -35.5397099264501 91.8463131395686 0.840435122726444 0.865266128466055 0.867427788695445
66.175 3.2462415754892 -8.1611867537205 -3.88415059871676 16.9486971091958 9.06327415076376 -7.36886338531381 372.637577753909 -35.8257389338051 92.9816818256118 0.840395289921951 0.865611989783175 0.867434296387081
66.205 3.22669857085623 -8.09349551708442 -3.8451094278145 16.0813083143067 8.60198490362632 -7.31212971853815 372.153819978518 -35.7831650404246 93.3435136430506 0.840737955498682 0.86555329345605 0.867809310289141
66.221 3.2556770921428 -8.02551053980835 -3.82266163067056 15.767070612647 8.11888564990491 -7.15648926576831 371.658437980666 -35.6848485363821 94.3291622787455 0.840794159963383 0.86587043827417 0.867777665821407
66.237 3.29618282443396 -8.04824081975085 -3.77660123618871 16.3384551544358 7.99249326812052 -6.7209930109472 371.452594182599 -35.9563636827439 94.976246050871 0.84109693853597 0.865785897097946 0.867995425538998
66.266 3.36418159597616 -8.09413647578236 -3.70348355870632 17.3496478069311 8.15202256726267 -6.09164180145553 371.207334764339 -36.0207273144695 95.7386214457839 0.840864453868066 0.866079781551877 0.867698385636291
66.282 3.41712047869116 -8.23300630980202 -3.64049084515441 18.2414005834899 8.58872870748297 -5.36186693428708 370.926601287905 -36.1386545830226 96.4847593012055 0.841034179974786 0.865726973317394 0.867924073372393
66.298 3.35840308261648 -8.40276073634746 -3.56643943367364 17.4386345709425 9.13672606574231 -4.40048940116372 370.133941159115 -36.0647891247203 96.976283371085 0.840807971163 0.865903562546834 0.867757628951887
66.327 3.22152093284787 -8.42044679421296 -3.50913056473102 14.5306489764436 9.56122139809937 -3.54593664425345 369.840547043203 -36.2983102122483 98.0786550339765 0.840983345540227 0.865568376212855 0.867731152617878
66.341 3.15064030200358 -8.35023286430338 -3.51226008600145 10.7737672849061 9.67914505981615 -2.90279336150749 369.576492338883 -35.7884791910234 98.8307895305788 0.84063559948009 0.865637501508303 0.867584000272824
66.357 3.12539439180597 -8.2267663462904 -3.54865533709063 6.98188673962163 9.91428398894904 -2.05373539940255 369.398843104995 -35.8696312719211 99.0877105775209 0.840575719000233 0.865452656538975 0.867451563162275
66.386 3.0845370004693 -8.09427821492674 -3.56297570406974 4.07453776031596 10.3617868877641 -1.09416338617985 369.358958794495 -35.342668144729 99.5589395197688 0.840395356285902 0.865162560805782 0.867332369762781
66.401 3.0735628584134 -8.0004773007827 -3.54138753956181 2.38311451863551 10.5744631608197 -0.122914986493162 369.023062915046 -35.1684013302561 99.923045567792 0.840106409151197 0.865148807376397 0.866978037968005
66.418 3.18848388008244 -7.9527476191816 -3.5221377445366 1.71503207440554 10.2032763867225 0.510750557957681 368.660756623541 -35.1915611972305 99.7107410110128 0.83997297742177 0.864889096559461 0.866906197087938
66.447 3.33518801282615 -7.9524675452975 -3.51941756902093 1.64734566085812 9.58600218316473 0.661202219719165 368.814680961187 -34.3724050775074 100.239666909912 0.839599496394243 0.864655356824219 0.866841540295877
66.461 3.370495982326 -8.00806021490105 -3.47118028847534 1.60703857568834 9.07625692668032 0.491265203854119 368.713212865069 -33.9951645697567 100.35570021892 0.839516755940511 0.864444991062502 0.866783349183023
66.477 3.37647562088692 -8.03163773833282 -3.39945531649732 1.3402278478905 8.49763886760008 0.200917309422905 368.681891578562 -33.955648112781 100.760130197028 0.839315668840346 0.864379397137754 0.866483919446223
66.507 3.40986947592012 -8.03633748607547 -3.363633258015 1.10620506310145 7.71886734725228 -0.0657393070155686 368.593702420706 -33.6200833015029 101.424117177326 0.839261311142004 0.864320362605481 0.866461490418334
66.521 3.46422509291093 -8.0314094106857 -3.36299686092444 0.999401350684432 6.82407984916828 -0.363745528985768 368.694332178635 -33.6180749713526 101.601705459593 0.839085768521689 0.864267231526436 0.866441304293234
66.536 3.45275140945602 -8.09239572410321 -3.31855036430038 0.905568085844996 5.98365659707588 -0.662485479903985 368.904898960771 -33.0162674742174 101.881534913634 0.839180871137671 0.864343011024985 0.866299676515104
66.566 3.42955626080473 -8.16416248790505 -3.24682535182664 0.687530361229962 5.01124513584157 -1.01684761893649 369.094409064694 -32.9546407267956 102.25338142227 0.839139993209597 0.864287615103989 0.866172211514786
66.582 3.44519219127333 -8.16656318705156 -3.21202077971008 0.411907096099332 3.93378474439482 -1.37775827689017 369.144968158225 -32.8991766541161 102.108043280043 0.839355993903207 0.864237758775093 0.866427464527033
66.597 3.47422829860779 -8.19589800298995 -3.19643853759265 0.461556081145888 2.98391772033702 -1.71021145683474 369.370471342402 -32.6692589887045 102.157238952039 0.839424073981037 0.864316485548777 0.866534004635509
66.626 3.47228877181708 -8.24833636278617 -3.17271801223304 0.419980625703055 2.14659465059339 -2.08957199054058 369.513424208162 -32.522333089834 101.901515056835 0.839611666597503 0.864387339645092 0.866753078335684
66.642 3.42517307193487 -8.31911372656859 -3.13419114699912 0.000883326491527892 1.21743136874016 -2.59053845560866 369.222081787346 -32.5700997808506 102.211363551152 0.839654179405904 0.864697892241763 0.86695024466584
66.657 3.42472732178636 -8.24987530274901 -3.11076970533387 -0.832792792417167 0.0239325066753027 -3.24904186195619 369.379873608611 -32.3130898027656 102.430227196036 0.839944932958841 0.86485406593432 0.867127694362981
66.687 3.4386913667226 -8.16792828646642 -3.15074256332984 -1.20294862767927 -1.13265921727467 -3.85772546202011 369.34188624775 -32.381780822489 102.447204476433 0.840080439677526 0.865241133504613 0.867164211487863
66.701 3.4695746561978 -8.18808852559932 -3.16606813018564 -0.756699566438058 -1.85832459325713 -4.32080787765016 369.067697622975 -32.4436027402401 102.102484028789 0.840328567203301 0.865342983070885 0.867566233879845
66.717 3.47175165961031 -8.23921289676375 -3.15711624632815 -0.480266251015626 -2.34959137057264 -4.65742937996148 368.940927860678 -32.4992424662161 102.032235625911 0.840299389951122 0.865681158927522 0.867558897053041
66.747 3.46096183910826 -8.19574152201963 -3.13517317066079 -0.78949153431101 -2.94058643198865 -5.02374751066762 368.64683507461 -32.4893182195945 102.26901206332 0.840651645524935 0.865615545685962 0.867798533647468
66.761 3.47956242014342 -8.14213235471147 -3.13248308500188 -1.00672558698678 -3.49309267428597 -5.44656359929552 368.982151567149 -32.720386397635 101.762110856988 0.840590160440593 0.865926465281091 0.867644643199455
66.776 3.52617061599529 -8.17480813825277 -3.13149852753166 -0.46101486034917 -3.75905058242989 -5.71870113249574 368.683936410434 -32.5683477578715 101.665899771289 0.841039214296565 0.865712723934485 0.867875705179241
66.806 3.54926366029175 -8.25473399785889 -3.1152895498319 -0.10040955752036 -3.90451956998843 -5.79721269863548 368.295542769391 -33.0315129820844 101.93930979416 0.840812502052601 0.865890738102216 0.86759063731251
66.837 3.51378366724842 -8.30799251640796 -3.09902553034218 -0.612506006348477 -4.15834242214989 -5.79230058907727 368.485988492452 -33.5083616838759 101.885378814744 0.840987423340868 0.865680569473497 0.86782709988099
66.839 3.48783717193776 -8.27003317336702 -3.0958202267205 -1.544385176706 -4.42953108069826 -5.83139114085657 368.297389643206 -33.6975255154883 101.59684093327 0.840765890192474 0.865861799087328 0.867670352809624
66.867 3.5135065940491 -8.25185105735478 -3.12519730191069 -2.0136107811728 -4.58428789629256 -5.8390917214274 368.127650678886 -34.1077729639395 101.217156839943 0.840566510358919 0.865654524360097 0.867529280445395
66.881 3.53475358135745 -8.26475627602116 -3.16941363567684 -2.54583748931506 -4.68082093872437 -5.70556422867397 367.434885610997 -34.4169956675456 101.055441155948 0.840260447816913 0.865591574575281 0.867402315317589
66.897 3.48821489257137 -8.23279649657883 -3.22237643260872 -3.65384916023088 -4.83487624943209 -5.51287040122642 367.291397049898 -35.175296100791 101.389897040354 0.840111612220914 0.865411322299255 0.867040988967333
66.927 3.46596250750888 -8.1323263523836 -3.26034644239351 -4.89762454955131 -4.93612144891636 -5.26234671988241 367.342257344908 -34.9577664907119 100.670907336318 0.839977660184516 0.865001486347232 0.866839392721792
66.956 3.47125405506732 -8.11630302767685 -3.29864943319444 -5.22236591139007 -4.90892151776518 -5.19412731506974 367.388031610417 -35.1219898416407 100.383816602686 0.839603710880713 0.864880242894012 0.866657956100806
66.971 3.49768397602238 -8.17412710875927 -3.31504591966168 -5.31844993093809 -4.87146448049248 -5.17318786600551 367.549228449375 -35.3897908574766 99.7654349424177 0.839520548978335 0.864647388525315 0.866618123407459
66.985 3.46556627803562 -8.22048249862186 -3.35200896857228 -6.25683394547787 -5.01179894847377 -5.0245713694813 367.334305604438 -36.110811771729 99.928891448176 0.839192310795151 0.864437819593488 0.866335216248216
67.001 3.47652381706403 -8.158174315288 -3.37462152538937 -7.83725742115909 -5.28084806125998 -4.74119820199882 367.560875043994 -36.8197305945561 99.2960023033584 0.839150288901328 0.864249207554843 0.866204197274587
67.017 3.55671529216915 -8.12316590475529 -3.40508833078958 -8.57872251873784 -5.51383195742406 -4.6602081527913 367.704787539595 -36.9177575351005 99.0264020730225 0.839112469196888 0.864203191980862 0.866209740463862
67.046 3.58525327661648 -8.16360409791013 -3.44819046153203 -8.84375103022283 -5.58687624259768 -4.64685909323736 367.834308785635 -36.7659817815904 98.7837618657203 0.839078431462892 0.864161777964278 0.866091269068668
67.061 3.50176187591864 -8.20837821723289 -3.48644369626262 -9.72502478216238 -5.97704358016998 -4.8432418862037 367.890877907072 -36.8093836034314 98.2653856791482 0.838921176810488 0.864124505349353 0.865984644812995
67.08 3.46372972938817 -8.17379623199642 -3.49262000725464 -10.9693161970759 -6.65414838245832 -5.18105510216349 368.001790116365 -36.6684452430883 97.7388471112334 0.839032738597591 0.86409095999592 0.866135466892875
67.107 3.48905656647743 -8.14512648771828 -3.55312563424524 -11.5685677834752 -7.34369537627356 -5.5499724927105 368.461611104728 -36.6616007187794 97.0249624001101 0.839006673923525 0.864184366647521 0.866394394367313
67.12 3.53818693678434 -8.13416780165398 -3.62050937514201 -11.9430087150513 -7.85436400658513 -5.85604394572952 368.815449994255 -36.9554406469015 96.4424661600991 0.839109685999324 0.864268432633962 0.866627429094307
67.151 3.52219010818769 -8.06217543898431 -3.67475024670984 -12.6303872328592 -8.34602684256784 -6.04448535268329 369.61390499483 -36.9798965822113 95.7982195440892 0.839075926585084 0.864467552287299 0.866590649101609
67.166 3.52718600120041 -8.02832737521893 -3.70555066893064 -13.0047530897259 -8.72058446365457 -6.16980780978137 369.432514495347 -37.5419069239902 95.6383975896802 0.839424505420103 0.864646759975303 0.866804058355173
67.197 3.56448286014103 -8.04275537988454 -3.77780322876182 -13.0058044983106 -9.04318250583873 -6.36198733414675 369.329263045812 -37.9877162315912 94.7145578307122 0.839485734346244 0.864931370538952 0.866996126683381
67.199 3.58015338096592 -8.03550957555392 -3.81374093872255 -13.3975904606933 -9.32817723235409 -6.45326951676261 369.116336741231 -38.1489446084321 93.883102047641 0.839919355480545 0.86494073613625 0.867414957555812
67.227 3.60257670444465 -7.99941996557848 -3.83459272070479 -13.7593581321812 -9.59688622667594 -6.45527080936116 369.404703067108 -38.4140501475889 93.1347918428769 0.839931099400642 0.86531913668635 0.86742274836141
67.24 3.59851639117792 -8.08198071560267 -3.87371006682889 -13.9131933113295 -9.80208310019155 -6.38455288873038 369.424232760397 -39.01264513283 92.8213126585892 0.840446059360609 0.865413185934448 0.867798917066038
67.258 3.62544804196949 -8.0460922811121 -3.94776159890333 -14.9333243618759 -10.12874501918 -6.16594492810162 369.201809484357 -39.071380619547 91.6991813927303 0.840405132892699 0.865744341504729 0.867644988276167
67.284 3.62143495125826 -7.98799513223978 -4.00459171266412 -16.0102209333219 -10.4120537233689 -5.95011379407009 369.541628535922 -39.4242425575923 90.9892632534573 0.840746814172355 0.865672410005449 0.867876015748282
67.3 3.62757954397728 -7.91272338428985 -4.04508465168823 -16.4175957865546 -10.5448941525587 -5.7703695902356 369.18746568233 -39.8018183018331 90.0503369281115 0.840675812223271 0.865854455566084 0.867714377090187
67.317 3.59516156970498 -8.06476655184231 -4.07177192245081 -15.8949201773648 -10.4568169510433 -5.72234026479982 369.468719114097 -40.0216364716498 88.8453032353004 0.840864402494471 0.865771512660668 0.868061382921937
67.344 3.55892250471446 -8.0809974543363 -4.1437941873743 -16.5817640374909 -10.7317459429619 -5.61193829938854 369.421847202687 -40.6394728244848 88.6607729117704 0.84052855073891 0.865943647955782 0.867757747280936
67.361 3.5193043011409 -7.96973012734445 -4.21896917384928 -18.0617555726731 -11.1051362341619 -5.42326355341915 369.679662482418 -40.7755255420363 87.7146956205933 0.840731867158546 0.865728188341706 0.867854446716568
67.376 3.49322471541005 -7.87318083210878 -4.25185088004528 -18.8280990993753 -11.4198134504403 -5.32063185456579 369.371696234176 -41.0779729878327 86.803226058534 0.840535889628384 0.865781332424269 0.867694964961644
67.406 3.51835538317416 -7.91671058443868 -4.28701091723912 -18.5552128535599 -11.3763053878391 -5.17024805842219 369.634526610759 -41.1701756890494 86.0429034526806 0.840485980133697 0.865582104363345 0.867427971116673
67.421 3.5568345669179 -7.96127428627923 -4.32763322219794 -18.5332793544634 -11.4402015666124 -5.13413928311432 369.451073949683 -41.7931581201445 85.1786131074125 0.84031459130602 0.865279063847714 0.867187676656199
67.435 3.55058484225889 -7.88957245961054 -4.37927675270032 -19.1486537090934 -11.4916012572794 -4.94973298839068 368.805966554715 -41.87384230813 84.5207517966713 0.840033720669304 0.865130062644446 0.866971411641772
67.463 3.48749925746995 -7.80109877421162 -4.42330188771776 -19.4940936816955 -11.3493113605591 -4.65857648344474 369.125369899243 -42.366458077317 83.3886766170042 0.840034028070525 0.864748352657904 0.866900233394328
67.479 3.49249262262414 -7.78623562187285 -4.49021838206671 -19.0065163745947 -11.2586550336635 -4.49882570532927 369.832832909319 -42.1498122695853 82.5498089553038 0.839654441978122 0.864652422573616 0.866589115236398
67.494 3.51123216136423 -7.7847699385613 -4.57953277318438 -18.4188418363719 -11.0602704463277 -4.2916912263994 369.569549618387 -42.3748310426268 81.6148280597734 0.839566206966002 0.864566085497757 0.866556166629491
67.525 3.44070937380904 -7.7469991023895 -4.64513153215134 -18.3288660496812 -10.88477775284 -4.04649156940831 369.392594656548 -42.6373479383641 80.7133452537961 0.839360174763288 0.864488382129484 0.866279455148045
67.539 3.40219842921836 -7.70959362765165 -4.69058332186834 -18.2539947118887 -10.7031702065636 -3.62886531323084 369.413335190894 -42.2136131445277 79.6020107284165 0.839301366472651 0.86429471383724 0.866277472549974
67.553 3.42338333902785 -7.68550549787293 -4.72927531011608 -17.987373866654 -10.3488837202584 -3.08658946893066 369.792001671804 -42.3122518300749 79.0818096555748 0.839248439011079 0.86412041237422 0.86615222794617
67.582 3.47860219220545 -7.71470294155488 -4.76212289697861 -17.6970334265535 -10.1972014551028 -2.83441907165591 370.192801504624 -42.9410266470674 78.5536286900173 0.839327274578123 0.864210873787991 0.866162968068286
67.598 3.45761036402189 -7.71482397697398 -4.78157019704821 -17.8258033663409 -10.0767179508139 -2.53036647746742 370.253521354161 -43.0869239823607 77.1782658210156 0.839271756306003 0.864168691590695 0.866172634178191
67.612 3.45110771232429 -7.71140150054123 -4.79811508736231 -17.883681044974 -9.9873667664195 -2.26511608926266 370.068169218745 -43.0982315841246 76.5404392389141 0.839474580689972 0.864130727613128 0.866304657321552
67.643 3.53647441721186 -7.71029647431218 -4.82509621931211 -17.6869159939117 -9.87794306687679 -2.09585638873334 369.901352296871 -42.6284084257122 75.6063953150226 0.839404331806667 0.864343617768548 0.866423478150576
67.658 3.51963129391871 -7.74030690409043 -4.85632241624382 -17.3831098907037 -9.68785868385323 -2.05344632237909 370.051217067184 -42.865567583141 74.4657557835204 0.839467578094152 0.864411758642887 0.866530416896699
67.673 3.47256974056902 -7.69507121757238 -4.8794580178659 -17.3447989016334 -9.57098121241448 -2.01527726266027 370.246095360465 -42.4190108248269 73.6191802051683 0.839524499752889 0.864719869339778 0.866749849370754
67.704 3.46109956212826 -7.68560342534395 -4.90393124912984 -17.2194793168135 -9.38411209880662 -1.84046709364615 370.481485824419 -42.6771097423442 72.5572621846515 0.839828221271127 0.864873845322533 0.866947338597404
67.735 3.47214464284171 -7.68510300407421 -4.96516218389398 -17.1860810034528 -9.23730394236107 -1.70145855222047 370.453337241977 -43.1493987681098 71.8415359661864 0.839849078612166 0.86513574735146 0.867001891298843
67.736 3.490165650283 -7.66382304271708 -4.98345919792646 -17.4384652695197 -9.09601629621657 -1.61375544509002 370.608003517779 -43.2744588912988 71.4973823695678 0.84037224065098 0.865124675267507 0.86729722846869
67.767 3.49543108293536 -7.66095168090448 -5.00124329636807 -17.4648477502013 -8.85588031544987 -1.55085318302377 370.627203166001 -42.7870130021689 70.947644132611 0.840465016600451 0.865484681904481 0.867316792183001
67.782 3.49580054654887 -7.68069335248993 -5.01922423520965 -17.3015690820514 -8.49090297092779 -1.39195107082826 370.644482849401 -42.948311701952 70.3328797193499 0.840674686433933 0.865562176630766 0.867580639264433
67.796 3.46141714907477 -7.611192218306 -5.05019127320602 -17.1874427081974 -8.12043862803348 -1.18939718511948 370.720034564461 -43.3934805317568 69.3595917474149 0.840610897258691 0.865878433131415 0.867571861899169
67.825 3.46189599385968 -7.6213650630495 -5.06339710049052 -16.7778587427212 -7.74121919271105 -1.10022845897395 370.728031108015 -42.8941324785811 68.6636325726734 0.840932002101748 0.865669494999776 0.867933119250021
67.84 3.46106998757521 -7.63842148124406 -5.06420918487506 -16.2168667615789 -7.38083773145521 -1.02608347567197 370.975227997213 -42.804719230723 67.4372693154061 0.840716011077266 0.865851832060978 0.867765770241752
67.855 3.44284890266657 -7.64030489807632 -5.07780889436302 -15.3150274136652 -6.94962418731732 -0.908971311310881 370.657705197492 -42.9042473076507 67.2335423838655 0.841026604538465 0.865521818775585 0.867861667381302
67.887 3.43656543051362 -7.63350054161525 -5.11596582917599 -14.172837649398 -6.49053963118101 -0.818074180179793 371.151934677743 -43.0538225768857 66.6301881454789 0.840801153270311 0.865718923459206 0.867578003294365
67.9 3.4198371215626 -7.63791109803417 -5.15886634518112 -13.2754012127024 -6.06133299630718 -0.756877449184714 371.656741209969 -43.3684403191971 65.907169330931 0.840851037957849 0.865649533764479 0.867692677128653
67.917 3.38131846582571 -7.66306928708939 -5.18568538960283 -12.6974794120429 -5.60252794095127 -0.580426345487617 371.451067088972 -43.2315962872774 65.1964523978379 0.840643143347757 0.865587083039224 0.867425912066981
67.947 3.35736572977018 -7.65201328916659 -5.19737269285141 -12.2544490280905 -5.10334384914622 -0.209406611702214 371.745960380075 -42.8684366585496 64.6768071580542 0.840456038198674 0.865407279916804 0.867309283777016
67.96 3.35358523341517 -7.60992072871306 -5.22321414175169 -11.6137369497089 -4.62430717415527 0.14130504183442 372.131364342067 -42.7815929926947 64.0891264422487 0.840287643564499 0.865121721845828 0.867204318316048
67.976 3.35395363878459 -7.5834098951606 -5.24659113188866 -10.8569434074098 -4.11760164757943 0.427937896429604 371.75822790786 -42.9434336934252 63.6802137980239 0.840009467701935 0.864864719581949 0.867109849401176
68.008 3.33698710123822 -7.57056346207155 -5.25583900302901 -10.1773559368978 -3.61958194083676 0.763770060985117 372.142405117074 -42.7290903240827 63.0721924182215 0.839885730117434 0.864633417544459 0.867024827377792
68.021 3.32476983356588 -7.55600889923536 -5.27547466716398 -9.45504019053629 -3.11869244904316 1.12632435259653 372.128164605367 -42.0561812916744 62.5249731763993 0.83952097382034 0.864425245710717 0.866577514560717
68.036 3.31060196657282 -7.52351677777496 -5.31104341710713 -8.76831479743686 -2.63583083772663 1.51216519977962 372.23534814483 -42.170563162507 62.2724758587594 0.839446085623999 0.86423789106035 0.866422265755839
68.067 3.30958246319862 -7.49122125234122 -5.35191387741363 -8.11514743983058 -2.21881263945015 1.78461280193907 372.571813330347 -41.7935068462563 62.0452282728835 0.839378686247291 0.864193007135817 0.866282541831448
68.08 3.28903247531686 -7.4629333823256 -5.41712842114504 -7.63645712332844 -1.88319091748987 1.9572965599131 372.454631997312 -41.8741561616307 62.0207054455951 0.839318026808255 0.86402887634294 0.866033192829806
68.093 3.251862707285 -7.40611028754702 -5.46474835033181 -7.47052133465972 -1.58647487917599 2.18294094972332 372.289168797581 -41.5267405454676 61.6986349010356 0.839263433313122 0.864004893890149 0.866055836463558
68.123 3.22116324533335 -7.33461875990621 -5.51885902364519 -7.36163714012504 -1.32477395614389 2.36464685475098 372.200251917823 -41.2740664909208 61.708771410932 0.839340769449961 0.863859574421838 0.866076215733936
68.139 3.16767635252456 -7.29828856535785 -5.53936687242508 -7.09951922763925 -1.0098538124379 2.58238064255833 372.600226726041 -41.0466598418288 61.8378942698388 0.839283901690658 0.863976119630847 0.866094557077275
68.152 3.12642148411018 -7.28372746242314 -5.56728104768562 -6.85750623617304 -0.739402782339147 2.8065853263941 372.780204053437 -40.9019938576459 61.654104842855 0.839359190989744 0.864081010318956 0.866234387930728
68.199 3.11987801142701 -7.27080204665568 -5.58773514048786 -6.68091591789925 -0.479966320899126 3.03814053421271 372.822183648093 -40.4117944718813 61.7286943585695 0.839553271905339 0.86442219584824 0.866360235698835
68.212 3.15666554941089 -7.24300830286658 -5.60650293007372 -6.47770982229253 -0.273954421633641 3.10073869453189 372.919965283284 -40.5106150246932 61.3758249227125 0.839727944729374 0.864605939180149 0.866596686292677
68.215 3.17600766336934 -7.22786999394222 -5.61567265964935 -6.19406097746786 -0.109154399317605 3.01967245866649 372.767968754955 -40.3595535222239 60.9382424304413 0.839885150271006 0.864894631823314 0.866686304224589
68.242 3.15480906530633 -7.21885438546292 -5.63074886063388 -5.78992205529359 0.0216083688584304 2.91770521279984 373.05117187946 -39.9235981700015 60.7244181873972 0.840152806737432 0.865031131557716 0.867013200101861
68.258 3.12561482278479 -7.22031713531689 -5.64778905445025 -5.28802908640545 0.159905547239763 2.78242324113818 373.006054691514 -40.0712383530013 60.4719763686574 0.840141205531841 0.86540049256567 0.867061166652855
68.274 3.09814290482974 -7.21325391238579 -5.66168870926219 -4.93785213196338 0.231701252057771 2.64387557351291 373.385449222362 -40.1441145177012 60.3047787317917 0.840509279547582 0.865362945960296 0.867473493528338
68.304 3.07120355617263 -7.2019888791947 -5.6857503986387 -4.80284554472124 0.234485325325277 2.52070939020742 373.606904300126 -40.3297030659311 60.2743008586125 0.840588351607393 0.865699125527991 0.867352107092238
68.318 3.05533784018092 -7.18592469395772 -5.71339141750591 -4.81340068490561 0.221723815693512 2.44955448172103 373.806213870114 -40.256732759338 60.2468707727513 0.84091171101558 0.865631715626385 0.867612422682745
68.334 3.04213608550548 -7.16230912657001 -5.73832822523347 -4.89083924236924 0.194971281452405 2.40841582744206 373.985592483102 -40.4310594834042 59.9821836954762 0.840697749099714 0.865941018227472 0.867477143331204
68.38 3.02869827670621 -7.14267121241765 -5.75293033732621 -4.81473241736896 0.201428351780447 2.3484902752322 373.967033234792 -40.2879535350638 59.8039653259285 0.841010168758669 0.865725821586227 0.867724955297815
68.381 2.98374382665247 -7.16498026686558 -5.77840238881393 -4.62638894662443 0.254567959350494 2.29455727824333 374.130329911313 -40.0991581815574 59.8235687933357 0.840659740376687 0.865902525988784 0.867578422684767
68.395 2.94597830781779 -7.14908553455158 -5.80952735607878 -4.37901722753451 0.244378338987964 2.19716261912129 374.157296920182 -39.9292423634016 59.6012119140021 0.840849937832546 0.865691178571408 0.867693054580015
68.428 2.91677773960926 -7.12161213124291 -5.83765951274385 -4.05943611546808 0.279482489821992 2.07439292209466 374.541567228164 -39.8963181270615 59.5210907226019 0.840642153234984 0.865748023631001 0.867549712038747
68.441 2.82968449266402 -7.02691555587496 -5.93037523757115 -4.39624059552433 0.346954088168037 2.42344217950351 374.407410505347 -40.2266863143553 59.2089816503417 0.840707937926055 0.865552126449403 0.867297243486065
68.457 2.819535324022 -7.05391684086364 -5.96060827312495 -4.32226539093373 0.498518221335966 2.55361704552263 374.586669454812 -40.1040176829198 58.9880834853076 0.840514353319142 0.865375818985966 0.866946424318961
68.487 2.81620701764062 -7.05469495276727 -5.96656947378181 -4.06637472970295 0.632635864851225 2.64787366158105 375.048002509331 -40.2936159146278 59.3292751367768 0.840213506481113 0.865217142268872 0.866754284538258
68.501 2.84553325725229 -7.05120538073883 -5.95499558189985 -3.96889756207617 0.827387545541675 2.77392599007943 375.043202258398 -40.0442543231651 59.2163476230991 0.840069365018695 0.865074333223487 0.866704819001166
68.517 2.83870732086269 -7.03513608930801 -5.91800341850051 -3.96666429441817 0.869839630682164 2.80645705519363 374.798882032558 -39.5798288908485 58.9947128607892 0.839813017010711 0.864822069821843 0.866413242282552
68.547 2.83423991767199 -7.01486780546571 -5.9344500229853 -3.84633374283895 0.946214446239902 2.85252890692617 374.878993829303 -40.0618460017637 58.6152415747103 0.839708924495332 0.864595032760363 0.86627442070549
68.561 2.82980028183131 -7.02619473608552 -5.93159473473706 -3.60673853649398 1.08823422298996 2.90162716127173 375.011094446372 -39.7156614015873 58.5737174172393 0.839361848760448 0.864514434665829 0.866149481286134
68.577 2.83035358838023 -7.01520028536516 -5.94793915034722 -3.40331659124153 1.17941080069096 2.88093009399951 375.189985001735 -39.4640952614286 58.5963456755153 0.839302873070096 0.864318161119951 0.865913438339023
68.607 2.82253170953794 -7.00967468164859 -5.95522710634521 -3.18512233669753 1.29505750688141 2.81955464185147 375.230986501562 -39.2376857352857 58.2567111079638 0.839123174256972 0.864388847659149 0.865700999686623
68.621 2.80783058059159 -6.99434673794357 -5.9642403091781 -3.15744979768427 1.3960861073383 2.88492742194113 375.267887851405 -38.9139171617572 58.1910399971674 0.839214536299427 0.864205132813938 0.865633402369154
68.638 2.78610015677163 -6.97905517823918 -5.97013756923014 -2.91269718432805 1.50456909965791 2.84910643547221 376.021099066265 -38.7425254455815 58.3719359974507 0.839170291855177 0.864163524714047 0.865696025048972
68.667 2.77947145193888 -6.9721162665554 -5.96999828778625 -2.65043509948304 1.67930302938678 2.90160037207766 375.738989159638 -38.4682729010233 58.0547423977056 0.839130471855352 0.864126077424145 0.865875709105255
68.682 2.77595968386597 -6.97233558434261 -5.97992857184637 -2.34951372693931 1.79992234476871 2.88166934250348 376.205090243675 -38.101445610921 58.1292681579351 0.839347424684386 0.864339432598464 0.865914101111462
68.697 2.75735648281336 -6.96642778579604 -5.98078539270129 -2.15425701073393 1.91229652250558 2.93243370596306 376.564581219307 -37.7113010498289 58.1363413421416 0.839542682230516 0.86453145225535 0.866071977561496
68.742 2.74420490092301 -6.96536043522547 -5.99849555162757 -1.92509085164527 1.99053251910998 3.01781628956523 376.708123097376 -37.540170944846 58.0827072079274 0.839718414022034 0.864704269946549 0.866337253969072
68.744 2.74200514161227 -6.97888474975041 -6.01305801810177 -1.70891764434334 2.11208995422188 3.03130183618122 377.017310787639 -37.2061538503614 58.4544364871347 0.840002744113358 0.864983129513074 0.866699054871896
68.757 2.72787478450213 -6.95502390844236 -6.01568960375803 -1.66321671960366 2.18179698933405 3.06557623271577 376.995579708875 -37.3255384653253 59.0889928384212 0.840006149170174 0.865234103122946 0.866778435945886
68.787 2.70498211577481 -6.95802987559983 -6.0176988771011 -1.57399428428452 2.34300660337774 3.25978196822282 377.036021737987 -36.7729846187927 58.7600935545791 0.840513604153187 0.865213195461845 0.867219035892066
68.802 2.71580259258997 -6.92763540397003 -6.02872491453137 -1.37002997035988 2.47053800410867 3.37807858056085 377.312419564189 -36.3956861569135 58.7040841991212 0.840592243752438 0.865564350079385 0.86724641886404
68.817 2.7267979883145 -6.93852772638125 -6.04044402158897 -1.04142391988878 2.63875137927032 3.44637759273377 377.62117760777 -35.9961175412221 58.3536757792091 0.841041089277225 0.86551041772264 0.867640220518404
68.848 2.71347008672273 -6.94072922162643 -6.02800685629226 -0.923541069884634 2.86418921844253 3.67502227620848 377.539059846993 -36.1165057870999 58.0383082012881 0.840940659817654 0.865708662511556 0.867502161383297
68.859 2.70009832257255 -6.93199651323942 -6.03860066948811 -0.90675948198014 3.10372449507156 4.03042081194641 377.945153862294 -36.2248552083899 58.2344773811593 0.841228788404814 0.865640298911593 0.867870388785736
68.876 2.69578501588903 -6.93622780635823 -6.04029408650231 -0.928297274240141 3.35671082419036 4.37776041014109 378.430638476064 -35.3623696875509 58.4110296430434 0.840983118750025 0.865948743184159 0.867709312823896
68.906 2.69812798208119 -6.93285337205114 -6.04457146725027 -1.09424617277033 3.6439405051301 4.72242711721858 378.627574628458 -35.1861327187958 58.6899266787391 0.841392876775053 0.865609038786447 0.867933907841237
68.917 2.65636288856973 -6.92538708849593 -6.04698459030064 -1.4084856776307 4.00550065309037 5.37155845129825 378.864817165612 -34.8475194469162 59.0009340108652 0.841130798283241 0.865797421468983 0.867643019708307
68.933 2.59710677625694 -6.91980468991855 -6.05041334379499 -1.61343863658519 4.31411089312485 6.16951710998522 379.018335449051 -34.7227675022246 59.2208406097786 0.841273889948444 0.865720181973277 0.867628004298656
68.963 2.55915904189907 -6.94231387165302 -6.04799256338583 -1.73911767369003 4.62544789541542 6.86859593333784 379.216501904146 -34.1904907520022 58.7587565488008 0.841023710139292 0.865650666427143 0.867491166785524
68.977 2.57306966911938 -6.95119966435832 -6.04707085145032 -2.03543491395461 4.89191073946166 7.42906458427887 379.334851713731 -33.8914416768019 58.8828808939207 0.840798548311056 0.865464504965931 0.867368013023705
68.993 2.59630328772533 -6.95333106549146 -6.03893897878393 -2.5540288271393 5.25081126856893 8.02814285867541 379.321366542358 -33.7422975091218 58.8745928045286 0.840595902665643 0.865173224390042 0.867133714372527
69.024 2.56879080258072 -6.92651893405523 -6.02886694026527 -2.85893128793682 5.66313472186471 8.78487055754069 379.069229888122 -33.1280677582096 58.8671335240758 0.840286900892964 0.864911071871742 0.866922845586468
69.037 2.55019464125271 -6.94518438912993 -6.03566371219639 -2.78830533471566 6.03804262372404 9.42546747125227 379.44230689931 -32.4552609823886 58.9804201716682 0.840261890271819 0.864798869866071 0.866856523944554
69.053 2.56129069951208 -6.97293672505824 -6.02921123639301 -2.84306258750364 6.35026889570278 9.87910393023392 379.658076209379 -32.2097348841498 58.9623781545014 0.839859517959287 0.864697888060966 0.866426041470803
69.084 2.5836072787079 -6.97480982730218 -6.02035139205058 -3.11906167226472 6.62745574659052 10.2423385753785 379.912268588441 -31.4487613957348 58.8861403390513 0.839750775349051 0.864483269175574 0.866409400240456
69.099 2.55981846074159 -6.95225431492413 -6.00878623308539 -3.13005626839703 6.90364146964139 10.6486390689857 380.681041729597 -31.0638852561613 58.9975263051461 0.839399514528795 0.864290112178721 0.866147365397913
69.117 2.52565940099861 -6.98013765189485 -6.00550034506738 -2.64376819880924 7.08961320053985 10.8944621849879 380.532937556638 -30.8374967305452 58.7377736746315 0.839336772261608 0.864240006142351 0.866035131509315
69.148 2.51987581143891 -7.03097032225224 -6.00092694935459 -2.3083990125161 7.16385798735609 10.8966190199242 380.279643800974 -30.6337470574907 58.3839963071684 0.839153683529333 0.86407117544882 0.866057581275117
69.177 2.50431565663322 -7.05511204048478 -5.99369843403034 -2.39511636317289 7.04060195961285 10.6886365072447 380.531679420876 -30.3303723517416 58.5455966764515 0.839241994644551 0.863919227824643 0.866201109708785
69.179 2.48594209153447 -7.05391511599258 -5.98276352524339 -2.46934518487086 6.85715245067446 10.3495438488867 380.338511478789 -30.4773351165674 58.3910370088064 0.839321474648247 0.864029807693372 0.86620696165464
69.207 2.47736660777623 -7.07079437923463 -5.97214395677667 -2.25294501752882 6.60349827430931 9.89016198308198 380.52466033091 -30.1296016049107 58.6119333079258 0.839393006651574 0.864252789840768 0.866212228405909
69.221 2.47383852129365 -7.09203110532789 -5.96821273752112 -1.99253601195914 6.2790263094738 9.31259616645317 381.172194297819 -29.6966414444196 58.8107399771332 0.839583706000986 0.864453473773424 0.866463479729043
69.238 2.47712758176194 -7.09875416514422 -5.96766741324716 -1.86122134206094 5.92287940371726 8.64927548110557 381.394974868037 -29.3069772999777 58.9896659794199 0.839755335415457 0.864634089312815 0.866566418317319
69.268 2.47703514390587 -7.0979215838654 -5.96041297241378 -1.74303813915255 5.50387390609362 7.89350823833852 381.475477381233 -28.8362795699799 58.7906993814779 0.83990980188848 0.864796643298267 0.86653573940232
69.297 2.46970948481619 -7.09675326390354 -5.95585922590787 -1.50003203516096 5.08478422540792 7.08431008626039 381.72792964311 -28.7126516129819 58.6716294433301 0.840301016268558 0.864819481619633 0.86687769176182
69.299 2.4477336487537 -7.09713829556067 -5.96606620721723 -1.18132654156853 4.66103862729461 6.28732945931374 381.895136678799 -28.4213864516837 58.7444664989971 0.840400914656271 0.865210007621395 0.866939209146818
69.327 2.42143119108963 -7.09766440092587 -5.97698827301895 -0.94181984161015 4.25600346685523 5.57539040651214 382.225623010919 -28.3392478065153 58.8700198490974 0.840868893090675 0.865314969775988 0.867240814531867
69.342 2.39961447178383 -7.09801816194412 -5.98448377593251 -0.890385949052188 3.88460159345215 4.91021777807467 381.983060709827 -27.8453230258638 58.9230178641876 0.840785683249759 0.865655946962115 0.867389207242406
69.357 2.39440451138371 -7.09522408767781 -5.99871158966921 -0.936461857963763 3.53888952570999 4.26881432087789 382.004754638845 -27.5207907232774 58.8507160777689 0.841215184824814 0.865592854917096 0.867645812817897
69.387 2.3827125019415 -7.09372699133374 -6.00301723810586 -0.990907275220822 3.24835935176494 3.67094052237789 382.20427917496 -26.9287116509497 59.205644469992 0.841097345810484 0.865782855986567 0.86750719445284
69.418 2.35967998980735 -7.0933372843726 -5.99911114990013 -0.99563334159187 3.00062265322967 3.15575486708666 382.263851257464 -26.6358404858547 59.2850800229928 0.841369805798361 0.865459740308614 0.867752001307288
69.423 2.34595377396871 -7.09346538798185 -5.98931090908614 -0.951795198272378 2.78223977721968 2.70659159411845 382.197466131718 -26.2522564372693 58.9965720206935 0.840983413712411 0.865786240441478 0.867602764093292
69.447 2.35023986534472 -7.09052806511079 -5.99174342939884 -0.871882854017659 2.57806160102443 2.31608510646233 382.677719518546 -26.3270307935423 59.6369148186242 0.841141243834697 0.865586521578833 0.867838013983694
69.462 2.35601270708021 -7.08525085521837 -5.99614732017783 -0.792328156402153 2.40498826534947 1.9463086568848 383.109947566691 -25.9143277141881 59.7332233367618 0.841030798919379 0.865653832337683 0.867556715236518
69.477 2.35169131022015 -7.07876558369189 -5.99873419300319 -0.66347702015125 2.27212302660078 1.62496023394441 383.198952810022 -25.6028949427693 60.2399010030856 0.840804928213134 0.865467354285417 0.867427006629599
69.508 2.3406793218373 -7.07155216275861 -6.00333684410692 -0.52461023416666 2.15788782317734 1.35941077543547 383.21905752902 -25.8626054484924 60.395910902777 0.840601644577513 0.865299524038378 0.867186808617833
69.522 2.32454359008539 -7.07978443389425 -6.00257109754718 -0.366042340520986 2.05202270498175 1.14789717880795 383.117151776118 -25.4963449036431 60.5363198124993 0.840292068613647 0.865024741555244 0.867094090672782
69.537 2.31893983608784 -7.08599637823066 -6.00242065626475 -0.280583144636826 1.93537005280418 0.964405170850821 383.565436598506 -24.9867104132788 60.4826878312494 0.840266541220434 0.864777437320424 0.867010644522237
69.568 2.32077979260357 -7.08925277182544 -5.99845454011643 -0.278479028646426 1.83496281851613 0.765674577429861 383.668892938655 -24.7080393719509 60.4944190481245 0.839990475592276 0.864678598769884 0.866688485251516
69.581 2.3229744602472 -7.09475730230586 -5.99572298152104 -0.302539522728349 1.74230623132101 0.5692597914426 383.82200364479 -24.3972354347558 60.444977143312 0.839868637218741 0.8644659088136 0.866645599643098
69.597 2.32830154024635 -7.09713760349312 -5.99338431259562 -0.339461142974598 1.66044202040265 0.396303277947195 384.199803280311 -24.3575118912802 60.1604794289808 0.839505590211516 0.864398223113743 0.866359944860291
69.627 2.32525489738352 -7.0882665574535 -5.99235687643799 -0.358186784402329 1.57989400156849 0.22384852267156 384.35982295228 -24.3817607021522 60.4444314860827 0.839432240376057 0.864213570723073 0.866226453025455
