22.871 0.214704538832351 -9.74699976365183 0.573666637132105 -0.446676805813289 1.98381514316765 -1.61311580945658 380.660945988046 -26.5989373630529 179.106121077798 0.84220860095099 0.867268889139745 0.868919549017679
22.884 0.221066679463009 -9.73476888823879 0.591477905204478 -0.347810651949517 2.04726568991959 -1.61058285446512 380.454851389242 -26.8790436267476 179.135508970018 0.841991420324042 0.867660443766539 0.868776880677091
22.917 0.216258118365902 -9.7223843761239 0.606191236815378 -0.198525769960672 2.09139408275969 -1.5991428896293 380.749366250317 -26.7711392640729 178.921958073016 0.842300348191669 0.867520362306619 0.869017636150151
22.93 0.209416502548484 -9.70459444772782 0.613866715766363 -0.123711360903536 2.12500276608678 -1.51174768463583 380.414429625286 -26.3140253376656 178.489762265715 0.842073992840653 0.867640800239682 0.868865159096316
22.944 0.195896877795364 -9.68798498617037 0.612813927952086 -0.0136303011490605 2.13158645894375 -1.37813016808065 380.532986662757 -26.682622803899 178.520786039143 0.842248788125514 0.867502683132447 0.868851117350409
22.961 0.176726175324907 -9.66501587903282 0.602708594402941 0.064068606828441 2.1398018588509 -1.16550799096724 380.999687996481 -26.5343605235091 178.668707435229 0.842027588781114 0.867378377735936 0.868468508266561
22.991 0.14732196969699 -9.62860176213784 0.581523078442757 -0.0171474141597466 2.18841709281314 -0.743613680420133 380.999719196833 -26.3409244711582 178.741836691706 0.841954829917572 0.867143042613535 0.86849413160363
23.006 0.12438963168482 -9.5754784099597 0.55042525031669 -0.223829619308657 2.28407920032572 -0.179175976500257 381.17974727715 -26.2268320240424 178.867653022535 0.841763026393966 0.866931241003375 0.868394005004447
23.023 0.118115737857997 -9.51072842052623 0.522377350018946 -0.419767268064815 2.36330486807941 0.441795056264273 381.221772549435 -26.1241488216382 178.620887720282 0.841590403222721 0.86674061955423 0.868180567420736
23.052 0.136530960937661 -9.45065775666575 0.505932931381339 -0.426645503090394 2.36132552630963 1.01440944376762 381.379595294491 -26.1517339394743 178.758798948254 0.8414350423686 0.866692520515541 0.868111797239842
23.066 0.17321595430999 -9.39994603831119 0.484189767489917 -0.197721410796622 2.16336091260997 1.26640361389467 381.161635765042 -26.1765605455269 178.522919053428 0.841168747317433 0.86664923138072 0.867803120167051
23.083 0.224907221322915 -9.36531880890023 0.489879750177342 0.170905692115101 1.80580344730317 1.16419073342124 381.145472188538 -26.3789044909742 178.370627148085 0.841055552053841 0.86636321342415 0.867772094711526
23.112 0.274661536746318 -9.34474867041133 0.504098698167573 0.509540313743286 1.28094829341255 0.788229675346287 381.550924969684 -26.1410140418768 178.533564433277 0.84082720603415 0.866229394732928 0.867497387891566
23.127 0.314831580877091 -9.3514943729808 0.535809944273743 0.881487045727736 0.709342013689613 0.256734952086468 381.675832472716 -25.9269126376891 179.040207989949 0.840748164898886 0.866108957910829 0.86749693566359
23.142 0.346076505923079 -9.36654377677769 0.591943243326288 1.04219330298702 0.0788658275878268 -0.371991978236683 381.908249225444 -25.7342213739202 178.896187190954 0.840677027877149 0.866000564770939 0.867373205013964
23.172 0.350614053795165 -9.36075497298297 0.657965665323921 0.870035041390611 -0.576348999445765 -1.09051797125271 381.6374243029 -25.9207992365282 178.646568471859 0.840613004557586 0.865903010945038 0.867385171073747
23.185 0.335963217427814 -9.35195379819444 0.72989554875796 0.270054438014909 -1.1042102827073 -1.82039747183736 381.57368187261 -26.2687193128754 178.721911624673 0.840681704116396 0.866061996411714 0.867395940527553
23.201 0.331396589884594 -9.36570022135351 0.78325998491381 -0.647027341664445 -1.60600299489458 -2.50018978572233 381.636313685349 -26.5818473815878 179.509720462206 0.840743533719326 0.866081759687276 0.867528820638522
23.232 0.303404464387389 -9.35909798409976 0.824823639151464 -1.13194292810869 -2.18815078700818 -3.25169752470735 381.512682316814 -26.6836626434291 179.678748415985 0.840925351840921 0.866222870279728 0.867648412738395
23.245 0.279827637878202 -9.36626422405038 0.876476426145741 -0.868366955908506 -2.7441448686127 -4.18072624551906 381.461414085133 -26.7152963790861 179.530873574387 0.841088988150356 0.86647305741548 0.867756045628281
23.261 0.248792266911694 -9.3507470965367 0.919552200336434 -0.750995909172617 -3.29721129778197 -5.12753911715036 381.11527267662 -27.0437667411775 179.457786216948 0.841236260828847 0.866575038235112 0.867729727626633
23.294 0.218047246172811 -9.34186934351755 0.961492711275081 -0.816354333522531 -3.80107795426331 -6.00333482375593 380.683745408958 -26.9793900670598 179.392007595253 0.841620704645993 0.866666820972781 0.868197981318617
23.308 0.194985565674858 -9.31490525233596 0.982000923725301 -0.910291419254247 -4.28661901379881 -6.83811584519713 380.235370868062 -27.4614510603538 179.152806835728 0.841714805674921 0.866995665175234 0.86825065735048
23.319 0.169082519828579 -9.24329231346711 0.996328309094013 -0.969643956718135 -4.84956016585405 -7.74132716144078 379.771833781256 -28.0753059543184 179.237526152155 0.841925519676355 0.866922061574444 0.868666818070079
23.348 0.166359912531943 -9.22121794967411 1.00533238194743 -0.613137576313498 -5.34399346224574 -8.65192726972418 379.59465040313 -28.5077753588866 179.31377353694 0.841989139202246 0.867348298957768 0.868672610426796
23.363 0.170673186639581 -9.18297553016446 0.995838664254776 0.0794738912415164 -5.74012846716621 -9.50047500076703 378.895185362817 -28.8369978229979 179.682396183246 0.842298295182053 0.867362755623171 0.868923792924885
23.378 0.198138020985991 -9.09127614456745 0.98747388328424 0.821908181506678 -6.17756600212897 -10.2229465846598 378.565666826535 -29.5532980406981 179.234156564921 0.842198465678417 0.867744923601623 0.869026939932128
23.409 0.249731286663119 -9.02610461913048 0.999458323168554 1.46414484427204 -6.55675596680157 -10.7502702468045 378.689100143882 -30.3779682366283 179.010740908429 0.842486689010606 0.867596394158194 0.869365472393562
23.423 0.303467539815578 -8.93955784740298 1.01198011360866 2.18185249724942 -6.98428647699164 -11.1645561992233 377.720190129494 -30.8801714129655 179.169666817586 0.842241699577697 0.867832281042106 0.869178211715386
23.439 0.365656680943197 -8.89727948041781 1.01397219051989 3.38580465210463 -7.25532347814744 -11.5221463808277 376.848171116544 -32.1721542716689 179.072700135828 0.842525599519958 0.867675015854629 0.869255916843579
23.486 0.466278767956757 -8.84779658852837 0.997868407518312 4.5777585380392 -7.43055448911132 -11.9088630404548 375.88335400489 -32.5549388445021 178.565430122245 0.842276719036114 0.867779988432891 0.868956288075955
23.499 0.614838185644266 -8.82600692753931 0.993729927018861 5.58944833309025 -7.47986545241393 -12.2477477287758 375.315018604401 -33.5594449600518 178.76888711002 0.842179047147072 0.867504492240795 0.868933133432084
23.501 0.681144877734289 -8.80023120503074 0.98102703500591 6.41370960665145 -7.68226058656185 -12.6443470016997 374.743516743961 -34.1635004640467 178.051998399018 0.841964821900516 0.867256545667908 0.868665783005609
23.533 0.709217445071791 -8.75243254894417 0.953373713572045 7.18302566888707 -7.76288948973773 -12.7547214618351 374.409165069565 -35.007150417642 177.706798559116 0.841772019178616 0.86690979628262 0.868548491266228
23.546 0.717124792351951 -8.74819988364936 0.946861222337979 8.19144065925027 -7.32782191480976 -12.4433714530562 373.568248562608 -36.1864353758778 177.816118703205 0.841724817275323 0.866721319305551 0.868442928700785
23.576 0.738965742958751 -8.76707553584839 0.943573750511972 9.09596071546265 -6.77977254775626 -11.9677365978269 372.451423706348 -36.88779183829 177.674506832884 0.841429544733484 0.866675150291729 0.8681011384819
23.591 0.704214367127269 -8.77005758034705 0.952047333827169 9.86270052177898 -6.09034491130125 -11.448825533464 371.746281335713 -38.179012654461 177.847056149596 0.841163799445828 0.866386540444059 0.86804031119489
23.605 0.658034222891196 -8.75406656993197 0.967933558562891 10.4962777978454 -5.383600496507 -10.915393361797 370.751653202142 -39.4611113890149 177.642350534636 0.840924628686938 0.866250389050846 0.867738782726594
23.622 0.658550188753246 -8.81551103293389 0.996177384084013 11.0771843692059 -4.68569846212348 -10.4162204378311 369.976487881927 -40.3750002501134 177.818115481173 0.840962165832813 0.866127852796955 0.867467407105128
23.65 0.654465573263083 -8.8676986381366 1.0173471231689 11.3458018101479 -4.04842632583479 -10.0730716764907 369.338839093735 -41.0175002251021 177.436303933055 0.840616537743418 0.866141030433993 0.867346629311348
23.682 0.621580160169525 -8.91442801519818 1.04711394245296 11.2921376596674 -3.47640812073223 -9.89171870731492 368.824955184361 -41.6557502025919 177.63267353975 0.840432093154769 0.866029430041786 0.867361252941393
23.684 0.598507487632683 -9.00484737722206 1.08006914318981 11.2026185501892 -2.90968333919336 -9.83842469917884 367.942459665925 -42.8901751823327 177.629406185775 0.840518883853861 0.865928989688801 0.867251090563987
23.713 0.578759617082343 -9.1244721022379 1.13863881702467 10.8151811226512 -2.50192111214425 -9.80038375597852 367.268213699333 -43.6411576640994 177.746465567197 0.840596995483044 0.865962053636654 0.867275268068768
23.725 0.624792003457605 -9.20986834828242 1.17489137895624 10.235953086722 -2.02882823757105 -9.78752095289975 366.301392329399 -44.7970418976895 177.731819010478 0.840667295949309 0.866115134834169 0.867543267561623
23.742 0.628332916341596 -9.22878524956868 1.18016493303525 9.30777762537803 -1.64655610083684 -9.75533374310596 365.851253096459 -45.7773377079205 177.77863710943 0.840730566368947 0.866129584267485 0.867661414969186
23.773 0.625115248658395 -9.23330073324828 1.20873343929304 8.0556258170387 -1.25823636861576 -9.70422784971139 365.266127786814 -46.4796039371285 177.640773398487 0.84091368122558 0.866265912401917 0.867644560033447
23.785 0.677824675826552 -9.2537051150321 1.22097771154034 6.63861285365545 -0.930122655418302 -9.74143865252651 364.859515008132 -47.3516435434156 177.636696058638 0.841078484596549 0.86651179532545 0.867875630329834
23.8 0.748427063037445 -9.29601105235091 1.2027882884698 5.47551492706853 -0.544743977662731 -9.86882150483111 364.313563507319 -47.9564791890741 177.693026452774 0.841226807630421 0.866856142092636 0.867960541460576
23.831 0.831062975355527 -9.35437724753086 1.17654172933908 4.50200923588839 -0.037597824171267 -9.91247370549304 364.242207156587 -48.6808312701667 176.723723807497 0.841737925008899 0.866919814444553 0.868405713769165
23.845 0.892925592805631 -9.31012127784369 1.16608794054519 3.53959457184154 0.492879515497768 -9.74412709830251 364.177986440928 -49.21274814315 176.091351426747 0.841567811976161 0.867346276540866 0.868437616555974
23.862 0.951056002866346 -9.28196263898144 1.13794489670811 2.75128396961922 1.149698434177 -9.39108843427379 363.700187796836 -49.991473328835 175.582216284073 0.841919100678575 0.867360935447959 0.868835081355024
23.905 1.02767451938193 -9.30899298717436 1.10962340804056 2.06241511464203 1.88587362892724 -8.69625440000672 363.750169017152 -50.4523259959515 175.123994655665 0.841983362104245 0.867620368202895 0.868824047383246
23.908 1.12847407164753 -9.40813910242787 1.08006392334803 1.70426520623126 2.67514886145436 -7.80143812031139 363.435152115437 -50.3870933963564 175.191595190099 0.842293095793851 0.867607617943785 0.869182869099569
23.935 1.16370803865117 -9.41967876503055 1.08662007822011 1.04986921995928 3.32977137988908 -6.7228210258375 363.271636903893 -50.5683840567207 174.652435671089 0.842193786229035 0.867965299690175 0.869137056353337
23.951 1.21666715221693 -9.43670842423306 1.06067773616386 0.534195275062588 4.19221408922842 -5.49786716752856 363.124473213504 -50.4915456510487 174.28719210398 0.842482477506163 0.867794732637891 0.86946457717265
23.965 1.24008906194946 -9.4844765428388 1.03242151960199 0.0395543735105276 4.96306901618344 -4.11754609963067 363.352025892154 -50.3023910859438 173.958472893582 0.842237909223698 0.868010785673834 0.869267406016565
23.982 1.2444692162518 -9.50149071487939 1.02111671290814 -0.626233124909227 5.57515906112998 -2.71037164233936 363.256823302938 -50.6721519773494 173.962625604224 0.842270289794855 0.867588612287953 0.86933619171464
24.027 1.23542281161347 -9.47963353639682 1.04847150375264 -1.38498385821983 5.835963765704 -1.30727340940313 363.111140972644 -50.8249367796145 173.666363043801 0.842046940283521 0.867579037620338 0.869028535459909
24.029 1.22446786317765 -9.44206542354083 1.08583993908599 -1.77778318232151 5.80885593875192 -0.0643323280048016 363.22002687538 -50.842443101653 173.399726739421 0.841845925723321 0.867447096775037 0.868998156077644
24.042 1.17558292406981 -9.45853230876853 1.11342616555245 -1.28550104729547 5.47148179525841 0.797826095635373 363.738024187842 -51.0381987914877 173.099754065479 0.841791333165558 0.867328350014267 0.868847627031059
24.073 1.13416024319695 -9.5475128906053 1.14388014981584 -0.266874606688059 5.29379926458753 1.45697478378176 364.324221769058 -51.454378912339 172.709778658931 0.841489409034695 0.867098017664033 0.868588827244686
24.087 1.10645663981765 -9.63914746198789 1.20756089189145 0.0666830829883804 5.05678575034252 2.07081929013641 364.431799592152 -51.4089410211051 172.538800793038 0.841217677316918 0.866890718548823 0.868479231081398
24.102 1.09959961395082 -9.70683433550956 1.27199630288922 -0.356779118440229 4.61141251881972 2.83854652142811 365.128619632937 -50.8880469189946 172.744920713734 0.840973118770919 0.866827609610674 0.868133810624451
24.131 1.06421903449849 -9.76380211655821 1.32723484351018 -1.3943836493443 3.91133996922782 3.78904301432347 366.055757669643 -50.4792422270951 172.150428642361 0.841005806908396 0.866400018570311 0.868069716123186
24.146 1.04650230120321 -9.77808266768925 1.39077604335945 -2.45799871952437 3.13699986543481 4.65288680449418 366.530181902679 -50.4713180043856 172.095385778125 0.840782435403249 0.86650930327446 0.867765247162061
24.162 1.0116430483225 -9.85803273221916 1.42426052560569 -3.11983243535819 2.38284186362415 5.30820881106766 367.077163712411 -50.224186203947 172.045847200312 0.840581401048617 0.866237278128516 0.867614685362588
24.192 0.978713491138486 -9.95045821876287 1.42955671730782 -3.86815453533383 1.69722943298693 6.01021235744181 367.20944734117 -50.3617675835523 172.001262480281 0.840526940411907 0.865992455497167 0.867479179743062
24.207 0.956259493747354 -9.98563738773131 1.38602026983927 -5.03095740241113 0.930559924802741 6.72140486215564 367.928502607053 -50.0055908251971 171.841136232253 0.840604246385285 0.865895712598644 0.867480548329936
24.221 0.909355549263061 -10.0699112305927 1.32678602950123 -6.30190746369673 0.228343626978955 7.32712697135993 368.635652346348 -49.6250317426774 171.757022609028 0.840673821761326 0.866055427899959 0.867481780058122
24.251 0.834521001500279 -10.0758469721575 1.31818692817999 -7.87782358755607 -0.34181897999375 7.99441427422394 369.032087111713 -48.9225285684096 172.041320348125 0.840610119053345 0.866075848026697 0.867606076216035
24.267 0.792548447181932 -10.0790942031949 1.29835701824468 -8.97019390055619 -0.699240135429489 8.78123238878628 368.908878400542 -48.4102757115687 171.817188313312 0.84067910716258 0.866217549785207 0.867594755155612
24.281 0.740467792150514 -10.0996141003498 1.24908620275177 -9.77241115172194 -1.08198787761173 9.62600991326643 369.457990560488 -47.5292481404118 171.075469481981 0.840993391015247 0.866345081367866 0.867707753803775
24.312 0.689405349252048 -10.1234091371532 1.21886825701997 -10.5615822502902 -1.58142267763682 10.2985234257566 369.412191504439 -47.6363233263706 170.827922533783 0.84115022340725 0.86645985979226 0.867686264984578
24.327 0.643449150643429 -10.2073732122989 1.12182127363746 -11.4825232619024 -2.1309139976594 10.9404268083718 370.030972353995 -46.9526909937336 170.545130280405 0.841543270966556 0.866563160374214 0.868036082026889
24.341 0.458795597960067 -10.344651428331 1.04004550809203 -12.8869426914374 -2.8544638192675 11.4662314557789 370.707875118595 -46.3374218943602 170.050617252364 0.841645115363427 0.866902370636524 0.868228000123931
24.387 0.53376337064163 -10.3299366898558 1.14523433000927 -15.8455766665684 -2.62703270451632 12.7371655621094 371.977087606736 -45.4836797049242 169.785555527128 0.841988673727115 0.866961420134051 0.868523643652307
24.389 0.447885744329001 -10.2954447985192 1.08134826139585 -17.3106373205223 -3.87425309818683 12.2542887005549 372.879378846062 -45.0753117344318 169.426999974415 0.841793485822555 0.867260804420378 0.868543753450801
24.401 0.42811657716844 -10.2936712193936 1.01942152782657 -16.6436957258746 -4.47461404791013 11.2899285327895 373.631440961456 -44.4077805609886 168.444299976974 0.842122207140331 0.86728401053952 0.868930604560368
24.432 0.420798960894467 -10.3958636601373 0.873485919872331 -15.9579521074856 -5.16761065838629 10.3097906413426 374.668296865311 -44.0470025048897 167.199869979276 0.842039986440867 0.867551135785299 0.868910018268056
24.446 0.435701063487042 -10.2576942634229 0.8090618092174 -15.9125385761264 -6.22184195895988 9.31316272224653 374.761467178779 -43.6023022544008 166.679882981349 0.842344057696811 0.867421985123503 0.869260242895898
24.461 0.444623831999101 -10.2893240146319 0.689549124689818 -14.6831167795825 -6.92561196153717 8.20703728971653 375.445320460902 -43.3220720289607 165.851894683214 0.842239651941699 0.867675312910884 0.869083505167488
24.493 0.487729374252377 -10.2664950334263 0.658662017987895 -14.3857974680364 -7.24450114706285 7.61305111799679 376.000788414811 -42.5298648260646 164.926705214892 0.842397881316455 0.867533744536529 0.869293598191508
24.522 0.509944519712882 -10.2718661942987 0.602252912646587 -14.2502711563473 -7.59562355144053 7.30823455581543 376.56070957333 -42.1168783434582 164.034034693403 0.842161772652961 0.867775896382607 0.86899020128909
24.524 0.524850471002778 -10.296392564676 0.546935734936048 -14.1244806819339 -7.50094669247969 7.26290728343999 376.944638615997 -41.8651905091124 163.470631224063 0.842201766881192 0.867500809395539 0.86920962470095
24.551 0.49181831316613 -10.3086500329093 0.457346672822639 -13.9639410106871 -7.21650087819355 7.06486082990515 377.170174754398 -41.3986714582011 162.843568101657 0.841985269661224 0.867376691372719 0.869037948792035
24.567 0.460233863620128 -10.2640764381572 0.378033326574807 -13.9362491996947 -6.44523246976351 7.08509230416655 377.253157278958 -41.578804312381 162.399211291491 0.841916742709671 0.86714152488664 0.868883440474011
24.597 0.441983216787725 -10.2111512124018 0.332628403462748 -13.504456340794 -5.36406800141311 7.04910215771936 377.987841551062 -41.4409238811429 161.819290162342 0.841602277624397 0.867053335314709 0.86874438298779
24.611 0.367318678306356 -10.2438439219721 0.270276013932627 -12.6486671952642 -4.20552379669165 6.76480262897032 378.469057395956 -41.6168314930286 161.237361146108 0.841445729330108 0.866850504434431 0.868248849870514
24.626 0.34237825355543 -10.2382522543843 0.216074222852589 -12.1143348268828 -2.89794851625912 6.49366587752367 378.72215165636 -41.7151483437258 160.293625031497 0.841304835865249 0.866544359172491 0.868296439047188
24.642 0.288507973983407 -10.2247203219451 0.149994502541246 -11.2044280617518 -1.78067274860268 5.91300157984764 379.009936490724 -41.2636335093532 159.504262528347 0.841051561464417 0.866515886171975 0.868092758059202
24.685 0.226018642635214 -10.2367828394638 0.0760378331632806 -9.73436693496591 -0.854513870688974 5.0163579104125 378.848942841652 -40.4372701584179 159.333836275513 0.840950084786127 0.86624320273628 0.868032768814462
24.688 0.200902866610349 -10.1822175239622 0.0517943478248769 -8.45940352391206 -0.00723042255137396 4.0986915850201 379.064048557487 -40.1735431425761 158.940452647961 0.840732285493207 0.866121385113845 0.867978778494196
24.733 0.132150430043156 -10.1648319532066 0.0348833249469627 -7.39132576694071 0.661431551001473 3.14760105247229 379.677643701738 -40.7161888283185 158.166407383165 0.840536266129579 0.865888151783963 0.868053374808501
24.735 0.104151191019668 -10.1163843604555 0.0441441160255696 -6.64150616734587 1.16246396842041 2.5427646113472 379.749879331564 -40.4845699454866 157.469766644849 0.840486318984772 0.8659252995223 0.867874000244384
24.746 0.0798497021528961 -10.0432730316488 0.0571475212407731 -5.84071432923724 1.346980930357 2.20146524944912 379.934891398408 -40.036112950938 156.962789980364 0.840567687100864 0.865958732486803 0.867835886781126
24.761 0.0475635844766689 -9.99548917407104 0.0734594241946301 -4.52839862150436 1.37564161594725 1.8958225412981 380.221402258567 -40.1125016558442 156.626510982327 0.840514597858929 0.865988822154856 0.867924772266738
24.792 0.0295194061070317 -10.0771617418019 0.0614447885307098 -2.63510074408674 1.38006218717695 1.5299044093057 380.23926203271 -40.3012514902598 156.203859884095 0.840593138087606 0.866139226500551 0.86800476920379
24.821 0.0205819611075193 -10.2360203318734 0.0941462332206152 -1.116628837617 1.27106360204704 1.37844068593238 379.715335829439 -40.1711263412338 155.883473895685 0.840789995772372 0.866274590411675 0.868076766447136
24.824 0.0458775196363929 -10.3731870936995 0.210068066197382 0.0469424430912644 1.20349922657516 1.10319203718647 379.063802246495 -40.2340137071104 155.775126506117 0.841093190764061 0.866273094287241 0.868264616102153
24.851 0.0750480115911725 -10.5266246099155 0.360067116568458 1.21247720641573 1.0289508306352 0.450888100643394 378.717422021846 -40.0506123363994 155.677613855505 0.841240043181182 0.866518259022242 0.86843368079167
24.865 0.094657545134547 -10.6717812864972 0.498477996006583 2.04771803539247 0.743612999480081 -0.328551854459113 378.165679819661 -40.1255511027594 155.709852469955 0.841498233431989 0.866492396036751 0.868708756253271
24.893 0.115298877517989 -10.8233116730147 0.585159546686686 2.33454928528834 0.429557043043523 -1.06363560031091 377.669111837695 -39.9529959924835 155.858867222959 0.841604581582318 0.866838682732808 0.868833406927675
24.907 0.140998825753281 -10.9697446582401 0.641385704177747 2.0155981735534 0.238509735685736 -1.91070715478364 377.102200653926 -40.3976963932351 155.752980500663 0.841826317993011 0.866904101020707 0.869191292689555
24.922 0.156646900169148 -11.0410209439114 0.69719664147329 1.4827406462744 0.205498456773651 -3.06543796602283 376.711980588533 -40.7979267539116 155.417682450597 0.841647365661862 0.867209217218367 0.869267689720331
24.938 0.173543354384984 -11.0670418925806 0.752693723656222 1.62072612363169 0.304032580561934 -4.48942852056559 376.66078252968 -41.0981340785205 155.655914205537 0.841990698995706 0.867237582057711 0.869582147202945
24.969 0.202337256532507 -11.0389255214683 0.808925882891552 2.34949320592501 0.388133139299634 -5.96949330209681 376.194704276712 -41.6683206706684 155.690322784983 0.841921629110705 0.867632267392708 0.869373219043831
24.983 0.212629602666137 -11.0034454639809 0.856182935162547 3.45271182426381 0.437106084911656 -7.27483404822301 375.595233849041 -42.1214886036016 156.141290506485 0.842363264341155 0.867495003570171 0.869677123594095
24.999 0.227578943653795 -10.9585248448899 0.89919312208071 4.35324216855498 0.438433644359421 -8.16414453653048 375.535710464137 -42.2893397432414 156.307161455837 0.842256937921608 0.867863946753922 0.869458697795865
25.029 0.239237698033953 -10.9519742326543 0.924255341969502 4.50570421124147 0.344208600534166 -8.74238657142705 375.482139417723 -42.5604057689173 156.456445310253 0.842413438698373 0.867703514995263 0.869631271557047
25.044 0.206156106694493 -10.9192636486833 0.916524693980132 3.41009562217839 0.017421328267009 -8.95898760894083 375.133925475951 -42.5043651920255 156.650800779228 0.842175774296687 0.867805637659462 0.869294107318076
25.06 0.159024711165387 -10.8646849820267 0.886403208030148 1.65534560194529 -0.288900957231448 -8.83560793201622 375.000532928356 -42.393928672823 157.005720701305 0.842088196881588 0.867403979075018 0.869483140127037
25.091 0.12678181294819 -10.8319046285079 0.846724312054708 -0.309425599470617 -0.553140632500669 -8.2787646960665 374.70047963552 -43.0745358055407 157.265148631174 0.841883056661581 0.86728954408425 0.869284112675513
25.106 0.114223341738353 -10.7282419252091 0.791859692824717 -2.38917006242432 -1.19858992802923 -7.54478135623085 374.250431671968 -42.7870822249866 157.798633768057 0.841824751009992 0.867186552592558 0.868981664324695
25.122 0.13027447217271 -10.6457792324745 0.720933719568999 -3.50826832335746 -1.70850192759272 -7.00786047251616 374.025388504771 -42.828374002488 157.978770391251 0.841772275923562 0.866970399984495 0.868832784453406
25.152 0.130355279924559 -10.5460047188035 0.656801067972379 -3.83683080399881 -2.21627768903192 -6.49791411992103 374.122849654294 -43.0455366022392 158.200893352126 0.841472257516898 0.866775862637239 0.868328411189568
25.166 0.120791344373304 -10.5276745792596 0.561552569136795 -3.25696451749206 -2.51755068348751 -5.87255018884496 373.790564688865 -43.5409829420153 157.860804016914 0.84132871123336 0.866353446294219 0.868121532987344
25.182 0.142231033917259 -10.4596423241229 0.487859785436789 -2.44042837108637 -2.79022309605479 -5.14483715469329 373.791508219978 -44.1668846478137 157.374723615222 0.841073049295717 0.866344064581531 0.867811882339803
25.212 0.165656751402608 -10.396856993383 0.431412361454248 -0.827683243901395 -2.88906338186916 -4.74256717968197 373.79235739798 -43.8901961830324 157.8972512537 0.840969423834296 0.86608856330488 0.867779980667003
25.241 0.220857273943774 -10.3878751247637 0.399523873529982 1.25126828659561 -2.68565322688835 -4.34617305713362 373.853121658182 -44.0611765647291 158.18752612833 0.840876160919018 0.865982209625585 0.867627945517036
25.243 0.247134421534138 -10.366204349653 0.381657996239202 2.91621779381392 -2.49953065229112 -4.15430384302332 373.127809492364 -44.5150589082562 158.268773515497 0.840792224295268 0.86600995157976 0.867491113882065
25.273 0.273417473673937 -10.2961231068874 0.412624769027772 4.08032120527222 -2.18240201454292 -3.84040017627824 373.075028543128 -45.2835530174306 158.101896163947 0.840716681333893 0.866034919338517 0.867614476657584
25.287 0.317542649066553 -10.2996687170361 0.392311557485827 5.28144939008851 -1.74813127873748 -3.32429908994812 373.027525688815 -45.4951977156875 158.311706547553 0.840648692668655 0.865933930055859 0.867478991908559
25.302 0.355998346289491 -10.2928639241899 0.407368926126512 5.63803727550714 -1.11377616613091 -2.67431192904491 373.164773119933 -45.5056779441188 158.800535892797 0.840587502869941 0.866089823611453 0.867357055634436
25.347 0.396653833163227 -10.3104422320883 0.391950715707617 5.60476789910146 -0.422245877762094 -1.99848378957554 373.22829580794 -45.6951101497069 158.700482303518 0.840784924076474 0.866230127811487 0.867493824234718
25.349 0.43324377134959 -10.2632353272999 0.386992727929541 5.15116133819895 0.161200084059917 -1.34062014344241 373.765466227146 -45.0255991347362 159.090434073166 0.840710111136978 0.866356401591519 0.867739968110977
25.375 0.488799923618318 -10.2304456919698 0.399768789304068 5.05970932651646 0.741263281760796 -1.02106194589206 373.828919604431 -45.4430392212626 159.141390665849 0.840895271516807 0.8663467243491 0.868084414840648
25.39 0.505521059596253 -10.1961465260626 0.38499088259885 5.64305137096405 1.03278580854655 -1.43956643832576 373.886027643988 -45.6987352991363 159.427251599264 0.840935744379696 0.866707578213922 0.868271499656315
25.403 0.524400800970536 -10.1892791612066 0.386415107599044 6.74668516516536 1.50202631166136 -2.20248002350081 373.637424879589 -45.6288617692227 159.744526439338 0.841224364510652 0.866786106953709 0.868562793231452
25.419 0.520862290716775 -10.2212860366509 0.374109816745946 7.76132962574806 2.04800688660209 -2.84864423489119 373.833682391631 -45.7459755923004 160.450073795404 0.841105607527738 0.86710302255807 0.868578988072032
25.449 0.522944876065797 -10.244046883059 0.361778097327974 8.23405162500531 2.41496192313272 -3.55080271216543 373.770314152468 -45.2513780330704 161.085066415864 0.841628844916484 0.867142006863443 0.868962315719476
25.479 0.527572532156956 -10.2250273075156 0.404489234366798 8.52896707319181 2.72461076898739 -4.35831786079622 373.593282737221 -45.0462402297634 161.416559774277 0.841595960439405 0.86742333247683 0.86906161044726
25.481 0.5224598941146 -10.2495688539552 0.446101571868763 8.70965815213217 3.07047030277567 -5.23698989151049 373.613954463499 -45.401616206787 162.01490379685 0.84181855896439 0.867553473392872 0.869396675857181
25.508 0.5195943144207 -10.2311942286915 0.507434844151949 8.42800531401819 3.47563701295612 -5.99115349777929 373.632559017149 -45.7214545861083 162.793413417165 0.84176670308252 0.867916569594353 0.869206294832643
25.525 0.527310361913872 -10.2077737308407 0.57747883723004 8.24474676734919 3.64792063990478 -6.87142746097846 373.529303115434 -46.1293091274975 163.614072075448 0.841972227343194 0.867750875551651 0.869404108890147
25.554 0.522104230927258 -10.1506625107107 0.68133956604442 8.39508125091962 3.96099117133415 -8.05222364617832 373.076372803891 -46.3763782147477 164.472664867903 0.841778684077026 0.867848262160211 0.868966200652325
25.584 0.534597111410048 -10.106923850582 0.769008288501868 8.87542045407193 4.2168004511473 -9.21875700675133 372.488735523502 -46.778740393273 165.065398381113 0.841983010238249 0.867565938595383 0.869188024127861
25.586 0.537101864218246 -10.0873112728053 0.828636809932443 9.36650436286321 4.48367002435318 -10.4579500083663 371.899861971151 -46.6008663539457 165.418858543002 0.841788388682576 0.867558631297025 0.869018508276255
25.6 0.550968020617543 -10.1235893770922 0.862969307375478 9.22069362123338 4.72919615168886 -11.4091015724151 371.549875774036 -46.6207797185511 165.676972688702 0.841739549828887 0.867305270818515 0.86886594400981
25.631 0.58762899886928 -10.099856156546 0.89596347952413 8.18335708353752 4.88681088766501 -11.9804051556316 371.114888196633 -47.118701746696 166.269275419831 0.841442804031691 0.867200706653397 0.868605312525562
25.645 0.632415317160148 -10.1050719187601 0.899740996460862 7.24059389426774 4.95232827218095 -12.2816012812899 370.663399376969 -47.1468315720264 167.222347877848 0.841302203096674 0.867106598904791 0.868247283924199
25.662 0.644770702119701 -10.0513475447246 0.930973359198046 6.65928259644402 4.92198094114606 -12.6305403898021 370.317059439272 -47.5921484148238 167.420113090063 0.841301982801576 0.866774844195814 0.868171842092959
25.722 0.690426910277634 -10.002217505218 0.974584938511853 7.05900319176145 5.13894315237497 -13.1132878775394 369.585353495345 -48.2929335733414 167.538101781057 0.840922373015304 0.866846646337413 0.867857160534856
25.724 0.727327648719933 -9.98301992461808 1.00479724534655 7.86684333060057 5.33268242492373 -13.6714247386405 368.746818145811 -48.6236402160072 167.704291602951 0.840707344899466 0.866540886885174 0.867820731042551
25.737 0.760478458333719 -10.0032711891448 1.0268407928494 8.59237273799853 5.50094089998861 -13.8943586006543 367.99213633123 -49.1612761944065 167.973862442656 0.840640289877671 0.866265703378159 0.867664620855029
25.752 0.81802706855122 -10.0076707662447 1.04560259588487 8.58886065503837 5.54168650464624 -13.8469074734133 366.832922698107 -49.4051485749659 168.216476198391 0.840706260904473 0.866141635691536 0.867770632933251
25.767 0.856054159440849 -9.99726518940663 1.06266778356963 8.22081428419102 5.47301403738772 -13.7179419169116 365.669630428296 -50.3446337174693 168.794828578552 0.840639314282177 0.866153435039116 0.867619532556659
25.796 0.880163036976683 -10.0028639878488 1.08484992069424 8.18575575653528 5.37762103059551 -13.6056897099533 364.922667385466 -50.8901703457224 169.615345720696 0.840579062322111 0.866040594186398 0.867606865862173
25.826 0.919398549074913 -9.95151939204242 1.11971775903482 8.2656534633245 5.32153831684894 -13.5329069985 364.55040064692 -51.2011533111501 170.173811148627 0.840524835558051 0.866062497684491 0.867595465837136
25.828 0.984937312789248 -9.93302217314457 1.14852503729622 8.70550033073251 5.39014784394267 -13.5429750772759 363.975360582228 -51.8410379800351 170.676430033764 0.840602352016815 0.866082210832775 0.867708393417147
25.841 1.02955699198319 -9.93504943123295 1.1773844938823 8.7479273968959 5.35876664733467 -13.4360058138231 363.217824524005 -52.7769341820316 170.768787030388 0.840672116829703 0.866223276310678 0.867686840636613
25.871 1.09347715586013 -9.9538728267327 1.19803089928762 8.53649343583227 5.28701212000578 -13.1091991255706 362.776042071605 -52.7792407638284 171.331908327349 0.84086107664026 0.866226911596343 0.867913682872683
25.886 1.16429312178123 -9.95363544258848 1.23079830734852 8.08513416858492 5.05449411411207 -12.6845387549983 362.198437864444 -52.8413166874456 172.018717494614 0.841031140469761 0.866476694600434 0.86799478874914
25.901 1.21366228296126 -9.9400142803792 1.27603085931172 7.53234594256612 4.72461722178483 -12.3344054901855 361.498594078 -53.437185018701 172.336845745153 0.841184197916312 0.866578311701571 0.868190836173957
25.947 1.23822264939933 -9.85155980363522 1.29638943758038 7.0142258521263 4.3742929041865 -12.0597435671211 360.8087346702 -54.1534665168309 172.683161170637 0.84119577813925 0.866792954695139 0.868367278856293
25.949 1.26721030238618 -9.79966369189353 1.31776476222063 6.72349028981443 4.12693994964572 -11.7850669203327 360.48786120318 -54.6181198651478 173.174845053574 0.841584270225356 0.866862945786805 0.868648994511432
25.962 1.29587296631947 -9.7604390524405 1.33173531577991 6.34198095548948 3.84401694704756 -11.470682365704 359.959075082862 -54.7963078786331 173.257360548216 0.84155584321739 0.867295094748893 0.868656569224014
26.007 1.31484588373019 -9.74315321528117 1.34263287442332 5.65129431032221 3.54740151188479 -11.1442248161565 359.303167574576 -55.1366770907698 173.631624493395 0.841908328795682 0.867314871835184 0.86903213875626
26.009 1.32821050037426 -9.77619825675964 1.35513415149515 5.06937098616022 3.41479876527646 -10.9733137849225 358.832850817118 -55.4430093816928 174.088462044055 0.841973667409641 0.867578910951397 0.869124451180365
26.021 1.33772474601402 -9.77978217787933 1.35387559722362 4.8418232005213 3.50308988111523 -11.0370511087203 358.289565735406 -55.7187084435235 174.37961583965 0.842284370568707 0.86744698277299 0.869453232516976
26.052 1.39369275040508 -9.8545344250267 1.35962623349278 5.21260271253024 3.68942211437775 -11.1020482879246 357.380609161866 -56.0268375991712 174.461654255685 0.842059612979988 0.86782072803646 0.869133872182011
26.066 1.45394003868473 -9.90325637848961 1.37623410813315 5.5585180137963 3.73574707851249 -11.2475686499719 356.862548245679 -56.724153839254 175.315488830116 0.842235846250915 0.867541157884007 0.869461711418458
26.082 1.49858580065106 -9.91358734540749 1.394892216256 5.56602499104262 3.64232504241697 -11.4594530063487 356.216293421111 -56.8117384553286 175.423939947105 0.842015941093975 0.867659516259331 0.869141503193345
26.111 1.52571857600512 -9.910016334408 1.43598566102749 4.89568203392309 3.48114597328978 -11.4135077057139 355.634664079 -57.0105646097958 175.881545952394 0.842196541553503 0.867396067284591 0.869222879173742
26.128 1.511711138151 -9.80457006366862 1.4577067164877 3.74809856335521 3.25135198664782 -11.2782638053715 355.5911976711 -57.5495081488162 175.933391357155 0.841854096583845 0.867405747117312 0.869049877817548
26.142 1.58020803123288 -9.77898051564526 1.48288204684546 2.6618383253403 3.12621678798304 -10.9557809362847 355.49207790399 -57.8545573339346 176.400052221439 0.841672366393612 0.867167675056774 0.868894176596973
26.171 1.59409090986465 -9.70142197213738 1.51511665357373 1.46359342410398 2.76168671223817 -10.5937906289158 354.682870113591 -57.7691016005411 176.820046999295 0.841508809222403 0.86695341020229 0.868754045498456
26.186 1.60652564564897 -9.61348325850518 1.53137867605586 0.587463089327169 2.49391498757924 -10.1237245431234 354.374583102232 -57.632191440487 177.498042299366 0.841235137485855 0.866884032098794 0.868504603865343
26.202 1.63776835143167 -9.55648473657923 1.52644189258724 -0.121664898994861 2.25368379416483 -9.51593224148286 353.677124792009 -57.8089722964383 177.568238069429 0.841115303205421 0.866574534070417 0.868403430039989
26.232 1.63691693848012 -9.46951244852921 1.49578228050747 -0.82171214955339 1.97793373535903 -8.93991153641854 353.289412312808 -57.7280750667945 178.111414262486 0.840754361378765 0.866295985844878 0.868189049952723
26.263 1.64740341578995 -9.43535064383132 1.46495646048437 -1.20900658345301 1.83968234655595 -8.22301961941791 353.000471081527 -58.075267560115 178.540272836238 0.84068260470904 0.866045292441893 0.868119431518631
26.269 1.65444704599745 -9.43608876517817 1.43996655174062 -1.51177004724512 1.82975991342707 -7.27247338266696 352.800423973374 -58.0877408041035 178.626245552614 0.840491553423828 0.865943265848897 0.867809991017961
26.292 1.65456139481873 -9.3934180180854 1.40640244985788 -1.85601288984885 1.88495186101567 -6.15972986119416 352.740381576037 -58.0989667236932 178.823620997353 0.840446077549597 0.8658514419152 0.867654954832898
26.306 1.68100052568445 -9.39948665862916 1.39486953710171 -2.2185032039174 2.09187652224234 -5.04375687507474 352.386343418433 -58.2890700513239 179.421258897617 0.840405149262789 0.865768800374873 0.867761933513333
26.32 1.6712170615178 -9.3489240744618 1.37557151104199 -2.79970631864016 2.30406291581964 -4.02106057688024 351.82770907659 -58.1001630461915 179.959133007856 0.840368313804661 0.865817883254119 0.86773502672318
26.353 1.67845309147671 -9.33897168090112 1.34335923956502 -3.03042270967691 2.72556502118424 -3.04109192377237 351.144938168931 -57.7501467415723 180.62321970707 0.840335161892347 0.86586205784544 0.867710810612042
26.367 1.68023697468133 -9.34563666567355 1.32580050915481 -2.98234227077029 3.17056577097421 -2.01637204437223 351.550444352038 -57.4951320674151 180.680897736363 0.840557817196639 0.865901814977629 0.867935255850569
26.383 1.68645130335532 -9.34696643935278 1.31460648557545 -2.61616911239555 3.71992140761725 -1.05671957275944 351.615399916834 -57.0856188606736 180.792807962727 0.840632035491545 0.866060920041047 0.868014204429237
26.413 1.68863246505775 -9.33661118793459 1.30117998523415 -2.24615525459111 4.31815827448911 -0.141887310139982 351.673859925151 -56.8370569746062 180.653527166454 0.840698831956959 0.866204114598122 0.868208310286045
26.426 1.71136521397815 -9.31591899080251 1.29975032212944 -2.22840995813963 4.96344168368142 0.881461726217527 352.326473932636 -56.2533512771456 180.768174449809 0.840758948775833 0.866456177302035 0.868383005557172
26.439 1.73421888737785 -9.30346113636948 1.32066984834621 -2.24221018369972 5.59915858401557 1.84751402687822 352.133826539372 -55.7880161494311 181.051357004828 0.841065248467175 0.866559846133011 0.868663148542223
26.468 1.75215357412911 -9.2999703961151 1.34566249724343 -2.05615710426104 6.07741066454531 2.71925117380872 352.500443885435 -55.189214534488 181.486221304345 0.841214895113985 0.866899387819442 0.868669307851726
26.499 1.76206986191884 -9.31394727923308 1.35630458244188 -1.81237345490364 6.51089097213658 3.49999781215304 353.010399496891 -55.1902930810392 182.057599173911 0.841475600171512 0.866958735598677 0.868920820607322
26.501 1.74789047315432 -9.32700531391354 1.36899491830322 -1.8288460330774 6.96667210393056 4.36221177139575 353.289359547202 -54.6512637729352 182.51183925652 0.84145804016893 0.867381305579578 0.86877802510777
26.53 1.74937452144665 -9.33869765437887 1.39232737437177 -2.31161028473149 7.41733313781231 5.25270815150808 353.420423592482 -54.1661373956417 182.800655330868 0.841820306052068 0.867269137938354 0.86914144905164
26.544 1.74029539764442 -9.31773701522272 1.41757628871758 -3.09189963793773 7.85956928967993 6.09613962643361 353.778381233234 -53.4895236560775 183.420589797781 0.84176827546143 0.867660667685287 0.868976590707656
26.562 1.69704912966953 -9.28372914087941 1.43108264404916 -3.68652646803709 8.22704747521576 6.73461726684368 354.28054310991 -52.4605712904698 183.678530818003 0.842099517815318 0.867643887477938 0.869197375177659
26.594 1.65699024379074 -9.27957793318184 1.44222082911476 -3.99420969909597 8.65548776586212 7.35886546382344 354.432488798919 -51.4745141614228 183.970677736202 0.841893245501938 0.867875025029876 0.868903600576626
26.607 1.61279695671636 -9.26770156839149 1.45146708087812 -4.23524674445355 9.00673288240568 7.91229189454033 355.169239919027 -50.2270627452805 184.713609962582 0.84208611552067 0.867466427708391 0.869254466973611
26.62 1.55764025546763 -9.25725221233359 1.46643261072061 -4.69187474176392 9.49155577737122 8.48518484249088 355.472315927125 -49.2243564707525 185.382248966324 0.841754713154295 0.867592259101277 0.86907830683743
26.652 1.48483532158423 -9.24659084913246 1.47960231265743 -5.20436665690051 9.85461394009211 8.91681902999752 356.285084334412 -48.3819208236772 185.564024069692 0.841582921307017 0.867335535842342 0.868919762714867
26.667 1.39662581820388 -9.2634515968303 1.45979172195184 -5.61064754846237 10.3195342254722 9.12284705066189 357.076575900971 -47.4437287413095 185.787621662722 0.841428308644467 0.867227945174841 0.868653749360113
26.681 1.29401350741774 -9.25647985404791 1.43298394267429 -6.3839339386543 10.8860540853677 9.39376845246593 358.028918310874 -46.4793558671786 185.86885949645 0.841289157248172 0.86700765330855 0.868290877075295
26.713 1.10134537868371 -9.24176574468071 1.39766404734256 -7.26386115547589 11.6317998218691 9.60553664538727 358.886026479787 -45.3714202804607 186.181973546805 0.841163920991506 0.866685793159198 0.868087752284499
26.726 1.01221996116046 -9.18752239393701 1.3673126611668 -8.31915442924128 12.1357954122013 9.74803641596305 359.297423831808 -44.4942782524146 186.343776192125 0.840924738078048 0.866766500404458 0.867904939972782
26.742 0.939369254416856 -9.19137576443711 1.35334408702476 -8.86739165807288 12.70618533663 9.38010300337438 360.447681448627 -43.4048504271732 186.789398572912 0.840962264284813 0.866468755545515 0.867740408892237
26.772 0.898583608663052 -9.18897803326927 1.34029353042266 -9.33637768310528 12.9874751999136 8.91003163433465 361.482913303764 -42.1843653844558 186.350458715621 0.840869717324483 0.866324382642156 0.867345273184516
26.786 0.890846363719675 -9.21573004454806 1.28760717850764 -9.57144220487109 13.0284223364108 8.5930742724279 362.234621973388 -41.2659288460103 186.615412844059 0.840659954777727 0.866194447029134 0.867236708782798
26.802 0.878256468787527 -9.21167498824389 1.2629942286775 -9.96086286988017 12.8874121638384 8.27269814289504 363.091159776049 -40.6193359614092 187.153871559653 0.840597638768106 0.866200965242953 0.867139000821251
26.831 0.867404409183326 -9.21083858606867 1.22168896693875 -10.0258452851822 12.3971442298973 7.7973367255521 363.442043798444 -39.6174023652683 187.218484403688 0.840415084076988 0.866083371369851 0.867174387300306
26.844 0.875175077855523 -9.22768321333217 1.22796898572644 -10.0102836574274 11.8887275168313 7.55424427437093 363.9378394186 -38.5356621287415 187.216635963319 0.840377255137441 0.866100997149599 0.866959451221468
26.86 0.896653603738489 -9.22907670764226 1.26199230094851 -10.277957581761 11.2250456048428 7.59805648815522 365.04405547674 -37.2620959158673 187.514972366987 0.840469529638266 0.866116860351373 0.867012792660502
26.907 0.912512687944718 -9.22835569764464 1.31565747743935 -10.490619838852 10.305594479473 7.71229664086641 365.739649929066 -36.4158863242806 187.603475130288 0.840552576689009 0.866131137232969 0.867183987558177
26.909 0.91391702422799 -9.23051993714531 1.35354135709486 -10.4995731221424 9.14221060404479 7.71969293097824 366.125684936159 -35.5342976918525 187.92312761726 0.840627319034677 0.866143986426405 0.86746111510209
26.922 0.910631942116928 -9.22839766144836 1.39463988194598 -10.9236616114549 8.05394374211359 7.75841066078118 367.193116442543 -34.7408679226673 187.490814855534 0.840568266599361 0.86640206194749 0.867587477755606
26.953 0.900432909158211 -9.23684251368121 1.42025609537721 -11.6267152976376 7.1241218869862 7.92455432752749 368.033804798289 -33.4267811304006 187.82173336998 0.84089363450835 0.866511142313921 0.867824256279777
26.966 0.899573634231693 -9.21888479048081 1.45073271743739 -12.5197689587136 6.24377076698988 8.20690805508009 368.91042431846 -32.4841030173605 187.759560032982 0.840934271072085 0.866978471623297 0.867914304815524
26.981 0.892994347361869 -9.17794285226525 1.42566880839125 -13.1166470246743 5.23924101853516 8.29385083735834 370.179381886614 -31.2756927156245 187.583604029684 0.841223038533802 0.867153098624693 0.868364100788619
27.012 0.885217478705775 -9.16264290221329 1.39509071043481 -13.1874250702985 4.51913371057478 8.44156499026373 370.541443697953 -30.368123444062 186.885243626716 0.841104414148573 0.867556232302992 0.868400164873482
27.026 0.866905692964791 -9.15563659615334 1.3410546403946 -12.8595222579251 3.79317453799058 8.44397337673354 371.287299328158 -29.4913110996558 186.436719264044 0.841502042633747 0.867549895633873 0.868801374840781
27.042 0.850484940782188 -9.16800567579582 1.28248623804642 -12.2804402611402 3.1779792215961 8.46522489402202 372.018569395342 -28.2821799896902 185.97304733764 0.841608009863899 0.867913349611254 0.868670523917883
27.072 0.81344019178301 -9.18105320697112 1.23216888126487 -11.5974344029651 2.59605916203191 8.23396958019233 372.976712455808 -27.6139619907212 185.495742603876 0.841829403446435 0.867747977566862 0.868921915066863
27.086 0.770822386179118 -9.18435644416585 1.17138080135066 -10.9056298939663 1.96469752063788 7.98919857637157 373.299041210227 -27.3125657916491 185.246168343488 0.841776463116361 0.867968706109907 0.86865568647691
27.102 0.725343609065189 -9.2034902272395 1.12026283444535 -9.92041041602008 1.44074685254356 7.66890467293289 374.069137089204 -26.9213092124842 184.901551509139 0.84198101137365 0.86767433815011 0.869031344283866
27.132 0.672202282438017 -9.23872697035417 1.05588116617415 -8.95127013777685 0.998198884846455 7.27147985449456 374.342223380284 -26.3891782912358 184.531396358225 0.841786589704437 0.86790243063483 0.86887749641666
27.146 0.607795241249505 -9.26912320566129 0.995902592284207 -8.32408205529687 0.660974416209138 6.93440820492297 374.468001042256 -25.7902604621122 184.318256722403 0.842116000634024 0.86749109275285 0.868985273074725
27.162 0.565391215180966 -9.29456445794062 0.950181872555069 -7.80159751388932 0.412434226496621 6.6592879951177 375.06120093803 -25.491234415901 184.126431050163 0.841908080038773 0.867491270038745 0.868712708683986
27.192 0.522618753459107 -9.33344287771662 0.886108741976427 -7.02220112127902 0.158213704610318 6.2132065238502 376.075080844227 -25.2221109743109 183.953787945146 0.841847272049465 0.867368105951603 0.868590724376767
27.207 0.479155568998502 -9.37328174500478 0.841491322950369 -6.08257642899844 -0.0461572841713246 5.445320985969 376.507572759804 -24.8598998768798 183.678409150632 0.84166622431267 0.867133798007636 0.868480938500271
27.223 0.438901457537514 -9.42601580729019 0.783199567707639 -5.0949294731215 -0.15146521987633 4.57407133012019 377.496815483824 -24.6539098891918 183.430568235569 0.841376811067096 0.867046381123606 0.868258807566977
27.252 0.396747108004363 -9.47192025759754 0.71876598070168 -4.3632991212292 -0.149295797125338 3.87009931161199 377.667133935442 -23.8685189002726 183.087511412012 0.841369129974955 0.866473039289148 0.868058889727013
27.267 0.376704851420407 -9.50730860750918 0.67376429739687 -3.93689287322842 -0.0481066754280713 3.34873823541262 378.420420541897 -23.6416670102454 182.898760270811 0.840982805471345 0.866204640541736 0.867878963671044
27.28 0.377880289821343 -9.53131710756759 0.63841031405115 -3.60885244086741 0.0521238394429802 2.85813922103166 378.018378487708 -23.7975003092208 182.488884243729 0.840888204392362 0.865963081669065 0.867717030220673
27.313 0.38881426572965 -9.54975245537406 0.613894046063279 -3.20063895250586 0.201873287559751 2.31278331419567 378.256540638937 -23.2177502782987 182.479995819357 0.840803063421278 0.865869276153352 0.867447829849799
27.325 0.388359777809677 -9.56676321752708 0.578182453556408 -2.77217811069039 0.378632523689272 1.85707750186008 378.110886575043 -22.6959752504689 182.831996237421 0.840726436547301 0.865661253719519 0.867452333425999
27.341 0.403213774575142 -9.58321016008712 0.557175059297874 -2.38198320038471 0.625502095747826 1.55686593488017 378.399797917539 -22.766377725422 182.488796613679 0.840657472360723 0.86559763099876 0.867333063000133
27.372 0.416702081632627 -9.5777814475452 0.546169271331305 -2.03920472767448 0.832417535028005 1.19888926505628 378.719818125785 -22.4097399528798 182.599916952311 0.84072172513922 0.865663830815617 0.867225719616853
27.386 0.41351866710664 -9.56840647051529 0.536084497208543 -1.50627662131925 1.04459562885345 0.73014537671859 378.947836313207 -22.6287659575918 182.39992525708 0.840653232093449 0.865599950385249 0.867129110571901
27.402 0.425916629926692 -9.57750648966249 0.552626154632998 -0.884656592775107 1.30578492092994 0.373924732176502 378.913052681886 -22.3458893618326 182.579932731372 0.840844080377631 0.865542457997917 0.867288673678436
27.431 0.428216249850092 -9.61795835534468 0.552011193464666 -0.368710017467062 1.53703848990564 0.148745999416867 379.361747413697 -22.2113004256494 182.621939458235 0.840889672354438 0.86586068636185 0.867309092871772
27.447 0.444591263926057 -9.6373063758588 0.581205685404363 -0.288327565338676 1.77264761801432 0.0308179643606767 379.165572672328 -22.2101703830844 182.779745512411 0.841056876612521 0.866023904286845 0.86745065774832
27.463 0.434249511357571 -9.64813552220847 0.584496390343388 -0.344227633232289 1.92133705468617 -0.164630244289131 379.589015405095 -21.849153344776 182.80177096117 0.841081188965838 0.866293988021886 0.867701118273219
27.492 0.417579765018605 -9.64746696281599 0.582071070242536 -0.386904106550282 2.07424151715648 -0.302365693142661 379.910113864585 -21.8242380102984 183.001593865053 0.841229241562782 0.866413875780877 0.867926532745629
27.506 0.407604814973577 -9.64866093273312 0.598383490176748 -0.244396902002124 2.201168510479 -0.320984085660456 380.259102478127 -22.2218142092686 183.001434478548 0.841236317421073 0.866768014502521 0.867883166032246
27.522 0.395335332817231 -9.65925250776425 0.608455828367249 0.0472183607171724 2.30242570523263 -0.301862776331052 380.273192230314 -22.1596327883417 183.181291030693 0.841620755578996 0.866963687215994 0.868336075883669
27.553 0.378008019566292 -9.66645052130057 0.612373404090323 0.240969807088203 2.3759999286025 -0.297630697171229 380.045873007283 -22.3436695095075 183.103161927624 0.841714851514624 0.867385762035163 0.868497994595033
27.566 0.35193880570509 -9.68124858821959 0.605544298039125 0.413056032486253 2.42389611894835 -0.425882894629679 380.201285706555 -22.5093025585568 182.672845734861 0.842051436263192 0.867396472392827 0.868766638676298
27.58 0.321473473363321 -9.69570410506901 0.599936797451597 0.396177910153658 2.4868500185039 -0.527569414327016 380.101157135899 -21.9383723027011 182.765561161375 0.841976292651442 0.867775268694313 0.868639261369849
27.613 0.312310462343575 -9.71416088572422 0.594052077142854 0.195491416848216 2.57480623802756 -0.504583465260727 380.251041422309 -21.784535072431 182.849005045238 0.842286733286329 0.867623704741615 0.868893778773632
27.625 0.318369107080592 -9.70910441247773 0.60222321224969 0.0133468553160664 2.65625691193472 -0.570155653085799 380.265937280078 -21.2860815651879 182.804104540714 0.841935269143389 0.867856860567185 0.868753687457449
27.642 0.310893198817754 -9.6983286681904 0.6259775174209 0.0730808720745361 2.66162358715347 -0.80168970609783 380.279343552071 -21.4374734086691 183.483694086643 0.842249812129081 0.867573677161659 0.868996762252473
27.672 0.319188497337506 -9.70544978467825 0.642627842356133 0.252032326851815 2.69164443454499 -1.03984134617507 380.231409196863 -21.3937260678022 183.435324677978 0.841902040101865 0.867811835745225 0.868723048943959
