27.287 0.714764556005252 9.61607319684996 -1.31710058942956 -0.828343971378838 -1.79590862858059 -1.42235091387449 202.795071721994 72.6587872888476 -82.7557941134141 0.839886977518814 0.864521369488525 0.866580907257253
27.302 0.718226612253176 9.61549845849431 -1.32042350616028 -0.956196597141718 -1.69799715503551 -1.54500131867025 202.435564549795 72.5929085599628 -82.7602147020727 0.839648868260818 0.864324402460376 0.86630172171303
27.318 0.721761447766292 9.61276657147667 -1.31922428231808 -1.0827143420077 -1.61751041663119 -1.6340126371849 202.952008094816 72.4136177039666 -82.5241932318654 0.839561190620429 0.864147132135043 0.86605045472323
27.346 0.72290773026246 9.60731505242104 -1.31658875126874 -1.13398489253975 -1.51759143603678 -1.69198541926794 202.876807285334 72.3122559335699 -82.4917739086789 0.839355660052272 0.863987588842243 0.8659479119021
27.357 0.724238659430428 9.60635918575926 -1.3233745859197 -1.1358535788583 -1.35819870464684 -1.71744336589076 202.629126556801 72.5210303402129 -82.642596517811 0.83917068254093 0.863720126235921 0.865855623363083
27.373 0.72597519054015 9.60831205426219 -1.32648908789139 -1.10776440417857 -1.15672997922032 -1.71211124304214 203.006213901121 72.1089273061916 -82.5383368660299 0.83913082347253 0.863727018793832 0.865772563677968
27.404 0.725742419010396 9.60570018629935 -1.33018996443016 -1.0435528492569 -0.93571346984791 -1.67906805766923 202.745592511008 72.4580345755725 -82.0845031794269 0.839221420593428 0.863733222095951 0.865697809961364
27.418 0.731638138990994 9.60358897275365 -1.33501712792214 -1.00179298417854 -0.707027619046325 -1.63864216793284 202.811033259908 72.3522311180152 -81.6160528614842 0.839302958002237 0.863862402537549 0.865877315526408
27.433 0.738021676690635 9.60432245218727 -1.33666810077217 -1.00237704453931 -0.501210353324899 -1.59004512671207 202.629929933917 72.2570080062137 -82.0344475753358 0.839502662216582 0.864102125200528 0.8659155468905
27.465 0.740833960429957 9.61007034078812 -1.3341436923902 -0.988398882070112 -0.332768707305386 -1.53333069037674 202.406936940525 72.5913072055923 -82.4710028178022 0.839556075463076 0.864194415331668 0.865949955118183
27.478 0.745100816300032 9.61608133878328 -1.3374382383848 -0.955207848824933 -0.21781244726187 -1.47618082744594 202.626243246473 72.8321764850331 -82.323902536022 0.839856639410295 0.864400936715234 0.86622743377009
27.494 0.754088521191941 9.62909287958757 -1.34315665905697 -0.945946605927173 -0.201374713986065 -1.43543297370898 202.883618921825 72.6289588365298 -82.2515122824198 0.839874654937417 0.864710129604891 0.866353976954261
27.523 0.766846144368767 9.65654509141519 -1.33723005364855 -0.851351945334455 -0.355283044114176 -1.40028662290297 202.935257029643 72.8660629528768 -82.3663610541778 0.840269384012601 0.864741619295595 0.86659105342256
27.538 0.779225835952627 9.67149570770092 -1.3348290149318 -0.573850338587269 -0.747235655733293 -1.31521979267374 203.101731326679 72.3594566575892 -81.98972494876 0.840246125079493 0.86513993152976 0.866681234641484
27.554 0.81077812590015 9.68345494735563 -1.32374967550756 -0.368373701675107 -1.45419147947294 -1.17224743172698 203.611558194011 72.5035109918302 -82.130752453884 0.84047768406507 0.865128441027977 0.867008637477067
27.584 0.846178231935013 9.69290142954878 -1.32329522444774 -0.310925644484696 -2.73243645366305 -1.10464100916497 203.41040237461 72.5731598926472 -81.8376772084957 0.840559915673133 0.865488071088905 0.86705706029054
27.599 0.888453094631709 9.71989844174527 -1.30379245466563 -0.389756744158364 -4.76148288463262 -1.09417690824847 203.649362137149 72.6958439033825 -81.9939094876461 0.840760095599347 0.865318169161517 0.867346880561218
27.63 0.917582078400502 9.76293039856562 -1.28294793772613 -0.291239085009703 -7.67312085571135 -1.06720196551523 203.624425923434 72.8062595130442 -82.0145185388815 0.840561295225105 0.865781878545097 0.867238155421829
27.646 0.940146997830197 9.84499421600886 -1.26466671235486 -0.0109701383407936 -11.3416866327356 -0.937581005604924 203.661983331091 73.0856335617398 -81.7330666849934 0.84088736027152 0.86570619334178 0.867632783420415
27.659 0.933221383626096 9.93369568781007 -1.24007331973723 0.593943669386416 -15.6624798015231 -0.859853439395577 203.755784997981 72.9170702055658 -81.539760016494 0.84067583343006 0.866008048171327 0.867372007729566
27.674 0.935787025453001 9.99580993708327 -1.21554506701003 1.49790808107373 -20.4450867832029 -0.943333744310981 203.900206498183 73.9053631850093 -81.1857840148446 0.840738250101624 0.865786148535697 0.867507281120335
27.706 0.927860888863816 10.0392629246982 -1.19574412895832 2.39086536456941 -25.5196620743482 -1.35739731644477 204.150185848365 74.9148268665083 -80.9872056133602 0.840541634277154 0.86571003633332 0.867259055659494
27.72 0.885053759537829 10.0362924999957 -1.21952254647249 2.80216050750178 -30.607390523402 -2.29570338632701 204.255167263529 75.7033441798575 -80.9284850520241 0.840364680035131 0.865517937881491 0.867282436654725
27.75 0.80660403062942 10.0701905250816 -1.28138512737364 2.14484522011038 -35.3191705550313 -3.58827045227446 204.109650537176 76.8930097618718 -80.2756365468217 0.840205421217311 0.865592107010075 0.867056695640446
27.766 0.69272407850661 10.1718664074184 -1.28241380185017 0.928833980542092 -39.171222965177 -4.9760082925432 203.798685483458 78.1437087856846 -79.7480728921396 0.839935467589465 0.86541180149057 0.866853528727594
27.782 0.584306472191556 10.2725924406267 -1.29914133665081 0.131370429816127 -42.1395968518654 -6.52955250145682 204.178816935112 79.3293379071161 -79.5732656029256 0.839819130016211 0.865125791262218 0.866917462416015
27.796 0.47888961760641 10.325297738953 -1.34837334976002 -8.72238525089081e-05 -43.8554081590453 -8.60102473222717 204.160935241601 80.2764041164045 -79.1759390426331 0.839587805508476 0.865115714787189 0.866604621355916
27.827 0.360910403684743 10.3589658372196 -1.41405040286843 -0.0206891884901588 -44.5660505492476 -11.3012276025159 203.784841717441 81.4887637047641 -78.2183451383697 0.83963270442578 0.864735439586373 0.866323064401827
27.841 0.230906803568573 10.4149449019961 -1.45556237336574 -0.131597368877784 -44.1888348073 -14.5046926285239 203.566357545697 83.0598873342877 -77.3565106245328 0.839293250697851 0.864640800809238 0.866069663143147
27.871 0.0780503861549835 10.5091998472213 -1.48621937665264 -0.0108040442037462 -42.8172795708448 -17.7801775641448 203.309721791127 83.8138986008589 -76.8808595620795 0.839114514121952 0.864308017006217 0.865965199480025
27.886 -0.0430602449974411 10.6040849352836 -1.50022358625758 0.654398497621209 -40.5782997053633 -20.6655185863562 202.898749612014 85.272508740773 -76.8727736058715 0.839080271895449 0.864256120487098 0.865994642448756
27.902 -0.152837927830308 10.6417172132396 -1.54526881214644 1.90269910587436 -37.8090193531476 -23.2882797048198 202.288874650813 86.4652578666957 -76.2654962452844 0.83892283319979 0.864333011089581 0.865897680855073
27.916 -0.259419002257665 10.6284802834806 -1.5698282227218 3.2559406456686 -34.662468562871 -25.8075433373913 202.519987185732 87.8387320800262 -76.018946620756 0.838907759065503 0.864402212631816 0.865933875686299
27.947 -0.336786900272561 10.5618596149043 -1.61270138370692 4.09217864217044 -31.3244659813931 -28.0779340418201 202.427988467159 89.1348588720235 -75.8570519586804 0.838894192344646 0.864340896550137 0.865966451034403
27.962 -0.412942213693791 10.4857401435872 -1.65422012282341 3.95547986192286 -28.0263705282919 -30.2083085765694 202.405189620443 90.3613729848212 -75.5313467628123 0.839008452578333 0.864285712076626 0.865872308582156
27.977 -0.484534599971354 10.4310590850085 -1.66555004602309 3.05153492916569 -24.8870922540887 -32.1401494746376 201.904670658398 91.2252356863391 -75.3582120865311 0.839237607335069 0.864483103785697 0.86603436428512
28.007 -0.596313087873083 10.3993238353822 -1.661202203801 2.19523639808118 -22.0105967691378 -33.6635391073266 201.394203592559 92.5427121177052 -74.902390877878 0.839317526069713 0.86466075632386 0.866180214417788
28.021 -0.716546185671468 10.3485558996284 -1.67793913922077 1.79097993384558 -19.1996134281019 -34.4979485553725 201.234783233303 93.6684409059346 -74.1921517900902 0.839641944956269 0.864573585872977 0.866557719275741
28.036 -0.818770463340741 10.2807183417395 -1.70652961946754 1.49508804733125 -16.4224001768948 -34.8237262189192 200.791304909973 94.3815968153412 -73.9729366110812 0.839681429928794 0.864865513846859 0.866651233909347
28.065 -0.91657825863951 10.2435467379733 -1.72304337218906 1.03412886091874 -13.8122212279076 -34.7711245893937 199.972174418975 95.6834371338071 -72.9956429499731 0.84009548150484 0.864881465113366 0.866858584682137
28.079 -0.998619764059129 10.2095535639623 -1.71994924243247 0.839112921391751 -11.3600067387046 -34.470348008317 199.534956977078 96.7950934204264 -72.7760786549758 0.839963142540049 0.865265792765755 0.866798689130657
28.095 -1.08891726345659 10.149989942643 -1.72835741963347 1.13077414833655 -9.20492209536852 -34.1164429784776 198.96146127937 97.0155840783837 -72.0384707894782 0.840349022854969 0.865365176405913 0.867114346517322
28.126 -1.15324602852023 10.0402386366722 -1.74729723804915 1.38868909991511 -7.27297950415227 -33.5925849401719 198.565315151433 98.1740256705454 -71.0146237105303 0.840317800037624 0.865701132929046 0.867028874782323
28.14 -1.22748233970782 9.96253141576617 -1.76254741317383 1.18875148763352 -5.54110140106529 -32.9867615606585 198.02878363629 98.7966231034908 -70.1531613394773 0.840668214602787 0.865756982552875 0.867321513603822
28.17 -1.30686459031803 9.93682776225718 -1.77004765242056 0.735525193831998 -3.93431950523357 -32.2537342595545 197.305905272661 99.3569607931417 -69.3778452055296 0.840478602328201 0.866053758461312 0.867215325160173
28.186 -1.38800512332114 9.97384881675046 -1.77105178925141 0.575713132464066 -2.51951350890869 -31.1993532000112 196.715314745395 100.161264713828 -68.2600606849766 0.840812936664307 0.865827287796684 0.867489318943887
28.202 -1.44894088427776 9.98855280607761 -1.76567072712849 1.24485937646957 -1.28817284504072 -29.6015552845903 196.423783270855 101.125138242445 -66.774054616479 0.840608852183569 0.865993845578195 0.867119292231001
28.218 -1.47487308788794 9.96760918852527 -1.76004965642217 2.76464824798292 -0.499050217025197 -27.9070486110931 196.10140494377 102.0526244182 -65.2566491548311 0.840677966979781 0.86564963094108 0.867279837171626
28.257 -1.5328082758948 9.92284268877064 -1.77085227554253 4.46222922471134 -0.218610844177639 -26.2942063454036 196.171264449393 102.76736197638 -63.770984239348 0.840613849749954 0.865710630763705 0.867054356105657
28.258 -1.53287607301159 9.84526321954568 -1.77614536391387 5.57096813430128 -0.334154339912547 -24.5563887642984 196.474138004453 103.410625778742 -62.6738858154132 0.840429673960652 0.865518472868837 0.866851423146284
28.274 -1.55448489667967 9.8069852381978 -1.78958812809011 5.87570338193985 -1.01600608149381 -22.9022766054258 196.566724204008 104.169563200868 -61.5064972338719 0.840263915750279 0.865469128233147 0.866668783482849
28.303 -1.59416384651061 9.84831153661313 -1.79031415691394 5.56523228038709 -2.06020700006199 -20.8983084868679 196.530051783607 104.612606880781 -59.7358475104847 0.839988112669137 0.865301120591335 0.866380810316066
28.318 -1.67285082775768 9.91686926463517 -1.77630308786409 5.53466325082166 -3.33662904814739 -18.1245081725323 196.857046605247 105.251346192703 -58.1422627594362 0.839992980870375 0.865026178452905 0.866368692201193
28.334 -1.70314723883643 9.98341950934474 -1.78111094998756 6.23692211657919 -4.70983637234029 -14.6647291110043 196.911341944722 105.946211573433 -56.5880364834926 0.839744271277223 0.865026063258808 0.866110728162576
28.365 -1.72341097564615 9.94862402523766 -1.77921309561228 7.32468028660066 -6.23656265877038 -11.114286734255 196.84020775025 106.45159041609 -54.9492328351433 0.839647053335193 0.864778626853631 0.866125618263052
28.38 -1.72859992835924 9.9095269654263 -1.78612415633227 7.86931149458182 -8.10069265243533 -7.75247638144016 196.536186975225 106.666431374481 -54.194309551629 0.839432936495559 0.864432060446171 0.86601555908794
28.396 -1.74865274060373 9.83561337716003 -1.77169411756062 7.5312353069557 -9.95092873070325 -4.18104553718927 196.442568277702 107.399788237033 -52.3748785964661 0.839240231339889 0.864244024322258 0.866039966095879
28.427 -1.81356677200143 9.76657726222235 -1.75421795884487 6.68192857015326 -11.6161412011444 -0.506452433852026 196.058311449932 108.119809413329 -50.4373907368195 0.839066796699786 0.864322124541225 0.865938472137484
28.441 -1.87809460865627 9.72748896349035 -1.73549666678652 5.568697545199 -12.6484202108009 3.61289509960951 195.472480304939 108.767828471996 -48.2136516631376 0.8390373262155 0.864268817268606 0.865970587840469
28.455 -1.94891878521892 9.64789697708394 -1.72134097822677 4.70343084411421 -13.1896850599498 7.7027506278165 195.065232274445 109.231045624797 -46.4522864968238 0.839010802779643 0.864344438192938 0.866122815617602
28.486 -1.96052679320979 9.59068927629327 -1.72649751074467 4.16972898107684 -13.26231960739 11.3454526642715 195.118709047 109.227941062317 -44.8070578471414 0.83911340196983 0.864412497024837 0.866136496972575
28.501 -1.95984097332484 9.46863330719056 -1.72724781603235 3.56115302953404 -12.9307441352006 14.4383883138749 194.5068381423 109.285146956085 -43.1463520624273 0.839332061787416 0.864473749973547 0.866148810192051
28.516 -1.96975821266228 9.35746610150202 -1.71918425116496 2.72717513116079 -12.3666773552683 16.8670685664569 193.65615432807 109.876632260477 -41.8317168561846 0.839655027102202 0.864528877627385 0.866406403336571
28.547 -2.01363908657122 9.28039993034718 -1.70719849902591 2.05445761804471 -11.4803912991308 18.909369343399 192.890538895263 109.568969034429 -40.2885451705661 0.839566733577674 0.864825276425826 0.866515049564094
28.561 -2.07222562499662 9.23611962664351 -1.70353407715143 1.92458437532421 -9.90487125318719 20.8405698136392 192.741485005737 109.352072130986 -38.8396906535095 0.839866231713434 0.864845251434437 0.866859070907416
28.576 -2.06952774644929 9.12958882929288 -1.72591390956385 2.203118304204 -7.66629252481503 22.724451763573 192.247336505163 109.396864917888 -37.2957215881585 0.839883288010242 0.865233200454718 0.866922450377854
28.606 -2.02029301036332 9.03131691230598 -1.74575648381361 2.15074540508131 -5.02638082958544 24.0451363582081 191.442602854647 108.717178426099 -35.7861494293427 0.840151130702745 0.86533584332598 0.867348648880838
28.622 -1.98005188681722 9.00877260816034 -1.73865524835034 2.07383880350448 -2.37412442601621 24.4581799742957 190.178342569182 108.285460583489 -34.7275344864084 0.840139697100622 0.865674733157107 0.867363070553934
28.636 -1.91995271305478 9.00057341741267 -1.73310210621336 2.73515721323037 0.208326184524344 24.1177054883165 189.520508312264 107.41691452514 -33.8947810377676 0.840507921959485 0.865609762492589 0.867745207039309
28.665 -1.88675287002537 8.92849087196657 -1.76000702067595 4.17003843847222 2.57604318439252 23.2899044051337 188.868457481038 106.935223072626 -33.2053029339908 0.840460809231688 0.866044312543062 0.867596649252111
28.679 -1.85208461255622 8.79143139849366 -1.80307577566249 5.56524833508301 4.89477474381586 22.2731277050783 188.101611732934 105.961700765363 -32.2847726405917 0.840670899802047 0.865942383939949 0.867832510626632
28.694 -1.80089159224145 8.69603016194935 -1.87026880844781 5.93162426493349 7.13354154424344 21.1542118811354 187.411450559641 105.685530688827 -31.8162953765326 0.840481019007535 0.866220619709679 0.867551762215162
28.725 -1.75511714887958 8.66457726553591 -1.88866442439868 5.38655344149357 9.2056835730252 19.7555845861516 187.090305503677 105.016977619944 -31.3346658388793 0.840689088600308 0.865977462920213 0.867792112293377
28.74 -1.65316728120155 8.60801810618203 -1.88576759694142 5.06774542558849 10.9347335363334 18.0349879595975 186.321274953309 104.65527985795 -31.5011992549914 0.84049738892597 0.866005679544925 0.867391806245542
28.755 -1.52597821383274 8.45494229730333 -1.91386609493008 5.23807011967086 12.1069090376619 15.4108784766149 185.449147457978 104.149751872155 -31.3510793294922 0.840451329501525 0.865536407868336 0.867401912182168
28.784 -1.46070889796552 8.36583625498144 -1.94699575798193 5.01807990159691 12.7313326377125 12.0110120029992 185.14423271218 103.93477668494 -31.575971396543 0.840156785045258 0.865485269732695 0.867287683880684
28.799 -1.40005115418795 8.38811264535244 -1.9687320199294 4.68879099540668 13.1643062441702 9.0488421004092 185.049809440962 102.841299016446 -31.3583742568887 0.840144786008884 0.865315647940928 0.866937820674118
28.829 -1.31630977763977 8.43192381352594 -1.94214641511588 4.92449204853777 13.5211580625013 6.72029376823087 184.664828496866 101.917169114801 -31.2225368311998 0.840007516593688 0.864915379424738 0.86687000152344
28.859 -1.22843283511025 8.38875393888721 -1.93809124940766 6.32135582078323 13.5782025615947 4.89253920056809 184.318345647179 102.045452203321 -30.8602831480799 0.839630581648968 0.864802746663767 0.8664381712918
28.86 -1.14072446015616 8.35708364982637 -1.94671187204838 7.7655561165675 13.3173288703207 3.73152955532044 184.426511082461 101.620906982989 -31.1942548332719 0.839544732669764 0.864453768275293 0.866173259344123
28.874 -1.07399735141224 8.39483996456175 -1.92095161738444 8.89816081025426 12.6512448382505 3.4438727829945 184.463859974215 101.53881628469 -31.0748293499447 0.839340847896674 0.864387296629266 0.866058436060903
28.904 -0.962288053304785 8.47449001275279 -1.92625838454766 10.648802744496 11.2990974536621 3.81398932148895 184.617473976794 100.624934656221 -31.8073464149502 0.839283972292699 0.864079863244242 0.866078555371546
28.919 -0.867256348777562 8.32106023373703 -1.94276607575598 12.1281972792067 9.5615541205096 4.15320107636295 184.515726579114 100.282441190599 -32.3466117734552 0.839106163557315 0.863927046840522 0.865849605015894
28.933 -0.829851268633082 8.26659092911333 -1.92967068442031 12.4321714444158 7.56723076952734 4.61956035803964 184.004153921203 99.674197071539 -32.1719505961097 0.839072756387276 0.863913247337973 0.865767147165498
28.966 -0.827969722959884 8.26826578624472 -1.92237395603947 11.8324657503559 5.8189046391395 5.6026424901746 184.023738529083 99.1267773643851 -32.7347555364987 0.839042689934241 0.864024425255368 0.865816395365681
28.979 -0.786831861448426 8.24056387764894 -1.90192053222202 11.3034176486028 4.44999127446219 6.77520266863806 183.561364676174 98.7540996279465 -32.8812799828488 0.839142100408968 0.864000887911334 0.865860718745847
28.997 -0.732210402827387 8.20102754374757 -1.90087040814945 11.0097171051165 3.13628985693963 7.27783507352998 183.865228208557 98.7786896651519 -32.893151984564 0.839231569836223 0.864103301771394 0.865777149522455
29.026 -0.728062079972856 8.16167396730555 -1.93930991190543 10.2995850892614 1.86540896284872 7.20119660434492 183.898705387701 98.8008206986367 -33.1438367861076 0.839564584346128 0.864195474245447 0.865948721131389
29.054 -0.780592328274398 8.16863307738042 -1.98803126541856 8.67497009178562 0.862837532212706 7.07573343246005 183.988834848931 98.760738628773 -32.9494531074968 0.839611805379666 0.864401889737636 0.866103135579431
29.056 -0.79429087576045 8.21452039525273 -2.0203883027561 6.58609903680553 0.329988893495252 7.1551829899774 183.949951364038 98.9646647658957 -33.0145077967471 0.839906796335227 0.864464203415065 0.866365296185213
29.084 -0.727850331694842 8.23959822099235 -2.00994546790667 4.6839776827433 -0.00530007219015105 6.76409217189569 183.794956227634 98.9081982893062 -33.5530570170724 0.839919796169856 0.864890257237284 0.866478053127871
29.099 -0.712107152191664 8.23714890456938 -2.00910617929471 2.94153411294225 -0.67194563749022 5.57928600814124 183.535460604871 98.9773784603756 -33.7977513153652 0.840183988046397 0.865027194430289 0.866825774114816
29.115 -0.751149425310968 8.25697115400502 -2.02618762870228 1.06112115966329 -1.22612511954272 4.24349481190727 182.881914544384 98.739640614338 -33.8379761838287 0.84004279842745 0.865396949150985 0.866892483264514
29.145 -0.756060674252878 8.27630749349954 -2.07118918615218 -1.09231920057785 -1.5401538289625 3.15425983453333 183.073723089945 98.4656765529042 -33.8141785654458 0.840420713153631 0.865359756887079 0.867321678478831
29.161 -0.724926904853675 8.30885359351482 -2.08086523518833 -3.4166750667796 -1.79453539263113 1.65333766787389 183.186350780951 98.6391088976138 -33.9727607089012 0.840508641852837 0.865696255362097 0.867338797192128
29.176 -0.733058955684149 8.30743944082838 -2.06581122671847 -5.29180145323142 -2.1410360518413 -0.419629686699755 182.507715702856 98.4951980078524 -33.3354846380111 0.840839972236479 0.86562913247708 0.867600443772647
29.205 -0.778325903190533 8.26325059623284 -2.06405405099945 -6.86796481935866 -2.14143626345107 -2.42881175619772 182.61694413257 99.2056782070672 -33.24193617421 0.840759654480982 0.865938693393097 0.867466362312115
29.221 -0.811584270989918 8.20666139743415 -2.07001434471389 -8.69643551299531 -1.62805599588459 -4.0080679851581 182.475249719313 99.0051103863605 -32.677742556789 0.840813689047454 0.86572372923529 0.867838169621672
29.236 -0.807219866212628 8.13717604954559 -2.04269775187535 -10.6023644807797 -0.905708411563302 -5.66603981259649 182.107724747382 99.0645993477244 -32.5299683011101 0.840482908636594 0.865777319228494 0.867556855310698
29.266 -0.803950306740184 8.07463923644589 -1.96502138765659 -12.0711356662896 -0.470862761246667 -7.60554270156585 181.836952272644 99.298139412952 -32.5769714709991 0.840564617787504 0.865578492487148 0.86779669607936
29.296 -0.80657422271381 7.98405916289896 -1.88362049095636 -12.5518083592026 -0.386371904969328 -9.54269835507339 182.013257045379 99.2083254716568 -31.7192743238992 0.840385365194446 0.865646606155166 0.867519529122617
29.297 -0.828987178745957 7.89601286765703 -1.84118503659492 -12.5118946988549 -0.706513340426594 -11.1319399699477 181.571931340841 99.7274929244911 -31.4273468915093 0.840350508143153 0.865460850721152 0.867393539127089
29.327 -0.832878271528862 7.8584303186843 -1.78659285005503 -12.5110869083587 -1.37632002165111 -12.285921545472 181.954738206757 100.374743632042 -30.7446122023583 0.840066045822723 0.865293670830539 0.867280148131113
29.341 -0.800586938669189 7.87793692289375 -1.69400511589562 -12.0630316526373 -2.84937504238676 -13.2237416046653 181.939264386082 101.077269268838 -30.0101509821225 0.839936650426143 0.865266806398679 0.866931038499504
29.371 -0.776911693641458 7.84042618577405 -1.63731164700015 -10.5574918461522 -5.32779631677404 -14.3677796579392 181.865337947473 101.169542341954 -28.9291358839103 0.839946664851681 0.864871422036714 0.866740437300747
29.402 -0.803368292297942 7.82426391158752 -1.62710867195926 -8.89868922642249 -8.31868080723404 -15.6500856616109 181.978804152726 101.432588107759 -28.4962222955192 0.839829207552205 0.864763185014545 0.866568896221865
29.403 -0.870933272283693 7.86430570585357 -1.61481352331878 -7.76378213584131 -11.4944463142969 -16.7018709885796 182.080923737453 101.549329296983 -28.2266000659673 0.839849966265136 0.864418162790993 0.866414509250872
29.416 -0.965859131075221 7.89561471732998 -1.57693283274151 -6.47213674668466 -14.4068337439359 -17.5805388515537 182.532831363708 102.014396367284 -27.5039400593706 0.839615558132508 0.864355251693396 0.866275560976978
29.446 -1.08906093483324 7.9018260365058 -1.55098050100545 -4.81423604911543 -16.7485931176339 -17.9614162641083 183.359548227337 102.852956730556 -26.6735460534335 0.83953121150495 0.864298631705559 0.866150507530473
29.46 -1.16893764059384 7.84929697442016 -1.57227525648123 -3.55876664267717 -18.1187719738095 -17.8629845613616 184.163593404604 103.3076610575 -26.4661914480902 0.839328678848341 0.864247673716506 0.866037959428619
29.476 -1.21975770938968 7.91424902136291 -1.5525347608624 -3.54334799367663 -18.5870474481842 -17.8446250365231 184.347234064143 104.13689495175 -26.6995723032812 0.839273020149199 0.86407807626556 0.86606012640249
29.506 -1.28710343255319 8.10127451290338 -1.47748704120202 -3.22489105690438 -18.3848312529841 -18.1395518458479 184.572510657729 104.583205456575 -26.609615072953 0.839222927319972 0.863925438559708 0.865956616413434
29.521 -1.3650126857792 8.18633911254688 -1.40252206949606 -1.18408134052692 -17.5226840055483 -18.8042226154616 184.475259591956 105.044884910918 -26.2286535656577 0.839304314056126 0.86403539735493 0.865986917688824
29.536 -1.45410507946324 8.09608120837227 -1.46326309050513 1.05188404543417 -16.0070568263675 -19.5932660027704 185.52773363276 106.120396419826 -25.945788209092 0.839251091836206 0.86413436027063 0.866137512481122
29.566 -1.51932446386616 8.02562299178614 -1.51050799136215 0.689443732493803 -13.5506259528911 -20.134702761272 186.174960269484 107.148356777843 -25.6312093881828 0.839455982667155 0.86409982942507 0.866396235396735
29.583 -1.63883464538634 8.11059130555308 -1.49065944890547 -1.30011132777848 -10.4642656476783 -20.2624538591906 186.757464242536 107.353521100059 -25.9480884493645 0.839640384415009 0.864315809399296 0.866505898418241
29.596 -1.71820207539422 8.29522080414817 -1.41922549611659 -2.10292462248155 -7.05524366306315 -19.4934603816685 187.221717818282 108.078168990053 -25.693279604428 0.839806345988077 0.86438673111056 0.866727782740142
29.626 -1.71146206948062 8.39841986173384 -1.42041635697781 -0.581945137332628 -3.66193303721485 -18.3891525114406 187.039546036454 108.730352091048 -25.5839516439852 0.839829390857421 0.864820532163229 0.866804291027308
29.644 -1.70779027545065 8.39493241733902 -1.47858984636395 1.08617304052277 -0.986579428149856 -17.1326800083881 187.355591432809 108.837316881943 -25.9655564795867 0.840228646340605 0.864964441863639 0.867119388224308
29.655 -1.78026214245209 8.35612009906703 -1.54501192003902 0.972975583798739 1.0494830948178 -15.3835341449539 188.300032289528 108.873585193749 -26.3690008316281 0.840209461174696 0.865340471841 0.867156735963058
29.685 -1.85997175279184 8.37062930116595 -1.58090962377562 -0.883863959313959 3.00102333495434 -12.8154097380921 188.790029060575 109.386226674374 -27.3321007484652 0.840570709626152 0.865432387573633 0.86755950590752
29.7 -1.85455724390975 8.52799805745072 -1.60232393807805 -3.20005771605432 5.08412710832914 -9.84913593985539 188.811026154518 109.547604006937 -28.2588906736187 0.840643638678106 0.865761622979995 0.867552841877948
29.716 -1.84399795048802 8.79694164464998 -1.61100247681114 -4.25944125742599 6.95968386314508 -7.41155059014466 189.489923539066 109.512843606243 -29.1530016062569 0.840961469379221 0.865687963333189 0.867793083989885
29.743 -1.8765726761225 8.94980677965398 -1.64508952361321 -3.40830629198873 8.5644788356092 -5.16963217235157 189.800931185159 109.301559245619 -30.2577014456312 0.840742531626991 0.865991641163595 0.86751627824209
29.757 -1.98986655558972 8.9050669998209 -1.73610174949744 -1.69190314370589 10.0607027077735 -2.62213460397137 189.720838066643 108.991403321057 -31.6119313010681 0.840924449957819 0.86564764696794 0.867637124581606
29.773 -2.05448151307549 8.88838403793696 -1.87613200213711 -1.39675863086202 12.0615026660038 0.525575039631872 189.828754259979 108.052262988951 -33.2507381709612 0.84070921414773 0.865832168832326 0.867375914774638
29.803 -1.99094967255514 9.06310983931294 -1.93751577496112 -3.02044154640177 14.2271081245942 3.91881906238624 189.925878833981 107.567036690056 -34.3656643538651 0.841020487301883 0.865504121869797 0.867387609858354
29.819 -1.90869175383021 9.32774306924883 -1.92710019313914 -4.24816838412801 15.8585957854172 6.61396005691098 189.773290950583 107.01033302105 -36.0890979184786 0.84066902706558 0.865579672599551 0.867151351523712
29.834 -1.85034164478096 9.41555706493626 -1.90354052630325 -3.20121414113505 16.7910568175625 8.54874725732675 189.635961855525 106.389299718945 -38.0001881266308 0.840605803827173 0.865400610521098 0.866938719022534
29.866 -1.84828434607129 9.44305453150782 -2.01084560853773 -1.34368814686888 17.592103807562 10.1343305468613 189.332365669972 105.890369747051 -39.9001693139677 0.840422432630149 0.865239454650491 0.866870810037014
29.881 -1.76544890005059 9.50335608824473 -2.11574001344324 -0.958937652792675 18.6031224344394 12.0842562708011 189.539129102975 105.561332772346 -42.0901523825709 0.840130777861019 0.865218011836635 0.866562634214815
29.897 -1.74500596402884 9.58270673964365 -2.16669023542655 -1.61037213178822 19.2992987406138 13.88193751395 189.725216192678 104.905199495111 -43.9411371443138 0.83999490926061 0.864951380573676 0.866532333710067
29.926 -1.69039502035499 9.58187730026791 -2.17232283808934 -2.40811354456359 20.0380711566287 16.0525223885092 189.77269457341 103.5946795456 -46.0870234298825 0.839619235049199 0.864711412437013 0.866381602990253
29.94 -1.5727111425184 9.5898697040607 -2.24077866844667 -3.41157699926754 20.9892258730269 18.1655907603453 189.695425116069 102.53521159104 -48.0183210868942 0.839534520729971 0.864371567471214 0.866245945342421
29.956 -1.4152006080966 9.7521472867247 -2.31621542905867 -5.52003761995147 22.0353414536632 19.9223141270589 190.105882604462 101.221690431936 -49.8764889782048 0.839204885371624 0.864189580644797 0.865876520728883
29.987 -1.34203500490374 9.9509293880388 -2.33849896790176 -7.49169798009373 22.4989828808159 21.2010750807652 190.115294344016 99.5595213887424 -52.5088400803843 0.839161606020154 0.86414952776182 0.865914831572728
30.001 -1.2909103060453 9.99593750056549 -2.32940476359358 -8.02649764773321 22.9674052034214 22.3908912368108 190.363764909614 98.0635692498682 -54.5179560723459 0.839122654603831 0.864113480167141 0.865825851066648
30.017 -1.20018635910948 9.92942404225699 -2.31966375012485 -7.94522192876142 23.7050158281174 23.7998937161832 190.287388418653 96.2972123248814 -56.7461604651113 0.839087598329141 0.86420463480162 0.865745768611177
30.046 -1.07621729051053 9.91451298721342 -2.35153840809423 -8.45451652977841 24.7528348559927 25.0244844972366 190.458649576787 94.7074910923932 -58.5115444186002 0.839056047681919 0.864286673972651 0.865673694401252
30.062 -0.924781671240744 9.99692099864222 -2.35185431387447 -9.95639312107538 25.9042689276453 25.8563871925511 190.672784619109 93.2167419831539 -60.4003899767402 0.839280442928297 0.86411317649609 0.865855611522307
30.075 -0.846429293818608 10.10598372437 -2.32879516136428 -11.4874713662197 26.9405595921327 26.434107251922 190.865506157198 91.9950677848385 -62.4603509790661 0.839356078103619 0.864327821763214 0.866019336931256
30.104 -0.79991402518809 10.1687658222089 -2.30953828679127 -12.3486478937199 28.1930685184156 27.3082537786382 191.518955541478 90.4155610063547 -63.9543158811595 0.839550470307826 0.864397542238086 0.86616668979931
30.12 -0.735365223515571 10.2386772267434 -2.30112550425472 -12.8183632570197 29.9577311322229 28.4995658053545 192.22705998733 88.8740049057192 -65.5388842930436 0.839725423291613 0.864707074575457 0.866422494983104
30.134 -0.640580160881765 10.3124312310588 -2.29391312987753 -13.205229221394 32.2008893167105 29.3923573164221 192.564353988597 87.3066044151473 -67.2649958637392 0.840009052455979 0.864738869769104 0.866775771784525
30.165 -0.582567504166681 10.3897633566712 -2.27545099608136 -13.5640956122317 34.8227851178639 29.5309841801997 192.687918589738 85.8359439736326 -68.7584962773653 0.840011826678532 0.865137456955919 0.866847481167253
30.179 -0.49647815923612 10.496891356789 -2.22094682292968 -13.8008158220009 37.8626440106577 29.2084201133248 193.339126730764 84.3323495762693 -69.8026466496288 0.840266815504206 0.86512621391152 0.867281176591296
30.195 -0.34723155409742 10.6326912080791 -2.13143106195477 -13.4039403466711 40.4458452584469 28.6226926058091 193.025214057687 82.6791146186424 -70.8023819846659 0.840243813421937 0.865486066684093 0.867302345493347
30.224 -0.144076306021052 10.7556891771149 -2.00896834635568 -11.3200348616223 42.0814134043579 27.0581332688923 193.282692651919 81.4912031567782 -71.6421437861993 0.84047560357327 0.865439962666877 0.867567637243743
30.239 0.0822181835211778 10.8204785166971 -1.90192421648352 -7.57658099378067 42.2114400028534 24.0553733771176 193.994423386727 79.9420828411003 -72.9979294075794 0.840431722684095 0.865768440563914 0.867436836436102
30.254 0.325686824420464 10.810673878681 -1.84353260135754 -3.38762518447893 40.8215937124918 19.5727368027646 194.274981048054 78.5478745569903 -74.0981364668214 0.840644721909213 0.865570501689026 0.867688679092224
30.284 0.543970631449853 10.7279287869555 -1.83269910755251 -0.121381750000507 37.8837091504029 13.8719516721065 194.707482943249 77.5930871012913 -74.9083228201393 0.840457458903984 0.865762738081303 0.867422313834194
30.299 0.711216801604123 10.6616582776447 -1.81588607498253 1.4983900127858 33.7510634262023 7.74964200107904 195.336734648924 76.3737783911622 -75.3974905381254 0.840793907582511 0.865441634193877 0.8675525566145
30.314 0.809305328906022 10.6105142508751 -1.78477304102401 1.83252047715608 28.7614532667882 2.26551749562762 196.143061184031 75.7564005520459 -76.1977414843128 0.840591726009953 0.865523433691223 0.867423263869783
30.344 0.874002115828194 10.5726847953921 -1.74330392707664 1.67751270424963 23.4700407645368 -1.73889684935499 197.048755065628 75.7407604968414 -77.5779673358816 0.84040976259465 0.865349995503603 0.867306900399538
30.36 0.905474022241591 10.5286424434774 -1.69640491511772 1.57922708267963 18.1199832529686 -3.82225907281644 198.283879559066 75.5466844471572 -77.6801706022934 0.840245995520878 0.865193901134745 0.867078713010777
30.374 0.91817656327381 10.4764946946436 -1.65976232981399 1.69535017593838 13.0347024849237 -4.04843011209968 198.975491603159 75.3120160024415 -78.0721535420641 0.840098605154483 0.865053416202773 0.866749746891202
30.421 0.92218683215166 10.4103482349753 -1.62049921776994 1.95024263926058 8.33886582421758 -3.0168695436378 199.237942442843 75.7008144021973 -78.4249381878577 0.83983933313292 0.8648032445032 0.866453677383584
30.423 0.923222303857072 10.3274729535615 -1.59306328677664 2.18269929136505 4.17749832576529 -1.30831236026639 199.714148198559 76.0507329619776 -78.7424443690719 0.839479216534277 0.864701825234383 0.866187214826729
30.435 0.924214083376226 10.2304994123253 -1.57393746242102 2.19267363703771 0.66356528708189 0.395037959729718 199.842733378703 76.3056596657798 -79.0881999321647 0.839534974349001 0.864362938988847 0.866194456260789
30.465 0.908287416478423 10.1405895582204 -1.55893886684039 1.84821543363928 -2.1440126156721 1.69751889658117 200.798460040833 76.7750936992019 -79.0393799389482 0.839332065407987 0.864181815010667 0.865953915816213
30.482 0.88587298743167 10.0688884286313 -1.5392750555157 1.26263053149673 -4.18380982738733 2.49646929699939 201.478614036749 76.7775843292817 -79.1754419450534 0.839276068052881 0.864018803430304 0.865861026885785
30.496 0.868213916589962 10.0003471161332 -1.52026081566923 0.596672821858505 -5.47382579121349 2.73995213829182 201.850752633074 77.0198258963535 -79.0578977505481 0.839225670433285 0.863995828268777 0.865900887113939
30.526 0.850525097343456 9.94398696888141 -1.50697871880156 -0.056887590098338 -6.21575618919137 2.48275081759241 202.005677369767 78.1378433067182 -78.8921079754933 0.839180312575649 0.863975150623402 0.865689703584048
30.54 0.830654731058894 9.8926044196068 -1.50041179212709 -0.607687380706825 -6.49876072294399 1.83981924728355 202.32510963279 78.6040589760464 -78.562897177944 0.839139490503777 0.863956540742564 0.865623235876836
30.557 0.829231534001665 9.85312377424646 -1.51036314087611 -1.29043009301782 -6.52674724606944 1.05202052866206 201.952598669511 78.8436530784417 -77.6066074601496 0.839229220921551 0.86393979184981 0.865686875205886
30.601 0.856022674081418 9.83273449252494 -1.54152557776125 -2.24382983180764 -6.71758397184418 0.209413895643186 201.67733880256 79.5992877705976 -77.4059467141346 0.839183508015089 0.864048315316022 0.865867474246477
30.603 0.862776736829602 9.81713749209447 -1.51300875120537 -3.02326364252001 -7.35498588000327 -0.680993142776095 201.489604922304 79.9793589935378 -77.1653520427212 0.839142366399272 0.864145986435613 0.866030013383009
30.632 0.844913375747732 9.80166367208424 -1.5091907004104 -3.26902888132144 -8.47139568894951 -1.33579459185726 201.620644430074 80.381423094184 -76.888816838449 0.839231809227497 0.864357350708785 0.866176298605889
30.649 0.825484471654175 9.80246158405062 -1.51335604961984 -3.11922522983052 -9.74105001318433 -1.53198612503795 201.738579987066 81.3432807847656 -76.3999351546041 0.839564799798274 0.86454757855464 0.86630795530648
30.661 0.80488599282677 9.80138403145 -1.51333398797756 -2.62715003509174 -10.9623648591941 -1.4329859858166 201.18472198836 82.0289527062891 -76.3799416391437 0.839611999286598 0.864842107260356 0.866426446337012
30.674 0.779045047839061 9.78904176325373 -1.50954326848965 -1.80565640562837 -12.0073497473205 -1.18358051700593 201.046249789524 82.7660574356602 -75.8819474752294 0.839906970851466 0.864736801715823 0.866902245244079
30.706 0.756925442051508 9.79271796259975 -1.50451553637488 -0.82738084140141 -12.7944010321305 -0.740031625610681 201.041624810571 83.0694516920942 -75.4337527277064 0.83991995323447 0.865135595707966 0.866961307280851
30.721 0.737676201669828 9.78716795665349 -1.49933217264446 0.308792357242547 -13.3661059670854 -0.226333806561063 201.157462329514 83.8225065228847 -75.1503774549358 0.840310152479949 0.865247999053902 0.867383620093535
30.734 0.711014498837402 9.76738880594664 -1.50562061933189 1.42829480090761 -13.7714801032012 0.241337742033975 201.261716096563 84.3802558705963 -74.6553397094422 0.840409137246523 0.865595673312237 0.867394544645361
30.766 0.673072743029246 9.73049377071941 -1.52025846899309 2.20225921394662 -13.8370801844842 0.580562746456531 201.475544486907 84.8822302835366 -74.089805738498 0.840750418090797 0.865415011162516 0.86752756434455
30.782 0.640421537408992 9.69249984027222 -1.53750268454038 2.27363634598707 -13.3632958301579 0.832430135933016 201.607990038216 85.274007255183 -73.4008251646482 0.840679055749869 0.865622796607444 0.867277310561288
30.796 0.615225307211069 9.68146919370838 -1.54554059357658 1.69360095566317 -12.4185693005772 0.998805442950401 201.427191034394 85.6866065296647 -73.0807426481834 0.840867321668409 0.865439422128203 0.867545105804891
30.825 0.60643507128786 9.69314929689003 -1.53960660324586 0.944851547119755 -11.2225138972371 1.06839054751032 201.204471930955 86.1179458766982 -72.612668383365 0.840657798687261 0.865767954079107 0.867293097875595
30.841 0.608040807418504 9.70587601225108 -1.52702355884993 0.530519064163505 -10.0094228128569 0.943994240850894 200.944024737859 86.6861512890284 -72.2514015450285 0.840848190312062 0.865446328591901 0.86743626225176
30.855 0.607450900470446 9.69841592872617 -1.51970910284058 0.538535860037231 -8.87183931019713 0.626694053407026 201.069622264073 87.0775361601256 -72.2862613905257 0.840640580466548 0.865527658649444 0.867318598943317
30.887 0.60650099932721 9.68445936469266 -1.52384014653983 0.721323495407553 -7.6899988906278 0.170131518295331 201.482660037666 87.369782544113 -72.1376352514731 0.840580201888045 0.865353797966002 0.867089241700179
30.901 0.602413913186527 9.66268081332471 -1.52372735495408 0.878198779454584 -6.43397610080166 -0.375125908343363 201.6143940339 87.5128042897017 -71.8838717263258 0.840272770193126 0.864949714447305 0.866882820181354
30.931 0.606217414655808 9.6385310906043 -1.52147106309271 0.869768214486225 -5.13027314721005 -0.889521714455591 201.49295463051 87.7615238607315 -71.7754845536932 0.839996081667699 0.864709912923279 0.866697040814412
30.946 0.613830420838466 9.61500066678557 -1.51333519202056 0.718669255633022 -3.84472674851958 -1.27995885598713 201.743659167459 87.7453714746584 -71.3179360983239 0.840126473515498 0.864370217908853 0.866529839384163
30.961 0.614756476998333 9.59112982297689 -1.51014290197118 0.417031337703308 -2.59918537137754 -1.5397492299304 202.209293250713 87.9708343271926 -71.6261424884915 0.839610719329031 0.864312101299471 0.86625576062725
30.976 0.60918543826342 9.57634982178882 -1.50930491039238 -0.0323053838532824 -1.31254927698788 -1.6781407191511 202.268363925641 88.0537508944733 -71.3035282396424 0.83952685658182 0.864259796351026 0.866256147481258
31.005 0.604410923339131 9.57142756620296 -1.50944854273571 -0.527548127910702 0.0660338949857182 -1.69124267777034 202.321527533077 88.008375805026 -71.3731754156782 0.839324759417524 0.864212721897426 0.866009437914635
31.022 0.606578204170349 9.57304287766738 -1.50550767291343 -0.944258963974594 1.4991251619757 -1.69082070006965 202.24937477977 88.0875382245234 -71.5558578741103 0.839269492661464 0.864046619628388 0.865910996774364
31.035 0.613616436543002 9.57288056148878 -1.49639437653502 -1.16128344925652 2.89501417249568 -1.75303633998635 202.784437301793 88.278784402071 -71.6002720866993 0.83921975258101 0.863897127586253 0.865698802278431
31.063 0.620429685552658 9.56638987243585 -1.50076196841491 -1.19477342494156 4.22383336593314 -1.88002278232359 202.785993571613 88.2109059618639 -71.4002448780294 0.839174986508602 0.864009917478821 0.865754884967321
31.078 0.633325228845842 9.56886810702454 -1.5027774296888 -1.24628844885962 5.41366376979784 -2.0675930231752 202.667394214452 88.0298153656776 -71.8202203902264 0.839134697043434 0.863987830912442 0.865805359387322
31.093 0.65115614213565 9.57319345452521 -1.4999226560612 -1.31478937496602 6.35626685846691 -2.2997650185676 203.280654793007 88.1068338291098 -71.4781983512038 0.839224906807242 0.8639679530027 0.866097297612315
31.124 0.66923903952258 9.56984377841473 -1.49537814531501 -1.37644020846179 7.0023195619332 -2.4186434785429 202.992589313706 88.5361504461988 -71.8903785160834 0.83930609559467 0.864197120619163 0.866113530767817
31.137 0.682461037011896 9.55689311868239 -1.50188242978253 -1.50520840135607 7.34254562100705 -2.38288600091762 202.973330382336 88.2025354015789 -72.1413406644751 0.839505486049772 0.86427991120844 0.866251464252215
31.153 0.699209094439704 9.55535305302997 -1.50731730091331 -1.84476389709832 7.41668800547123 -2.25070427105487 203.135997344102 87.722281861421 -72.1872065980276 0.839558616912946 0.864601206648776 0.866498791990718
31.184 0.708296841735922 9.56384305442863 -1.5108320202925 -2.33433330891521 7.21853065530579 -2.06227506532343 203.522397609692 87.7700536752789 -72.5884859382248 0.839858926715179 0.864767048900632 0.866721386955372
31.2 0.708096110542372 9.57100521581316 -1.51818511663361 -2.81693051237483 6.83713560504239 -1.82474984886742 203.630157848723 87.3330483077511 -72.5896373444024 0.839876713511812 0.865039630571749 0.866675211176568
31.212 0.705162117230673 9.57134592882047 -1.52025392453507 -3.23905425503048 6.32899456362212 -1.54227486398068 203.66714206385 87.119743476976 -73.0106736099621 0.840397112060662 0.865161630431307 0.867003216358642
31.243 0.701803263438743 9.55543190554902 -1.52325309634777 -3.51591218830606 5.79838518359578 -1.27201684323146 203.340427857465 87.0477691292784 -73.9896062489659 0.840361080322747 0.865517941551901 0.867052181283958
31.259 0.69285464562148 9.53404637261741 -1.52529394615208 -3.7452370000098 5.28801231409117 -1.05473882303046 202.866385071719 86.8029922163505 -73.8506456240693 0.840707166859398 0.865592110313445 0.867342489455294
31.273 0.689828714226217 9.52102431134444 -1.53030302514298 -4.01880490306226 4.89279886894159 -0.897356543780845 203.219746564547 86.8826929947155 -74.0255810616624 0.84064012964161 0.865905373445825 0.867234203426498
31.304 0.689080590451835 9.51971924730594 -1.52577308168706 -4.25356563413008 4.56153424922301 -0.845025469555432 203.777771908092 86.4744236952439 -74.3030229554962 0.840958311246374 0.865693741282745 0.867506309383579
31.318 0.684337134163151 9.5260265507858 -1.52642467633513 -4.3144686127018 4.27255639681979 -0.843729029470118 203.499994717283 86.4069813257195 -74.2527206599466 0.84073968930743 0.865873653715651 0.867381641361955
31.334 0.68108556419662 9.53415721403608 -1.5274301083293 -4.23034999570643 4.0361404517943 -0.779966813546007 203.249995245555 86.4662831931476 -74.0874485939519 0.841047914945612 0.865665193525588 0.867515951389484
31.364 0.676722625643474 9.54291133058413 -1.53521832031665 -4.14700965262434 3.87680121577518 -0.64090142990133 203.144995720999 85.9196548738328 -74.2987037345567 0.840693711944937 0.865847960734209 0.867266858901729
31.381 0.678661775365885 9.56587344383309 -1.53905539693825 -4.15444609194206 3.8020981934343 -0.385971592254709 202.870496148899 85.9676893864496 -74.0688333611011 0.840754340765012 0.865642069842291 0.867289459572736
31.396 0.67789310077615 9.5815713701407 -1.54675846978181 -4.20236026137381 3.71272806874736 -0.0916492421895431 202.803446534009 86.0709204478046 -74.281950024991 0.840429495182397 0.865580365509255 0.867186476532196
31.426 0.679715202985293 9.59743538180827 -1.54656849221128 -4.32410896806085 3.63076823897186 0.195378277449259 202.743101880608 85.8038284030241 -74.7137550224919 0.84026375484985 0.865401234139832 0.867093791795709
31.441 0.67644698626228 9.60548797857617 -1.54789388700489 -4.47872097201813 3.54097385782276 0.39339770161273 202.508791692548 85.9834455627217 -74.8023795202427 0.840114588550557 0.865116280646553 0.867010375532872
31.458 0.67649834042574 9.60968279491533 -1.54759036771206 -4.61023818779341 3.50672380028476 0.501386175726266 202.297912523293 85.5451010064496 -74.5221415682184 0.839853718189387 0.864859822502602 0.866811840630778
31.485 0.680794269017443 9.60675437138083 -1.54923255984558 -4.67593192626598 3.47971554239369 0.510789542886464 202.648121270964 85.2105909058046 -74.4499274113966 0.839618934864334 0.864629010173046 0.866756619484433
31.5 0.683822634970008 9.61441379981282 -1.5453235722593 -4.6587204130287 3.43937757594058 0.423069367223772 202.663309143867 85.6895318152241 -74.5649346702569 0.839153934542983 0.864545014337244 0.866336127456694
31.514 0.687266424138718 9.61891308603027 -1.54437925967678 -4.47987127248918 3.36261539086561 0.356334949585364 202.916978229481 85.6405786337017 -74.9084412032312 0.83898912958257 0.864345682824224 0.866205017362218
31.546 0.689408154642021 9.61386448601489 -1.54514546292815 -4.21967040478225 3.289712630405 0.342075500428354 202.905280406532 85.4765207703316 -75.2175970829081 0.838967425810006 0.864290019723304 0.865963420807499
31.561 0.688163391967507 9.60525055938606 -1.54146562008077 -3.96335221926586 3.21264976431107 0.359012988553458 202.534752365879 85.2088686932984 -75.2558373746173 0.838947892414698 0.864239922932477 0.865869581377942
31.576 0.691891365247868 9.60456093740741 -1.53516101230396 -3.74945974543087 3.21886570391049 0.391813979774448 202.741277129291 84.9079818239686 -75.1102536371556 0.838930312358921 0.864194835820732 0.865785125891341
31.606 0.692433350978407 9.60286291175139 -1.52906788041484 -3.52642216783435 3.23743714878662 0.432021894774102 202.927149416362 84.6371836415717 -75.09922827344 0.83904096059118 0.864030522159363 0.865955899863387
31.621 0.687354618637067 9.6050457215284 -1.51927450284623 -3.24477231746313 3.2854491590988 0.488056346518066 202.734434474726 84.5134652774145 -75.449305446096 0.839014073717755 0.864129972594619 0.865986272793781
31.636 0.678354490692885 9.58965223335993 -1.50585161732372 -2.86838668877025 3.42026302181487 0.56749498667542 202.260991027253 84.2221187496731 -75.7043749014864 0.839116345814131 0.864219477986351 0.866136932075583
31.667 0.674803354348664 9.56903454038893 -1.50137261527839 -2.53192969928254 3.67594664329751 0.601585182664366 202.494891924528 84.4999068747058 -75.7539374113378 0.839208390700869 0.864423493104449 0.86639571303175
31.684 0.684595881109766 9.56681896781977 -1.49494731406625 -2.29247718736955 4.01522220797539 0.496388496458998 202.165402732075 84.2099161872352 -75.498543670204 0.839417551645352 0.864607106710737 0.866505428289755
