30.888 0.319662672411213 9.61032669880872 -1.63235365230939 -0.49053014664074 1.17932118261662 -2.316078439929 201.900062962192 -37.9810156811219 -26.2325106785716 0.840160777386387 0.864637815649056 0.866703205886991
30.903 0.290270171915718 9.62307570998864 -1.62234718989522 0.0508892802370743 2.10108372084351 -3.00889807685213 202.290056665973 -37.8429141130097 -26.3092596107144 0.840148379115899 0.86492332064533 0.866658848215025
30.934 0.245561133940722 9.62425471507009 -1.61896775416605 0.910685848396573 3.69402878387366 -4.15380979588448 202.641050999376 -37.9586227017087 -26.858333649643 0.840389712697837 0.86505695149753 0.866988489693254
30.95 0.228486901032661 9.62723117914048 -1.62292930709188 1.92038062233554 5.81546560014278 -5.64911583919679 202.416945899438 -37.7627604315379 -27.1725002846787 0.840480741442622 0.865423730511502 0.867038927285108
30.964 0.202525748766424 9.6342794464193 -1.65893613004862 3.1168921784226 8.12246865844912 -7.45214318657482 201.975251309494 -37.5864843883841 -26.8552502562108 0.840814861867286 0.865383860111545 0.867453478097366
30.994 0.168805789014961 9.63230303223392 -1.6766777876393 4.54031746439713 10.4399927849706 -9.40387543280284 201.817726178545 -37.3078359495457 -26.5697252305897 0.840737055148709 0.865717948264115 0.867210632938823
31.01 0.107213492150246 9.57880955304617 -1.77751973063136 5.99849945841543 12.5875965599087 -11.2741749124233 201.25595356069 -36.9970523545911 -26.7327527075308 0.840919521127365 0.865525058619207 0.867362043808665
31.023 0.0612973793939997 9.55275194674058 -1.84894430747972 7.16887852020748 14.8677682016277 -13.0131696349214 200.750358204621 -36.837347119132 -26.5194774367777 0.84083124848278 0.865845026921011 0.867128342078992
31.055 -0.000377837604619617 9.54534118916979 -1.92735220293414 7.96191433230887 17.1947318394802 -14.6210129767728 200.175322384159 -37.0536124072188 -26.5675296930999 0.841004295128029 0.865639429410412 0.867411034170824
31.07 -0.0560052428719439 9.53035165261976 -2.01360133856724 8.64129541816195 19.7966327013337 -16.1360109157368 199.657790145743 -36.7682511664969 -26.2507767237899 0.840907545083378 0.865701449386104 0.867172433404935
31.083 -0.0988274485537742 9.52158967308776 -2.10259800765088 9.18479946413202 22.7314732479943 -17.6926388317967 199.432011131169 -37.1114260498472 -25.4856990514109 0.840820470043191 0.865262600725397 0.867204476625621
31.114 -0.138744098305941 9.5075986592702 -2.21812920820568 9.63196837268065 26.1163411903704 -19.4668863989987 199.108810018052 -37.1802834448625 -25.1571291462698 0.840615632224565 0.86523884330405 0.867233315524239
31.131 -0.179277922833181 9.51134719330656 -2.34964060531724 9.83594710793167 30.0329513461425 -21.5324114995568 198.637929016247 -36.7022551003763 -24.3214162316429 0.84055774847026 0.865093864155148 0.867012486623008
31.143 -0.199836924187138 9.53309636603523 -2.47703897726538 10.1592226261461 34.5746943794672 -23.8516894335706 197.854136114622 -36.7520295903386 -23.5692746084786 0.840379182808927 0.864839647660337 0.866937200877441
31.171 -0.232106686692054 9.53674912414606 -2.61210807358028 10.8142927299437 39.5599730331235 -26.2955281238013 196.96872250316 -36.6168266313048 -22.5923471476307 0.839965081242683 0.864734588075806 0.866498650710401
31.185 -0.251452953571631 9.51070768798878 -2.79424357588412 11.5572909378654 44.8703879435517 -29.0125401969174 196.051850252844 -36.4951439681743 -21.5931124328676 0.839972252586566 0.864392425546128 0.866227690820864
31.201 -0.258330104608435 9.50349106042525 -2.98318493522991 12.1717908517124 50.3276239583568 -32.1402938108134 195.64666522756 -35.9656295713569 -20.2738011895809 0.839725615821795 0.86420835291222 0.86598382692028
31.231 -0.263382295840172 9.54960868640787 -3.16646009824684 13.1584285604343 55.7994417151929 -35.4422949640832 194.441998704804 -35.0090666142212 -18.3664210706228 0.839630263425309 0.863918813898901 0.865887946879445
31.246 -0.237223631383628 9.61661284462256 -3.34331889875541 15.028081887597 61.0561387650476 -38.3805082157665 193.837798834323 -35.2281599527991 -17.2497789635605 0.83954444626847 0.863782102429715 0.865801654842693
31.261 -0.175972157336757 9.65183733668007 -3.53702818090745 17.9145866759365 65.6589218351078 -40.7249001422815 192.454018950891 -34.7053439575192 -15.2848010672045 0.839467210827316 0.863782797368246 0.865723992009617
31.292 -0.106181341663735 9.65582646220396 -3.7251930481347 21.1712196113963 69.1334876668641 -42.4974482959923 191.388617055802 -34.1748095617673 -13.576320960484 0.839524169212736 0.863907020282614 0.865900879369835
31.307 -0.0254729553363357 9.65690278967741 -3.92141635234528 24.2266167342262 71.1819709612464 -43.7713675885304 190.129755350222 -33.8773286055905 -12.2186888644356 0.839575431759614 0.864018820905546 0.865936754349585
31.322 0.0417776437728136 9.66966290438643 -4.11004821373856 26.900901625689 71.6515601246638 -44.2591163258606 189.0567798152 -33.3095957450315 -10.5768199779921 0.839621568051804 0.864119441466184 0.86584558156582
31.354 0.0833291320915695 9.69066391436283 -4.28795716685506 29.6497427608301 70.6520529671592 -43.8858764489997 188.03110183368 -32.6186361705283 -8.67913798019285 0.839789411261193 0.86396266724027 0.866010309970418
31.37 0.110071272455067 9.71154007358572 -4.46441562344836 32.8290432939074 68.5723438536494 -42.8491972010463 187.047991650312 -32.1767725534755 -6.91122418217356 0.839814149603225 0.864192363432977 0.866158565534556
31.385 0.11809804809309 9.71201301553745 -4.64705054196901 36.620948124822 65.7593842774448 -41.4879416030791 185.92319248528 -31.2990952981279 -5.80010176395621 0.84008890613643 0.864275629740872 0.866415183144825
31.414 0.117720556457791 9.70465744381159 -4.81573152750599 40.6695403352405 62.5582550100057 -39.7956359923895 185.210873236752 -30.4491857683152 -4.74009158756059 0.840083694990938 0.86472054093051 0.866522951391523
31.428 0.0873934378027494 9.68103866140553 -4.96975908467055 44.9025863017165 59.1841088983181 -37.9023319351353 183.489785913077 -30.0442671914836 -3.90608242880453 0.840331496985372 0.864874449754192 0.866866182552102
31.444 0.0378928109824278 9.64356099689462 -5.11879862954212 49.0069841600945 55.8969957184099 -35.8098086652859 182.78080732177 -29.5598404723353 -3.27547418592408 0.840175556472527 0.865259478942498 0.866928850858072
31.474 -0.0298216529351815 9.58361459187679 -5.27005276927346 52.8475071181308 52.9095862229048 -33.6876064247115 181.902726589593 -28.6438564251018 -2.94792676733167 0.8405401953942 0.865236033699441 0.867477192226912
31.49 -0.125839727013917 9.51870930563222 -5.42132484181816 56.3848938108979 50.4613756922174 -31.6867847135381 181.232453930633 -28.0594707825916 -3.2531340905985 0.840489855322931 0.865707956629228 0.8674787595654
31.505 -0.228835836252222 9.44586955640445 -5.55878649292077 59.7235036664493 48.7976808710873 -29.9249764711919 180.74920853757 -27.8935237043324 -3.16782068153865 0.840823064359564 0.865639663617499 0.867849327149629
31.533 -0.330510594130143 9.34900961339828 -5.70207461837845 62.8496265822471 47.9690578221465 -28.2782803507903 179.774287683813 -28.0441713338992 -3.63103861338479 0.840744437391759 0.865948171419474 0.867690357351399
31.545 -0.410765127254055 9.25112161058507 -5.83983257821724 65.61046545074 47.8408543300082 -26.7000706363219 179.196858915432 -28.1197542005093 -4.22793475204631 0.84092616514611 0.865732259459029 0.867916847915991
31.56 -0.466773494403833 9.16547640280415 -5.96531115244202 68.0150677606278 48.0987536298318 -25.1209032673462 178.077173023889 -27.1077787804583 -4.76514127684168 0.840710757817192 0.865908320074306 0.867627665775585
31.59 -0.526219139386362 9.0508067379876 -6.08614272716974 70.4280648013589 48.4438400989097 -23.5057595054971 177.4894557215 -26.7370009024125 -5.78862714915751 0.840895853529 0.865696393248378 0.867860425497758
31.606 -0.552905157109332 8.89624843929565 -6.19303562799098 72.8157926723681 48.7544179210798 -21.7964049289932 176.96051014935 -26.0433008121713 -6.70976443424176 0.840809947644251 0.865752716840274 0.867576885599175
31.621 -0.574049527853935 8.71943730653247 -6.30342490576805 74.8487172219252 48.8201975030176 -20.1541690162465 176.124459134415 -26.4989707309541 -7.77878799081758 0.840606162065519 0.865556350337749 0.867568483600438
31.651 -0.60373366064746 8.53786165601838 -6.41426741274984 76.4134638203433 48.6389411114945 -18.5738666184387 175.852013220973 -26.3090736578587 -9.22090919173582 0.840296134352853 0.865503217955167 0.867437598157127
31.668 -0.630329670193065 8.33930863517668 -6.51588118546717 77.5942548428892 48.3338256262992 -17.0722051474345 175.666811898876 -25.9581662920728 -10.2188182725622 0.84014373010326 0.865331801341153 0.867072743522917
31.682 -0.653547818972709 8.13158121327888 -6.6349267167465 78.3920812669972 48.1065499338983 -15.7649846326911 175.440130708988 -25.9423496628656 -11.296936445306 0.840133036561085 0.864929917484941 0.866867971821818
31.715 -0.675581397575774 7.96156550604401 -6.73662092709089 78.7192853540379 48.1210857802031 -14.5984098335441 175.77611763809 -25.628114696579 -12.6872428007754 0.839870321398863 0.864815830917949 0.866560079821139
31.729 -0.701516832675908 7.79813662610916 -6.85065119049142 79.137433154512 48.5227176601981 -13.395057399808 175.898505874281 -25.5253032269211 -13.8785185206979 0.839760498444669 0.864341531484382 0.866406574490218
31.743 -0.686192368656135 7.60807468392672 -6.96058075947634 79.888575335244 49.2986901689874 -12.1891394460867 175.828655286853 -25.972772904229 -14.8906666686281 0.839535037094088 0.864286283517447 0.866268419692389
31.774 -0.658992822637919 7.40625345019896 -7.06173199406032 80.9584964276738 49.976454739875 -11.015263669417 176.365789758167 -26.1354956138061 -16.1616000017653 0.839458742570372 0.864236560347205 0.866144080374343
31.79 -0.574299057427731 7.17756829835533 -7.15468346468298 81.9695170139141 50.0696489605439 -9.66717241697912 176.429210782351 -26.5819460524255 -17.9654400015888 0.839390077499027 0.864315406963677 0.866032174988102
31.804 -0.475988158676344 6.93398310700857 -7.25156777553279 82.5221836331334 49.1306229957873 -8.12869945009036 176.786289704116 -27.2837514471829 -19.6488960014299 0.839328278934817 0.864139036188014 0.866054920406025
31.832 -0.393254434251772 6.71188339555088 -7.30674117910134 82.8966828270719 47.1648889404833 -6.43644019210423 177.527660733704 -27.8553763024647 -21.1040064012869 0.839272660227028 0.864104037750715 0.865951931016616
31.847 -0.319931326971042 6.45142036346039 -7.39278907275737 83.3459458420747 44.4629038632289 -4.55004808129075 178.314894660334 -28.2498386722182 -22.5336057611582 0.839349073672477 0.864319596892377 0.865982700831687
31.863 -0.249032415746678 6.17642190755106 -7.46298978355414 83.7640230135924 41.4112699654556 -2.54695167010824 179.3834051943 -28.1248548049964 -23.9402451850424 0.839291375490922 0.864390139854332 0.866010393665252
31.893 -0.178759051381673 5.88391230136779 -7.5331135537644 83.9212084984927 38.3136544192918 -0.571645816074517 180.52506467487 -28.5523693244967 -25.6262206665381 0.839618409435357 0.864330031050402 0.866281828462452
31.908 -0.124192005114966 5.56750238207543 -7.62106482503591 83.5840494807045 35.3693118781259 1.23666380370087 181.732558207383 -29.7171323920471 -27.2035985998843 0.83978656850639 0.864646314506541 0.866402932177387
31.922 -0.0829825303410412 5.25843230725137 -7.68052864358823 82.6111407158402 32.8461211483286 2.99773024775827 182.519302386645 -30.4654191528424 -28.5632387398959 0.840064083149279 0.86468418570708 0.866511925520828
31.95 -0.0375741512884129 4.96775953627355 -7.74655580776334 81.4996449648668 31.0462418579232 4.61551447489084 184.12737214798 -31.1988772375581 -30.0869148659063 0.839934884020043 0.865088241300097 0.866610019529925
31.965 0.0229258425853167 4.67113884082491 -7.82716889611543 80.545863674487 30.0339840843447 5.93869585182924 185.874634933182 -31.9189895138023 -31.6382233793157 0.840323590186965 0.865205380086821 0.866944543876664
31.98 0.111074228986041 4.38394921831239 -7.89840393750364 79.3912773070383 29.6290589583529 6.96849038878372 187.207171439864 -32.6870905624221 -33.5144010413841 0.84029491063642 0.865557316241864 0.866999376050178
32.011 0.220455008659306 4.09890292118742 -7.94354136128868 78.1193251488536 29.4753133678612 7.80599249494351 189.306454295878 -33.3183815061799 -35.0229609372457 0.840647614141703 0.86550408726887 0.867417881985928
32.026 0.328534374755808 3.82003532079537 -8.01265606289785 76.6722781301514 29.2697667638995 8.66127110804458 190.71580886629 -34.6065433555619 -36.7406648435211 0.840712852742102 0.865826152705708 0.867425380348516
32.041 0.434843906869461 3.5479256471486 -8.08790765707803 74.8233709278233 28.851950392853 9.73407529495005 192.584227979661 -35.7658890200057 -38.166598359169 0.841023762036818 0.865746040086331 0.867678368613395
32.072 0.540518280068013 3.30661823992352 -8.14282519672912 72.6112628426746 28.3064500100563 10.9347135669818 194.265805181695 -36.5693001180051 -39.5699385232521 0.840798595018829 0.866043910241423 0.867413034403249
32.086 0.645680865227258 3.06699593643325 -8.17776600469292 70.5516632759644 27.8254233296613 12.0671964087569 196.319224663525 -37.5923701062046 -40.2929446709269 0.840974907010473 0.865694689137985 0.867667257262656
32.101 0.739249802153476 2.84229774874429 -8.22166256859131 68.7522221392076 27.447461149367 12.8864309663545 198.587302197173 -38.5731330955842 -41.3636502038342 0.840754625495118 0.865874506785366 0.867526494453123
32.132 0.834774449337573 2.60864548327309 -8.25715918023193 66.9609693909357 27.0874478588577 13.6252687857496 200.268571977456 -39.3358197860257 -42.5672851834508 0.841061357514532 0.865542226027534 0.867523131568991
32.149 0.935051984967933 2.36430092699929 -8.27958922397021 65.0954068029872 26.5573290271704 14.5528182430525 202.02171477971 -40.6222378074232 -43.4105566651057 0.840832430948772 0.865613966341514 0.867273321063285
32.164 1.03044929568363 2.14121850920561 -8.27798900137178 63.0728890234518 25.8115197885755 15.5273074111136 203.959543301739 -41.7800140266809 -44.5295009985952 0.840752867322046 0.865431474888865 0.867048491608149
32.194 1.10726877270096 1.91859724232116 -8.27499259528367 61.0236153882822 25.105940328802 16.2799201814526 206.123588971565 -42.5220126240128 -45.2365508987356 0.840554789775534 0.865267232581481 0.866969605364068
32.209 1.17598731712658 1.69555304147505 -8.26768700793548 59.0556049944922 24.6617585096622 16.7862793083456 208.311230074409 -43.1898113616115 -46.1128958088621 0.840249899291866 0.865243011974526 0.866651550009164
32.223 1.2360383456602 1.4765574726257 -8.25961556895223 56.9332506019132 24.4986360938105 17.1862773317095 209.860107066968 -44.5708302254503 -46.7216062279759 0.840102118548372 0.864850007054976 0.866612357924981
32.254 1.2928974675227 1.26491668755948 -8.23601082739515 54.5544293585158 24.5609862248875 17.5394053237294 212.274096360271 -45.5137472029053 -46.8494456051783 0.839715723408184 0.864620176270183 0.866453624783675
32.27 1.33964139644106 1.0709085309667 -8.20884095231249 52.2554749722825 24.8980173733911 17.5923350203641 213.966686724244 -46.2423724826148 -46.7245010446605 0.839747830535517 0.864289454921067 0.866310764956501
32.285 1.39751267216026 0.857395408525697 -8.17930035531122 50.0932862536802 25.7059255597161 17.3552389229078 216.21001805182 -47.2581352343533 -46.8520509401944 0.839523635975851 0.864239414610463 0.866058593642354
32.315 1.46737377448159 0.651826069928376 -8.15708326762556 47.519072132129 26.8498368205384 16.9991043435941 218.529016246638 -48.112321710918 -47.266845846175 0.839448481563959 0.86419437833092 0.866078697194851
32.325 1.54425483289311 0.482675259867759 -8.12625410079037 44.457241254794 28.1801203140571 16.7572091764103 220.496114621974 -48.8810895398262 -47.1601612615575 0.839380842593256 0.86415384567933 0.8660967903921
32.341 1.63319995411888 0.333372425043092 -8.05786630438931 41.5924331598489 29.4727953055521 16.5715645946471 221.966503159776 -49.8729805858436 -47.1241451354017 0.839319967519623 0.86424096376259 0.866113074269623
32.372 1.73491809137453 0.172484091821467 -7.96417512530536 39.545403584322 30.5873478360656 16.196850883274 223.769852843799 -51.0056825272592 -47.3317306218616 0.839265179953353 0.864195772567834 0.866004269493854
32.388 1.83927338154128 -0.0145730746658247 -7.86740322739885 38.0992601724547 31.1957886249781 15.7367077796794 225.332867559419 -51.6051142745333 -46.6185575596754 0.839342341426169 0.864155100492553 0.866153129105648
32.416 1.9345698192508 -0.199205092150414 -7.76037677375381 36.5229219414688 31.0563624342361 15.3454797498031 226.679580803477 -52.80460284708 -46.1567018037079 0.839411786751704 0.864365553360031 0.866287102756264
32.431 2.01979790640988 -0.365134487949411 -7.63777661545192 34.4324618083906 30.2667567251636 15.1887943702426 228.731622723129 -53.644142562372 -45.7410316233371 0.839600608091103 0.864431500675221 0.866530866644362
32.448 2.09686231475876 -0.516326448681295 -7.50451195439501 32.473948451979 28.8355008999755 15.2050294370352 230.338460450816 -54.5197283061348 -45.0069284610034 0.839644226750144 0.864737637168879 0.866750254143651
32.463 2.16879405851787 -0.668141098048395 -7.35063597143415 30.8891490266285 26.8366836344054 15.1631524475301 231.724614405735 -55.1277554755213 -44.406235614903 0.839935975568657 0.864889836368724 0.866947702893011
32.495 2.23455017455482 -0.833205411934351 -7.19329325479915 29.3918371774007 23.9713358816519 15.0605776607924 233.152152965161 -56.0949799279692 -43.5656120534127 0.84007237802636 0.865273326895577 0.86700221916489
32.525 2.28152023835239 -0.999540260526683 -7.04899129977212 27.533569490195 20.0856526751661 15.0789473756292 234.856937668645 -56.3054819351722 -43.1090508480715 0.840321311717251 0.865248496857212 0.867297523548132
32.527 2.30416083708337 -1.15642422237379 -6.91654581168639 25.1160904037709 15.3152553465808 15.3229610350128 236.091243901781 -57.154933741655 -42.6381457632643 0.840292860013678 0.865596121335216 0.867317057754499
32.555 2.30981304980753 -1.30432354627594 -6.80829834645403 22.0281454855312 9.95472217833492 15.657077145252 237.682119511603 -57.6794403674895 -42.3343311869379 0.840645768581236 0.865539011852888 0.867580878278781
32.57 2.27970526281689 -1.39876659409891 -6.71512529586624 18.5009034560621 4.46230339561593 15.725720575765 238.933907560442 -57.8514963307406 -42.2408980682441 0.840584871191264 0.865857584831324 0.867448753367636
32.584 2.27732839879716 -1.45431664910934 -6.65084218980257 15.1844008967154 -0.687743737838792 15.2874996632266 239.880516804398 -58.3063466976665 -42.3368082614197 0.840908578641063 0.865650731529694 0.867699404330604
32.614 2.21671084192984 -1.54273863429148 -6.61908416749284 11.8224493566622 -5.63347318084881 14.7915741243849 241.092465123958 -58.4757120278999 -42.3031274352777 0.840694929962649 0.86595813254045 0.867431966548736
32.63 2.17879473830097 -1.62225857789206 -6.61582061768692 8.12722732175934 -10.3319579238326 14.2490579333204 242.183218611563 -58.8681408251099 -43.1128146917499 0.840881608459911 0.865741224467908 0.867684296193594
32.644 2.11180982290059 -1.70645594073731 -6.6366458873849 4.0763366506521 -14.7338766352662 13.618808628538 242.984896750406 -59.0413267425989 -44.021533222575 0.840544036107806 0.86579306493785 0.867541829490968
32.675 2.04523862569049 -1.75643603330909 -6.6823233968825 -0.770991670901656 -18.6620156892968 12.9783018114857 243.946407075366 -58.597194068339 -45.6793799003175 0.840366841682718 0.865592663625568 0.867413609458605
32.69 1.95467876048549 -1.74868582778626 -6.73941444815494 -5.99770929770462 -22.0706232806725 12.3132960578181 244.151766367829 -57.7774746615051 -46.9914419102857 0.840207366700139 0.865412302444514 0.867421535073924
32.704 1.86317908750472 -1.71435687923538 -6.84873606677023 -10.7200757725143 -24.7940953037503 11.5758595818073 244.576589731046 -57.1597271953546 -47.6922977192571 0.840063839215818 0.865249977381565 0.867058286748034
32.735 1.75557056057302 -1.66239185915089 -6.97064861579389 -14.6946330807591 -26.5543804298638 10.6648385091227 244.898930757942 -57.2637544758192 -48.7430679473314 0.839934664479928 0.864856275921311 0.866731363254734
32.75 1.65393448163135 -1.61275030182925 -7.13603502145694 -18.0931087039809 -27.2401637609232 9.51514855134023 245.369037682147 -56.4573790282372 -49.8687611525983 0.839691786525821 0.864749553510683 0.866437132110763
32.779 1.56306056042668 -1.54383160180265 -7.3001458671506 -21.4128054671706 -26.9650023466629 8.21248865803827 245.252133913933 -56.1516411254135 -50.7018850373385 0.83972628734139 0.864405894437517 0.86641938181642
32.793 1.49450199479005 -1.44750783002151 -7.45143687964819 -24.6654180502245 -26.1921662341341 7.07139246399017 245.026920522539 -55.5164770128722 -52.0516965336046 0.839504247101137 0.86422047491447 0.866156348816281
32.809 1.44447101957328 -1.34154311557805 -7.58580321289309 -27.6332273902402 -25.4149343435451 6.33066543133161 244.224228470286 -54.9448293115849 -52.6665268802442 0.839431031576716 0.864053597343727 0.866043216585845
32.839 1.41039661592299 -1.22630299693521 -7.70338103369362 -30.1141794603765 -25.003211901557 5.95027064392364 243.741805623257 -54.6703463804264 -53.9398741922197 0.839365137604737 0.864027142790857 0.866064857843994
32.853 1.3834406616633 -1.10834139048615 -7.82763635988969 -32.1752805983083 -25.2006006350654 5.56364052609616 242.887625060931 -54.2433117423838 -54.6658867729978 0.839305833029956 0.864003333693274 0.865837277241097
32.87 1.35678610345824 -0.967460019524919 -7.92809377797787 -34.0844700957294 -26.1530596555283 5.16834517577662 241.758862554838 -53.2589805681454 -55.799298095698 0.839252458912653 0.863981905505449 0.865756052168181
32.899 1.31304483837876 -0.836476933779741 -8.02089965362857 -35.8920536205076 -27.9896620869221 5.03777020018369 240.502976299354 -52.8530825113309 -56.4593682861282 0.839457213035957 0.863962620136407 0.865806409868096
32.915 1.26021031642252 -0.713324912031672 -8.09221447723666 -37.6440696325027 -30.6830622904436 5.30727562291341 239.612678669419 -52.0077742601978 -57.2934314575154 0.839515171200513 0.864068860773959 0.866098243045011
32.93 1.17997839246059 -0.551850725090666 -8.14155378238165 -39.2636321349012 -34.0971988094909 5.85899080871368 238.391410802477 -51.546996834178 -58.3440883117639 0.839567333548613 0.864164477347756 0.86623770530169
32.96 1.09304531985996 -0.395510633775142 -8.17871666815105 -40.4952841885867 -38.0516010659463 6.62958027746063 237.532269722229 -50.2922971507602 -59.2896794805875 0.839487809379444 0.864497316174161 0.866363221332701
32.974 0.97996992013882 -0.24887889622618 -8.19109431087574 -41.4625496628578 -42.5464409593517 7.67730927261533 236.279042750006 -49.5230674356842 -60.6207115325287 0.839795199935027 0.864673547473478 0.866599373363156
32.989 0.81906528003839 -0.111044543972336 -8.19433328371883 -42.4453023301598 -47.3856899931875 8.94240277283471 235.031138475006 -48.5907606921158 -61.8186403792758 0.839819359409676 0.86495547928731 0.866811910190565
33.019 0.624870694230443 0.0587356287323924 -8.18449925954617 -43.7343598834034 -52.0707851160062 10.4573228008948 233.668024627505 -47.3916846229042 -63.4967763413483 0.840219618037634 0.864962434009772 0.867249162712278
33.035 0.41442196060757 0.242422979898765 -8.17505011178979 -44.8143590095668 -55.9850806502071 12.1863996811106 232.441222164755 -46.0725161606138 -65.4870987072134 0.840201335702022 0.86533866477252 0.86727353300223
33.05 0.210233907308043 0.409417547429366 -8.15756760732468 -45.7306330322743 -58.8148168599955 13.7005841404805 231.577099948279 -44.4052645445524 -67.1583888364921 0.840563396700745 0.865430761212001 0.867664623242775
33.08 0.0190426293663931 0.58012323168942 -8.11597595241191 -46.7995544618713 -60.6379153266678 14.6473196195622 230.619389953451 -42.9647380900972 -68.8425499528429 0.84063705704524 0.865760159254526 0.867524123835231
33.094 -0.142195756704859 0.733399217617768 -8.05519999527802 -48.0821944355315 -61.9100016565964 15.2688471995907 229.397450958106 -41.5482642810875 -70.4782949575586 0.840955545909642 0.865686645980267 0.867890154992477
33.108 -0.318075801853465 0.944849597178928 -7.97859468576792 -49.5785551446501 -63.3243450023871 16.0320388155095 228.177705862296 -39.9134378529787 -71.8304654618028 0.840863670786829 0.86586726794342 0.867603642144422
33.138 -0.496419274143094 1.15682244309458 -7.91820918188229 -50.8061958133912 -65.0140479067286 16.9860868423555 226.659935276066 -38.1420940676808 -73.7074189156225 0.841033475201673 0.865783043800271 0.867961721470748
33.154 -0.701819685100062 1.3580726385892 -7.85943298339011 -51.9614540946475 -66.7935591465901 17.9867147993413 225.113941748459 -36.9678846609128 -75.2166770240602 0.840807336867198 0.865954025981424 0.867791512240407
33.17 -0.91654772788156 1.55775288350408 -7.80132700919355 -53.2378277691522 -68.2256536136105 18.9796463728423 223.662547573613 -35.6110961948215 -76.2750093216542 0.840982774674006 0.865737528564784 0.867884835180091
33.198 -1.13625889328005 1.78582797891222 -7.72927946376126 -54.59572438155 -69.0007981759135 19.9465672317413 222.716292816252 -33.4299865753393 -77.4675083894888 0.840761706392298 0.865666278359499 0.867722314578815
33.214 -1.35716283297731 2.02347714703968 -7.68484725827564 -55.8155412563721 -69.0793443125207 20.9664143253611 221.144663534627 -31.7069879178054 -78.3007575505399 0.84068921522122 0.865602153174742 0.867452585772127
33.23 -1.56393710353548 2.22622834743581 -7.64952693827083 -57.2675749169944 -68.5607228583678 22.2690095340463 219.370197181164 -29.4362891260249 -79.2906817954859 0.84049750288479 0.865297107777972 0.867209829846107
33.259 -1.76583568673051 2.47436542899777 -7.59301850599465 -59.2255502497225 -67.5222078244395 23.7505055272066 217.893177463048 -28.1126602134224 -79.8216136159373 0.840198341090197 0.865146302181677 0.86699134951269
33.274 -1.93754861730978 2.7582620941821 -7.52929208340422 -60.9129188888724 -65.8295290267283 25.1960656615088 216.143859716743 -26.3813941920801 -80.1194522543436 0.840182186449329 0.864762968241412 0.866918177478154
33.289 -2.07802432160358 3.03148616819589 -7.46122424896516 -61.8979628778477 -63.4961944446662 26.5108102403961 215.169473745069 -24.5832547728721 -81.1075070289093 0.839660860969478 0.864541841337975 0.866605264911841
33.319 -2.20564955515368 3.27762725474545 -7.3894886114832 -62.3417543763225 -61.0572620231003 27.8826299797153 213.632526370562 -22.5449292955849 -81.8167563260183 0.839571984058223 0.86446656238568 0.86657070133739
33.334 -2.30309442915949 3.5139384733627 -7.31211754727091 -62.7785713051025 -59.001154141401 29.6218478977743 212.069273733506 -21.2504363660264 -82.1550806934165 0.839365374146286 0.864398811328615 0.866292536385154
33.35 -2.39073497270136 3.77875227335004 -7.21064069015735 -63.5243782967296 -57.5636341471082 31.5153882988366 210.602346360155 -20.2653927294238 -81.7995726240748 0.83930604591735 0.864214100116458 0.866165785397832
33.38 -2.47338233781984 4.04737133922792 -7.10769962796229 -64.2032381769803 -56.6645226407943 33.2905670262048 209.34211172414 -18.9588534564814 -82.0196153616674 0.839252650511308 0.864047860025516 0.866051709509242
33.395 -2.56632001155433 4.30690546461299 -7.00368024881474 -64.5722273363815 -56.1438719034325 35.0073118503019 207.307900551726 -17.0029681108333 -81.9176538255006 0.839331064928329 0.864145576674158 0.86594904120951
33.409 -2.64888652819828 4.52360704804976 -6.88701860287004 -64.8363786485449 -55.8913167741579 37.0035272301572 205.897110496553 -15.6626712997499 -81.2858884429506 0.839275167621188 0.864109924188245 0.865980100005293
33.439 -2.73085785500797 4.78268337785172 -6.76071469943118 -64.8397636844538 -55.99226143262 39.3253119117216 204.207399446898 -14.7564041697749 -81.7372995986555 0.839477650873639 0.864077836950923 0.866131376565943
33.46 -2.81582494311862 5.11808453088076 -6.65176974201553 -64.7420468579932 -56.4228062817244 41.7515593465037 203.166659502208 -13.7007637527975 -81.42356963879 0.839533565254426 0.864296016172564 0.866144201826082
33.469 -2.87505706310272 5.35655903296236 -6.51397557077723 -64.377765836316 -56.9721287069871 44.0313652439144 202.229993551987 -12.9906873775177 -81.501212674911 0.839583888197135 0.8643689172065 0.866155744560207
33.496 -2.95565986776352 5.65492326745299 -6.36326542214677 -63.7300655885622 -57.5588853019372 46.1740302462405 200.666994196789 -12.3516186397659 -81.2110914074199 0.839629178845573 0.86468131204703 0.866412644267911
33.51 -3.06231975684166 5.96115974243499 -6.21643339439743 -62.5166010144388 -58.0113937183084 48.3764745498607 199.86029477711 -11.6564567757893 -80.7099822666779 0.839922432454543 0.864839143759061 0.866643854004845
33.525 -3.15502164479732 6.20834144046322 -6.09894907633525 -61.1069256458194 -58.1346818273936 50.6342469422029 198.774265299399 -11.1508110982104 -80.3789840400101 0.83993386867724 0.865104515944335 0.866605431521094
33.555 -3.26221578463888 6.46809468350186 -5.98279839897211 -60.1626452949779 -57.7479312019061 52.6074634693567 197.916838769459 -10.5757299883894 -79.9610856360091 0.840448551709547 0.865220027266634 0.867063331909753
33.57 -3.34576183389106 6.72922636581695 -5.88149498233845 -59.5265334372358 -56.3983289214102 54.1337400231844 197.685154892513 -9.99815698955043 -79.7649770724082 0.840533696553162 0.865570498703696 0.867106285279958
33.587 -3.40718660799096 7.00895656508121 -5.74435323175475 -58.7937274217565 -54.1676563346127 55.2356331964384 197.356639403262 -9.11834129059539 -79.4684793651674 0.840862521466771 0.86563941175006 0.867391183051694
33.617 -3.45857831878153 7.25436913992684 -5.62116507616656 -57.1593928475198 -51.3417303958079 56.054054609619 197.000975462936 -8.86650716153585 -79.3816314286507 0.840779948788245 0.865947944738779 0.867278027663258
33.649 -3.50147897937316 7.44249976896395 -5.5457299345167 -55.2617741734549 -47.9823665165325 56.7234583089625 196.500877916642 -8.81985644538226 -78.8834682857856 0.841084148478346 0.865732055446403 0.8676686684377
33.651 -3.52087611202972 7.65634944340422 -5.46760309279843 -53.9936120232849 -44.313137498467 57.3022575162342 196.350790124978 -8.83787080084404 -78.255121457207 0.840979413098663 0.865908136462943 0.867527764510664
33.68 -3.50918411831179 7.8437264886573 -5.39447573906973 -52.915624866758 -40.4100680234295 57.6621081004886 196.09571111248 -8.13408372075963 -77.5696093114863 0.841137643282324 0.865572492737353 0.867647462223322
33.694 -3.4635862793337 8.04779998008088 -5.29556127864237 -51.6981081816089 -36.6774581676514 57.8355919469283 195.926140001232 -7.92067534868367 -76.8926483803377 0.840774467447977 0.865764530024798 0.867385218652183
33.71 -3.4061479347179 8.21524545738407 -5.22198087404474 -49.7176103405472 -33.4219260913443 57.7596663400217 195.713526001109 -8.0286078138153 -76.2233835423039 0.840827020717749 0.865566982203821 0.867395983348145
33.739 -3.33314502631691 8.31884040703751 -5.17724646118555 -47.4771470164162 -30.4782067646526 57.4424783319738 195.222173400998 -8.78574703243377 -75.5610451880735 0.840621527831667 0.865512786634632 0.867158887664523
33.753 -3.27683965320945 8.40938239935378 -5.17738766360826 -46.1645468185914 -27.686111279027 57.0425053079367 195.439956060898 -9.2871723291904 -74.5449406692662 0.840436584234193 0.865340413152671 0.867068961814804
33.77 -3.2463958259424 8.53540239611274 -5.17368397911084 -45.883206640549 -24.7778054946358 56.5710792046239 195.635960454808 -9.73845509627136 -73.8704466023396 0.840396605278925 0.865061541758108 0.866988028550057
33.798 -3.20157856905464 8.6552846838147 -5.14545098960124 -45.7857256711506 -21.3817043344852 55.974276627673 195.752364409328 -10.2046095866442 -73.6834019421056 0.840107533244918 0.864810557503002 0.866791728346245
33.812 -3.12179856745008 8.76868544898425 -5.09023349302759 -45.179672188005 -17.636663672029 55.0234138504019 196.097127968395 -10.6241486279798 -72.6750617478951 0.839847368414312 0.864584671673406 0.866738518428353
33.827 -3.03162107391003 8.83477325631971 -5.05292773977891 -43.883079015006 -13.8271957781086 53.2447365874991 196.407415171555 -11.2417337651818 -71.7675555731056 0.83948644828753 0.864381374426769 0.866319836506222
33.858 -2.9466904537932 8.99893873387988 -5.03365791501977 -42.2741604264825 -10.164323528542 50.6843850661538 196.9266736544 -12.0375603886636 -71.310800015795 0.83941501264447 0.864198406904797 0.866190355506793
33.873 -2.83733261856936 9.075819266925 -4.94640435572605 -40.42689705559 -6.44254766423741 47.8815954145002 197.27400628896 -12.8738043497973 -70.4197200142155 0.839350720565715 0.86428106886551 0.866073822607307
33.89 -2.71915841013345 9.11999238707698 -4.85841908868677 -38.3307722355272 -3.12730053140145 45.1629015219052 197.226605660064 -13.6264239148175 -69.257748012794 0.839292857694836 0.864231867160462 0.865968942997769
33.918 -2.59233119407433 9.14490415911147 -4.77222930326932 -36.3938782180813 -0.439761317955963 42.7687487742948 197.123945094058 -14.1237815233358 -68.2719732115146 0.839240781111045 0.864187585625918 0.865874551349186
33.934 -2.42976396965209 9.0209192954922 -4.65515415908283 -34.6231926863495 1.59200107338162 40.5857670266363 197.511550584652 -15.0514033710022 -67.6247758903631 0.839320382468092 0.864023996984031 0.866036382775447
33.95 -2.31391967851422 9.03855993659117 -4.57001753784466 -33.0761405932871 3.23356432482208 38.3638315453467 197.980395526187 -16.006263033902 -66.6822983013268 0.839265553406976 0.864124099936821 0.866182031059082
33.979 -2.21576503680797 9.06850244680779 -4.46687878492994 -31.8868471446454 4.76822315951545 36.2076010625678 198.222355973568 -17.0456367305118 -66.0140684711941 0.83934267753443 0.864214192594331 0.866436302116899
33.994 -2.13736179858432 9.1032917208648 -4.36842753878405 -30.7752616668221 6.37766038554864 34.0120317960057 198.440120376211 -17.9810730574606 -65.1726616240747 0.839538409795556 0.864542059896078 0.866665146068934
34.01 -2.02825223854172 9.13298597101953 -4.26012911550257 -29.8450637444147 8.11546686607774 31.8413629675501 198.75610833859 -18.5829657517146 -64.1753954616672 0.839840740309528 0.864590356557663 0.866747918023221
34.039 -1.91712494001675 9.15851374415684 -4.13111692206908 -28.8330764539427 9.76804231687455 29.3694404112531 198.740497504731 -19.3046691765431 -63.0978559155005 0.839860345746726 0.864880607463077 0.866822412782079
34.053 -1.80992776726981 9.19399837209101 -4.0303886908607 -28.1062573581667 11.5126121309886 26.8126490418836 199.026447754258 -20.1342022588888 -62.1880703239505 0.840130482665581 0.865141833277949 0.867135697803602
34.07 -1.69806756295532 9.21091092425568 -3.93267039462772 -27.4841812406707 13.2040990094928 24.3008497865502 199.223802978832 -20.7007820329999 -61.3092632915554 0.839994643584715 0.865500124113879 0.867171414584422
34.099 -1.58620048509034 9.23385354993925 -3.83909755949539 -27.1059921242372 14.7668952154138 22.0394670979715 199.221422680949 -21.6307038296999 -59.9783369623999 0.84037737379517 0.865452614353685 0.867449799425711
34.113 -1.48073171626919 9.26563491628932 -3.74734025601473 -26.710660087386 16.1360072205899 20.0126196248156 199.039280412854 -21.9276334467299 -58.8405032661599 0.840469636430222 0.865779827082041 0.867330782399873
34.129 -1.37288113282377 9.29944558924169 -3.65314681593114 -26.0609681244489 17.2857652771569 18.2029607157691 198.635352371569 -22.4348701020569 -57.5764529395439 0.840804867356125 0.86558074955534 0.867593230459617
34.159 -1.2738403902613 9.32861825214979 -3.54742345151484 -25.0525812356682 18.2518452379908 16.5582371632762 198.511817134412 -23.2513830918512 -56.5588076455895 0.840601589806205 0.865895148763531 0.867459870330389
34.174 -1.17003923739459 9.3401492987915 -3.43874519709212 -23.766407081567 19.1022332332757 15.0214974164142 198.760635420971 -23.6262447826661 -56.1229268810306 0.840923625394511 0.865560803807882 0.867709409597081
34.189 -1.07320646273016 9.33969350053467 -3.343328967483 -22.6264075947843 19.8034602916275 13.6391950030171 198.744571878874 -23.9636203043995 -55.9706341929275 0.840581851348945 0.865877197590819 0.867564431554107
34.218 -0.997429422976846 9.35993319207666 -3.24284972082778 -21.8981179803441 20.3116638807854 12.5111533653108 198.670114690986 -24.3272582739596 -54.8135707736347 0.84065366622862 0.86566838301324 0.867803514698427
34.234 -0.942517908610947 9.37713143933628 -3.14469709394459 -21.2487641975768 20.7377494011038 11.8829387921385 199.083103221888 -25.2545324465636 -53.6522136962713 0.84046550879145 0.865604047363109 0.867649126145318
34.25 -0.903033482013387 9.39560258724225 -3.04307192323879 -20.6353381594986 21.1563408732072 12.0450265923139 199.334792899699 -25.8490792019072 -52.8469923266441 0.840422637380457 0.8654225478083 0.867386716181979
34.278 -0.89143951563082 9.36954998080074 -2.97022418163665 -19.5527203740831 21.8605541141307 12.5237300399528 199.501313609729 -26.3241712817165 -51.8222930939797 0.840257582828104 0.865259198208973 0.867026949745284
34.294 -0.881962625635044 9.3589116254819 -2.96523450597329 -17.662333832858 23.5981628248551 12.5507463489346 199.531182248756 -26.8717541535449 -50.6600637845818 0.839855641259943 0.865112183569578 0.866826757421948
34.308 -0.856434591220954 9.36064968580358 -2.98504494533721 -15.4128943427019 26.6780411988581 11.7284961415221 200.15806402388 -27.8445787381904 -49.7340574061236 0.839747286319641 0.864856135133325 0.866770044596487
34.339 -0.791261556095307 9.34707064099031 -2.99623044943019 -13.3967957481264 30.541534788896 10.2907610311866 200.542257621492 -28.1801208643713 -48.6006516655112 0.839523146181563 0.864749426801495 0.866471945318341
34.354 -0.682686718415998 9.34089484215007 -2.99767826153521 -11.9662764786573 34.0629538290903 8.54489103493821 200.768031859343 -29.3221087779342 -48.0605864989601 0.839448040749099 0.86452965404205 0.8663272534377
34.37 -0.556897353033825 9.36735909939014 -2.97037058610038 -11.0673587544557 36.3177271484714 6.79345536655889 200.491228673409 -29.9898979001408 -47.0945278490641 0.839253825168075 0.864455593819347 0.866197030745123
34.4 -0.419804761618916 9.41595691824141 -2.90646891777202 -10.1613862377887 37.02717580767 5.20571288333812 200.902105806068 -30.4109081101267 -45.4450750641577 0.83920565183696 0.864265204358117 0.866079830321804
34.414 -0.304082873294243 9.43299960837528 -2.83973974869684 -8.99868272851367 36.3641528833916 3.83399655683637 201.151895225461 -30.909817299114 -43.8405675577419 0.83903567514715 0.864341186573498 0.865850752471126
34.429 -0.212442877438208 9.42379741441397 -2.74095727401408 -7.94919613505162 34.7781192744417 2.80174193932067 201.436705702915 -31.6588355692026 -42.3365108019677 0.839135787100586 0.864162237836853 0.865768179875206
34.459 -0.151634406340009 9.40115024362077 -2.64014189300625 -7.26649026200447 32.6804600187533 2.0185143102741 201.753035132624 -32.2729520122824 -40.922859721771 0.83909941757622 0.86412491923467 0.865817324804419
34.474 -0.119531988762515 9.36783911330166 -2.54467950634082 -7.27877253351395 30.4681392077177 1.48841860443753 201.617731619361 -32.5256568110541 -40.1905737495939 0.839066685004291 0.864091332492706 0.865984878885157
34.489 -0.101593285497455 9.36108287760016 -2.44362003539729 -7.75700215039156 28.5220886457245 1.08614162948996 201.555958457425 -33.5330911299487 -39.1115163746345 0.839290016518431 0.864308162160168 0.866012353913375
34.518 -0.081737439808036 9.37990193893072 -2.35649723054226 -8.18435537046691 27.1485057353505 0.671420596311956 201.800362611683 -33.6597820169539 -37.840364737171 0.839491014881157 0.864379848595344 0.866160405083217
34.533 -0.054050951579319 9.40037055012187 -2.27485453702142 -8.19340074945075 26.4092276808995 0.14015639927618 201.600326350514 -33.9538038152585 -36.9963282634539 0.839671913407611 0.864567826652543 0.86641683873862
34.548 -0.0236264491490482 9.41232791420759 -2.20802001610812 -7.76642708671942 26.2270835387637 -0.515080614697239 201.540293715463 -34.4584234337326 -36.3566954371085 0.839960893560377 0.864737006904022 0.86677068116449
34.577 0.0135718294013775 9.42105449626095 -2.14930546690896 -7.18978437804748 26.3623904520629 -1.13609163719698 201.306264343917 -35.5725810903594 -35.3610258933977 0.839968483672491 0.8650125927748 0.866842899609221
34.593 0.0617147661473665 9.41609942963046 -2.1067574418474 -6.59217998604426 26.5246246892994 -1.64309316050018 201.035637909525 -35.6753229813234 -34.4049233040579 0.840353829874167 0.865013836148513 0.867277053189067
34.608 0.113303403010337 9.41217860028436 -2.08570246668656 -6.1497558805696 26.4462080218962 -2.02000521849597 200.612074118572 -35.8277906831911 -33.6044309736521 0.84044844690132 0.865384926697387 0.867298634431341
34.637 0.171883749917479 9.42576840321979 -2.07094284986257 -5.86913143755081 25.955785692989 -2.27678332260057 200.350866706715 -36.205011614872 -32.7639878762869 0.840785796780113 0.865472396944381 0.867564297287938
34.65 0.235858811100124 9.45523746133531 -2.05915556932806 -5.56542440066596 24.9876880397206 -2.45521186056952 200.595780036044 -36.1845104533848 -31.6475890886582 0.840837217116671 0.865674443811123 0.867433830475877
34.666 0.279968982779799 9.48229834426062 -2.05064194129693 -5.06689722777493 23.5820490067409 -2.59137006382555 200.876202032439 -36.2260594080463 -30.8228301797924 0.84113568997393 0.865609502081204 0.867808890969058
34.695 0.318291472652988 9.49354488541439 -2.03639562779773 -4.48081819202034 21.8719357091203 -2.62994298110711 200.588581829195 -36.3234534672417 -29.9005471618132 0.840899330162229 0.865921026036808 0.867653964788886
34.711 0.354218233161661 9.49301251372476 -2.01399713624217 -3.98159133465037 19.9755818328647 -2.56618532421778 200.629723646276 -36.7111081205175 -28.6504924456318 0.841191591714932 0.865584093353832 0.868007011850766
34.725 0.369792904138708 9.4922341162036 -1.97677979947952 -3.73152380423877 17.9673366266775 -2.39277289866623 200.426751281648 -36.6999973084658 -27.8854432010687 0.840949641729132 0.865774970579629 0.867708813316882
34.756 0.381415908646712 9.48309401757152 -1.93855565263475 -3.7232569199981 15.9438854067578 -2.11532766986831 200.244076153484 -36.6899975776192 -27.4368988809618 0.841110849049746 0.865699976172859 0.867687218546374
34.771 0.377750821511861 9.4811527379152 -1.9116956604151 -3.87688542647157 13.9785044996698 -1.83051246013339 200.559668538135 -37.4009978198573 -26.4332089928656 0.840876973330464 0.865632481206766 0.86742099934293
34.786 0.375409925819263 9.48347567747207 -1.87752587312115 -4.07927321970228 12.1401960344357 -1.54822457289867 199.883701684322 -37.3208980378715 -26.2498880935791 0.84066648518311 0.865324403006794 0.86730486232537
34.816 0.366240222609781 9.5025052955464 -1.8376152400403 -4.25455200460228 10.4757947516028 -1.31248608507445 200.235331515889 -37.7288082340844 -25.8448992842212 0.840477045850492 0.865047132626819 0.867076878744026
34.832 0.369898643514582 9.51568154669244 -1.79577002682347 -4.23291359803518 9.0511160398013 -1.13543594984945 200.251798364301 -37.675927410676 -25.300409355799 0.840179929759328 0.864921324545639 0.866748096051126
34.85 0.356970506686927 9.52873722472583 -1.76954164884739 -4.01496574968204 7.74295100070666 -1.06540380524619 200.56661852787 -37.5683346696084 -24.9903684202191 0.840039145969088 0.864808097272578 0.866699249362747
34.88 0.346532283227707 9.53545956395979 -1.7477916131817 -3.69209512891231 6.64346506094134 -1.0481764018208 200.189956675083 -37.2915012026475 -24.8913315781972 0.839659048086828 0.864829790196513 0.866284494347176
34.894 0.336479477287291 9.53271097465976 -1.73605758402372 -3.35341996716612 5.7111796235495 -1.03801525018834 199.850961007575 -36.9223510823828 -24.6821984203775 0.839570352463838 0.864478107454765 0.866282007829192
34.908 0.320309201360606 9.53472638003192 -1.73178174305223 -3.09365048953348 4.95990898943882 -1.07619845799394 199.905864906818 -37.7901159741445 -24.9739785783397 0.83936390571134 0.864285466629993 0.866032712227775
34.94 0.306414359343823 9.5286992300048 -1.73703145570989 -2.87207170012211 4.43262038057128 -1.12659387937011 199.955278416136 -37.3711043767301 -24.8765807205058 0.839304724325899 0.864235825148496 0.8658083461865
34.951 0.294687116324404 9.53763999120842 -1.73762619126531 -2.68410117133128 4.12828964022407 -1.21469785021173 200.239750574522 -37.4739939390571 -25.0289226484552 0.839124840387194 0.864067412554351 0.865730014219043
34.967 0.291494769614487 9.53832450130389 -1.73995710279369 -2.43172158854929 4.07118586704136 -1.30238837053407 200.19577551707 -37.2665945451514 -24.6260303836097 0.839089565534168 0.86391584121962 0.865906299358319
34.995 0.282576296712353 9.53654636101848 -1.73199928580961 -2.16412194877833 4.19612834903951 -1.43245487699211 200.036197965363 -37.6799350906362 -24.0234273452487 0.839057818166443 0.864026759748851 0.86594163233922
35.011 0.273472279893214 9.53865706762903 -1.73225926857508 -1.9240456317631 4.51392009428824 -1.60065977097229 200.072578168827 -37.9919415815726 -23.6610846107238 0.839029245535492 0.864126586425159 0.866096755666478
35.025 0.272880256700684 9.55210865594059 -1.73039832861409 -1.74232809148755 5.00069602379071 -1.80547929005827 200.105320351944 -37.9127474234153 -23.5749761496515 0.839256320996512 0.864216430433836 0.866359554263556
35.055 0.270551783318671 9.56780643216172 -1.72603000835644 -1.50473650371284 5.61894703209866 -2.00966418547992 200.25478831675 -37.8414726810738 -23.6174785346863 0.83946068891143 0.864420750307186 0.866596073000925
35.072 0.278811081476825 9.56840722815453 -1.71126475604832 -1.17563689914308 6.34178515331628 -2.20717104937468 200.269309485075 -37.7773254129664 -23.1757306812177 0.839518299488438 0.8646046381932 0.866685752262013
35.087 0.28193488499029 9.5596704100632 -1.70336297755653 -0.874867102358546 7.03127076012205 -2.35362951695629 200.042378536567 -37.5995928716698 -23.0181576130959 0.83994866410852 0.864646677025073 0.867012703335543
35.119 0.294742099468442 9.54211069480151 -1.69744847659958 -0.696540697466203 7.60447956197244 -2.44803755762708 199.95814068291 -37.7996335845028 -22.5163418517863 0.840083797712237 0.865054483486291 0.867060719563169
35.134 0.309021924756049 9.53235238792512 -1.69110789100551 -0.662001131536377 8.0028102317294 -2.52079105377277 199.582326614619 -38.2796702260525 -22.3647076666077 0.840583487841044 0.865174998054395 0.867350173906583
35.149 0.318761305351924 9.53147072197806 -1.69156643927297 -0.671373537466708 8.18268188031219 -2.57863561251763 199.604093953157 -37.9917032034473 -21.8682368999469 0.840655139071509 0.865529972412681 0.867364443077105
35.178 0.330160370176915 9.54019422473143 -1.69108130794943 -0.632480458529198 8.12013888312066 -2.6658102192048 199.863684557842 -38.3325328831025 -21.7814132099522 0.840971819733284 0.865479477822606 0.867623525069126
35.194 0.338923153912321 9.54379561372069 -1.68932788010401 -0.508927069164828 7.81652194137348 -2.78167194537592 199.917316102058 -38.0992795947923 -21.763271888957 0.840878317228107 0.865680816601525 0.867610459123393
35.209 0.347468064101304 9.54625876093627 -1.69397471340861 -0.350400774462085 7.33334302967888 -2.8821307050368 199.725584491852 -38.1293516353131 -21.3869447000613 0.841298555405327 0.865491640122875 0.867844939510785
35.239 0.35330297577837 9.54225067506481 -1.6968999087128 -0.213070620679999 6.74123010075679 -2.92292526812091 199.793026042667 -38.1564164717818 -20.8082502300552 0.84091928835868 0.865814950274313 0.8675629482109
35.254 0.361307728545001 9.53038343379124 -1.69785664492664 -0.192526917390625 6.11901548762768 -2.88941136726302 199.7337234384 -37.9407748246036 -20.6474252070497 0.841083531016339 0.865612360428384 0.867802179689541
35.27 0.366716356506464 9.5217379622688 -1.69476727855638 -0.263350561529425 5.49719027474277 -2.80199694809397 199.86035109456 -38.0466973421432 -20.5626826863447 0.840852387100398 0.865677087302279 0.86752446437178
35.3 0.369908179131613 9.51760818001897 -1.69893002700003 -0.357626192399384 4.90777659077995 -2.70347664259755 199.734315985104 -38.2620276079289 -20.4864144177102 0.84077082785851 0.865488283753554 0.867521304495782
