78.867 0.938444987372099 -8.92457705425576 4.55440809726911 0.50867615432554 -1.88748446365569 -2.6150118989382 344.428281069342 120.710110108755 99.7726896326909 0.840518133828974 0.866379692703529 0.867809666420409
78.882 0.936956818791216 -8.93473337013145 4.55895330667672 0.442541363320467 -1.64148410889317 -2.57870154873903 344.185452962408 120.639099097879 99.7554206694218 0.840722491939604 0.866614197596901 0.867901173942093
78.913 0.946391370199905 -8.94578941391665 4.56615645432631 0.345615471263229 -1.12237386594278 -2.61548788241475 344.326907666167 120.575189188091 99.6198786024796 0.841032437314569 0.866702064398391 0.868229500088652
78.929 0.96817028489958 -8.95400407070003 4.569227517344 0.15761880963309 -0.489525792325605 -2.70966428501297 344.15421689955 120.937670269282 99.9178907422317 0.841059193597682 0.867027384258283 0.868402076379518
78.943 0.988609289830185 -8.94487723845913 4.57827628317246 -0.177227040795868 0.0853809853802378 -2.85854518475595 344.598795209595 120.663903242354 99.9461016680085 0.841335468806839 0.866950608749188 0.868680312282335
78.974 1.01706003162735 -8.93361056869037 4.58402597304674 -0.398435634426205 0.523407772338397 -3.0093318876544 344.458915688636 120.477512918119 100.151491501208 0.841079131111848 0.867373991415038 0.868684755217827
78.99 1.03733860564357 -8.91527039728886 4.58710575756275 -0.505156956479768 0.745876155409901 -3.14885671415613 344.033024119772 120.249761626307 100.396342351087 0.841479287900694 0.867385878834714 0.869057506150691
79.004 1.05672656695955 -8.90594684114152 4.58748336425581 -0.486702329534081 0.773578616204789 -3.26832218777869 344.129721707795 120.044785463676 100.376708115978 0.841461359125194 0.867642817250974 0.868901042096802
79.051 1.07627065659386 -8.88875694599831 4.58183771185123 -0.506734386657009 0.632861975958356 -3.38729149571838 344.456749537015 120.220306917309 100.35903730438 0.841823293112705 0.86750449844261 0.86912938142789
79.053 1.07656223488589 -8.88483808809892 4.57478137444296 -0.520183085395888 0.397056694393055 -3.48978372019234 344.331074583314 120.558276225578 100.043133573942 0.841518172987127 0.867872492139118 0.868842406201835
79.065 1.0655719063825 -8.88903234935739 4.56130796340858 -0.597172410444086 0.2176563684652 -3.52095801992883 344.337967124983 120.38244860302 99.8788202165481 0.84174855025734 0.867711205841939 0.868953691881383
79.095 1.04394902188896 -8.9033416617239 4.54984026254196 -0.710737612147769 0.230241876656848 -3.5879461874016 344.584170412484 120.224203742718 100.090938194893 0.841577374699758 0.867689371818925 0.868684285609978
79.11 1.01108089744436 -8.92262453809301 4.53012211115044 -0.956457744062763 0.535461963800323 -3.82762485110419 344.565753371236 119.961783368446 100.641844375404 0.841549637244351 0.867299339818535 0.868688331212705
79.125 0.953547277981525 -8.95278811730373 4.50740779928161 -1.29974326736641 1.35519821016838 -4.23264862553575 344.369178034112 120.025605031602 100.597659937864 0.841271882705609 0.867195368753415 0.868568784652614
79.154 0.862083127887087 -9.00489490280236 4.4784056439262 -1.82320405513359 2.98685396167063 -4.77961277061577 343.952260230701 120.203044528441 100.797893944077 0.841148373903199 0.867101794794807 0.868214408838546
79.184 0.746306423060033 -9.07291985496597 4.42931936629963 -2.63630349694847 5.74771055023639 -5.48943775309617 344.177034207631 120.002740075597 100.85810454967 0.841037215981031 0.866770520496829 0.868142254515871
79.186 0.604697987775743 -9.13402262578651 4.35874565644579 -3.76732963580324 9.89584025857153 -6.60156268007663 344.979330786868 120.062466068038 101.032294094703 0.840684082876813 0.866595971098339 0.867706934245787
79.214 0.455044173008865 -9.19739476964097 4.29241612139509 -5.11426079436032 15.5879356220274 -8.31316213725981 345.401397708181 120.536219461234 100.409064685232 0.840619354057284 0.866315279170007 0.867438743472401
79.232 0.294199093705415 -9.27017161958117 4.23271953984945 -6.64558280652735 22.8115848079162 -10.646731419717 346.021257937363 120.84259751511 99.7281582167091 0.840308007145441 0.86630971416974 0.867197371776354
79.26 0.129327223771214 -9.34734251838355 4.19090377025171 -8.46652070908072 31.4518003729261 -13.3576307968293 346.399132143627 121.058337763599 98.6953423950382 0.840280885899048 0.86593391267347 0.867226921159899
79.274 -0.0371935432493096 -9.42667238779153 4.14806218206016 -10.6030747450429 41.4073836944122 -16.3027837476807 346.799218929264 121.432503987239 97.5858081555344 0.840256476777295 0.865843024057316 0.867006731695102
79.291 -0.175510209680146 -9.52410620034295 4.11872244410927 -12.8916222323707 52.6300041035969 -19.5892992660424 347.399297036338 122.009253588515 95.6272273399809 0.840234508567717 0.865884684568318 0.866932021442325
79.305 -0.305741287959111 -9.61221567613385 4.09189768314256 -15.4620019938664 64.6868510214815 -23.4731174310412 347.879367332704 122.588328229664 93.3245046059828 0.840214737179097 0.865922179028219 0.867111293461818
79.336 -0.450183300101005 -9.69648217996211 4.07990597200298 -18.2463361456248 77.4960285147532 -28.0746606497692 349.031430599433 123.109495406698 90.4120541453846 0.840323263475756 0.865832463776591 0.867149450676816
79.351 -0.560249389341393 -9.78022284364925 4.08150342564497 -21.1522368822074 91.2074943655679 -33.0954388596014 349.58828753949 123.098545866028 87.6708487308461 0.840294616596332 0.865998503960112 0.867183792170314
79.366 -0.631895251093136 -9.84930463185513 4.09431360477847 -24.4202193008569 105.582164776339 -38.4255896301298 350.629458785541 123.148691279425 84.5437638577615 0.840521326430226 0.86614794012528 0.867337887117008
79.396 -0.686859584168637 -9.91530896023456 4.09901927394845 -28.0804874471071 120.036925397942 -44.0013512778039 351.926512906987 123.073822151482 80.6493874719854 0.840472873255355 0.866282432673932 0.867599624705039
79.411 -0.73375370769147 -9.93059969659636 4.13372059896449 -32.015950152778 133.046209957385 -49.7248802721609 353.573861616288 122.766439936334 75.5844487247868 0.840681757423347 0.866280152323272 0.867835188534266
79.426 -0.743457138554251 -9.90533586188545 4.17680310220891 -35.8471795649812 144.754566060883 -55.5523922449448 355.77647545466 121.889795942701 70.0660038523081 0.840743581695581 0.86652461125467 0.867924143844564
79.456 -0.7169954598093 -9.86751500228992 4.22952355454601 -39.3090264939792 155.292086554031 -61.6047866082366 357.278827909194 120.980816348431 63.6594034670773 0.841051418094949 0.866621436690383 0.868127255759839
79.471 -0.656967646939513 -9.80570351594643 4.28517213025901 -42.521635294963 164.775854997865 -67.8130102374893 359.170945118274 119.142734713588 57.1134631203696 0.840949955753605 0.867077736562113 0.86818700434758
79.484 -0.537760472651979 -9.77431443495115 4.33340033196699 -45.444280925772 173.311246597315 -73.9149153206106 361.413850606447 116.228461242229 50.0821168083326 0.841363030078276 0.867119249467082 0.86860953036747
79.517 -0.405035623630876 -9.70985191311741 4.38841760429703 -48.4746619935002 180.99309903682 -79.5890726435114 362.832465545802 113.005615118006 42.6739051274994 0.8412304065386 0.867525768061143 0.868621051494448
79.533 -0.266609211612637 -9.64178000610743 4.42380732541945 -51.2829209849899 187.906766232375 -84.6278753028243 363.689218991222 109.685053606205 35.8265146147495 0.841489560453665 0.867645665418753 0.86900017279965
79.558 -0.106411689384784 -9.55639371921129 4.46020710091889 -53.664552550613 194.129066708374 -88.7620343374274 364.8202970921 105.256548245585 28.9438631532745 0.841470604422868 0.867999542417647 0.868849442080865
79.572 0.0919348890805192 -9.49450987860119 4.47489066977292 -55.4553492039487 199.729137136773 -91.9988080029213 366.07826738289 100.550893421026 22.1494768379471 0.841705738549507 0.867702090827075 0.869082941413547
79.588 0.305761286189313 -9.49118754522106 4.45093590073874 -57.0968371843172 204.769200522332 -94.5119043018658 367.150440644601 95.0558040789238 15.2545291541524 0.841412373880249 0.867804355908093 0.868800610188926
79.603 0.484318687233468 -9.4811944239387 4.39645631956837 -59.3299015574885 209.177013294527 -96.2576604365647 366.975396580141 88.9702236710314 8.62907623873712 0.841527307985751 0.867526422968476 0.869038992710802
79.648 0.663096553426808 -9.46860926804385 4.33748876912399 -61.8274457528847 212.363128758967 -97.4227340875648 367.297856922127 82.7732013039283 1.8261686148634 0.841378256655327 0.867523067232809 0.868761056356455
79.649 0.818430131383383 -9.39317787996627 4.30883880731169 -64.2004263684359 214.76574718078 -97.9896209841518 367.168071229914 76.0558811735355 -3.87644824662294 0.841244110457946 0.867273263160721 0.868634237281989
79.665 1.00234351072399 -9.33929576854435 4.25228835591707 -65.6864906018214 216.278485439802 -98.114323007874 366.571264106923 69.4102930561819 -9.72880342196064 0.841123378880303 0.867295223405829 0.868396776470524
79.696 1.21221813124735 -9.31827531797165 4.20103381975621 -66.1636430683568 216.806362086661 -97.9631960505981 365.43413769623 62.2292637505637 -14.7559230797646 0.840888250177965 0.867191663981979 0.868183061740205
79.711 1.42241368796515 -9.30701835044451 4.15304924461958 -66.4426986088493 216.364657175705 -97.4172581249276 364.410723926607 54.9263373755073 -18.8003307717881 0.840929425174738 0.866851402765284 0.867990718482917
79.726 1.6344543168493 -9.29802433629239 4.1261436827217 -66.744230274682 214.795367030654 -96.2671353658699 362.829651533947 47.8137036379566 -22.3802976946093 0.84058707115115 0.866792225405489 0.867817609551359
79.755 1.84079333569537 -9.31883969288532 4.07559246008705 -66.9820209876718 211.985295976443 -94.4182844247028 361.406686380552 41.412333274161 -25.4822679251484 0.840405573221728 0.866491908046442 0.867661811512956
79.771 2.01189381264982 -9.31686361773131 4.02399115131894 -67.3112998049352 208.295163325364 -91.8619521654386 359.826017742497 34.7510999467449 -27.6140411326335 0.840242225085247 0.866221622423301 0.867521593278394
79.785 2.17001424774531 -9.29545271524773 3.97790910333335 -67.2992537939073 204.031295847789 -88.8436958801925 358.043415968247 28.3959899520704 -29.6526370193702 0.840221682044874 0.866101962832164 0.867518720511735
79.817 2.32992002855245 -9.26965872164654 3.92979134496992 -66.5609314679517 199.354120461484 -85.7967308723259 355.599074371422 22.1963909568633 -31.0073733174332 0.840203193308538 0.866117729465681 0.867392811377294
79.831 2.47952146670672 -9.24339151128608 3.88379190007102 -65.1300291608512 194.265273300831 -82.942248624788 353.69916693428 16.076751861177 -31.8066359856899 0.840060083163377 0.866008459170305 0.867402816800745
79.86 2.60458593971836 -9.22196564445923 3.83371341501997 -63.0101560157584 188.746379558535 -80.2716878844466 351.629250240852 10.0890766750593 -32.1659723871209 0.839931284032732 0.866033576170008 0.86741182168185
79.873 2.72552368707038 -9.20118604931263 3.79013914116018 -60.3740259103658 182.946550762986 -77.5498626074523 349.106325216767 4.64016900755337 -32.3093751484088 0.840068155644028 0.866056181469741 0.867419926074845
79.888 2.86309805214325 -9.1762594953152 3.75140113456064 -57.3373866781078 176.80075064852 -74.6727389421269 347.19569269509 -0.743847893201965 -32.1984376335679 0.840191340094195 0.866199849883947 0.867427220028541
79.902 2.99589325219321 -9.14736121073119 3.72743055960251 -53.9654800713658 170.413041995882 -71.7566100860822 344.816123425581 -5.64946310388177 -32.0385938702111 0.840428377578302 0.866205827812285 0.867802941566455
79.935 3.12696097996766 -9.12021549798327 3.7056774652664 -50.2124435146109 164.045020239042 -69.0687353370159 342.554511083023 -10.5445167934936 -30.93473448319 0.840515539835041 0.866457719194782 0.867895121573535
79.948 3.26377626693488 -9.06292398205945 3.71034098476149 -46.1858556516994 157.848915161702 -66.7618618033144 340.039059974721 -14.7100651141442 -29.941261034871 0.840593985866107 0.866561233836484 0.868101135715913
79.964 3.3860121885202 -8.98789836852148 3.7260901761947 -41.7649800101936 151.84875646996 -64.6788053939753 338.075153977249 -18.8790586027298 -28.0271349313839 0.840538266747647 0.866900636752567 0.868163496308047
79.996 3.51469927304343 -8.90960146684999 3.7668400853483 -36.9510774290216 146.031056395483 -62.5315355416007 336.007638579524 -22.4511527424568 -26.1244214382455 0.840866634641808 0.86695985963849 0.86846559021801
80.01 3.62997896617671 -8.82788147061666 3.82057370987011 -31.8620765563484 140.296653046011 -60.0951758805704 334.086874721572 -26.0860374682111 -23.511979294421 0.840909971192197 0.867259399974372 0.868491505359934
80.026 3.74127244185823 -8.77091338809967 3.88294001442021 -26.9033498167441 134.356300718509 -56.9284063841164 332.358187249414 -29.83743372139 -21.4007813649789 0.841327043973008 0.867282746538115 0.86876079836471
80.056 3.84999584464506 -8.73304963031387 3.95415319223845 -22.6198850640773 127.971052326047 -52.7828939899796 330.502368524473 -32.913690349251 -18.720703228481 0.841450511069234 0.867672915425072 0.86888024482797
80.071 3.93821021892079 -8.69609920906105 4.01070330041328 -19.1670568630131 120.989214269015 -47.9641465757144 329.072131672026 -35.3223213143259 -15.8286329056329 0.841687654531236 0.867531586799298 0.869110663885942
80.086 3.99402026811941 -8.62884610349308 4.07877679018091 -16.1984427797652 113.712430246694 -43.0379609257766 327.724918504823 -37.4300891828933 -13.4057696150696 0.841522568546264 0.8677739544191 0.868825560414081
80.116 4.04059817027781 -8.56388906348679 4.15668264044444 -13.047300791865 106.486988748742 -38.3990503293821 326.632426654341 -39.567080264604 -11.1051926535626 0.841752506260563 0.867622521893923 0.869061447913441
80.132 4.08688768415213 -8.53984440304875 4.21638311457443 -9.82348674321289 99.2840914005853 -34.2225040750699 325.469183988907 -41.1903722381436 -8.49467338820637 0.841580935102659 0.867732743868256 0.868904589683277
80.146 4.12040796877646 -8.49797315244114 4.27657787959404 -6.98693959560916 92.0136975277023 -30.4475819118377 324.542265590016 -42.8913350143292 -5.66520604938574 0.841805036161318 0.867461972132623 0.869009657014681
80.176 4.14674550594423 -8.50140946070167 4.32740128899182 -4.36610823146809 84.9291216680619 -26.8791595985165 323.288039031014 -44.7222015128963 -3.41868544444716 0.841501741730879 0.867588249083086 0.868857977874393
80.192 4.15057743461311 -8.48546822929215 4.37541687069444 -2.61117679763426 78.3514766768282 -23.1820833333213 322.819235127913 -45.9499813616067 -1.21681690000245 0.841355247025943 0.867331926825971 0.868598143003687
80.205 4.13223890845222 -8.44364767131655 4.42036667685009 -1.76837972855785 72.5659473297561 -19.0982261450274 322.337311615122 -47.354983225446 0.5848647899978 0.8412234017915 0.867101236794567 0.868487615264498
80.236 4.11758975134112 -8.3656668858896 4.47590495842961 -1.42283946562573 67.7612609937271 -14.8655027671659 321.54358045361 -48.0194849029014 2.68637831099802 0.840851650106236 0.867017076031843 0.868264816654782
80.251 4.10985232543187 -8.29638196800682 4.51182347862364 -0.975975366391403 63.716432604278 -10.9438379866325 321.189222408249 -48.3775364126113 4.57774047989822 0.840770164563763 0.866694273610162 0.868187621550483
80.267 4.11102891997608 -8.23995119727731 4.55187147553361 -0.282957982424019 60.204331328583 -7.80594273758756 320.930300167424 -49.7197827713502 6.3399664319084 0.840443736601273 0.866403751430648 0.867994822312168
80.296 4.0733616444717 -8.20029655453932 4.56894060697195 0.645337815818383 57.079318043053 -5.67878357833262 320.757270150681 -49.7878044942151 8.10596978871756 0.840403042409297 0.866265878938776 0.867944626642132
80.311 4.01563878893108 -8.16029781720673 4.61159674578342 1.74568953041975 54.4851266967629 -4.32311896095737 320.481543135613 -49.9690240447936 10.0553728098458 0.840113326662253 0.866141793696092 0.867652666629111
80.326 3.95596691405104 -8.16206750829489 4.66698608625025 3.25890683691976 52.2740186072393 -3.43508187402194 320.413388822052 -50.4321216403143 11.8698355288612 0.83997920318172 0.866030116977676 0.867513362882934
80.355 3.91776467950934 -8.21729029619221 4.75191153730235 5.04904668757893 50.2328762885001 -2.8518790301312 320.472049939847 -51.2089094762828 14.2228519759751 0.839858492049241 0.866053068196641 0.86751131315582
80.372 3.87171093456561 -8.29051384988598 4.86204285900546 6.7754397287447 48.1660772092684 -2.55905753933182 320.524844945862 -51.4280185286546 15.7405667783776 0.839876322312468 0.86607372429371 0.867386144756971
80.386 3.80907387583805 -8.36114365157341 4.97786060107427 8.40858277877099 46.0586297936851 -2.38101438081848 320.332360451276 -51.7452166757891 18.3065101005398 0.839892369549373 0.866092314781073 0.867396816842454
80.415 3.71307649954575 -8.38688202765752 5.07670959650884 10.0089458749397 43.9619271196601 -1.95894347708778 320.279124406148 -51.6706950082102 20.0158590904858 0.840033132609005 0.866109046219699 0.867529609321934
80.432 3.64008637736217 -8.37497156918498 5.1730957104511 11.6744635011862 41.9550473847933 -0.75388882403549 320.711211965534 -52.3236255073892 21.4342731814373 0.840033498816256 0.866247428158909 0.867649122553466
80.447 3.59486569586375 -8.39160582477259 5.24440065089585 13.1925133342737 39.659542646314 1.20012601256653 320.92009076898 -52.1312629566503 23.3708458632935 0.840160148949199 0.866371971904198 0.86787973659785
80.476 3.54291434546988 -8.40017225492961 5.31354302522888 13.892345970312 36.9012219694689 3.16255615940148 321.048081692082 -51.8981366609852 25.1737612769642 0.840274134068849 0.866607248877503 0.868087289237797
80.491 3.44133089298618 -8.35173794760376 5.36182496271148 14.074103739693 33.9248402305372 4.72034634498805 320.983273522874 -51.9883229948867 26.7363851492678 0.840502892155491 0.866695810550933 0.868274086613749
80.506 3.33793478889417 -8.29707391083899 5.40695464600576 14.3033345870977 31.0873180395446 5.97808270285566 321.224946170587 -51.769490695398 28.082746634341 0.840708774433469 0.867021755795571 0.868319152116099
80.535 3.24990611389116 -8.24416524488327 5.46678479900468 14.9325431131208 28.4511053195596 6.81538893638689 321.802451553528 -51.4525416258582 29.1744719709069 0.841020091559048 0.866945543132747 0.868605680445257
80.549 3.17600741191062 -8.22282384322819 5.52230792394735 15.9324185728011 26.1792772303517 7.07278134045812 321.482206398175 -51.0472874632724 30.3970247738162 0.841048082417712 0.867369432360241 0.868494398961912
80.565 3.08723250213283 -8.18871265488926 5.54480523900501 16.5926118300248 24.2079143928127 7.05557954229017 322.093985758358 -50.5025587169452 31.6773222964346 0.841451344075972 0.86725845204095 0.868763402606489
80.592 3.00039190515593 -8.16561418030915 5.55709212156813 16.5264804180147 22.6405580680353 7.21719716058024 322.044587182522 -50.8523028452507 33.3095900667911 0.841183418854067 0.867528133136587 0.86863634890702
80.607 2.91050376711531 -8.11184544492594 5.5964617592038 15.6707789410987 21.6253572230638 7.64127897123977 322.42012846427 -50.5070725607256 34.358631060112 0.841447271537586 0.867401282739661 0.868891157557087
80.622 2.81146837071994 -8.04202547486572 5.61806791978549 14.6869071538591 21.2063329511391 8.13669305884862 322.458115617843 -50.736365304653 35.3627679541008 0.841306223851979 0.867656680765427 0.868628004718111
80.652 2.76890373942035 -7.99421111478759 5.66600443682794 13.8540943010686 21.2765393506817 8.66729856212406 322.792304056058 -50.8827287741877 36.2064911586907 0.841557796035707 0.867269917870386 0.868883647787069
80.668 2.71832528755168 -7.93196470499951 5.71172107841126 13.0343337259235 21.3046106064532 8.9959885532399 323.033073650453 -50.594455896769 37.2658420428217 0.841279225617829 0.867415400247073 0.868744569569542
80.682 2.65820004086286 -7.85577177072392 5.74083516823249 12.0850988266136 21.177966339701 9.32463397272507 323.609766285407 -50.3350103070921 38.4592578385395 0.841154982524197 0.867176362873559 0.868619399173768
80.713 2.62240296787551 -7.79084931967997 5.78050525629815 11.350634745479 20.7181849729065 9.69522401056707 323.588789656867 -49.6815092763829 40.1933320546856 0.841043163739929 0.867084689502936 0.868506745817571
80.729 2.57474299239991 -7.72439852200458 5.82877790609864 10.9079376831448 19.8776641855395 9.80585428126609 323.74991069118 -49.3933583487446 41.333998849217 0.840942526834088 0.866878723203836 0.868158573887007
80.744 2.50916396350751 -7.72971507468083 5.83786650609851 10.6308843728456 18.7509664692756 9.78862763176543 324.434919622062 -48.8340225138701 42.4205989642953 0.840725483336372 0.866569756064955 0.867968679415039
80.775 2.43344327304742 -7.74240087769859 5.86705535750282 9.64107837830914 17.6773965399053 9.83342899072629 324.571427659856 -49.0506202624831 43.1585390678658 0.84040352349662 0.866538743375192 0.867674314124729
80.792 2.38845855439288 -7.71144072385817 5.94354371518516 8.0319323725393 17.0035500156858 10.0035212061575 325.35428489387 -48.7055582362348 44.2426851610792 0.84036685061511 0.866140038958377 0.867656169273436
80.805 2.32828000585362 -7.68243932877948 6.01908699533901 6.63484600551438 16.6841110446516 10.0962988565341 325.878856404483 -47.9750024126113 45.0384166449713 0.840080754047484 0.866151997979273 0.867269457527595
80.836 2.25011743962876 -7.69009633202824 5.99783205862249 5.04769728282553 16.68592894782 10.6034628640105 326.410970764035 -47.4975021713502 46.1745749804742 0.839949887828428 0.866039300832539 0.867168474691569
80.852 2.18473909372192 -7.7095571578098 5.96415784247582 1.83682068431397 16.8791681141067 12.0217425318079 327.009873687631 -46.9477519542152 46.9571174824267 0.839832108231278 0.866061333666018 0.867077590139145
80.882 2.13529582685919 -7.71432280128175 5.9733553852546 -2.75220489556781 16.7339993942991 14.0821636984744 327.548886318868 -46.6929767587937 47.4214057341841 0.839726106593843 0.865957702950609 0.867119117686411
80.895 2.01609778881095 -7.65642249213135 5.96625040703188 -7.82812944417896 16.4186147220447 16.3029549622148 328.513997686981 -46.1036790829143 47.9592651607657 0.83975717540261 0.865987895572282 0.866909708568963
80.912 1.88445855212231 -7.58120816612073 5.9522543317065 -12.8979882554863 16.1271349292296 18.128384656833 329.262597918283 -46.2933111746229 48.0833386446891 0.839911457876919 0.866138392576234 0.866968024273246
80.925 1.77508120863455 -7.52387017307128 5.98191555434334 -16.6226932467315 15.5083145660776 19.2621110766459 330.476338126455 -45.2039800571606 48.2550047802202 0.840050312103796 0.866150516235344 0.867266748145653
80.956 1.67837739403979 -7.46586148408752 6.01986339176179 -18.2665307922874 14.2864907430576 19.2519305033324 331.86870431381 -44.1635820514445 48.2295043021982 0.840048960361568 0.866161427528543 0.867535599630819
80.972 1.63013003244343 -7.42059688986273 6.06730427579118 -17.4643051939747 12.6524981573015 18.2481114988007 332.701833882429 -43.5272238463001 48.1465538719784 0.840047743793562 0.866417758939413 0.867654513831462
80.985 1.60250913477846 -7.47981665033935 6.06540907236367 -15.1491723845009 10.5193094102736 17.1026896618978 333.391650494186 -43.6145014616701 48.6118984847805 0.840425163983132 0.866525269606652 0.867884588748048
81.015 1.53635034600116 -7.56681280284081 6.0127068949857 -13.4289116346004 8.0299738890936 16.9664664972347 334.492485444767 -42.9730513155031 48.7907086363025 0.84038632705297 0.866868268945718 0.867968604036968
81.031 1.45502020394102 -7.65109488620419 5.98221390781868 -13.4707532955678 5.69186199636745 18.6637129772822 335.06323690029 -41.8557461839528 48.7716377726722 0.840729888916599 0.866930728612326 0.868412970087918
81.045 1.36721844204034 -7.68720495629959 5.9382501960224 -14.938181782805 3.4020651097078 21.7530668703937 335.936913210261 -41.2101715655575 48.634473995405 0.840786900039508 0.867356099291862 0.868444147242852
81.075 1.23648210222512 -7.66577464278328 5.84140159968371 -16.9107758182649 1.28933951476756 25.3182181986215 337.383221889235 -40.4491544090017 47.9710265958645 0.841216279935588 0.867492963526401 0.868840958973214
81.091 1.13569851835063 -7.70095546784211 5.72131759778114 -18.6845837326216 -0.409823444342786 28.4726559207441 338.624899700312 -39.7042389681016 47.3139239362781 0.841224651956599 0.86786211071453 0.868706149637072
81.105 1.05660517024538 -7.73680808313676 5.60097168852793 -20.5878810845503 -1.75739071822912 30.3788254431735 339.382409730281 -38.7938150712914 46.9625315426503 0.841484381329864 0.86770186255981 0.868953978214133
81.135 0.960641170360518 -7.75165762455453 5.49822691950118 -22.1359632051029 -2.40607912732224 30.524912364505 340.784168757253 -38.2144335641623 46.2862783883852 0.841339622665029 0.867927202603561 0.868684543309453
81.152 0.848116916255241 -7.77747204856148 5.37678676730021 -22.7353439838293 -2.33188342833047 28.9266196013369 341.685751881527 -37.332990207746 45.5576505495467 0.841587854967452 0.867636984994398 0.869057315433155
81.165 0.787965501996355 -7.86091916819874 5.26383948819897 -22.699214165599 -1.61777905496307 26.1133469541803 342.557176693375 -36.5996911869714 44.8418854945921 0.8413062786564 0.867868812794689 0.86890087045102
81.195 0.752444147156904 -7.96529069894967 5.14638517347332 -22.6773843520925 -0.588825576947682 22.4432336328081 343.461459024037 -35.8197220682743 43.9576969451328 0.841557845359685 0.867584434166413 0.869006309705649
81.21 0.687015959549454 -8.01834411043898 5.01727297944447 -22.9401802680283 0.871583698304338 18.6088339336494 344.515313121633 -35.3577498614469 43.2819272506196 0.841405740291868 0.867575277310952 0.868731641651818
81.225 0.660212894316173 -8.12211644606866 4.96613443233925 -22.8392920122179 2.77602838190902 15.5532940517349 345.16378180947 -34.7619748753022 42.9737345255576 0.841395166277251 0.86744371249659 0.868484440403369
81.255 0.580604510041168 -8.2377178545929 4.91520165507518 -23.082080368248 4.4831583681456 13.7956745702255 345.387403628523 -34.585777387772 42.2163610730018 0.841132858835218 0.867201843898124 0.868385282924212
81.271 0.491180017470202 -8.3750384458426 4.84865230713358 -24.6593685146293 5.88827764583486 13.7626719986991 345.708663265671 -34.3071996489948 41.5347249657017 0.840896782137389 0.867230946069492 0.868049257282984
81.285 0.423806227635337 -8.32708247380167 4.7439863180584 -28.2010652509526 7.00403003392313 14.9421299896689 346.237796939104 -33.5764796840953 41.0412524691315 0.840810783391802 0.866763021383247 0.867993618115866
81.315 0.423204425624901 -8.19282269367614 4.66463096399304 -30.3206533823459 8.84637512213387 15.2379933265799 347.254017245193 -32.4988317156858 40.4171272222183 0.840353521767271 0.866465624426425 0.867820219221013
81.331 0.379866447305138 -8.24508974452948 4.56902970784184 -29.2740842273174 11.2869284496151 13.1233542992654 347.928615520674 -32.0089485441172 39.7354144999965 0.840195378776236 0.866197967165285 0.867787483860091
81.345 0.533595507969369 -8.28548612743737 4.49741364043901 -26.8405689343567 14.1918233909132 8.86674406017857 348.655753968607 -31.6880536897055 39.7218730499969 0.840053050084305 0.866080673099949 0.867511238125275
81.392 0.73162712958149 -8.2807224382471 4.40231340398147 -23.7855196745088 16.6489769296844 3.57396278393171 349.190178571746 -31.5192483207349 39.2296857449972 0.839924954261567 0.865851510971457 0.867509400873928
81.405 0.977671369672047 -8.26434443499246 4.39423547926326 -19.9871203788137 17.7970563359526 -1.21549456316375 349.551160714571 -31.7273234886614 39.3867171704975 0.839809668021103 0.865768862525504 0.867384423703268
81.407 1.24944926329871 -8.30646649097441 4.43449022837978 -15.6227594859705 16.712007190907 -4.79699854196188 349.996044643114 -31.7945911397953 39.0480454534477 0.839832380687145 0.865817939189687 0.867271944249675
81.435 1.45352750744003 -8.29230248118972 4.47622616113872 -11.6780407892818 13.6728675405186 -7.01195517631531 350.396440178803 -31.7351320258158 38.9832409081029 0.839852822086582 0.865738647921911 0.86717071274144
81.452 1.57991664760332 -8.30631010996283 4.5440153034477 -8.07206877142233 9.51092429791711 -7.62144668158455 349.676796160923 -32.1616188232342 39.2849168172927 0.839997539892493 0.865667285780913 0.867326115631021
81.482 1.64446602898556 -8.38745096862597 4.58754787611502 -4.95875502405109 4.83998453988113 -7.01426384548716 349.74911654483 -32.6654569409108 39.3164251355634 0.840001465371395 0.865849843764002 0.867342790629099
81.494 1.66030281756269 -8.40720673388496 4.60320414692942 -2.77509326210399 0.8849937194808 -6.03573822429722 349.154204890347 -32.8189112468197 39.4047826220071 0.840131318848825 0.866014145948782 0.867480985729914
81.511 1.64929710007262 -8.4140932916366 4.62711100808487 -0.974683172534815 -1.15541404941384 -5.32453081408124 348.738784401313 -32.8370201221377 39.0043043598063 0.840121866432094 0.866285205517629 0.867728413456654
81.527 1.59468023338811 -8.38784976828959 4.68753299443458 0.800647740138515 -1.37727722462513 -5.04245941206243 348.544905961181 -32.7933181099239 38.9438739238257 0.840365851282412 0.866282647882599 0.86795109841072
81.555 1.60915096127001 -8.36590658452094 4.74508508439542 2.62897991268955 -0.48458767010155 -5.20538904337527 348.070415365063 -33.1739862989316 38.9494865314431 0.84045926616874 0.866526857258064 0.867905275130828
81.57 1.68771588375873 -8.37405011796338 4.80406456347419 4.25921169241296 0.700512318282651 -6.08790357415225 348.183373828557 -33.0965876690384 38.5345378782988 0.840795534120791 0.866623458093438 0.868233191158514
81.584 1.73346477363145 -8.31350372204228 4.89425623258454 5.4638248743167 1.6045068879811 -7.54399871292023 347.745036445701 -33.5669289021346 39.1810840904689 0.840845980723282 0.867079555824863 0.868405398342394
81.615 1.76709702265533 -8.25230815978984 4.99314581013175 6.75408360825908 1.97993406177841 -8.84914082636103 347.950532801131 -33.8702360119211 39.282975681422 0.841269452550984 0.867120886803556 0.868683302048923
81.629 1.82226574408059 -8.28521905218488 5.05772559633659 8.08096532376905 1.71171164796698 -9.66804353761806 348.495479521018 -33.783212410729 39.1346781132798 0.841146186764037 0.867527241663969 0.868564258405211
81.643 1.854320227984 -8.27150379903548 5.11961827985173 8.69576955475092 1.02756338393364 -10.1989491075204 348.145931568916 -33.8248911696561 39.3612103019519 0.841413762656559 0.867400480414306 0.868949059019337
81.674 1.86658940900869 -8.22564128000229 5.16448790709727 9.04833000385598 0.379005518822723 -10.5622603036386 347.771338412025 -34.1624020526905 39.8650892717567 0.841276065859055 0.867655958672607 0.868803439678583
81.689 1.86422414353049 -8.16784503721019 5.20487057161826 9.71830616377573 -0.117673659013748 -10.9411487770915 347.674204570822 -33.8661618474214 40.558580344581 0.84165652917318 0.867392865456539 0.869041539251494
81.704 1.89699089620014 -8.16874022480387 5.25168960385768 10.8014373794592 -0.414303239677259 -11.4157361894587 347.28678411374 -34.4995456626793 40.8827223101229 0.841241464749748 0.867649105210616 0.868763348243077
81.735 1.92965329969079 -8.18696380135303 5.25450197243614 11.8434310460935 -0.561422534030144 -12.3077503567724 346.938105702366 -34.9495910964114 40.8144500791106 0.841247318289342 0.867510157606288 0.868759487582495
81.75 1.93965642408267 -8.17385642954902 5.27355307981899 12.3720650407208 -0.236577990550793 -13.3220134890341 346.024295132129 -35.2346319867702 41.4730050711996 0.840999795646101 0.867508428406839 0.868509501740979
81.765 1.8831778117037 -8.15356041099903 5.2678943393725 12.579133345809 0.471812632931767 -13.8027892393673 345.021865618916 -35.6711687880932 41.8857045640796 0.840903495549642 0.867260088217348 0.868284514483614
81.795 1.84120561015751 -8.15528553521285 5.24693986637275 12.435723828022 1.55211228566912 -13.2164034452016 344.599679057025 -35.8240519092839 42.4971341076717 0.840816825462829 0.866789249316318 0.868082025951986
81.81 1.8443714737786 -8.0964444321005 5.25818790968847 12.138716330716 2.73659571359076 -12.2382745510631 344.279711151322 -35.7816467183555 42.9874206969045 0.840612352102239 0.866612827035879 0.867899786273521
81.822 1.87409567474363 -8.03833988680915 5.25747740843826 12.4240813388657 3.79957736360573 -11.9533783936667 343.75174003619 -36.1034820465199 43.6686786272141 0.840554796360167 0.866330449513794 0.867859094207348
81.853 1.87612731134031 -7.98065887130328 5.25192982475996 13.0602991591776 4.68068832953524 -12.5313229970481 343.216566032571 -36.453133841868 43.3818107644926 0.840123133438799 0.866199907213608 0.867452089968116
81.869 1.86969579644621 -7.96376115891661 5.24723631013369 13.7138112279927 5.23781033627637 -13.3163586362746 343.034909429314 -36.8278204576812 44.1436296880434 0.839988029280612 0.865958821673749 0.867456167532485
81.898 1.87091046620268 -7.94801448714726 5.2706052828038 14.1500636929797 5.34303693623652 -13.9244174291357 342.091418486383 -37.225038411913 44.889266719239 0.839866435538243 0.865865442157568 0.867213053430429
81.913 1.86727512522511 -7.9030769967913 5.29020083858409 14.6091031252084 5.04232102887241 -14.3716703427107 342.022276637744 -37.4025345707217 45.3803400473151 0.839883471452571 0.865781400593004 0.866994250738579
81.93 1.89057895520901 -7.8492855820548 5.32884599787448 15.2573531180311 4.52282175041265 -14.6413735374472 341.90004897397 -38.1022811136496 45.2823060425836 0.839772333493006 0.865705763184897 0.866920788581455
81.945 1.92974834125855 -7.82607229293806 5.36685878654529 16.125510935999 3.45603575857749 -14.8131140462979 340.770044076573 -38.5520530022846 46.2140754383253 0.839925100158275 0.8656376895176 0.866977996284489
81.976 1.93992151452557 -7.82301714189133 5.40765436846205 16.7541812164449 1.88295126668921 -14.8089018783094 340.293039668916 -38.5368477020561 46.9926678944927 0.839936269610599 0.865699883482573 0.86702948321722
82.007 1.9403983977448 -7.8226617053206 5.4508945735531 16.8779997360218 0.120610338493569 -14.355492606509 339.683735702024 -39.0631629318505 47.6334011050435 0.83994632211769 0.865755858051049 0.867199009059223
82.009 1.9375954234908 -7.78068269566196 5.49519773056241 16.7825661746333 -1.64335909230235 -13.5260502160871 339.015362131822 -39.2968466386655 47.9700609945391 0.840081689920491 0.866052746409669 0.867351582317026
82.035 1.94638533869177 -7.74314100690631 5.52154332158088 16.7760652823609 -3.33780180902632 -12.4505444311196 338.113825918639 -39.4471619747989 47.9730548950852 0.840329692421969 0.866319945932427 0.867488898249048
82.05 1.98685742150655 -7.70953306390001 5.56542551896381 16.9251763113767 -5.20249491056643 -11.3184670872443 337.722443326776 -39.642445777319 48.5157494055767 0.840300402647923 0.866437237900365 0.867612482587869
82.065 2.03890445885876 -7.66007242947656 5.61012689216203 17.1784602069566 -7.57537519050216 -10.1934906075275 337.190198994098 -40.2382011995871 48.944174465019 0.840652556952057 0.866665988274053 0.86796967786985
82.096 2.10789316050249 -7.62292003348325 5.66448390433132 17.6506905221388 -10.7773796561848 -8.89780566891214 336.831179094688 -41.0143810796284 49.3297570185171 0.840464510442544 0.866994915746379 0.86804518424659
82.109 2.2240919454578 -7.59253549320865 5.74686416341907 18.4260794851921 -15.39200810278 -7.21718540736444 336.808061185219 -41.4129429716656 49.1367813166654 0.84092612929832 0.866921387088475 0.868481892276579
82.122 2.3377089664653 -7.58416347274216 5.7977228196327 19.3529371855278 -21.9176927886852 -4.80768060708601 336.607255066698 -41.711648674499 48.9031031849989 0.841089687862015 0.867224774679359 0.868382989610101
82.169 2.3689163355811 -7.5603480509135 5.82446170138098 19.899322856288 -29.7808853418778 -1.45134002729344 336.066529560028 -41.7404838070491 48.812792866499 0.841488788975845 0.867251583772603 0.868663134189859
82.17 2.3650403823361 -7.51826421361085 5.86408899086813 20.4658791202775 -37.7379113115068 2.76096954795499 335.459876604025 -41.8864354263442 47.8915135798491 0.841343589546412 0.867521951695074 0.868422783687607
82.183 2.42182605319368 -7.49870436138734 5.9152560042569 21.2032606738986 -45.6694636918065 7.83830770766331 335.573888943623 -41.4777918837098 47.1223622218642 0.841717300491801 0.8673957194423 0.868821731773493
82.212 2.48544286060166 -7.4879838294997 5.95316603844425 21.8424765912416 -54.2162577806411 13.4682173949122 335.49650004926 -41.6500126953388 46.0101259996778 0.841422779628314 0.867651673797801 0.868565521512877
82.243 2.43765238256304 -7.41153714065679 5.95574143289084 22.2070838939495 -63.0686778041037 19.0534567241233 336.026850044334 -41.6850114258049 44.28911339971 0.841662696234408 0.867512469334755 0.868704495661321
82.245 2.31323810217722 -7.36278655235405 5.95548555933137 23.2352304663866 -70.6595199473575 23.9213934944591 336.264165039901 -40.9965102832244 42.860202059739 0.84137363579666 0.867633696565004 0.868583332656369
82.273 2.29356173096249 -7.38421287033947 5.97141609504252 24.8147608548625 -76.1477664259042 27.9109335343261 337.377748535911 -40.796859254902 40.3141818537651 0.841492443710521 0.867372829559697 0.868350962307465
82.291 2.37850437836185 -7.42989264035813 6.01310734076288 25.9958801892235 -80.458943981787 30.9320539213516 338.25997368232 -40.7371733294118 37.9027636683886 0.841220408525162 0.86726150952046 0.868018368727912
82.306 2.45896305688919 -7.41982836220794 6.07121962418842 26.349727284805 -84.8657213393335 32.9205279185294 339.413976314088 -40.3234559964706 35.4924873015497 0.840975576858338 0.867161321485148 0.8679658184163
82.336 2.46685212298067 -7.37826924348593 6.12705213526506 26.6842202051795 -89.4218972970032 34.3139713098826 340.812578682679 -39.8311103968236 32.9632385713948 0.840881698640656 0.866824094518135 0.868041710738395
82.351 2.41966376403419 -7.36007947467017 6.1537185075845 27.6051111617608 -93.4896312314251 35.9398260872912 341.531320814411 -38.8479993571412 30.2669147142553 0.840544117270476 0.866767647983055 0.867740042315749
82.365 2.41538175671799 -7.37644941874368 6.155093034771 28.6209359234473 -96.8834161998856 38.3099656159667 343.01818873297 -38.2031994214271 27.4802232428298 0.84049338501158 0.866593385835943 0.867592001000907
82.396 2.50460253414067 -7.37747554124614 6.16357255041621 28.9977736288125 -100.274463892874 41.0262972986448 343.696369859673 -37.2028794792844 24.4322009185468 0.840194635004307 0.866436549903542 0.86745876381755
82.427 2.5934006654312 -7.32596603758234 6.18754456096908 28.8674619147862 -104.182895366182 43.267179019162 345.026732873706 -36.3025915313559 21.6889808266921 0.840178850972028 0.86617180009469 0.867462173996975
82.428 2.64231407789198 -7.25943636650233 6.18421964932102 29.1372042729259 -108.464605829564 44.6068733309863 346.344059586335 -34.7723323782204 18.9800827440229 0.840038175060518 0.866057122736414 0.867341919514011
82.457 2.64437774551935 -7.18357836980571 6.16368968267994 29.9891327005951 -112.464710132104 45.3553463032312 347.649653627702 -33.2750991403983 16.5420744696206 0.840038037022618 0.866077373379506 0.867233690479343
82.471 2.62899681091035 -7.14876512091413 6.15431071799776 31.2864026366425 -115.887704767748 45.9763002225264 348.944688264931 -31.8075892263585 13.7478670226586 0.840037912788507 0.866095598958289 0.867259607992589
82.486 2.66722785377256 -7.20775445164193 6.15598513020677 32.550128785192 -118.805041161203 46.543555696457 350.230219438438 -29.7668303037226 11.2330803203927 0.840037800977808 0.866112001979193 0.867406121357055
82.517 2.71558201560752 -7.22642822141304 6.15797094106915 32.8790853723216 -121.479498877143 46.8487421115441 351.627197494594 -27.8101472733504 8.36977228835343 0.840164020894597 0.866250088342454 0.867537983385074
82.531 2.74760858043471 -7.19110086329151 6.12923210501888 32.7682760717307 -123.672007004696 46.8211198087866 353.244477745135 -25.6891325460153 5.91279505951808 0.840277618819706 0.866374366069388 0.867656659210292
82.547 2.80294828257953 -7.10663380712899 6.13036176240639 32.9830515179927 -125.25824141873 46.5611452324881 354.880029970622 -23.8402192914138 3.88151555356627 0.840506028431263 0.866609403626175 0.867886519588994
82.577 2.88932544566985 -7.06700528702705 6.13700484641966 34.2458150684835 -126.681272238689 45.9722062817584 355.812026973559 -21.6361973622724 1.75336399820965 0.840711597081664 0.866820937427282 0.868216311170863
82.591 2.97311025778469 -7.0920326445243 6.11916131444493 35.5845923402611 -128.314671732378 45.0559016841169 356.890824276203 -19.5325776260452 -0.161972401611318 0.840770437388067 0.867011317848279 0.868267154217502
82.619 3.0620438151361 -7.10192785266708 6.04258868695246 36.0620109688305 -129.939693108758 44.2518382332625 358.581741848583 -17.1593198634407 -2.48577516145019 0.841201463549291 0.867059472624631 0.868681665250399
82.636 3.16871952052129 -7.06953357699815 6.0119206690873 36.0695503299627 -130.812899370402 43.7884864710049 360.103567663725 -14.4233878770966 -4.33719764530517 0.841211317208931 0.867471968902937 0.868562785286539
82.65 3.28280388446343 -7.02637263873193 5.99886422611045 36.951144915287 -131.207181952445 42.931011869706 361.233210897352 -12.2010490893869 -6.24347788077465 0.841598255388069 0.867474058573823 0.868947733212532
82.665 3.39463761268579 -7.02421893542087 5.98771200111598 38.6071754619263 -131.061272917506 41.8806587743384 362.369889807617 -9.60094418044824 -7.47913009269719 0.841568429863831 0.867722179016172 0.868802246452459
82.695 3.51258609430661 -7.03898015497693 5.90812343535802 39.9914960836726 -131.066596007435 41.1032799198053 363.752900826855 -6.54084976240342 -9.07121708342747 0.841919656777479 0.867575924031288 0.86916324826186
82.711 3.63268592718247 -7.01096528957995 5.87677616636141 40.441964795916 -130.901921139516 40.8524939125576 365.05761074417 -3.96676478616308 -10.0840953750847 0.841604900285424 0.867813857927891 0.868996209996854
82.725 3.74293055620495 -6.9977827506427 5.88172330939934 40.9695240415152 -130.878141239305 40.5145727655767 366.771849669753 -1.59008830754677 -10.4556858375762 0.841952480156912 0.867534974786295 0.8690921152969
82.756 3.8327535017136 -6.99429816339887 5.85738545493035 41.7008159121729 -131.081930168809 39.5661689241335 367.954664702778 0.788920523207909 -11.2701172538186 0.841634441326914 0.86765395147139 0.868808866683944
82.77 3.84835214827686 -6.97961003483364 5.79118869753851 42.2513450079785 -130.521828754982 38.9110787492774 368.8991982325 3.29002847088712 -11.8831055284368 0.841727168687749 0.867514519240985 0.868800454179274
82.786 3.98030536843147 -7.00828925580706 5.83043225454247 43.0063631789364 -129.468882520705 38.5611922483955 370.22927840925 5.66102562379841 -11.8347949755931 0.841558131287126 0.867389030233619 0.868669695322527
82.815 4.1051684988094 -7.05840170214408 5.90920624596139 44.1232841129511 -128.741841596879 37.6188134815712 371.486350568325 8.69492306141857 -11.9713154780338 0.841279527344106 0.867276090126991 0.868552012351454
82.827 4.2092254614132 -7.148035059838 5.94604531641836 45.335383182572 -128.809642170015 35.8065504540248 372.377715511493 11.5454307552767 -11.8541839302304 0.841155254077847 0.866927386295794 0.868446097677489
82.842 4.28001209991848 -7.38013831120894 5.8662540171984 45.7262723452309 -128.393563449197 34.2640633475536 373.539943960343 14.110887679749 -10.9087655372074 0.840663545384712 0.866613552847718 0.86835077447092
82.872 4.28799502460071 -7.58783418544083 5.77738314161686 43.8979199198681 -126.340466646262 33.8155196082181 374.765949564309 17.0797989117741 -10.4778889834866 0.840600870314392 0.866331102744448 0.868141659940561
82.887 4.30481629736342 -7.70784248061134 5.70093080958713 39.9989676225378 -122.425503951102 33.8339676473963 375.449354607878 19.6918190205967 -9.91010008513796 0.840291371776838 0.866323955386737 0.867706399128008
82.901 4.33581704944775 -7.72678568196732 5.60441084111621 35.6151013946351 -116.659289433854 33.8635479818933 376.30441914709 22.6426371185371 -9.75909007662417 0.840139443784847 0.866070465029566 0.867808233378932
82.933 4.46074273929363 -7.82320234387313 5.44128752414784 32.2909958353243 -109.678093314896 33.2978038707269 377.313977232381 25.0583734066833 -9.50318106896175 0.839876087900248 0.865965921177802 0.867653372957772
82.949 4.60250482629566 -7.89920339473362 5.28059018252255 29.4191481601888 -102.447688563559 31.915351727929 378.042579509143 27.292536066015 -9.45286296206558 0.839892158578375 0.865995291976755 0.867390538313188
82.964 4.73338274065401 -7.97305115599878 5.13787793455685 27.1886837258493 -95.7174235239971 29.9764883108613 378.758321558229 29.3632824594135 -8.98757666585902 0.83978015190623 0.866021725695813 0.867277447398603
82.993 4.85841530475389 -8.06154077535374 5.02912921313791 25.458364971585 -89.4502613242692 28.1895265026759 379.342489402406 31.6469542134722 -8.50881899927312 0.839805816183758 0.865922055777425 0.867422176822467
83.009 4.9720818690661 -8.0604968662754 4.88402974549844 23.6293223675563 -83.6609603826819 26.7560700356144 379.928240462165 33.8822587921249 -7.89793709934581 0.839702443751075 0.865955813116416 0.867429245701401
83.024 5.09203900923163 -8.03411894402164 4.76978064725322 22.5862374590449 -78.6337956421236 25.8819897496103 380.935416415949 35.6540329129125 -7.58814338941123 0.839735878844119 0.866109518365954 0.867558795294986
83.057 5.20466914799658 -8.05838258291415 4.65702050759961 22.4070030261175 -74.844461879438 25.5655464998401 381.241874774354 37.4886296216212 -7.06932905047011 0.839892290974277 0.866371040693084 0.867675389929212
83.07 5.29981135451956 -8.05543987058221 4.56690885276708 22.7227912731241 -72.2913134014179 25.7700605521461 381.757687296918 39.2597666594591 -6.7223961454231 0.840159233370376 0.866483223184955 0.867780325100016
83.086 5.36275428942588 -8.04261605831342 4.47706951187056 23.7092907717659 -70.8728690841768 26.5373293060918 381.801918567227 40.6737899935132 -6.23015653088079 0.840273310047908 0.866707375030185 0.867874766753739
83.117 5.36972322236073 -8.04238725506386 4.38340513842704 25.0666059693985 -70.393979122324 27.933978054872 382.021726710504 42.6064109941619 -5.48714087779271 0.840628173612043 0.866785924088346 0.868205733619134
83.132 5.33134341988479 -8.0408046078961 4.30856428984465 26.4874262884892 -70.2148865536031 29.911572615797 382.699554039454 43.8657698947457 -3.97842679001344 0.840695356265408 0.86722577522028 0.868257634420946
83.146 5.31296241957112 -8.02256098678239 4.25832607546742 28.0234164840677 -70.064390264655 32.1074382549806 383.369598635508 45.1791929052711 -2.68058411101209 0.841133890538898 0.867252484259432 0.868673097433498
83.172 5.29779619584826 -7.98902317843313 4.22681848584976 29.8645862860426 -70.1892489481132 34.1608165668872 383.612638771957 47.201273614744 -1.39252569991088 0.841150501499577 0.867645679374258 0.868678261853873
83.188 5.24865255305481 -7.9987624850405 4.19355354648262 31.9445398711788 -70.7100187097904 35.9516051392061 384.191374894762 49.2611462532696 0.126726870080205 0.841669249491139 0.867507074353565 0.869051662123133
83.202 5.18503025963288 -8.03697656093831 4.17175537891474 33.5180248153587 -71.1863450830862 37.5747652359725 384.832237405285 51.4750316279426 1.61405418307218 0.841506004010177 0.86775189321794 0.868895782472
83.233 5.12166496331436 -8.04036432354565 4.15896049631196 34.2646956162655 -71.264657139663 39.3104184833676 384.629013664757 53.2875284651484 3.85264876476497 0.84186347350919 0.867602666812879 0.869124647765568
83.25 5.08247300578603 -8.04065995677336 4.17659453892014 34.9115084973871 -71.0511685249334 40.9289949556415 384.926112298281 55.2787756186335 5.86738388828847 0.841554335343964 0.86796084367236 0.868961469550192
83.264 5.0417534285198 -8.06277308402083 4.19545790263982 35.7997469606255 -70.8452883136614 42.0467824829781 384.773501068453 57.4908980567702 8.10064549945962 0.841655073303094 0.867790722221857 0.869183766135941
83.297 4.97553742290232 -8.1010503906395 4.19723174013768 36.8892379134179 -70.5157213143564 42.7230202652147 384.756150961608 59.4818082510932 10.2305809495137 0.841493245440936 0.867884124163397 0.86889135243908
83.311 4.91468607509756 -8.15872374818199 4.18021328185267 37.8797034350532 -69.8549888775772 43.4591151852581 385.340535865447 61.3936274259839 12.3875228545623 0.841347600364994 0.86759821439825 0.868751503756352
83.325 4.84860723428092 -8.21589700858718 4.16393898964763 38.1024201144486 -68.9473525852393 44.6254174071903 385.086482278902 63.5342646833855 15.1087705691061 0.841216519796646 0.867340895609618 0.86850231629745
83.357 4.79607950340654 -8.26555726958149 4.1769451532439 37.7608803930801 -68.0488005328223 45.9422649794484 385.037834051012 66.0008382150469 17.3778935121955 0.840972077002674 0.86723276896539 0.868401371228885
83.372 4.71714122317087 -8.29391115337164 4.19738955202779 37.4733419720927 -67.4698746780133 46.8694125273051 384.814050645911 67.8007543935422 19.6001041609759 0.841004869316976 0.867011994720044 0.868310520667177
83.385 4.61688749094472 -8.37826715793804 4.19950895520819 38.0313512863338 -66.998459729296 47.3664407402234 384.43264558132 69.720678954188 22.2600937448783 0.840654970879164 0.866813297899232 0.867981971251652
83.415 4.50666754334866 -8.49447000223335 4.18675191115832 38.4793611958684 -66.3780030693435 47.862621093682 384.629381023188 71.8686110587692 24.5940843703905 0.840593153259399 0.866510873290812 0.867933060687667
83.432 4.41399379572003 -8.60443948684278 4.17586914519813 38.0375319465106 -65.7554699379817 48.6191070759168 384.206442920869 74.0417499528923 27.1746759333514 0.840284426427345 0.866485748878464 0.867642257270093
83.447 4.3096381545132 -8.67384363691338 4.2000124438436 36.8864505075847 -65.2845030968553 49.7457459866458 383.885798628782 76.0575749576031 29.4372083400163 0.840259663252762 0.86621607917212 0.867380534194277
83.477 4.18327665210357 -8.71673473251159 4.26166474674622 35.9855917163682 -65.0568161459484 50.900179021569 382.877218765904 77.9918174618428 32.3134875060147 0.839984285421371 0.866220434171641 0.867268443691583
83.491 4.06063289535574 -8.8371585416701 4.26717284787727 35.9152768195406 -65.0549513252466 51.3788634094884 382.569496889314 79.6126357156585 35.2621387554132 0.839863066064927 0.86610089340567 0.867290885883605
83.505 3.90937252425431 -8.98265010785221 4.25740578891962 35.8794743284262 -64.6586164980655 51.0531908089976 381.752547200382 81.3713721440927 37.8559248798719 0.839753968644127 0.865993306716296 0.867311083856424
83.537 3.76186571940731 -9.11760281328403 4.25496008803364 35.1472520864233 -63.4889380543658 50.2837495906933 381.017292480344 83.1942349296834 41.0303323918847 0.839782251247866 0.8660199389614 0.867452449634507
83.551 3.67352204106704 -9.20057348135749 4.29986484178826 33.587488709842 -61.8614182947308 49.4889624178835 379.87556323231 85.074811436715 43.7672991526962 0.839934026137648 0.866290419228985 0.867456491232236
83.565 3.57647520824482 -9.18690107813751 4.35027491446368 31.6600375487815 -60.6172611980821 48.5805241913623 379.328006909079 86.7673302930435 46.4705692374266 0.840070623538453 0.86628734022282 0.867706368408744
83.592 3.45489598385283 -9.18626764909573 4.38217662032871 30.3047208168041 -59.7608785897243 47.4331587951268 378.175206218171 88.5905972637392 48.9635123136839 0.840193561199177 0.866531080364263 0.867808205731595
83.607 3.33583801750948 -9.21682215478552 4.37784815659907 29.1070731626046 -58.894714394874 45.8394612362248 377.557685596354 89.8115375373653 51.8671610823156 0.840430376572786 0.866750446491562 0.86789985932216
83.621 3.24125539449999 -9.1882968492496 4.37700515536177 27.5383505791686 -57.6495177645469 43.8662021355031 376.881917036718 91.1503837836287 54.360444974084 0.840517338930077 0.86694787600613 0.867859159951124
83.652 3.20126173962488 -9.09570617799651 4.41652889443374 26.3051262082746 -56.3334209499243 41.6414139830215 375.673725333047 92.2353454052659 56.7244004766756 0.8409736749371 0.867002374966697 0.86819168749678
83.668 3.17292888822556 -9.01830022923373 4.4391715829933 26.0853006103479 -55.5458803816494 39.2284176228873 374.946352799742 93.3318108647393 59.451960429008 0.841006307457959 0.867297663769759 0.868244992910827
83.683 3.11307253714562 -9.06367622666558 4.39532552111426 26.3332590989314 -55.2439640992097 37.2009957079268 373.871717519768 94.8586297782654 61.9667643861072 0.841413746612194 0.867317183953963 0.868538937160513
83.714 3.06171573051358 -9.15239870714844 4.34335436178695 25.6235973111757 -54.8928501320368 36.1106671295006 373.024545767791 95.9927668004388 63.9900879474965 0.841402371965544 0.867703909099335 0.868557517608187
83.744 2.99215113683234 -9.11858421714038 4.31148422139988 23.6062757479971 -54.3882979432606 35.6606691188406 372.262091191012 96.7734901203949 66.2910791527469 0.841770204669021 0.867682804750582 0.868942992302015
83.747 2.9120653232666 -9.04924536482331 4.31901339630579 22.1196939747241 -53.8067200573315 35.2266632756588 371.395882071911 97.6561411083555 68.3019712374722 0.841470393387811 0.867910050575255 0.868797979632994
83.775 2.8143102908789 -9.0755455559716 4.26922665781047 21.4550528215265 -53.2550556851861 34.3665923679403 370.49629386472 98.3305269975199 69.991774113725 0.841831423949061 0.867745008434463 0.869036625210463
83.791 2.68934034568002 -9.16439793701995 4.17994628023743 20.5064941042593 -52.232603551782 33.3200094670241 369.266664478248 99.3574742977679 71.8125967023525 0.841525490739847 0.867842981754742 0.868882249250597
83.806 2.55675609643993 -9.22586980637337 4.11383945052301 18.719966831238 -50.2200302195046 32.3254131004744 368.819998030423 99.9817268679911 73.8713370321172 0.84162911315939 0.867684646496001 0.868866498489262
83.834 2.44580998184446 -9.28239163616084 4.05799446974226 16.6143823618546 -47.1110042967908 31.178367973633 368.237998227381 100.483554181192 75.4242033289055 0.841469881311602 0.867665468407581 0.868482351291529
83.85 2.34823296811131 -9.2945949392806 4.04622077769662 14.4895853470432 -43.2243313480277 29.6414472068041 367.474198404643 100.815198763073 77.4217829960149 0.841326572648594 0.867401424218016 0.868506590326101
83.865 2.28351770352674 -9.29073378061865 4.0247308238741 12.7994054382931 -39.1675470681868 27.6612719517725 366.786778564178 101.833678886766 78.9796046964135 0.841071124569427 0.867287244712947 0.868405217854671
83.895 2.23892091373818 -9.30928546740664 3.99407726148333 11.4522893219447 -35.1668228957192 25.4378928481983 366.348100707761 102.210310998089 80.3216442267721 0.840841221298177 0.867061022892846 0.868190658985937
83.911 2.19698815339998 -9.3247250427668 3.96565108555168 9.99637336684947 -31.2959421328649 23.2498287542182 365.413290636984 102.36927989828 81.8294798040949 0.840760778636511 0.866980883520294 0.867997556004077
83.925 2.16074504370268 -9.33484973697645 3.94282085649022 8.32727038130956 -27.4068059348456 21.2790443520788 364.931961573286 102.392351908452 83.0665318236854 0.840561909958552 0.866908758084998 0.867576705585172
83.957 2.14350898785689 -9.30822854806885 3.93412496106489 6.39988685462899 -23.4874993871625 19.4725139626725 364.258765415957 102.773116717607 83.8198786413169 0.84038292814839 0.866596787458001 0.867568321587835
83.971 2.15433275452225 -9.25446162435327 3.93120676389334 4.75760809283021 -19.9059250209654 17.6680106580083 363.412888874362 103.115805045846 84.9778907771852 0.840095223827436 0.866439611363394 0.867313992080244
83.986 2.16317633167775 -9.19583617877586 3.93049574593601 3.59558774156246 -16.9542638165788 15.822583638009 362.891599986926 103.424224541262 85.7801016994667 0.840089380912844 0.866421613143788 0.867208555788953
84.016 2.19046872296219 -9.14624558000228 3.9280003133407 2.84671599030697 -14.5916618624018 14.1586458848951 361.822439988233 103.701802087135 85.78209152952 0.839957652007252 0.866158357010912 0.867236986771238
84.045 2.22754157875435 -9.10724043347056 3.91929008570231 2.36204439127628 -12.75005292807 12.754231678085 362.18019598941 104.551621878422 86.023882376568 0.83983909599222 0.866045023961013 0.867262574655294
84.048 2.25330555404236 -9.06698824910177 3.91677798634992 1.93576361627079 -11.3132155741943 11.575755075162 361.902176390469 104.71645969058 86.6014941389112 0.839985186407567 0.866066484481645 0.867285603750945
84.076 2.2695499536247 -9.03728546453583 3.90565855925881 1.65745443021623 -10.104031421355 10.583065063829 361.171958751422 105.464813721522 87.0013447250201 0.84011666778138 0.866209122594661 0.867429517539575
84.092 2.27585005851247 -9.00211341756345 3.90600597523692 1.54132730780529 -8.86691072196762 9.63010206889646 361.17476287628 105.71833234937 87.5412102525181 0.840361172496769 0.866337496896375 0.867435852346798
84.106 2.2876852282136 -8.97949673751975 3.91230417188742 1.69864495870415 -7.52983797038155 8.66480178567094 361.417286588652 106.306499114433 87.6670892272663 0.840581226740619 0.866576221370462 0.867564741275843
84.136 2.2972594912275 -8.96764115709053 3.92228210774128 2.09519267657419 -6.24097631074797 7.6998483246611 361.275557929787 106.355849202989 88.1403803045396 0.840653104081127 0.866667885794596 0.867557553709439
84.151 2.30845008034328 -8.97067791418421 3.9392828417456 2.52842150051983 -5.1176420384518 6.92681005708048 361.388002136808 106.52026428269 88.2063422740857 0.840843965166541 0.866873571378862 0.867920241879263
84.166 2.31546901826995 -8.97843876656462 3.95117173248254 2.7771060680251 -4.14328241475929 6.4478695093877 361.429201923127 106.848237854421 88.4457080466771 0.840889568664456 0.867181740540707 0.868000691855062
84.196 2.31298736779336 -8.97189633110079 3.97114926863064 2.75512065206228 -3.28544272290168 6.13667034470847 360.926281730815 107.203414068979 88.4811372420094 0.841308681698041 0.867212853047816 0.868441849124203
84.211 2.29231852336326 -8.95691018157225 3.99673064608887 2.67197499906979 -2.57979921397029 5.8191865163445 361.073653557733 107.643072662081 88.7530235178085 0.841307813542807 0.867610011283803 0.868346950772963
84.226 2.27874438205599 -8.94629568624217 4.02226781898303 2.73149505641472 -2.01571242234426 5.37848923875585 360.90628820196 107.858765395873 89.0577211660276 0.841685102088557 0.867598296716603 0.868753482150314
84.256 2.27137592052733 -8.94542164892899 4.04453301477638 2.88887990191829 -1.55230911904113 4.81163268129248 360.815659381764 107.752888856286 89.2719490494249 0.841393801065394 0.867833993344674 0.868873660235014
84.271 2.25833980991228 -8.95091972909225 4.05655109925455 3.01373236974173 -1.08104767278587 4.22588926049148 360.554093443587 107.717599970657 89.5247541444824 0.841762490858885 0.86767655692694 0.869104737752281
84.286 2.25965572077439 -8.9539526417421 4.066948378474 3.03678661368359 -0.487446722301177 3.74146827337363 360.438684099229 107.925839973592 89.7522787300342 0.841589921241148 0.868027344775014 0.868943550538233
84.316 2.26233640323644 -8.95141502451003 4.072415367714 2.91020718895645 0.178091843058712 3.34747411779199 360.814815689306 107.993255976232 89.7170508570307 0.841813123685959 0.867850573214246 0.869167639025178
84.329 2.27229076931386 -8.93632217852265 4.09283811088034 2.75888112654935 0.852649070966581 2.93562746937157 360.733334120375 108.233930378609 90.2253457713277 0.841509020503056 0.867937990056547 0.868876838039394
84.346 2.28166867175259 -8.93117825336448 4.1098419031706 2.75780217419976 1.46051393486229 2.48328609648021 360.060000708338 108.210537340748 90.3228111941949 0.84148811846732 0.867646693702085 0.868861628399179
84.376 2.30178051780365 -8.92630925310127 4.12466647635757 2.86064791097826 1.8862182665669 2.0441177921757 359.994000637504 108.369483606673 90.7105300747754 0.841342986088739 0.86750798724861 0.868601428475995
84.392 2.32119798890384 -8.91205109237855 4.14231815109425 2.9089342649186 2.05637506586441 1.78779761601157 359.634600573754 108.332535246006 90.7594770672979 0.841212366948017 0.867136093705252 0.868490572189575
84.406 2.33322689740329 -8.90418672334455 4.17352758201754 2.95086526590766 1.97287496385812 1.77390335059362 359.671140516378 108.539281721405 90.6835293605681 0.841094809721366 0.86692498698592 0.868390801531798
84.436 2.34010248609008 -8.90818190370175 4.19658820348498 2.96722912099628 1.68932792548758 1.93697103080143 359.64402646474 108.665353549265 90.7951764245113 0.840735917243115 0.866858451204061 0.868054224029811
84.452 2.33306255246063 -8.89950730616605 4.21411061749622 2.85218559820963 1.27154017110676 2.05090751550755 359.319623818266 108.598818194338 91.4356587820602 0.840539534704496 0.866551511265157 0.868121275790555
84.466 2.3199031439858 -8.89092206550916 4.22700775086074 2.72498230556424 0.87873729903425 2.02749615326977 358.72766143644 108.598936374905 91.5920929038541 0.840236169727932 0.866398862789835 0.867811650862692
84.496 2.30662315673566 -8.90396504038525 4.23113326209058 2.55630086890095 0.651932271420901 1.96825798832447 358.614895292796 108.899042737414 91.6728836134687 0.840216232223291 0.866261479162044 0.867532988427616
84.512 2.29329449165108 -8.88625501782255 4.25274292210283 2.27624330109482 0.665364998477284 1.97524898338515 358.633405763516 109.409138463673 91.2655952521219 0.839945197494847 0.866261294162573 0.867282192236048
84.527 2.28985796774843 -8.87809721699855 4.27548360448667 2.13029836029832 0.840049872675358 2.06398362703137 358.170065187165 109.628224617305 91.6190357269097 0.839827886931055 0.866137667397509 0.867303259573623
84.554 2.28927900557594 -8.8775786406234 4.29505242963065 2.02719218839062 0.952228091514692 2.10338679104579 357.933058668448 110.365402155575 91.7571321542187 0.839975098252519 0.866026403308951 0.867198896532994
84.57 2.27858259229252 -8.88010464725808 4.30476346665111 1.8931752596279 0.919600702210551 2.15717024934579 357.539752801603 110.368861940017 91.7014189387969 0.839981267895418 0.866173049539236 0.867104969796428
84.585 2.25949873282065 -8.8963841910772 4.31104935753483 1.718361550459 0.795579563287206 2.28343795723564 357.305777521443 110.131975746016 91.7712770449172 0.839986820574028 0.866305031146492 0.867389999116516
84.614 2.234063247623 -8.91989427050463 4.31467161370639 1.36637272365737 0.657242981004287 2.43830026838231 357.155199769299 110.098778171414 91.8941493404254 0.840118138531195 0.866423814593023 0.867400285766045
84.629 2.2043478427368 -8.9202238551424 4.31882943326227 0.76484995510843 0.612892728705385 2.52805802780362 357.559679792369 110.368900354273 92.4247344063829 0.840236324692644 0.866653907297446 0.86740954375062
84.644 2.18795890254118 -8.92518909856493 4.32358904135816 0.218899310742625 0.685954600873014 2.43021405708432 356.783711813132 110.912010318845 92.4822609657446 0.840468863716907 0.866737803128881 0.86766411567529
84.674 2.17255043961708 -8.90930717067255 4.33056615101629 -0.299937185217133 0.720412575900217 2.11314684984918 356.625340631819 110.980809286961 92.1140348691701 0.840678148838744 0.867059549115725 0.867893230407492
84.689 2.16676325778458 -8.89148197957575 4.33283525384069 -0.615744993412977 0.644554524417065 1.7117558289864 356.242806568637 110.802728358265 92.2626313822531 0.8411184038549 0.866979557120885 0.868222350907512
84.704 2.16394899350667 -8.8889067148152 4.32164950677693 -0.809132326132748 0.399183041441008 1.29706879570608 356.378525911773 111.122455522438 92.5163682440278 0.841010242937561 0.867400044949566 0.868272589980485
84.735 2.15387442763684 -8.87725155129877 4.31038523473388 -0.978600772908787 0.0829288594343115 0.922323748196537 356.980673320596 110.930209970195 92.6247314196251 0.841291413212731 0.867409327015789 0.868686557437084
84.75 2.1473212276939 -8.8655647567646 4.30024738989514 -0.980740695617908 -0.159715171547288 0.624747861926502 357.222605988536 110.817188973175 93.1422582776626 0.841292271906027 0.867786837854979 0.868813427993107
84.763 2.1502818854192 -8.84535015807178 4.29363721503831 -0.879613190941613 -0.370461211644467 0.324105136802554 357.200345389683 110.955470075858 92.8880324498963 0.84154523928435 0.867757440630661 0.869173311648444
84.793 2.1503128580635 -8.82721690999531 4.28481501842157 -0.717606070320734 -0.551735701167043 0.0176488215955809 357.420310850714 111.079923068272 92.8992292049067 0.841520715370484 0.868100140108363 0.869005267044779
84.809 2.15794232836829 -8.83178636432049 4.28351895664289 -0.513784394586371 -0.701142283722095 -0.179535907892221 357.678279765643 111.611930761445 93.089306284416 0.841876713733467 0.868039412658707 0.869345966794948
84.823 2.15475321428299 -8.8263220757278 4.27588816273946 -0.462405955127734 -0.887516604968206 -0.224177736950328 357.430451789079 111.2507376853 93.0203756559744 0.841692721828272 0.868230997692568 0.869037333032187
84.853 2.14960852220344 -8.82385830611278 4.26878102828925 -0.390974519920304 -1.05143670019658 -0.130767596843081 357.747406610171 111.46566391677 93.138338090377 0.841779621138972 0.867910400574504 0.8691291260287
84.869 2.14330235977192 -8.83289360282084 4.26070866772412 -0.219815999225984 -1.11881211414638 -0.0566221348686966 357.612665949154 111.119097525093 93.4245042813393 0.841605338493226 0.867868647078234 0.868718716077023
