54.027 -2.98369206448313 5.25002316728584 8.35325170075816 -1.22305325501232 1.00181203592662 -1.7967734062891 291.357461132576 136.202761799422 69.4793420954938 0.839326906914202 0.865137850494722 0.866420867582796
54.056 -2.97891183012649 5.25671321238892 8.3476371096008 -1.23280899821338 0.893233885769077 -1.7468670580266 291.381715019319 136.26248561948 69.2514078859444 0.839397895690934 0.865002970626753 0.866651254988241
54.074 -2.9747891960793 5.25908306317762 8.34994615254697 -1.06983344190349 0.785589886505146 -1.69966126825447 291.703543517387 136.016237057532 68.9862670973499 0.83908192283649 0.86500517621527 0.86648863214061
54.091 -2.97790229364513 5.25606842408092 8.35136587445047 -0.919338647331466 0.80550418029738 -1.75106918723055 291.753189165648 135.674613351778 68.5076403876149 0.839050939738533 0.864759828514447 0.866465731843282
54.12 -2.98124278823387 5.25778449388902 8.35797075352764 -0.960992568857861 0.902052998908863 -1.74848135247696 291.797870249083 135.727152016601 68.3168763488535 0.838896434258565 0.864662750844505 0.866321661310147
54.136 -2.97766518509255 5.25879027377868 8.36696776081648 -1.14657270128505 1.030168309705 -1.65607596532087 292.078083224175 135.894436814941 68.8651887139681 0.838630607547358 0.864575380941557 0.865944665099837
54.15 -2.97211098595738 5.26460360823248 8.37075550850802 -1.29374749222525 1.18287666957419 -1.57367447565901 292.090274901758 135.684993133447 68.8786698425713 0.838644755978315 0.86412512650563 0.865729103771356
54.179 -2.96639394692432 5.26893777255572 8.36758040931738 -1.28192999491112 1.29435999498319 -1.49264290595571 291.861247411582 135.736493820102 68.7708028583142 0.838404097095133 0.864091519036569 0.865411363314924
54.21 -2.96980788646804 5.26655371133408 8.36502208304629 -1.21709577404596 1.3275194153322 -1.44643205047464 291.655122670424 136.022844438092 68.9137225724828 0.838314275879505 0.86368965079114 0.865372729634625
54.212 -2.98060173695087 5.269196502661 8.36828609101973 -1.27095871572534 1.35049266463867 -1.42545296756458 292.429610403381 136.040559994283 68.9223503152345 0.838106665006204 0.86357585563273 0.865214361852665
54.239 -2.98127808783769 5.26660703923877 8.37218137794437 -1.37516055407647 1.36582507756412 -1.36306034256385 292.646649363043 136.776503994854 68.570115283711 0.838173207691276 0.863473439990162 0.865195428318592
54.253 -2.99002708149838 5.26020638322749 8.37622586679789 -1.40863686508103 1.33000592858633 -1.39163980449067 292.601984426739 136.838853595369 68.1331037553399 0.837979703636798 0.863505001172648 0.865054790668235
54.27 -2.99981653529007 5.25785751500057 8.38124253564178 -1.38685714803858 1.23899006855213 -1.4669796408355 292.981785984065 136.834968235832 68.1597933798059 0.837932321767004 0.863409670976088 0.864928216782914
54.298 -3.01407385919332 5.25376833103591 8.38444079947262 -1.50542334163167 1.12959487849081 -1.53096869965271 292.423607385659 137.131471412249 68.1238140418253 0.837889678084189 0.863323873799183 0.864814300286125
54.315 -3.02624703395819 5.25014790853107 8.3894140779238 -1.74495734334636 1.08304760438218 -1.59695579915309 292.581246647093 137.218324271024 68.2714326376428 0.837977919461463 0.863493989070458 0.864958833174246
54.331 -3.04875491513421 5.25736416244726 8.39341118865559 -1.9872555021415 1.13504818745542 -1.69832892152786 292.843121982383 136.816491843921 68.4042893738785 0.837930716009202 0.863523495344915 0.865088912773555
54.358 -3.06530099916705 5.26481647072035 8.39652974843993 -2.18318644047697 1.36734489542743 -1.86819068586362 292.958809784145 137.054842659529 68.5238604364907 0.838141323876434 0.863550050991926 0.865329308057379
54.375 -3.06002133317216 5.25943281749902 8.41968719458593 -2.33967695673461 1.68557223794576 -2.11724947987268 293.422928805731 136.789358393576 68.9914743928416 0.838204400674483 0.863944332453913 0.865545663812821
54.391 -3.05191775465689 5.23788797706382 8.44657423760902 -2.6072359786184 1.80938142636492 -2.38338712730526 293.480635925157 136.550422554219 68.3323269535575 0.838387640075186 0.864052401859715 0.865740383992719
54.42 -3.04492379699363 5.23022919759169 8.48370125293504 -3.01903146472603 1.55210740586583 -2.62291100999458 293.532572332642 136.455380298797 68.2190942582017 0.83842608525336 0.864396448234923 0.865915632154627
54.434 -3.04341763383937 5.21794937132312 8.52711140870843 -3.36216648619236 0.956438650012075 -2.93619242807909 293.279315099378 136.669842268917 67.5771848323815 0.838839648221551 0.864582766328164 0.86619654310289
54.45 -3.05870179647319 5.18822272490126 8.56761706852728 -3.84808724215328 0.218046693407814 -3.35631364328645 293.53138358944 136.862858042026 67.4794663491434 0.838832892585089 0.864873776256528 0.866079391443794
54.477 -3.07682696861726 5.16930975798364 8.60796277210546 -4.61747699122039 -0.48620072402457 -3.71228533239292 293.458245230496 137.456572237823 67.8115197142291 0.839205774820107 0.864888901282068 0.866466978599146
54.491 -3.09146368398698 5.15623854056236 8.65456891493886 -5.47404990278537 -0.988725689790052 -4.02426290602386 293.692420707446 137.090915014041 67.8103677428062 0.839288876806248 0.865272485317586 0.866322783390424
54.506 -3.10056656504659 5.13974588920387 8.6892121592482 -6.34114872930073 -1.26237220478051 -4.40351600473445 293.963178636702 137.421823512637 68.2293309685255 0.83961616061915 0.86512414196733 0.866562979215107
54.538 -3.09786555086066 5.12454334923368 8.72110929125429 -7.26428576476761 -1.41857773239406 -4.78301173250528 293.666860773031 137.419641161373 68.186397871673 0.839405133051121 0.865484201934322 0.866285586475099
54.552 -3.0910652123197 5.10278067614503 8.7401202264477 -8.19052894401604 -1.58053675304779 -5.14287849818605 293.580174695728 136.997677045236 68.3277580845057 0.839594619760578 0.865190951661594 0.866529501991314
54.567 -3.07955795904732 5.07726861500025 8.75549428549849 -9.27758291984344 -1.81713956629263 -5.5362242361537 294.042157226155 136.797909340712 68.8749822760551 0.839385746278406 0.865297819412168 0.866255456973685
54.597 -3.07117665750447 5.05556470271898 8.75939498741129 -10.5208169942713 -2.14382255622825 -5.94901402627879 293.79794150354 136.798118406641 69.3074840484496 0.839577171665135 0.865023207391656 0.86625587419305
54.611 -3.0661473954558 5.0301653693642 8.77361967324047 -11.7687352948442 -2.62027999526191 -6.40907445571198 294.178147353186 136.678306565977 69.3367356436046 0.83924327121327 0.865023389303683 0.866009191955248
54.626 -3.06802555485126 4.98695527468852 8.78265106223967 -12.893388482917 -3.22313749191893 -6.85060975823239 294.640332617867 136.210475909379 69.6030620792442 0.839196153277636 0.864776220294019 0.865910775410916
54.657 -3.0695363214334 4.94549241323529 8.80281010457527 -13.953667955236 -3.77715962058963 -7.23272435492823 294.636299356081 136.209428318441 70.0227558713198 0.839027126443758 0.864553768185322 0.865822200521017
54.671 -3.07418804741384 4.90135234587722 8.83376223315583 -15.0369271139109 -4.17501617761464 -7.57433741561862 294.572669420473 136.148485486597 70.4604802841878 0.838748230514032 0.864600894017982 0.86549515038962
54.688 -3.07406504192783 4.86066860550641 8.86329513612199 -16.1118603567183 -4.36285807130356 -7.83140749085065 294.575402478425 136.153636937937 70.434432255769 0.838623995956514 0.864148088274412 0.865448138001851
54.717 -3.07275721346289 4.82141961986422 8.89915228327639 -17.177010198909 -4.32580890539458 -8.06506063489535 295.237862230583 135.858273244144 70.7109890301921 0.838385413075512 0.863864575724874 0.865282229383169
54.731 -3.04997250659719 4.76263237894713 8.93603253758425 -18.2066374232929 -4.18635778584748 -8.3226767088104 295.654076007524 135.292445919729 70.2998901271729 0.838297460261846 0.863609414430289 0.865256509096045
54.747 -3.02916700741757 4.70703039974993 8.97922051307387 -19.2653629939407 -4.14482124390396 -8.58735560281486 296.148668406772 135.023201327756 70.6499011144556 0.838091530950311 0.863503642907964 0.864986028107145
54.777 -3.01798378617563 4.6311910844835 9.01389991364027 -20.2143992136306 -4.29064446302501 -8.75915439367841 296.713801566095 134.540881194981 71.3249110030101 0.837906194569929 0.863408448537872 0.865113388213163
54.791 -3.02060814372598 4.56544961008361 9.05229397226403 -21.2074631090615 -4.52951894802022 -8.88247559553194 297.222421409485 134.946793075483 71.8124199027091 0.837739391827586 0.863446508865588 0.86510455204304
54.806 -3.01584733431249 4.49077983027337 9.09929846175638 -22.2096175615141 -4.65671972497392 -9.05682345582608 297.620179268537 135.012113767934 71.9511779124381 0.83784266183052 0.863480763160531 0.864973002020239
54.838 -3.00791143987812 4.41759150617395 9.145014176799 -23.2627016068894 -4.7223454624002 -9.24885103390759 298.098161341683 134.590902391141 72.4360601211943 0.83793560483316 0.863511592025981 0.864854606999717
54.851 -2.99478363645885 4.34896868520743 9.1913058728276 -24.2433016752081 -4.80736282455712 -9.32778272440996 298.348345207515 134.511812152027 72.6924541090749 0.838145723817996 0.863415602744087 0.865118432860926
54.866 -2.98314816641343 4.26769539761931 9.2366195413737 -25.2037043321148 -4.87471814515485 -9.44843956647278 298.633510686763 134.620630936824 72.8632086981674 0.838208360621889 0.863576545120872 0.865232552491566
54.896 -2.97315508324682 4.18377554161897 9.28015519618408 -26.332952219514 -5.01091045277677 -9.68145820524535 298.950159618087 134.898567843142 73.1968878283507 0.838391204027852 0.863597795790287 0.865335260159143
54.911 -2.95811596690517 4.09226637849406 9.32598124837353 -27.6935501273336 -5.37852169757543 -9.78506810991166 299.115143656278 134.668711058828 73.4971990455156 0.838429292810759 0.863987302772438 0.865551020704409
54.927 -2.95373856287212 4.01038697155591 9.36004209723003 -28.8684699237605 -5.92234891713086 -9.78289717678309 299.683629290651 134.881839952945 74.4274791409641 0.838716363544252 0.864091075146388 0.865745205195148
54.956 -2.95740049416731 3.93094942682036 9.39267201607758 -29.7633023206975 -6.313320132288 -9.88094333696738 299.955266361586 134.71365595765 75.6247312268677 0.838974727204397 0.864431254192929 0.865796647592366
54.971 -2.96057652236441 3.85209346157058 9.42563028978111 -30.5976591115285 -6.43389651600577 -10.0462841177745 300.199739725427 134.442290361885 75.6222581041809 0.839333425977484 0.864490631424829 0.866212509132861
54.987 -2.95948451877909 3.7710674316443 9.45056413275124 -31.2974351851084 -6.41493434532122 -10.1363121945466 300.419765752884 134.438061325697 76.2200322937628 0.839403762847887 0.864914042446071 0.866217221136308
55.017 -2.94347810257623 3.67845170296046 9.49293638463725 -31.9837222009488 -6.36962411689597 -10.2097038758553 301.517789177596 134.614255193127 76.3380290643865 0.839719558056626 0.864801543382966 0.866467973186402
55.031 -2.92931174793079 3.56918032702934 9.52580417271771 -32.7288614312356 -6.39144033116057 -10.3047640226209 302.446010259836 134.592829673814 76.7442261579479 0.839624811436656 0.865193863208395 0.866447138784495
55.046 -2.91710071168752 3.46892070535241 9.56711671122597 -33.4849829216998 -6.53473904613612 -10.420852505855 302.861409233853 134.513546706433 77.5298035421531 0.839918501786517 0.865053382069058 0.866797951205777
55.077 -2.9067093289114 3.36210720327572 9.60932586224693 -34.1250342478504 -6.76599796594999 -10.5100649651932 303.775268310467 134.62219203579 78.0568231879378 0.839803860793558 0.865297330423332 0.866497061266702
55.091 -2.9019060870603 3.26142607260117 9.64611695079641 -34.6674926551265 -6.88710809301911 -10.6094401480632 304.117741479421 134.239972832211 78.411140869144 0.839953474728772 0.865022767301703 0.866719829303757
55.106 -2.88555230563241 3.15477189536424 9.68958392621848 -35.0434914812169 -6.79381713104544 -10.7568930798217 305.085967331479 134.19597554899 78.6700267822296 0.83970871574978 0.865022993222726 0.866550349024574
55.137 -2.85221896647237 3.01874012752353 9.71864847137129 -35.3689133254616 -6.71825221183403 -10.8766236191678 305.597370598331 134.036377994091 79.0230241040066 0.839615053360495 0.864775863821158 0.86652127703885
55.151 -2.83143665264984 2.90020211044531 9.75989006573196 -36.0182815349002 -6.845663631872 -10.882854387022 306.477633538498 133.712740194682 78.920721693606 0.839404136518331 0.864553447359746 0.866371651986158
55.167 -2.81207415346151 2.78202572617156 9.78970521641585 -36.7317205569827 -6.9786545205932 -10.8701414674038 306.909870184648 133.541466175213 79.6686495242454 0.839340932052191 0.864353272544476 0.866113391969045
55.198 -2.78728572920423 2.66914277511736 9.82527765589487 -37.3783958295287 -7.04872799983159 -10.8884708321138 307.178883166183 133.507319557692 80.1017845718209 0.839157427340857 0.864049241567931 0.865880957953643
55.211 -2.76677182074304 2.55455957565815 9.851367196061 -37.7848310557361 -7.18507657389423 -10.7912268023375 307.240994849565 133.176587601923 80.4316061146388 0.838611501764185 0.863899487331842 0.865671767339782
55.241 -2.73591930946036 2.43353804392317 9.87215431983869 -38.0658899348953 -7.40931700810786 -10.5663025953862 308.376895364608 132.878928841731 80.8484455031749 0.838500940081652 0.863640834876561 0.865607093256996
55.256 -2.71659159016899 2.33635025420218 9.90588634421468 -38.3661711704134 -7.65159141416731 -10.3974585953896 309.339205828147 132.791035957558 81.1636009528574 0.838147739238569 0.863655656570407 0.865301553852001
55.286 -2.70560113804601 2.20841923831489 9.91745072492993 -38.525737259479 -7.83834066969714 -10.3058043389041 309.725285245333 132.471932361802 81.5672408575717 0.838083553808598 0.863545260834071 0.865150303648304
55.288 -2.69247756198402 2.08633813391852 9.93653758069011 -38.9105681136837 -7.84763637371979 -10.2057582561587 310.492756720799 132.364739125622 81.8705167718145 0.838025786921624 0.863445904671368 0.865014178464976
55.317 -2.67641662772318 1.97508847532327 9.95898298949122 -39.2294349664375 -7.68348342337071 -9.96075494962679 310.88348104872 132.328265213059 82.3234650946331 0.837973796723347 0.863356484124935 0.865015263269671
55.331 -2.64915282025177 1.85245828465511 9.98947896239268 -39.332445668267 -7.43345569172067 -9.68147334779389 312.075132943848 132.175438691754 82.6111185851698 0.837800233765662 0.863399740893944 0.864892642124207
55.347 -2.63030162895535 1.70743504437109 10.0124362022618 -39.3969110251045 -7.14125516071654 -9.42401303591526 312.727619649463 132.217894822578 83.1700067266528 0.837897419574788 0.863314936725254 0.86502934082852
55.378 -2.6131559799148 1.557281673899 10.0341152886396 -39.5152351897696 -6.77522124769832 -9.15565753385046 313.854857684517 132.19610534032 83.1330060539875 0.837858266111195 0.863362348234231 0.865152369662401
55.393 -2.58078592330515 1.39802205908362 10.0542249923807 -39.7064597623957 -6.41907316873001 -8.94772536825167 314.569371916065 132.116494806288 83.6397054485888 0.837949648685768 0.863405018592311 0.865386419257341
55.423 -2.5670954583016 1.25420956550297 10.0956073027129 -40.2961191296676 -6.23365440147533 -8.85982306043414 315.032434724458 131.864845325659 84.2757349037299 0.837905272311077 0.863567019384273 0.865597063892787
55.439 -2.55956246238294 1.13208063644103 10.1415902812429 -41.125285842655 -6.04616682392322 -8.65628350248233 315.869191252013 131.818360793094 84.5481614133569 0.838370916573496 0.863712820097039 0.865786644064688
55.454 -2.55553609533318 1.01180967794595 10.1751937424374 -41.5936732889239 -5.64384021786678 -8.43874675528753 316.862272126811 131.776524713784 84.5533452720212 0.838411034101839 0.864090824648515 0.865833942574952
55.47 -2.52270310881622 0.865438152313873 10.2013068755179 -41.6388861127032 -5.08632642508773 -8.44143696525496 317.57604491413 131.078872242406 84.4980107448191 0.838573610159807 0.864060647365166 0.866246074617189
55.5 -2.47429906513889 0.711258139277081 10.2175064110496 -41.5925547533413 -4.77540370624308 -8.51027036796611 317.798440422717 131.110985018165 84.5082096703372 0.838719928611978 0.864527056792374 0.866247430072203
55.514 -2.44635758864819 0.570281493125481 10.2284348509078 -41.5821542398392 -5.02763432798519 -8.49741127010079 318.478596380446 130.779886516349 84.7573887033035 0.839104107244307 0.86457685376433 0.866618213364714
55.531 -2.44389533461278 0.429097152463903 10.2274366111783 -41.6941678234889 -5.58670295625537 -8.3972884637014 318.730736742401 131.081897864714 84.5016498329731 0.839070905705569 0.864991642551622 0.866582354944976
55.56 -2.44473192210029 0.292394587438384 10.2292915485407 -41.9087205067889 -6.08223113391228 -8.29572755626256 319.257663068161 131.293708078242 84.8114848496758 0.839419986628539 0.864871383477962 0.866796593614204
55.574 -2.4567974309477 0.152602865434658 10.2368866475319 -42.1132683034382 -6.28316832586456 -8.27149831208669 319.851896761345 131.124337270418 84.7303363647082 0.839355197151378 0.865133531691346 0.866495839434286
55.591 -2.44574946466262 0.0269100255998712 10.2276212577726 -42.2607200990486 -6.10523317266742 -8.23595153431313 320.92670708521 130.431903543376 85.1973027282374 0.839675848929767 0.864999083703714 0.866841781790589
55.621 -2.41126572760798 -0.079150630185061 10.2058149997627 -42.0522053410521 -5.66264878669839 -8.16502813660701 321.714036376689 130.588713189039 85.1975724554137 0.839458852530676 0.865248461894523 0.866536508793032
55.634 -2.37167108958534 -0.221651285722005 10.1676941893311 -41.3225573260309 -5.20554421337206 -8.21035738401501 322.06263273902 130.129841870135 85.4378152098723 0.839642967292178 0.864978785625775 0.866632144474909
55.651 -2.33022996996854 -0.376836642474664 10.1139923973511 -40.7101489216721 -4.91857757829439 -8.36718424103336 323.156369465118 130.136857683121 85.4740336888851 0.83930248727761 0.864983409714391 0.866594892944151
55.681 -2.30113310708119 -0.475083778665125 10.1047461727527 -40.5513477699629 -4.92748317924358 -8.41138184746437 324.140732518607 130.263171914809 85.2666303199966 0.839249447735541 0.864863973924454 0.866314308831239
55.695 -2.265309266092 -0.588884738414579 10.0964843659938 -40.0557549776994 -5.23778829643373 -8.34505282302328 324.366659266746 129.836854723328 85.4999672879969 0.838948319676637 0.864508872809911 0.866061783129618
55.711 -2.23917301759864 -0.753794277306581 10.0678002085692 -39.3723168845096 -5.71629954312623 -8.34489868575912 324.869993340071 129.993169250996 85.5299705591972 0.838677304423622 0.864560488180113 0.865834509998159
55.741 -2.2158299708284 -0.900536922749446 10.0653878253466 -38.5602760357533 -6.28970775675254 -8.27224087825191 325.442994006064 129.893852325896 85.3169735032775 0.838686783166953 0.864235735640005 0.865753561649536
55.754 -2.17668514465545 -1.01452907455257 10.0782402934223 -37.6172255314146 -6.85004995817652 -8.17249770645725 325.898694605458 129.864467093306 85.4252761529498 0.83831499801534 0.864067331996709 0.865557110666085
55.77 -2.17030493928719 -1.13507853030226 10.0981871648064 -36.5493961080442 -7.42535030587032 -8.21097312665122 326.488825144912 129.778020383976 85.9427485376548 0.838234086707691 0.863915768717742 0.865503902250669
55.8 -2.1570808694994 -1.33880240391846 10.0923170414654 -35.8425481002932 -7.80266260352756 -8.14025749337541 327.019942630421 129.340218345578 86.1684736838893 0.838034494751572 0.86390309702747 0.865208681946307
55.815 -2.14296456035098 -1.46343609098633 10.1145672709126 -36.4277589391188 -7.93002993096107 -7.98348365243482 328.097948367379 129.54619651102 86.0116263155004 0.838108254462107 0.863644083602626 0.865190316402869
55.83 -2.10631786456215 -1.59487973812854 10.1219032684307 -37.1384181597108 -7.69275212870466 -7.74925742459592 329.188153530641 129.491576859918 86.3504636839503 0.838048017509782 0.863534845163068 0.864926454683287
55.861 -2.06782917979814 -1.72060103860768 10.1118659567243 -37.7406068780908 -7.30515630514717 -7.60944618595312 329.629338177577 129.262419173927 86.3554173155553 0.837993804252689 0.863560265828264 0.864936311866151
55.874 -2.03528428796045 -1.82183905524557 10.10522657556 -38.2077675643276 -6.92731243035764 -7.44544813224331 330.206404359819 129.236177256534 86.7798755839998 0.837945012321306 0.863459409166142 0.864945183330729
55.891 -1.98223143270413 -1.92025557830225 10.0919487529039 -38.2969144720169 -6.61015370640585 -7.12762087627088 330.905763923837 128.67255953088 86.9818880255998 0.838154190557327 0.863368638170232 0.865199951558836
55.921 -1.93023415908933 -2.07808274931572 10.0375016498303 -38.4565360019145 -6.55066505332251 -6.94539313978883 332.075187531454 128.225303577792 87.2236992230398 0.838215980687287 0.863657737269942 0.865305919319686
55.951 -1.90773776029694 -2.18134112572844 9.99352712342758 -39.3635541574482 -6.75743060905897 -6.90657901664964 332.647668778308 127.822773220013 87.3213293007358 0.83839806208671 0.863794466194141 0.86540129030445
55.953 -1.88018868138029 -2.28037887289681 9.94329579093712 -40.2126949249095 -6.91374861685536 -6.61515775620605 333.582901900477 127.400495898012 87.2291963706622 0.83856193534619 0.86404098249146 0.865610447835185
55.98 -1.84713452252418 -2.38669126160048 9.90221757369033 -40.5708147453957 -6.92084703761257 -6.30402365997476 334.36461171043 127.200446308211 87.446276733596 0.83883574182614 0.864262847159047 0.865798689612847
55.995 -1.81205867403153 -2.52486947411688 9.8533360720586 -40.3030462479553 -6.83105241018719 -6.11865946191622 335.128150539387 126.96040167739 87.4616490602364 0.838955847111678 0.864462525359876 0.865721323302755
56.011 -1.78001157051387 -2.67167552025073 9.81814141520064 -40.1368637605644 -6.74336701649672 -5.9892362638162 336.415335485448 127.224361509651 87.7154841542128 0.839316433894037 0.864518775475081 0.866144717272211
56.04 -1.77169946079906 -2.8109835598852 9.77198134167374 -40.2827193692408 -6.57666390263331 -5.74451111071702 337.093801936903 126.981925358686 87.7039357387915 0.839388469972785 0.864939372091298 0.866032748196183
56.055 -1.75984913628212 -2.93929367786519 9.73289127025051 -40.3933787300266 -6.16174560397303 -5.37387679353845 337.344421743213 126.763732822817 87.8135421649124 0.839705794469034 0.864947937533361 0.866424999676296
56.069 -1.75091965068201 -3.07841556244378 9.66820171063879 -40.1838118493904 -5.50434966952993 -5.05251964853575 337.629979568892 126.267359540535 87.6121879484211 0.839612424207823 0.865202430341205 0.866285002359859
56.101 -1.73210920454997 -3.24522448456244 9.60351672100191 -39.9364230308635 -4.66383836669907 -4.87856539360584 338.126981612002 126.420623586482 87.430969153579 0.83978118180161 0.865061092488587 0.866652028423605
56.119 -1.71350386347119 -3.36506586857995 9.56020415717809 -40.0504143155635 -3.78142399567802 -4.77315160233686 339.174283450802 126.078561227834 87.1478722382211 0.839553652115334 0.865304269800909 0.866489328232438
56.131 -1.68813992684255 -3.48902414073074 9.50584008301301 -40.0812507466025 -3.07427396252243 -4.52866086958409 339.696855105722 126.07070510505 87.433085014399 0.839854458397328 0.865029012741522 0.866589681970374
56.159 -1.6717168671951 -3.59555876698665 9.46678847675029 -40.010530252095 -2.63402213878927 -4.24297035514476 340.22716959515 126.483634594545 87.0297765129591 0.839492829272245 0.865152074384103 0.866309618954839
56.173 -1.64634178129422 -3.7026328245989 9.42302291337701 -39.4903932574198 -2.28283366536836 -4.08203209825624 341.244452635635 126.075271135091 86.4867988616632 0.839547225813172 0.865015772127195 0.866427943620535
56.189 -1.62500057859052 -3.82767002584262 9.37369795510816 -38.7528043133572 -1.94691671104526 -4.22421056781993 341.740007372071 126.007744021582 86.0581189754969 0.83934309172574 0.864893100095978 0.866287651909675
56.219 -1.59358306744244 -3.95887826205841 9.32792886379046 -38.4317223553039 -1.65604183383387 -4.42774370951122 342.726006634864 125.766969619423 85.7323070779472 0.839032599267816 0.864782695267883 0.8661613893699
56.234 -1.57153222577464 -4.04703818251089 9.30415449395194 -38.3961837075598 -1.70723154358025 -4.29183956756773 343.553405971378 125.850272657481 85.8590763701525 0.83887992783492 0.864435722018998 0.866047753084103
56.25 -1.55527776733063 -4.1810297473317 9.26833247412218 -38.2023668635214 -2.13345495410772 -3.96112889325371 344.11806537424 125.745245391733 85.7931687331372 0.838615751766077 0.864123446095001 0.865821882957196
56.28 -1.56644628871997 -4.27444796896389 9.24824323000586 -38.2462523145738 -2.61247587091069 -3.73982516423368 345.226258836816 125.77072085256 85.6138518598235 0.838504765083355 0.863842397763403 0.865742197312669
56.295 -1.57589940812755 -4.39856738868127 9.21100931533047 -38.2681919686126 -2.70695347465932 -3.56660600658894 345.743632953134 126.033648767304 85.0924666738412 0.838278105289669 0.863837063168566 0.865423147502107
56.311 -1.5762070708266 -4.52116849740836 9.15056407303692 -38.5024414740414 -2.42938789818575 -3.33131945173157 346.209269657821 125.910283890573 85.103220006457 0.838074111475351 0.863708526772413 0.865506795668629
56.34 -1.57073787684361 -4.62528457689726 9.09466694460286 -38.7667011434312 -1.98873918470305 -3.01650811724544 346.868342692039 126.039255501516 84.5128980058113 0.838017288821702 0.863716579276674 0.865335021283269
56.355 -1.5615658983748 -4.74951511426369 9.01179841756201 -38.8381226321415 -1.58375839600374 -2.7591321146812 347.581508422835 125.915329951364 83.8616082052302 0.837966148433417 0.863600091269711 0.865180424336445
56.37 -1.55253300295718 -4.8573721450889 8.9310516202394 -38.9390431933548 -1.25668026632703 -2.64199752916728 348.583357580552 125.923796956228 84.1154473847072 0.837920122083961 0.863495252063445 0.865164884553993
56.4 -1.53781933688921 -4.97611100098407 8.83156446969007 -38.9817800953934 -1.10353132366379 -2.51596571518185 349.245021822496 126.051417260605 83.5039026462365 0.838005319061258 0.863400896777804 0.865274359015327
56.414 -1.51853168401542 -5.07124439437016 8.74196619113232 -39.0904723148617 -1.23439956534322 -2.33765158641176 349.780519640247 126.346275534545 83.1335123816128 0.837955375649018 0.863439712281527 0.865372886030527
56.431 -1.49925743693193 -5.18888687693021 8.63008341479253 -39.0256998925358 -1.70408937980126 -2.12449711479348 350.322467676222 126.07164798109 82.6201611434516 0.838037047269808 0.863474646234877 0.865584883988655
56.461 -1.49507872302008 -5.25442282798536 8.54495121200041 -38.8742749414502 -2.42528349525625 -1.91204740331413 350.6902209086 125.824483182981 82.1581450291064 0.838237022010979 0.863753144528122 0.865775682150969
56.473 -1.49832091366057 -5.34369182982428 8.4661774500533 -38.3815039358548 -3.03848033657032 -1.75748388435677 351.44119881774 125.662034864683 82.0423305261958 0.838416999278033 0.863880332726503 0.865824076852606
56.487 -1.49932352573995 -5.44695840238079 8.38325017669714 -37.9433535422693 -3.28654069985985 -1.69318587760048 352.177078935966 125.215831378215 81.6380974735762 0.838325887844115 0.864118262370586 0.865867632084078
56.517 -1.48909283761374 -5.52828647457252 8.3103514609836 -37.4406212414775 -3.28765762224028 -1.5406611829702 353.079371042369 125.294248240393 81.1542877262186 0.838623299074273 0.864332399050261 0.866153343039396
56.531 -1.4768326141017 -5.64984461452982 8.22780364436827 -36.6568644608412 -3.2543117073445 -1.39651872879532 353.591433938132 125.544823416354 81.0188589535967 0.838511557660731 0.864648445706414 0.866287295296636
56.546 -1.4758540622214 -5.74200865733404 8.15141567304363 -35.954536793383 -3.24949122363295 -1.37289739026693 354.592290544319 125.230341074719 80.716973058237 0.838916573388185 0.864562506317276 0.866654092066704
56.576 -1.47311786101635 -5.85117280281585 8.07500506086317 -35.1514495262585 -3.19629782646049 -1.33179085734711 355.013061489887 125.067306967247 80.4452757524133 0.839028595517518 0.864978729849273 0.866737969421213
56.591 -1.47161295968034 -5.9516950469941 8.00455957034082 -34.5683656423349 -3.10414895984498 -1.25662703878797 355.511755340899 125.160576270522 80.320748177172 0.839381907459293 0.864859762045848 0.867059698778824
56.607 -1.46074159405594 -6.04611547187538 7.93894395868942 -34.0229794597808 -3.00747452187575 -1.15157502193207 355.780579806809 125.30451864347 79.5486733594548 0.839320925899057 0.865123072402444 0.866856231552134
56.638 -1.44910186048118 -6.12941791470859 7.86995400465398 -33.4153380023524 -2.90596371090955 -1.1196236266091 356.262521826128 125.434066779123 79.2138060235093 0.839645004802678 0.864989670343702 0.867043082560646
56.652 -1.4346756713012 -6.21971303691877 7.79409637579503 -32.9257125990637 -2.79933680546745 -1.13514217997872 357.236269643515 125.370660101211 78.9724254211584 0.83930432103706 0.865116666226065 0.866841276955774
56.667 -1.43324412492685 -6.2772161823846 7.72618361588581 -32.5316146216001 -2.75299091118024 -1.05597910701902 357.572642679164 125.37359409109 78.2151828790426 0.839377568401505 0.864860169524163 0.866906435821377
56.698 -1.43021992672478 -6.37930709084903 7.64291576394079 -31.6708195716538 -2.59677578952787 -0.928243791736962 357.815378411247 126.276234681981 78.0736645911383 0.83919040005524 0.86500011548848 0.866718294890432
56.713 -1.42037540521319 -6.48208253944845 7.55283139808748 -30.8251116602899 -2.30503714187279 -1.02320567210525 358.453840570123 126.308611213783 77.2862981320245 0.839148569235409 0.864755273860336 0.866548968052582
56.731 -1.41139562588419 -6.57236582069037 7.46205893752373 -30.167027975177 -2.0210983131817 -1.15752632626877 358.66845651311 127.057750092404 77.057668318822 0.838857529026517 0.864534916395007 0.866149241168028
56.76 -1.39858526880878 -6.61357770587597 7.39245445368346 -29.6350580020868 -1.95868313835208 -1.06314773944342 358.681610861799 126.951975083164 76.4319014869398 0.838595592838515 0.86433659467621 0.865913222232728
56.775 -1.39250276293162 -6.67060014807219 7.3260993853598 -28.6234605988247 -2.14296749627259 -0.847672660155567 358.633449775619 126.556777574847 76.1687113382459 0.838486622048549 0.864034231486492 0.865824402660648
56.791 -1.37649401848737 -6.74837627294393 7.26051405925057 -27.0634046152781 -2.45920509779037 -0.827790890323217 359.190104798057 126.201099817363 75.4518402044213 0.838134853008776 0.864009713519345 0.865497132315288
56.819 -1.36633585237166 -6.83902479066907 7.20112811200472 -25.6868351461167 -2.94000214526324 -1.05798890052754 359.751094318252 125.820989835626 74.8666561839792 0.838071956201784 0.863740038445314 0.865326324265262
56.834 -1.35910887428553 -6.84668749142699 7.17048554425822 -24.8929607918104 -3.58645994600409 -1.18425107917707 360.375984886427 125.478890852064 74.0999905655812 0.837761653746688 0.863621204521487 0.865172597020238
56.849 -1.36283979632048 -6.87183968039464 7.14847373490381 -23.6601532622476 -4.19040937125101 -1.19101681095402 360.878386397784 125.711001766857 73.9499915090231 0.837736076865905 0.863390380347241 0.865157839969407
56.88 -1.35632155374516 -6.97713646720747 7.08933834604783 -22.279634119229 -4.54083408298087 -1.38947238176702 361.270547758006 125.979901590172 73.7549923581208 0.837586285893964 0.863430247494019 0.864897225893171
56.893 -1.37349931629743 -7.03078318921536 7.03857053851214 -21.5730447531076 -4.71881174338508 -1.57495262450635 361.503492982205 125.621911431155 73.6994931223087 0.837578245798453 0.863342392665322 0.864910005955047
56.91 -1.37453423946124 -7.09756041724512 6.96402938546354 -20.7615418045144 -4.58662522553512 -1.57547262923128 361.833143683985 126.019720288039 73.5295438100779 0.837571009712493 0.863263323319494 0.865044968276275
56.941 -1.36894147702177 -7.14437209211912 6.89616424484504 -19.9716471660477 -4.13101613809611 -1.62708567165167 362.249829315586 126.257748259235 73.3765894290701 0.837564497235129 0.863315896169047 0.865166434365381
56.954 -1.3581619004141 -7.14472379663401 6.85184501388776 -19.0378412280689 -3.47287635634757 -1.62086565410482 362.384846384028 125.991973433312 72.7589304861631 0.837811726979768 0.863486809203335 0.865275753845576
56.97 -1.33702796754814 -7.18753739338053 6.7935223708669 -17.5149731357964 -2.81871849170518 -1.71526763831266 362.806361745625 126.17277608998 72.3830374375468 0.838034233749943 0.863640630934195 0.865374141377752
57 -1.31238105944613 -7.24923356897472 6.74324661464569 -16.1718727687816 -2.33302984864153 -2.01015308822185 363.425725571062 126.095498480982 71.8047336937921 0.8382344898431 0.863902530757508 0.865586013801157
57.015 -1.2891813074215 -7.30912952894127 6.6530473289288 -15.3241511407584 -2.17606274163997 -2.06180953512486 363.983153013956 126.145948632884 71.5242603244129 0.838541040873359 0.864138240598491 0.865899886584766
57.03 -1.27434688401196 -7.28031623310586 6.5963486484346 -14.6047131259192 -2.05769310869735 -1.76097209306275 363.704837712561 126.371353769596 71.4518342919716 0.838564145971716 0.864473703099822 0.865812400577483
57.06 -1.26614344351268 -7.26898888301915 6.53939422830855 -12.7388983018769 -1.7015421184383 -1.56426419673358 363.634353941305 126.634218392636 71.0866508627745 0.83908992594347 0.864528835441033 0.866226686819466
57.074 -1.24499368875721 -7.32152233915388 6.45006743250712 -10.4337107617656 -1.19551004399905 -1.6513492274419 363.690918547174 126.270796553373 70.397985776497 0.839184612817274 0.864825238458109 0.866229981054252
57.09 -1.22955020853429 -7.33761801478439 6.35770231942913 -8.55064502910044 -0.804966673186932 -1.61903873217863 363.861826692457 126.063716898035 70.9781871988473 0.839648346104473 0.864721619793801 0.866602509248559
57.12 -1.21583064128651 -7.32133858940458 6.28163658196254 -6.54138205290796 -0.457294433349155 -1.35713485896076 363.715644023211 125.817345208232 70.8403684789626 0.839687190962177 0.864998744375601 0.866568221240436
57.135 -1.20922910925472 -7.25640887208095 6.28991157961956 -3.86968659570876 -0.0275955243653846 -1.15653587688148 363.82407962089 125.955610687409 70.4763316310663 0.839974643359486 0.865001372589234 0.866906925416124
57.149 -1.18808455249719 -7.26937920618633 6.30436214643482 -0.405618699496667 0.326309066239093 -1.02790518995669 363.801671658801 126.200049618668 70.7486984679597 0.839727767517423 0.86525052189149 0.866842195791245
57.179 -1.17731445116745 -7.30816685052436 6.30964632783321 2.6379966055675 0.287571289386176 -0.890000167144228 363.541504492921 126.180044656801 70.6338286211637 0.840011162259208 0.864980639623046 0.867030450375845
57.193 -1.18946845307601 -7.27035186491956 6.36491974551071 4.82076183050694 -0.0427125571096936 -0.640694806918355 363.307354043629 126.282040191121 70.2904457590473 0.839633862747937 0.865108538577474 0.866829907989454
57.21 -1.2175255922197 -7.27241094531908 6.39539249263932 7.13792228867762 -0.154471835749869 -0.27280853233339 363.096618639266 126.013836172009 70.7014011831426 0.839800476487712 0.86497658990123 0.866649419841701
