0 -2.18637600945488 3.37944005011783 9.66251080939466 -0.112232988875458 0.565830155576764 -1.69365177376607 271.8 -10.2 120.6 0.842561714935271 0.866259629167332 0.867492865611799
0 -2.18596989578357 3.38392673205673 9.66160186865295 -0.175818850293256 0.30314026979008 -1.62810339028259 276 -9.6 117.6 0.838772091856926 0.867492865611799 0.867492865611799
0 -2.17842179536537 3.38359534386998 9.65880857174126 -0.173504140836449 0.121681204643133 -1.59735411995662 271.8 -6.6 124.2 0.841300000145693 0.866259629167332 0.869955262997314
0 -2.18192356228574 3.38036418835108 9.65820996401782 -0.174474337439827 0.0202001070795829 -1.69563397513653 277.8 -6.6 121.8 0.840036794681514 0.86872474163725 0.866259629167332
0 -2.18728979885349 3.39259947132872 9.66120267306038 -0.208935300642409 -0.0268580715673067 -1.73904767685952 273.6 -7.2 121.2 0.845080699000308 0.866259629167332 0.871184435407686
0 -2.19110186511072 3.39361543171233 9.66006539220454 -0.204072304929313 0.0300262088718668 -1.70407420688349 275.4 -5.4 118.2 0.840036794681514 0.86872474163725 0.866259629167332
0.001 -2.19261736524516 3.39291372340285 9.66748138029732 -0.182901715657756 0.174351832259489 -1.67794159535545 270 -3.6 123.6 0.842561714935271 0.86502502651193 0.869955262997314
0.001 -2.18554175066125 3.39736987150934 9.6739163973274 -0.126443605160683 0.370657107048808 -1.65136880986571 276 -4.8 117.6 0.838772091856926 0.867492865611799 0.86502502651193
0.001 -2.17636052519535 3.38887070116901 9.67503920003851 -0.0458603133469045 0.538171549015682 -1.72821666170356 271.8 -7.8 118.2 0.842561714935271 0.863789051815026 0.869955262997314
0.001 -2.1756989933591 3.38439375010882 9.67748624210131 -0.160358251477863 0.604965081137015 -1.79432629324313 271.2 -15.6 121.2 0.837505884938855 0.867492865611799 0.86502502651193
0.001 -2.17354738511511 3.39125812513608 9.68812812082087 -0.334398762207939 0.581109794397359 -1.67596236620889 275.4 -4.2 119.4 0.841300000145693 0.862551699207043 0.867492865611799
0.001 -2.172149644475 3.39025344070475 9.68483702581031 -0.418516137895542 0.574143853125562 -1.55722109142007 274.2 -4.2 115.8 0.837505884938855 0.866259629167332 0.866259629167332
0.001 -2.17711659626438 3.3896485115589 9.68935690141532 -0.459107272197591 0.628943208271021 -1.60760585250707 271.8 -4.2 119.4 0.838772091856926 0.86502502651193 0.86502502651193
0.001 -2.17985104640967 3.38269958008837 9.69683655932676 -0.600982804519817 0.738567971413385 -1.64760862603499 271.2 -9.6 120 0.837505884938855 0.863789051815026 0.86502502651193
0.001 -2.17243599105459 3.39057134189765 9.71176832468925 -0.876762386663255 0.837230258241512 -1.57903096953836 272.4 -4.8 120 0.836238167146494 0.86502502651193 0.86502502651193
0.002 -2.17108952291532 3.39190982519293 9.7258055348839 -1.0677121021954 0.922972881272323 -1.61807443747002 271.8 -4.2 114.6 0.838772091856926 0.861312962779027 0.86502502651193
0.002 -2.17592306692353 3.38730853860412 9.74220985230616 -1.27315463243388 0.965790096961884 -1.68603798608943 272.4 -2.4 120 0.834968931650823 0.863789051815026 0.863789051815026
0.002 -2.18051267646805 3.3921456283167 9.77068051746617 -1.64736588674774 1.00890574375425 -1.6472051798469 270.6 -7.8 119.4 0.837505884938855 0.863789051815026 0.866259629167332
0.002 -2.1883543340837 3.37560960762218 9.79684284673151 -2.07575906906533 1.04923654342462 -1.6382098527019 274.8 -6 115.2 0.837505884938855 0.863789051815026 0.863789051815026
0.002 -2.20043964461759 3.36773021023734 9.81751590382472 -2.68345033773132 1.10919838526537 -1.67515222621034 274.8 -9.6 116.4 0.838772091856926 0.862551699207043 0.86502502651193
0.002 -2.21790049621113 3.35489267409978 9.82959747384264 -3.28533431159178 1.29904190551746 -1.68244616389465 273.6 -4.8 117.6 0.836238167146494 0.862551699207043 0.863789051815026
0.002 -2.22661221756322 3.35399310262028 9.83071451249963 -4.02015965905855 1.58974840198861 -1.75084276887923 274.2 -6.6 121.8 0.838772091856926 0.863789051815026 0.86502502651193
0.002 -2.23942074239656 3.35384188119492 9.8271109300546 -4.77539560154964 1.95978119537754 -1.93377375916688 271.8 -5.4 115.8 0.838772091856926 0.863789051815026 0.866259629167332
0.002 -2.25286377424364 3.34550563714434 9.81052008012165 -5.31235985818857 2.40578780866421 -2.17398416950973 271.8 -3 117 0.840036794681514 0.863789051815026 0.867492865611799
0.002 -2.25388931889264 3.33105983932193 9.79151812856701 -5.58265058992697 2.89421666138558 -2.40009720294044 278.4 -4.8 115.2 0.840036794681514 0.866259629167332 0.866259629167332
0.003 -2.24523548774953 3.29692979990878 9.76495935617661 -5.73201911872053 3.20937514791877 -2.62802641394411 270 -6 118.8 0.840036794681514 0.866259629167332 0.866259629167332
0.003 -2.24456979477139 3.27381435936188 9.73165914504626 -6.00996224501642 3.26019335831774 -2.8064451465955 275.4 -5.4 111 0.841300000145693 0.867492865611799 0.867492865611799
0.003 -2.23738662281988 3.2586368313923 9.70935039301722 -6.26316449379722 3.09753280111192 -2.84641131895885 277.2 -7.2 116.4 0.841300000145693 0.866259629167332 0.867492865611799
0.003 -2.23666784655474 3.25658892317067 9.6899908236862 -6.21242056350146 2.7694589103137 -2.84192285881869 276.6 -6.6 115.8 0.838772091856926 0.86872474163725 0.86502502651193
0.003 -2.23632023475846 3.22415987303958 9.65700486769087 -5.75224720944139 2.36426874447317 -2.89284507675361 275.4 -5.4 118.2 0.843821945689256 0.866259629167332 0.869955262997314
0.003 -2.23828187354458 3.19742779419815 9.63126800778336 -5.36709882437512 1.95608614483501 -2.90737736297138 279 -7.8 118.2 0.840036794681514 0.869955262997314 0.866259629167332
0.003 -2.24076560826348 3.19671239095326 9.63078988483095 -5.25786985796814 1.53834012577136 -2.78457855797195 279 -9 115.8 0.843821945689256 0.86502502651193 0.869955262997314
0.003 -2.24018777332825 3.19397359166201 9.64089405140767 -4.96032714698049 1.15549847960644 -2.67482299225109 272.4 -8.4 117.6 0.840036794681514 0.86872474163725 0.866259629167332
0.003 -2.24301960100641 3.17259449726632 9.64627676845929 -4.38795855441984 0.840711990424421 -2.68062313577408 279.6 -7.2 116.4 0.842561714935271 0.86502502651193 0.869955262997314
0.004 -2.24634637263337 3.14593127041719 9.65088184155232 -3.92320850050458 0.597098806649154 -2.56981273059362 276.6 -7.8 118.2 0.838772091856926 0.86872474163725 0.866259629167332
0.004 -2.24131987536179 3.13809523585136 9.66568057069665 -3.75149833747702 0.377846941251414 -2.30214443463349 275.4 -12.6 117 0.842561714935271 0.863789051815026 0.86872474163725
0.004 -2.22985284964049 3.14451018812682 9.69719534214871 -3.61298972510336 0.137008812011769 -2.08719716674266 268.8 -8.4 115.2 0.837505884938855 0.867492865611799 0.86502502651193
0.004 -2.21911355352227 3.13939003803515 9.7422582366753 -3.42344647778387 -0.231653901250477 -1.98076752640427 269.4 -5.4 119.4 0.840036794681514 0.863789051815026 0.867492865611799
0.004 -2.21220151629291 3.11772319666907 9.79622235822872 -3.45438427275357 -0.809251869904055 -1.77200375086308 273 -10.2 115.8 0.837505884938855 0.86502502651193 0.866259629167332
0.004 -2.19855864089347 3.09127986126272 9.86454218859847 -3.91276263937134 -1.57565492718846 -1.40396368112028 276.6 -11.4 118.2 0.837505884938855 0.86502502651193 0.86502502651193
0.004 -2.19459990777031 3.09010606729801 9.9500319203917 -4.74820393268612 -2.42343294591999 -1.05364364888612 276.6 -6.6 117 0.838772091856926 0.862551699207043 0.86502502651193
0.004 -2.19426921711077 3.08360283723905 10.0400210417375 -5.63903239437934 -3.14215835361807 -0.842935772547126 277.2 -6 117.6 0.836238167146494 0.862551699207043 0.863789051815026
0.004 -2.19684465860465 3.08930195407361 10.1575228628873 -6.74764823891087 -3.64702648772191 -0.73650479071226 270.6 -6.6 114.6 0.837505884938855 0.862551699207043 0.866259629167332
0.004 -2.18976531149571 3.06085247727892 10.2742878190302 -8.17975364402742 -3.908278037423 -0.637663471946378 279 -4.2 118.2 0.834968931650823 0.863789051815026 0.862551699207043
0.005 -2.18632678140663 3.05865128278132 10.4227712266108 -10.2915492719911 -3.91363343978757 -0.582294071316626 274.8 -4.8 114 0.837505884938855 0.862551699207043 0.866259629167332
0.005 -2.17592979624387 3.02907702421602 10.5870520453865 -12.8219363295248 -3.65433116451111 -0.624828022963589 281.4 -6.6 117 0.837505884938855 0.863789051815026 0.863789051815026
0.005 -2.17662814695701 2.99725281979551 10.7606424493684 -16.0351625439006 -3.20111178851801 -0.731810869522192 275.4 -9 115.8 0.837505884938855 0.863789051815026 0.863789051815026
0.005 -2.16684189533351 2.94730263757029 10.9310594323063 -19.9637073582128 -2.63748915928453 -0.692217568829515 280.2 -4.2 109.8 0.837505884938855 0.863789051815026 0.86502502651193
0.005 -2.15887223865233 2.8967210812031 11.0856916596994 -24.7543595231549 -2.00274787694386 -0.587117949351143 283.8 -7.8 107.4 0.838772091856926 0.862551699207043 0.866259629167332
0.005 -2.15762520300426 2.84970131778646 11.2322827300881 -30.1712899830531 -1.21926698237925 -0.58107791014122 284.4 -1.2 110.4 0.837505884938855 0.86502502651193 0.866259629167332
0.005 -2.15716126382719 2.77793485460217 11.3559547294487 -35.8595044961982 -0.2584089864314 -0.62831363057748 285.6 -9.6 110.4 0.840036794681514 0.86502502651193 0.867492865611799
0.005 -2.16685922283265 2.69670532826366 11.4642069127538 -42.0147754206242 0.791096034349144 -0.606703641565533 286.8 -6 110.4 0.840036794681514 0.867492865611799 0.867492865611799
0.005 -2.18079478149116 2.59899833217664 11.5442758607607 -48.4636795579511 2.0318337591585 -0.561300452981499 290.4 -8.4 103.2 0.841300000145693 0.866259629167332 0.867492865611799
0.005 -2.19519227687568 2.48664117826883 11.618971580959 -55.0081512968125 3.5065129786625 -0.647155140507777 289.8 -6.6 102.6 0.838772091856926 0.867492865611799 0.867492865611799
0.006 -2.20581569025561 2.33159034526822 11.6529782009393 -61.8477941823984 5.08105252049091 -0.825187718060052 293.4 -5.4 95.4 0.842561714935271 0.866259629167332 0.86872474163725
0.006 -2.22633023634236 2.18683720597455 11.6659268789533 -69.1011827030898 6.64164955851815 -1.04495902258993 296.4 -9.6 93.6 0.837505884938855 0.86872474163725 0.866259629167332
0.006 -2.23342085696471 2.02920562895086 11.6559730040767 -76.2284690129335 8.1469502515213 -1.23740968521643 300 0 96 0.843821945689256 0.86502502651193 0.869955262997314
0.006 -2.22663431898247 1.88536199514818 11.6266039789681 -82.8437900505715 9.42614835614016 -1.47779085409937 307.2 -3.6 85.2 0.840036794681514 0.869955262997314 0.867492865611799
0.006 -2.22310018720172 1.6681552313395 11.5480381054549 -88.6617011218502 10.2392587113658 -1.77123314273523 302.4 -4.8 78 0.843821945689256 0.86502502651193 0.869955262997314
0.006 -2.24278409643718 1.45632871532092 11.4533868255796 -94.5756836814209 10.4008290234354 -1.84601822540827 309 0.6 75 0.838772091856926 0.86872474163725 0.86502502651193
0.006 -2.25696818259729 1.21181531438514 11.3219326873942 -100.383764168241 10.1737232203285 -1.68737060134073 304.8 -2.4 68.4 0.843821945689256 0.863789051815026 0.869955262997314
0.006 -2.287810065395 0.990616008841552 11.1888996130517 -105.830883934623 9.92963334104372 -1.64535109845856 310.8 -3.6 63.6 0.837505884938855 0.86872474163725 0.86502502651193
0.006 -2.31945834581228 0.673801760557494 10.9919568448923 -110.000467296886 10.0763646634279 -1.72967095044477 306.6 -3 53.4 0.841300000145693 0.863789051815026 0.867492865611799
0.006 -2.36266614816343 0.393756622686864 10.7787354722317 -113.888970185518 10.6236900291462 -1.81853591646899 311.4 3 53.4 0.838772091856926 0.866259629167332 0.86502502651193
0.007 -2.31380566795249 0.110950512839748 10.6331042231347 -117.456561716584 11.5903286598193 -1.7603464469595 315 -1.8 49.8 0.840036794681514 0.863789051815026 0.86502502651193
0.007 -2.35530424868685 -0.24065986589784 10.3911247296237 -120.696401728132 12.7572499923107 -1.86446447401927 317.4 0.6 43.8 0.837505884938855 0.863789051815026 0.863789051815026
0.007 -2.42629149635692 -0.586976879681897 10.0787123241815 -123.435921860662 14.1876318633086 -2.38641497318223 311.4 6.6 36.6 0.836238167146494 0.863789051815026 0.86502502651193
0.007 -2.49814074409061 -0.90566523716964 9.74774176467596 -125.13431440742 16.270395394535 -3.23479637662737 310.2 5.4 31.8 0.838772091856926 0.862551699207043 0.866259629167332
0.007 -2.52659276579666 -1.25485372405753 9.41874362160985 -125.28118831019 18.9028978398143 -4.12734727331578 314.4 4.8 20.4 0.836238167146494 0.86502502651193 0.862551699207043
0.007 -2.5313101600544 -1.62808055753862 9.10612531718813 -124.863756502072 21.1454324833138 -4.92987972155672 307.2 2.4 18 0.838772091856926 0.862551699207043 0.863789051815026
0.007 -2.53328132548359 -1.98415587313791 8.80866786435725 -124.507151844231 22.4186754945244 -5.6765864058896 313.2 3.6 16.8 0.836238167146494 0.863789051815026 0.863789051815026
0.007 -2.54666726516271 -2.39733911127883 8.4828369074656 -124.038879407899 22.731769777133 -6.31427127675102 307.2 6 12 0.838772091856926 0.862551699207043 0.863789051815026
0.007 -2.5660169189565 -2.72748506579731 8.19389860513151 -123.834228108331 22.2937073032365 -6.56452353838889 315 -0.6 5.4 0.837505884938855 0.86502502651193 0.862551699207043
0.008 -2.56966496098571 -3.06250466567815 7.91709468974776 -122.640881633376 21.4307487866533 -6.53555210058054 309 -0.6 1.8 0.838772091856926 0.863789051815026 0.86502502651193
0.008 -2.56989558269262 -3.47092342671043 7.60955265355801 -120.811907973855 20.1586662744002 -6.3499358218202 308.4 3.6 -2.4 0.838772091856926 0.863789051815026 0.86502502651193
0.008 -2.58811950441909 -3.87662797239083 7.28488078587677 -119.709343130668 18.4305859065022 -5.6950949113939 310.2 1.8 -9 0.838772091856926 0.86502502651193 0.866259629167332
0.008 -2.61284088870924 -4.21410903692238 6.97471960967862 -119.555966069509 16.4837105219588 -4.35001290117054 304.2 -4.2 -11.4 0.840036794681514 0.866259629167332 0.866259629167332
0.008 -2.66519722742773 -4.48971008086198 6.70323598908857 -119.212583203017 14.747553210221 -2.76386657288555 304.8 0 -18 0.840036794681514 0.866259629167332 0.866259629167332
0.008 -2.73117226424459 -4.79754620931142 6.391563813634 -117.537126409432 13.68882842355 -1.593586785826 303 4.2 -23.4 0.841300000145693 0.866259629167332 0.867492865611799
0.008 -2.80587269719818 -5.14067872293228 6.02121641702707 -115.117764913527 13.6107852758515 -0.941861695029661 297 4.2 -25.8 0.842561714935271 0.866259629167332 0.86872474163725
0.008 -2.8854332136188 -5.43591089183779 5.63325612366726 -113.115912086297 14.5214624734572 -0.148438884305321 294 2.4 -27.6 0.840036794681514 0.867492865611799 0.866259629167332
0.008 -2.93740521971054 -5.69024737299702 5.29187300760027 -111.116534618125 16.372369661226 0.967931721682463 294.6 0.6 -31.8 0.843821945689256 0.86502502651193 0.869955262997314
0.008 -2.98334205541313 -5.92286123890777 4.97325575612614 -108.439232301351 18.793147962279 1.81235992356002 290.4 1.2 -38.4 0.840036794681514 0.86872474163725 0.866259629167332
0.008 -3.00307754629821 -6.18590367489248 4.61431503530707 -104.864774720071 21.2130698072724 2.34410103044066 293.4 7.8 -37.8 0.845080699000308 0.86502502651193 0.869955262997314
0.009 -3.0022245760617 -6.41611768591276 4.29390201779931 -101.354633125926 23.063518551736 3.06923291212942 286.8 0 -37.2 0.840036794681514 0.867492865611799 0.86502502651193
0.009 -3.00534746490633 -6.62588407207612 4.01564579438623 -98.1985591263107 23.8357926507609 4.18673710183251 287.4 5.4 -41.4 0.843821945689256 0.86502502651193 0.869955262997314
0.009 -3.03281834223314 -6.77594758518711 3.80352241901866 -95.0290848930689 23.5125187291963 5.21539163592406 288.6 3 -46.2 0.837505884938855 0.86872474163725 0.866259629167332
0.009 -3.09507124273578 -6.9277042518393 3.51187534727136 -90.7299931976551 22.1681370852843 5.50301277767517 281.4 1.8 -53.4 0.843821945689256 0.862551699207043 0.86872474163725
0.009 -3.15421133621275 -7.08421704503916 3.16912737352383 -84.5760778473553 20.4169722317177 5.14202447700689 283.2 4.8 -48 0.837505884938855 0.867492865611799 0.86502502651193
0.009 -3.20821552321678 -7.22005069255551 2.83976478751956 -77.8642715893373 18.4745116497673 4.68507393770315 283.2 1.2 -54 0.842561714935271 0.863789051815026 0.866259629167332
0.009 -3.27633204023867 -7.29028695821512 2.55943946653419 -71.0625772548311 16.3400375840272 4.2684749408794 282.6 1.8 -52.2 0.838772091856926 0.86502502651193 0.86502502651193
0.009 -3.32273300255086 -7.35661205649151 2.30355537492326 -63.2044111324014 14.2258811538688 3.58819233228764 284.4 8.4 -49.2 0.837505884938855 0.863789051815026 0.866259629167332
0.009 -3.33648171214533 -7.46233316361701 2.06930925972722 -54.3709929199246 12.07657548123 2.46754103799018 283.8 6.6 -49.8 0.837505884938855 0.862551699207043 0.86502502651193
0.009 -3.33688453008179 -7.55077840179022 1.86339586951177 -45.681221872207 9.54754388730545 1.28414571281711 282.6 0.6 -49.8 0.836238167146494 0.862551699207043 0.863789051815026
0.009 -3.33215938063959 -7.59817715844348 1.6942945344255 -37.1924889979634 6.65843835353673 0.402296027031584 285.6 7.2 -51.6 0.838772091856926 0.863789051815026 0.866259629167332
0.01 -3.32599138664454 -7.64053668106349 1.54539535996369 -28.3564462050373 3.62923573955711 -0.455490827579972 288 2.4 -48 0.836238167146494 0.86502502651193 0.862551699207043
0.01 -3.3317527959995 -7.6648337858148 1.4240155180429 -18.9429389891137 0.947991554914373 -1.23665930207388 282 2.4 -43.2 0.838772091856926 0.861312962779027 0.86502502651193
0.01 -3.32915691646211 -7.68412740384587 1.34015220047247 -9.02574432684353 -1.11474653187477 -1.8778788680497 284.4 0 -40.8 0.836238167146494 0.863789051815026 0.862551699207043
0.01 -3.32580307822471 -7.69640399833067 1.29556041635166 1.04934918981029 -2.57731768021401 -2.62367876750427 289.2 1.2 -36 0.840036794681514 0.863789051815026 0.86502502651193
0.01 -3.31129246682863 -7.66327988344023 1.32168734380982 11.2879257212109 -3.49744850761246 -3.36207424953247 290.4 2.4 -33.6 0.837505884938855 0.863789051815026 0.86502502651193
