27.679 0.886544687588454 9.39610167411046 -2.27925611847859 -0.903297952993248 0.692259737845048 -1.31881464002152 170.445239571213 -34.7110693023382 11.7831967554327 0.840876984840256 0.866388135128454 0.867548101701394
27.707 0.878800017299202 9.38927931243511 -2.2810622917068 -0.906022486962699 0.790654051776626 -1.34938489658537 170.382644052682 -34.4099661348939 10.9663893719005 0.840590878427636 0.865906545033874 0.867290822934384
27.751 0.896181541439073 9.38729059686272 -2.30878969488801 -0.994412565584825 0.88432291171006 -1.42055901814254 170.265941682673 -34.0280725692641 11.1507753912394 0.840599291007649 0.865973631019231 0.867452398645638
27.797 0.915785201174521 9.38115473381586 -2.31220898639353 -1.1681459338489 0.820805375279041 -1.63500394973363 170.363412762965 -34.7147387811039 11.6481280669039 0.840744908731059 0.866151294311818 0.867570956211499
27.828 0.913252755705344 9.36650011252806 -2.29529828175967 -1.4013127102344 0.902562277640146 -1.94488755042928 170.496364338002 -34.4129384126942 11.3849837341922 0.841216124985258 0.866418389181357 0.867679306600102
27.874 0.943337638586859 9.33594314557583 -2.26268641451501 -1.61468161590055 1.16725865099539 -2.30154212195459 170.394055113781 -33.9224801142823 11.5018368246956 0.841219295050385 0.866856596147977 0.867988686179566
27.92 0.964564018966934 9.29975971703568 -2.24840342762666 -1.99781577300159 0.829525308832982 -2.58027965313436 170.047184642163 -34.1972088925686 11.8244878280035 0.841814218811707 0.867346644325692 0.868337226175811
27.951 0.985330729636517 9.27758581589778 -2.24915236639682 -2.8604445165893 0.0281750421394482 -2.43201125186326 169.706219560152 -34.0957392029806 11.5818351406828 0.84205678016208 0.867509674828602 0.868619543572769
27.996 0.977916452340189 9.24262610229261 -2.20414348989964 -3.91138753935336 -0.783285086096055 -1.844509266681 169.778037843723 -33.4735487544143 10.8332864639531 0.842126934309464 0.867641729535959 0.869081792502576
28.04 0.931796039116424 9.2286379960522 -2.16634553517594 -4.89906360153271 -1.06675099607368 -0.990541055629927 169.632210653416 -33.4375744910756 11.126962035802 0.842057288886386 0.867526341887211 0.868988814030512
28.088 0.915190250106011 9.23631163161491 -2.12745723302178 -5.63663846380638 -0.891854566361668 -0.634170316128943 169.556090629267 -33.7864353377712 10.8428392489996 0.841900637810299 0.867285666470434 0.868926199595653
28.113 0.922521228836136 9.23308817996989 -2.08736253253381 -6.0158298274389 -1.02644800027967 -0.935052001865971 169.692433409706 -33.4750126235947 10.6666997916897 0.841432684361617 0.866843661647614 0.868653866138721
28.157 0.912358318914361 9.23649266608628 -2.06065584562347 -6.70457788541635 -1.62157555198226 -0.946857770366398 169.568871061862 -33.6367602251117 11.2380268312687 0.840939683445558 0.866139550518624 0.868322284758604
28.188 0.905892083914085 9.25781730881273 -2.03459416038912 -7.67887602611854 -2.2833235253499 -1.11130593903495 169.432785560108 -33.8277757823405 10.8968017333276 0.840413882421092 0.865680458226864 0.867954539481546
28.233 0.890048119023952 9.26875764307837 -2.00712758409747 -8.34370637504915 -2.9060569410296 -1.76603567321373 169.262556303688 -33.5504983836958 10.9804094039954 0.840114453873733 0.865555926201026 0.867509046256306
28.278 0.877765173914398 9.27927126848442 -1.96523522880964 -8.88588307982034 -3.53390612223398 -2.30117591820388 169.304670605987 -33.5059036907936 10.8921316172362 0.839985875372998 0.865331457790408 0.867641220392399
28.31 0.860645354701992 9.29467061156662 -1.9119453083804 -9.40725995114303 -4.1641433483225 -2.86631890595889 169.176783190849 -33.5477819895428 10.8866266099614 0.839995550041617 0.86563113399647 0.86773622058663
28.356 0.837865883251302 9.29104915644379 -1.85612112100699 -9.91270498790677 -4.53578053962214 -3.12057327565876 169.523194384588 -33.3117034115297 11.1161675540687 0.840369567040349 0.865972408201227 0.867924039586248
28.4 0.803361387306075 9.29542406064647 -1.78691961438239 -10.5757032539449 -4.60245551953668 -3.07171015481031 169.413787451516 -33.054479763339 12.1360957187956 0.841037973546888 0.866137971464789 0.868211273510691
28.431 0.762322449202769 9.30280439343578 -1.70482346770498 -11.0446402463824 -4.28592790212242 -3.14266537806811 169.091167835728 -33.1761286083046 12.9082375322245 0.841705111058674 0.866604318989904 0.868788331668066
28.476 0.734767138806483 9.31093117706067 -1.63311820526361 -11.5392883705621 -3.79457869995581 -3.40456658982296 169.06984594694 -33.5746641727268 13.0056724011018 0.842006209870669 0.866982060485247 0.869145001853133
28.519 0.708891951319054 9.34192882121394 -1.55764306041147 -11.9458312137431 -3.41742554085733 -3.71876764004667 169.592575217021 -33.1894779799087 13.6965946448925 0.842250099908385 0.867053945314002 0.869323035860747
28.55 0.674752964629675 9.34857755476276 -1.46798128611408 -12.0839095426739 -3.06834369572803 -4.27533155943017 168.893985925787 -32.751477163726 14.2142416623629 0.842094263761841 0.867222797542226 0.869344460493035
28.596 0.636362389905945 9.35876949980827 -1.39100977707421 -12.2678140578101 -2.62551106529543 -5.11889642573386 168.472128599888 -32.8166965026181 14.837535746514 0.841829665182997 0.867138195407749 0.868881666185599
28.641 0.61688388875007 9.42332452821262 -1.31211890848575 -12.1254790051468 -2.09368686365265 -5.70340534148565 168.148424165909 -32.8635241671206 15.1684039546763 0.841248726251043 0.866736693317543 0.868506802796575
28.67 0.61053347356729 9.47010144405462 -1.23653959928353 -11.2801876124895 -1.90649704658155 -5.97739191438963 168.060223574386 -32.3794545753677 15.9944072032878 0.840879056770343 0.866534936890017 0.867956379541479
28.72 0.6227296435015 9.51519736705668 -1.16644385214352 -10.6999290653532 -2.42159085200587 -6.13199279416705 167.904781095253 -32.0713582060479 16.0274698346631 0.8404659359992 0.866371514183721 0.867633996970391
28.76 0.619787591593767 9.62113888876976 -1.11796818864464 -10.8229730772872 -3.38919851378887 -5.82515843808447 167.226872687155 -31.6898001468988 16.5342505660771 0.840257928866381 0.866127904068899 0.86737286708781
28.79 0.594366324044085 9.71695340009577 -1.04126955946899 -10.5101196429843 -4.36402942212319 -4.34028673179499 167.199766876596 -31.338738118988 16.9387429585225 0.839975619834585 0.865918357333075 0.867395666807368
28.836 0.592958637077035 9.70561247258343 -0.998297282688813 -10.3232732466952 -5.29448215253047 -2.7096017184028 167.201811170042 -31.7143778763803 16.8823817964032 0.840353423572653 0.866106522626031 0.867537322182755
28.88 0.542809100924652 9.84205371502098 -0.981619829925624 -11.0431490397468 -5.97524810080159 -1.32080792625741 167.143467047734 -31.610646079868 16.4887292550866 0.840659444600489 0.866493115395872 0.867762931879109
28.913 0.508203411502405 9.91478466624096 -0.947856149220575 -9.68724079853075 -5.33056164867219 0.0599165720979103 167.162208308665 -31.5206233246931 16.6318706966201 0.84088180470658 0.866917124381734 0.867933235053017
28.956 0.515457348491986 9.93239674512149 -0.912121872630446 -8.26811542848929 -4.1827931033634 0.490898835613048 167.639388730019 -31.2977048930014 16.9698152642623 0.841301524736927 0.867395672195035 0.86830499374336
28.998 0.536817540663137 9.99118863871015 -0.880878672427585 -7.33412006196182 -3.57607768089993 0.50678836219008 167.287904871315 -31.6991409633312 17.4535503640525 0.841880824857806 0.867660378682772 0.868716622905029
29.03 0.562546883473297 9.970371828651 -0.851118468836533 -6.43804183034175 -3.70448551694879 0.892330634442667 168.317202945765 -31.8383041802982 17.8393757948825 0.841984410513002 0.867763799657837 0.868913915514715
29.074 0.570279397670522 9.94995483835758 -0.82331964662912 -6.1195467070043 -4.52918288704913 1.26523056199016 168.96493438607 -32.2090263860416 17.8698943938548 0.841941844611252 0.867847570647639 0.868976157314791
29.119 0.552504949832277 9.9687435380119 -0.820087893266543 -5.34095497007806 -5.23818012324262 1.85193599185325 168.841596852717 -32.6413113726937 17.5106144590224 0.841920548715299 0.867558071171841 0.868669163745932
29.15 0.540436007164018 10.0076290812804 -0.788763699334703 -3.92312009064873 -5.17231521280362 2.29701471828663 169.3476934507 -32.3494622118819 16.9495977118082 0.84156263544888 0.867076792686458 0.868556535942738
29.197 0.549047631463904 9.97678130525726 -0.767305618818097 -2.06482651006669 -4.97415547504269 2.57187963173584 169.247631695067 -33.1390643916243 16.3931741465646 0.84127272570308 0.866798071352284 0.868120123655411
29.237 0.545368848023428 9.96223335408455 -0.760267526804754 -1.73052474032959 -5.29898959890672 2.74642860857626 169.322581673005 -33.0586421572157 15.9424710587173 0.84092407555477 0.866324974341114 0.867778839108136
29.267 0.544980760812627 10.0336001388635 -0.747874878474546 -1.27569450531582 -5.50935714763353 3.03132473019868 169.797291155134 -32.9755001473447 16.039401557561 0.840641668934639 0.86620144451911 0.867379074980397
29.311 0.552621142947567 10.0269253085702 -0.746354203551077 0.265618748404106 -5.35708310637705 2.93835013069757 169.839805835658 -33.4061551193492 15.7039152616244 0.840526742826545 0.865866687375024 0.867400695200364
29.357 0.560048856015953 10.0170775014982 -0.7326247248198 0.903166453382899 -5.33961899555473 2.96960559059786 169.982242726883 -33.5029856466729 15.5161713619158 0.840673661717183 0.865941346315563 0.867664447317088
29.388 0.585883306182943 10.0347666617879 -0.717535460993427 1.34629765166763 -5.59364100471994 3.42683091006365 170.409616608775 -32.789418373805 15.1600988031518 0.84103239182862 0.866359322584393 0.867865903237919
29.433 0.600895526450071 10.0369621988223 -0.702248576734335 2.09989041082788 -6.37268127489185 3.64275593791492 171.037789453108 -33.2134288827821 14.049680030553 0.841448986294282 0.8665746957596 0.868164183068545
29.479 0.611714673814541 9.98898906366321 -0.681666056312755 2.73266695796142 -7.35034511510515 3.63238803490192 171.768609457018 -33.2508773950535 12.9162408247479 0.841786427811469 0.866847440151768 0.868639441487521
29.51 0.61343324497309 9.98050140295026 -0.670333285329823 2.73773504510906 -8.22736732949471 3.19673812506445 171.874573660184 -33.7312106899933 11.4161550680458 0.842185630771495 0.867178988626357 0.868913531964601
29.556 0.625162255318195 9.9692448651037 -0.655928394745239 3.18733637890475 -8.63752631551667 2.62905253779076 172.584404664749 -34.6722806588946 10.3090856051171 0.842395430838054 0.867336917373841 0.869246414093327
29.601 0.637589668389654 9.90534190366125 -0.636527164037887 3.59067376462277 -8.60319020869828 1.88846385332044 172.805367778447 -34.8765473337046 9.65835934014485 0.842451680400191 0.867464839659303 0.869048488340386
29.631 0.65752597121076 9.86877768659452 -0.61771766388143 3.25600300125284 -8.31026345835858 1.17454121737276 173.542347900542 -35.3840033403007 8.32127106551733 0.84211917266006 0.86722338068029 0.868765116344498
29.675 0.693276895173567 9.86076827002889 -0.597567863816194 3.17774411040411 -8.06238210356053 0.827027241033767 173.581301799439 -35.4410427056436 7.43622956306904 0.841723520844137 0.866669474896799 0.868523388705285
29.721 0.714968742530965 9.83930488501185 -0.59913720321544 2.71145364545787 -7.84846843518174 0.458518019435825 173.720854457546 -35.1632445915713 6.75534594608592 0.841390261082556 0.866480489969215 0.868080805407536
29.75 0.736752935148431 9.8872094506035 -0.60295819105535 1.8364301245766 -7.26313729509263 -0.0437149080737759 173.899892110612 -34.6322281191728 5.7178302163296 0.841006632183899 0.866092714189609 0.86783318177865
29.796 0.744779423869346 9.95836984145124 -0.640200493117985 1.42941679785361 -6.1217671632235 -0.293882357982507 173.972912609596 -34.5861047765299 5.03344247522697 0.840695892775987 0.865778615808129 0.867423092543513
29.841 0.75820611333581 9.95278487019 -0.654798459091248 1.17851462916219 -4.60534895946295 -0.749113412255907 174.332059213773 -34.7647448689893 4.14308840493385 0.840583161430242 0.86552419611913 0.867313025782041
29.871 0.77820364213728 9.92641397658913 -0.681610517475559 0.402230437407631 -3.31605784800468 -1.37426277995782 173.560967963156 -35.1554433438813 3.18790160799642 0.840719360786178 0.865787252042735 0.86747038295224
29.916 0.775613138250132 9.93974547782126 -0.731968922164618 -0.503429986921193 -2.19738090268532 -1.47223682123148 173.254384050156 -34.8179091085438 3.4282003024771 0.840955853743444 0.866000327340855 0.867585523499847
29.976 0.774939379323534 9.92992394338898 -0.763487687532831 -0.75640424360464 -0.628733493007169 -1.54861869542651 174.134051080626 -34.9525063779205 3.41884224500645 0.84137438813775 0.866530149350886 0.868023347385293
29.991 0.788172263299922 9.93106051671893 -0.802353589304319 -0.74039736098388 1.03606938211457 -1.73781625779929 174.378581375307 -35.5295301661156 3.71126221845522 0.841813672733514 0.866971231140046 0.868377984732504
30.039 0.798896890183642 9.93131667807297 -0.838348035554195 -0.653996671557249 2.39440703920746 -1.52549376423727 174.468650913999 -35.3489194345537 4.11612239694873 0.842182509317702 0.867316581428231 0.868665240983745
