24.446 0.319296131300123 9.66473126252023 -1.34897316544922 -0.374983343443895 1.05587964093706 -1.40655990983507 193.520187660714 113.855486887811 -101.50260807031 0.840691691683368 0.866071741577712 0.867533517089325
24.492 0.321872702351635 9.65907483210184 -1.3727300072733 -0.607934981471998 0.906102203815508 -1.33709978650839 193.537352005178 113.708944379127 -101.555112536951 0.840440790970557 0.865996325980754 0.867069126422439
24.533 0.321804945171132 9.68963404791667 -1.37206525872836 -1.08792351819843 0.781042021731783 -1.41618059806417 193.389255124194 113.200244947093 -101.42364115493 0.84023756139318 0.865799295850973 0.866915321943969
24.563 0.297131682381239 9.7218808519906 -1.39288309344906 -0.690760034473549 0.528292892564577 -1.41336582641671 193.383296650598 113.634198407145 -101.563149335493 0.840451907743339 0.865886759181082 0.866802949721868
24.609 0.286525625244396 9.80877756916818 -1.43350799098312 -0.096767536320521 0.402192052137612 -1.12910112855784 193.060470286984 113.727700709788 -101.68215096175 0.840613045299786 0.865957604478469 0.867401889244203
24.653 0.292611176160027 9.92986122720542 -1.49107443535235 1.25696180703076 0.0934091500177256 -1.08335054008605 192.804980932457 113.365437574928 -102.180542279017 0.840882072783089 0.866360172936093 0.867653231198882
24.715 0.330436803354333 10.0558613058131 -1.56639178144499 3.22729936903843 -0.487773702989459 -1.89155973899642 193.56403455529 113.570004435692 -101.894239246004 0.841339548867445 0.866797000309173 0.868102787559216
24.73 0.315507916249179 10.1743935088439 -1.61063941472299 6.10327279426464 -1.73662341697871 -3.85231606034282 194.046867989785 113.07570359291 -101.770333789263 0.841710104495774 0.867150830481369 0.868589711124964
24.775 0.26447382803882 10.2124827926854 -1.6952558827833 10.0238036351101 -2.99093977691306 -5.74365845162578 194.809963071726 113.911319910257 -102.161970369303 0.841997933554677 0.8673141092764 0.868861336299342
24.806 0.241816974841169 10.1612558927789 -1.82155532346893 10.6948534635231 -3.35296656281103 -6.02213433818329 195.338070088098 114.570169127308 -102.617195999136 0.84200383226955 0.867446365100376 0.868982275482174
24.851 0.238853654217437 10.276199233829 -1.86366166981509 8.83962519858351 -3.45628459526625 -4.94136392843228 196.011836771359 115.66183699312 -102.6799287593 0.842008610228598 0.867306434582565 0.868834536065352
24.896 0.193513358777651 10.3921739665292 -1.89104608369951 9.33368419711219 -3.71752945346337 -3.65998569806068 196.851587784801 116.624087964427 -102.556742295033 0.84176028582107 0.867218532833673 0.868345303754729
24.945 0.176402216000527 10.4492368501598 -1.96290714120069 12.0676887798135 -3.94654236875571 -2.36932123985664 197.531786105689 117.163511251186 -101.964961258977 0.841192528967883 0.866925226898082 0.867936556597585
24.972 0.143460403554606 10.4417497857174 -2.04082486675095 14.9333011940917 -3.98112679960816 -1.91983722718464 197.782746745608 118.344444113461 -102.481618619771 0.840593076699971 0.866217991897583 0.867383365881311
25.044 0.117723244858388 10.4279520233916 -2.14208983672845 17.3275006847715 -3.42539973058337 -1.81331242882872 198.094024863943 119.504999731903 -102.540111082015 0.840360912834005 0.865880090751588 0.867157386920117
25.059 0.105136142899999 10.3774032487036 -2.24427961734416 19.9945121958863 -2.73991729322291 -2.09718001391615 199.900160139793 119.851049782841 -103.601489976432 0.840299330385032 0.865606390823331 0.86709780422709
25.09 0.0777921202174142 10.2512011537736 -2.40688799874247 22.1647915198893 -1.80872232048766 -2.33001352119574 201.687129713233 120.743350324102 -104.26920688091 0.84036313709314 0.865607045843152 0.867061874610183
25.151 0.07562906043102 10.094635139299 -2.51778917268486 22.5836338028661 -0.766591797152256 -2.94929568499298 202.330575067719 120.950113762522 -104.594057573537 0.840414820526707 0.865743246080207 0.867365378665186
25.167 0.0706088966118487 9.91609591485857 -2.62855642092241 22.7066365100925 0.377686598505146 -3.63572339797408 204.411765804852 121.057592147643 -105.193186634565 0.840583004654315 0.866198861393754 0.867623657629879
25.213 0.0501722097166752 9.71178563491361 -2.72984189641605 21.5283297716482 1.11394141196474 -3.68463060884756 205.76753030193 121.582649639591 -106.032481173998 0.840946208896597 0.866690961933734 0.86782042291114
25.272 -0.00269556196407636 9.60043918654565 -2.81094338804707 20.4105425348824 1.67206353605785 -3.44966529698332 207.189699544563 122.487946208069 -107.264309750938 0.841479863609799 0.867323349454446 0.868447172666937
25.287 0.0377518781719636 9.40116276510405 -2.9300382800031 19.1909363998196 2.34276841077175 -3.28262583712137 208.011656631096 123.203236428536 -108.60409089826 0.841785952448534 0.867601797262895 0.868474771963644
25.332 0.0222232570196594 9.25863907293436 -2.9961646163835 17.132368407518 2.16932180203809 -3.52961395096908 208.749441871188 123.818621507114 -110.06131362759 0.841907563861492 0.867716348707736 0.868730955660914
25.379 -0.0113341176255764 9.11313570678557 -3.08308415662675 15.6293558146697 1.90165447644475 -3.15952165142999 209.497047915662 123.471083420762 -111.463664038348 0.841879598823529 0.86758678341635 0.868704636188765
25.408 -0.0435553868371069 8.98756869637632 -3.16247921239989 13.4651980572107 1.47018745416452 -2.72562475139875 210.690608811687 123.669577570817 -111.891567871062 0.841643154528322 0.867223509870051 0.868461944976986
25.453 -0.0460118730096851 8.86679553511706 -3.21943304073654 11.4320776019132 1.2850503111557 -2.099969789091 211.297393137466 124.514357832362 -112.11816997556 0.841464266703846 0.866558465301519 0.868043504973152
25.5 -0.0202049439264194 8.68917058560852 -3.28672438936226 9.56471568197719 1.15050907264681 -1.953036597866 211.254888441348 125.396629844213 -112.583717680204 0.840952753482932 0.866267111931497 0.867827892214493
25.528 -0.0110089802087757 8.6086568890951 -3.37549142005247 6.68574031308854 1.48946960075231 -2.27478407175238 211.508459637492 124.971270173813 -113.212811320965 0.840436844832511 0.86603111570178 0.867542131640993
25.589 -0.0198228625736181 8.56014636514018 -3.39150006383045 3.96499163833454 0.998684117067387 -2.37654456376828 211.869852306368 125.094728840788 -113.854377169982 0.840133053426982 0.865951072994694 0.867174995905457
25.617 -0.0123455060827783 8.47915780861694 -3.41273903603952 2.29065086063877 1.05748375314519 -1.58034460810269 211.076580368158 124.588730361039 -113.996045507685 0.840127261557548 0.865886238401955 0.86712439986966
25.647 -0.0106462942229729 8.42333139080614 -3.44277552408016 0.376419563529616 1.37587481714684 -0.30687302569295 210.770030098208 124.634871592441 -114.350796861225 0.840110072851102 0.865957182647377 0.867317595963212
25.693 0.0449587372541142 8.39300397922631 -3.46533335993737 -1.36113068789216 1.99445860188894 0.145096971326115 210.413724379549 124.768245989877 -114.542145457592 0.84058835359143 0.866359831252908 0.867708005777286
25.738 0.0720063846564062 8.40489039213388 -3.42228971578221 -2.04808837627662 2.26734352859875 1.09485679104896 209.921116747434 124.612279251801 -114.76913782065 0.841089315322159 0.866919911148339 0.868147154967722
25.768 0.0932805162933639 8.36322870420071 -3.44985914461422 -0.760783645852762 2.33525054824132 1.4792004129634 209.462104565422 124.881946193959 -114.977001634726 0.841393726832316 0.867127064616646 0.868514779883564
25.812 0.146144272688668 8.34142975369085 -3.39995733925116 0.355826315561553 2.23727813491516 0.496014929920202 209.588304697992 124.986376417106 -115.139371324128 0.841867542978381 0.867528808087355 0.868689773151518
