78.041 4.15664207547169 -7.26271661799599 6.00618939451421 -0.702646168487694 1.01064860925522 -2.14626431283987 239.130096640952 -6.39190045772046 106.657870202281 0.840222767238278 0.865563210002199 0.867297044032899
78.084 4.16401753707231 -7.22718063425992 5.99857216447747 -0.876853320139154 0.863052854412758 -2.16656569645373 238.905378279171 -5.86743937075357 107.098874863848 0.840641383841184 0.865953978787586 0.86766649141452
78.114 4.17096734608845 -7.22956896324852 6.0119268825633 -0.637045082442486 0.796859071616319 -2.1672082904634 238.843356406128 -6.17462589031039 107.204088639717 0.840980463289538 0.86627050150375 0.867965743793633
78.16 4.19623509623771 -7.19440539285459 6.0150408570067 -0.519746974793681 0.584005466329829 -2.15742344809978 239.531118688964 -5.92544697115142 106.65931179817 0.841015359562252 0.866403832767836 0.868195319198758
78.208 4.18707976717069 -7.19524587790155 6.02360254302797 -0.521911080117233 0.406708549864566 -1.94140612273181 239.638206138061 -6.17361204663265 106.236042556518 0.84104362554315 0.866388643489201 0.868394094298866
78.236 4.18881574315264 -7.15690717196452 5.99297849533849 -0.856335761154501 -0.174764547892144 -2.01742445559597 239.640946971829 -6.74662575777245 106.76919447078 0.840953100219818 0.866265102450785 0.867852479468646
78.282 4.17455782119802 -7.16645245718707 5.97536759774182 -1.01210524897789 -0.676979131120881 -2.02655655712434 240.789167047182 -6.54476686379568 106.955047521332 0.840538708630869 0.865918250299681 0.867537368925858
78.328 4.17333988662304 -7.11831546012439 5.92869127166507 -1.48087395396217 -1.41094851605524 -2.07288485707224 240.807225308217 -6.2612611596745 107.201588492279 0.840329521726279 0.865624940310318 0.867183484132752
78.372 4.18233716145903 -7.15247931389948 5.90764881791187 -0.709813246220808 -1.86462402319559 -2.46667032201478 240.605852499656 -6.69162153933635 106.957286678746 0.840033610051102 0.865263623958136 0.867020161094783
78.402 4.21362682423152 -7.11670570443314 5.82611664884712 -2.22563575233962 -2.40026912291056 -1.81113273182434 241.108740524721 -7.55021344686244 106.957402209784 0.839679962971582 0.865205807212653 0.86665330806686
78.448 4.11395823076703 -6.99170965060489 5.7139632452555 -3.05474969221952 -3.40353096665679 -2.16564346697619 241.756079825024 -7.44167289195858 106.537495789925 0.839507467459797 0.864936623687103 0.866689500355952
78.476 4.14477853182379 -6.96623334432608 5.65050864822787 -2.2033548842856 -3.36350130436605 -2.20798800214384 241.47042465827 -7.44375504248645 107.127371589839 0.839848048670118 0.865187994728347 0.866620034235575
78.522 4.0883101920761 -6.88260008064332 5.65878593694934 -0.854564784515608 -3.71695514050596 -2.84824127410292 240.735043973198 -7.31344158441403 106.63317098777 0.840123919450477 0.865391605271754 0.867019928641893
78.568 4.12870821032789 -6.90023438200963 5.67559406216078 0.184825425305716 -3.29661152640525 -2.93119756942795 240.937385618291 -7.51388768337536 105.854868500094 0.840473546261526 0.865433069546374 0.867478943645764
78.598 4.19579936092925 -6.78752370887146 5.75795214905995 -0.0541081993954997 -4.11147671043406 -3.55465171062595 240.627282350816 -8.21024902353404 105.974443485076 0.840882767053874 0.865811975996649 0.86796161464119
78.643 4.20699372401758 -6.93048876576273 5.80935724301212 -0.524285656777531 -3.73991445606227 -3.10270300011084 240.502098704161 -8.58830170906258 105.429299222911 0.841340111226781 0.866118890221371 0.868352578147485
78.685 4.26816497081367 -6.8416101191704 5.82272583977073 -4.12703779420354 -4.91475055673869 -2.37418179650199 240.66469995037 -8.33052438434069 104.627732370558 0.841470996183955 0.866120433008166 0.868669258587584
78.713 4.18483546063718 -6.97378396470887 5.7515290420841 -5.16129755986975 -4.75392505019498 -1.88476664447959 241.1924069598 -8.84172475131596 104.398463220152 0.841463189745052 0.86624528013516 0.868580992380734
78.759 4.23079977765866 -6.95450875817169 5.62830639995024 -8.78095636700595 -5.84358005401671 -1.21834037134145 241.919849637438 -8.93179704856593 104.224755208323 0.84119217468298 0.866111939996044 0.868275330378194
78.806 4.15018829555812 -7.08002208732891 5.47605110113499 -9.21081893208398 -5.38780366054743 -1.32174119696978 242.773078206325 -9.2207556093384 103.280051718742 0.84073235894603 0.865546855980853 0.868015670792577
78.836 4.32488175600486 -7.26806461772616 5.33492342484781 -10.6426717319346 -4.85183088870754 -1.16732792679743 243.194193347123 -9.37681204356411 102.664841892181 0.840347110761506 0.865212873189346 0.86743496514855
78.886 4.32124094664525 -7.31861355392783 5.1662137639598 -12.9510984540121 -4.70097538626532 -1.01866539169828 244.13529661117 -9.61121775528693 102.790521932667 0.839921236477829 0.864719499114985 0.866964593576888
78.927 4.3950619630473 -7.36211999511526 5.08768413891211 -13.0537485263757 -3.42946945218789 -1.02565331842065 245.617590255047 -9.92108638178241 101.94432276546 0.839690101562264 0.864431352393274 0.866596075834546
78.957 4.32733582429988 -7.46427820411526 5.02848646330982 -11.5699485201048 -1.74932063795158 -1.30047384440927 246.788248106588 -9.41007996924375 101.672901440023 0.839528191378082 0.864197953548689 0.866643142247777
79.017 4.34029345639598 -7.51387857966259 5.01901714288594 -11.4100552478498 -1.05908712132093 -1.53491053152876 247.100480966337 -8.78016477508744 102.173050166418 0.839624826005734 0.864355097411705 0.86669359840694
79.048 4.30961481245082 -7.55442001237307 4.98605229367371 -11.2955798652621 -0.638547591170718 -1.89472791221769 248.433389582733 -8.64193346782083 100.850170634799 0.839943109092326 0.864482383940747 0.866845459175863
79.078 4.35321536624923 -7.51974205999777 5.0000880371207 -10.7962135839921 -0.511116678619274 -2.45388991423984 249.453045562013 -8.14596610893487 100.126638214187 0.840074597846048 0.864943384178246 0.867190082163387
79.123 4.42232597948353 -7.57084115099566 5.03850553419649 -9.84852078929314 -0.532706799757948 -3.27627678473274 250.392966905231 -8.42223254823725 99.7025769534915 0.840408078835484 0.865451919870184 0.867592414385827
79.168 4.50491112983033 -7.57055435934506 5.06211787034106 -11.0315003126099 -1.72607266047569 -3.74538724906864 251.964303193237 -7.92000836407217 98.9930873323281 0.840804518983344 0.865740781644648 0.867795115883458
79.198 4.58636184332571 -7.61758358707688 5.04908374260779 -12.3002480776415 -3.13979824429829 -4.48880183968453 252.559085586522 -7.89120677489846 98.7004007391858 0.840999314956693 0.86609781181797 0.868069929613473
79.243 4.60359695391078 -7.68972879428502 5.00662936967454 -12.6712162100652 -4.03690070001902 -5.13638750541164 253.358859325083 -7.99387748766775 97.8453245987405 0.841030629412647 0.866263954122354 0.868045744824798
79.288 4.66688991683064 -7.79211198688405 4.98291345818333 -11.6868149011452 -4.30614910900014 -5.86467235266587 253.964676053317 -7.92704076501088 97.2907129249798 0.840942573354111 0.865917320153653 0.867804782706632
79.318 4.71559540916327 -7.81579185599779 4.92585722874233 -11.3350986958818 -4.59156856454966 -6.22817086520134 254.677387603187 -8.21490301965881 96.5114774692337 0.840770475406318 0.865747784361725 0.867733063656458
79.363 4.70599567806685 -7.78294055611394 4.88463959911674 -9.86875818793905 -4.31535374339209 -6.3664214542482 255.374683958581 -7.60807144592364 96.0002967500793 0.840276823909307 0.865375625177853 0.867453111103524
79.407 4.74524202875227 -7.73889524747836 4.82857418570478 -8.15232008642911 -3.66948233367431 -6.31512198862807 255.741494006451 -7.31453787119815 95.4722403675642 0.840003436479187 0.864937805058037 0.866991775031121
79.436 4.78187980030838 -7.64549433865174 4.74586558278385 -8.46773041504575 -3.80235702615406 -5.87769155888034 256.332610145225 -7.0107756756705 94.378514697727 0.839414807085212 0.864471933038265 0.866741553078015
79.497 4.86683258888761 -7.57533427337011 4.66195656009661 -8.8230601094695 -3.89494735912372 -5.36215153673888 256.583414217633 -6.9927282972931 94.1525969051589 0.83940651444605 0.86434218560585 0.866427635573278
79.528 4.9337588905979 -7.55682982057286 4.5465551111102 -10.5369076963039 -4.27444934562304 -4.55685419514017 257.752565516282 -7.36810992080741 94.0716034931787 0.83939979740833 0.864471925378005 0.866519038000595
79.557 4.95325924548983 -7.55658950577638 4.42350557658373 -12.7282540126321 -4.8152810691913 -3.66570838661316 258.567578068189 -7.28816903585401 94.0179988294748 0.839760835928429 0.86458923713627 0.866716261569267
79.603 4.9927571305704 -7.61306564050986 4.25458317004415 -14.0097330784763 -4.82091201718999 -2.88502531987421 259.545738235233 -7.33741691904175 92.9965790518746 0.840179448608667 0.864783151356631 0.8671100560759
79.647 5.01488030792755 -7.735748894521 4.09414319487657 -15.4847540225734 -5.03486239804603 -2.10656516558666 260.422047970539 -8.09730770442381 93.0812290320184 0.840644547955058 0.865174673420667 0.867429029626272
79.678 5.04468128523827 -7.82205606707116 3.91781113978941 -16.7658568651547 -5.02961258821881 -1.1181498451939 261.455858856136 -8.16081924058329 92.7177955159349 0.841033465264964 0.865602675134826 0.86793309835699
79.723 5.05859687892294 -7.90883195180323 3.77839988404256 -17.1705730684089 -4.61665795218243 0.0868940452402703 262.44324567347 -7.47426358487247 92.2854143679073 0.841348488285988 0.865825896257755 0.86810761983499
79.767 5.08601739648813 -8.00311040104118 3.68088943606944 -16.9807596052585 -3.6757524832525 1.02771242091943 263.537028995511 -7.6201535037467 91.8691856380049 0.841477781601912 0.865883107897636 0.868237056271136
79.797 5.16874743443236 -8.20074218599753 3.63421575094788 -17.2978503947632 -2.89926790838109 1.65000431285313 265.538993486364 -8.14632433803483 91.232040366784 0.841216491379242 0.865929449325941 0.868119794265425
79.844 5.21677274031062 -8.37216648590458 3.59673926722087 -18.7506481327353 -2.87138410502532 1.91345005829653 267.022584723955 -8.41052271380821 90.745952697095 0.840865878724215 0.865745125760574 0.867655248657801
79.886 5.22814588669262 -8.49801969008479 3.52851302273843 -19.0831394913324 -2.42032494186441 1.76493271515912 268.206293626403 -8.01852339818465 90.526221684647 0.840341438527623 0.865484709433641 0.866784300076795
79.917 5.17112256435445 -8.5161337762697 3.44584214475449 -17.3023811559182 -1.12657007313918 1.17074053744683 269.753097837387 -7.13700395252957 90.6122395645641 0.840030465222597 0.865298230486617 0.866437554868767
79.964 5.04059792172702 -8.43881499040077 3.37789711184526 -13.3462264462174 1.07442480564276 0.398147163576207 271.054009248283 -7.23897320154895 90.1539140472969 0.839664753591312 0.864763877635415 0.866514740265497
80.007 4.85998235717963 -8.27835366971334 3.34331409404726 -7.30578693288647 3.78295584829583 -0.726508431091059 272.113747491109 -6.99156829325465 89.2366703783105 0.839381189239153 0.864467298994822 0.866342808891305
80.038 4.72182400868532 -8.2715796869606 3.40221138933044 0.693304950774176 7.22159881727229 -1.13137259254254 272.096135467799 -6.04717031753627 89.6457030064315 0.839505754273201 0.864573267223073 0.86632700474375
80.083 4.66546719904164 -8.28130780495249 3.49771242610992 4.52783655211182 8.64628893512033 -0.930228593852584 272.027869728917 -5.45620795720437 89.6110194352095 0.839732972497199 0.864893675992482 0.866425194664233
80.128 4.61287505273709 -8.2653533520103 3.56293567131587 5.95518119499683 8.79845586950854 -0.254095848043494 271.510574480423 -4.52752844533554 89.9009257425197 0.840144262081475 0.865177366380988 0.866972855511512
80.158 4.5838145997544 -8.26912381812517 3.59643329470961 7.0974372259627 8.87972635353856 0.937006790565686 271.019565329142 -4.32729804072179 89.799749851441 0.840477406644738 0.865518393318399 0.867403898712196
80.198 4.59140622327726 -8.25174332536571 3.64957340682132 8.39106155760994 8.81234933873264 2.11622740875515 270.939847916605 -3.83511141298465 90.5157973796672 0.840620933194564 0.865905739376688 0.867876231307296
80.245 4.64409874086679 -8.31319631328805 3.7256269441139 9.564011770061 8.65853731551848 3.14254114765656 270.99527681245 -3.18444024451757 90.6397958775304 0.840850610467781 0.865985187842371 0.868135633106781
80.274 4.71906544671587 -8.32657533769215 3.79961431868215 9.19715487726086 7.86746102709669 3.86194687922013 271.226174218085 -2.97539659805923 91.1422346607996 0.841023466574623 0.86617272870212 0.868111799402985
80.32 4.81306193216609 -8.34980834927527 3.90624303903525 9.45961911470344 7.31768159988725 4.20008536911487 271.197201116649 -1.79807124442798 91.0932100752477 0.841063241737771 0.865966887828803 0.867969033837369
80.368 4.91056134238455 -8.37775502025245 4.01448925278524 9.54763499436016 7.06984117987814 4.23435922531893 271.011732904485 -1.64243770798666 91.2515001609506 0.840855435006399 0.865565334721157 0.867989430716801
80.398 4.93626487142877 -8.4160858316175 4.12713425827991 8.97121793321799 6.51466295875473 4.01044165953123 270.447503652633 -0.574374543469196 91.73371513037 0.840573423062213 0.865104105708194 0.867672977827863
80.443 4.9280191257447 -8.50813198065668 4.22835454933948 7.54096133506688 5.66771669124782 3.59021346941114 270.674477958633 0.410756619789952 91.7643092555997 0.840129587191728 0.864730510207694 0.867058629355114
80.488 4.88134493547961 -8.55747839908289 4.27372366995033 4.71283516995379 4.29634670311684 2.89494313923065 270.414327146493 0.0207128620298608 92.2090904970358 0.839757704455489 0.864304024209487 0.866807791002175
80.518 4.81091782009414 -8.59713785222565 4.26518633123673 1.71396137315875 2.69286525700556 2.06643066033408 270.257604988659 0.970777418244187 92.155363302599 0.839696908344221 0.86432977692423 0.866592526014569
80.562 4.71581601232496 -8.58357460082401 4.20134893006796 -0.774286707588738 1.4348849803119 1.08846532342022 270.628660040814 1.69832970877779 91.7338442751052 0.839761486748307 0.864227039153481 0.866640266893596
80.608 4.63142143026459 -8.56921247454953 4.1406683503274 -1.59877528658199 1.13782935313661 0.155473705863511 270.869214633059 2.07164706411001 91.8364138628352 0.840066287280992 0.864489770990573 0.866703342733612
80.637 4.54877438993979 -8.51875125614903 4.10564288087029 -1.28187821113905 1.35851200504829 -0.741928893670403 270.872063852778 2.32603412192911 92.1114952288965 0.840313175712467 0.864702583778617 0.867210460661309
80.687 4.50539521723887 -8.47217351427637 4.1309682106549 0.713587045923937 2.2106237317227 -1.61920667868219 270.33437172075 2.24408763876258 92.3103111354062 0.840386983863004 0.865220282524766 0.867633274581491
80.725 4.5449751560233 -8.50771404273391 4.23127446574125 3.25327268277091 2.9122082761305 -2.47804595935089 270.618841093808 2.72971098739769 92.363352019679 0.840698963019295 0.865639618509146 0.868209405613008
80.755 4.5962363710917 -8.55273457113241 4.32746835412328 3.08515087304444 2.02171313114662 -3.16080501333377 270.393261285984 2.66706589979213 91.79431513594 0.841065354627667 0.8660900275789 0.868676071748536
80.803 4.6486216933571 -8.55300082834662 4.42333593853327 2.35973556594462 0.753541834702048 -3.98017572492249 270.468541641647 2.27432337883162 91.8433952601114 0.841248443338672 0.86620780119017 0.868586511041105
80.848 4.74609644793914 -8.61483127711616 4.48759913265 2.26077512139224 -0.0929898925172951 -4.80485836772157 270.319518729734 2.34620193685362 91.6371501606902 0.841270722119188 0.8659705907706 0.8684028526291
80.877 4.82257897518666 -8.64254614848997 4.53388229939963 0.961762199472753 -1.46684853049626 -5.42750779693844 270.300810171085 2.18242356885143 91.5000916301591 0.84103627590603 0.865778450330748 0.868007849576825
80.922 4.8531538514167 -8.56230193220253 4.53535086578366 0.0886457021836167 -2.31715494328976 -6.00193017048197 270.081656238579 1.62976309076966 91.7010742204289 0.840479460244894 0.865635299805173 0.867552227433481
80.966 4.91151610264924 -8.55356178455122 4.51474119782102 0.46210836228018 -2.47315504604944 -6.5970596212965 269.562141553249 1.48810810352342 92.0138701185474 0.840142262813586 0.865061664673805 0.867183173497373
80.996 4.91346132389997 -8.46086570497135 4.47624218526798 -0.244241844873665 -2.79516398424661 -6.67399997263948 269.507334658131 0.179367563853972 92.3092347960234 0.839881930331821 0.864597020217397 0.866884239809125
