0 -2.10745567611459 -9.23579876831133 2.54592008601439 -0.817316918307659 0.961764111203054 -1.3995744355296 372 18 157.2 0.840036794681514 0.869955262997314 0.86502502651193
0 -2.1043472516382 -9.23865522036813 2.54660983572136 -0.826424921133382 0.944213654281222 -1.3878612667858 371.4 18.6 163.8 0.842561714935271 0.86502502651193 0.869955262997314
0 -2.10460228572884 -9.24152529021975 2.54214292487261 -0.846072505355922 0.920021296486687 -1.37731941491638 368.4 15.6 162 0.838772091856926 0.866259629167332 0.86502502651193
0 -2.10291645691334 -9.2412353138406 2.53914025176249 -0.863755331156207 0.924202372944889 -1.38462564136367 370.2 15 159 0.842561714935271 0.863789051815026 0.869955262997314
0 -2.10349412350838 -9.23738308372607 2.53745536877527 -0.867456133918449 0.914988242520629 -1.37975086348685 363 18.6 159 0.840036794681514 0.867492865611799 0.86502502651193
0 -2.10796445240663 -9.23271892925361 2.53599884099198 -0.8776570854121 0.893718425902154 -1.35627959393206 370.2 18.6 157.8 0.840036794681514 0.863789051815026 0.866259629167332
0 -2.10725921657759 -9.23378842884534 2.53654345857888 -0.855540231832722 0.917323682548579 -1.35118598568389 366 18 159.6 0.838772091856926 0.866259629167332 0.866259629167332
0 -2.10440985799203 -9.23930000496715 2.53517812181523 -0.847085445290672 0.937041695973111 -1.35194524971092 368.4 13.2 159.6 0.837505884938855 0.866259629167332 0.863789051815026
0 -2.10190527832839 -9.24252464085349 2.53556539138267 -0.853979954196719 0.921200121795647 -1.34041484687723 371.4 18.6 157.8 0.840036794681514 0.862551699207043 0.86502502651193
0 -2.10288334962427 -9.2393814716595 2.53699132371047 -0.873162111448803 0.890912170684785 -1.3178237438689 367.2 18 158.4 0.838772091856926 0.86502502651193 0.86502502651193
0.001 -2.10466142663389 -9.23882703726211 2.53761626989929 -0.878975671296289 0.904111029952184 -1.32191923207743 372 15.6 157.2 0.838772091856926 0.862551699207043 0.86502502651193
0.001 -2.10099445732561 -9.23593384693311 2.53554510216077 -0.888788027830782 0.935837331537118 -1.34163570581625 372 19.2 162 0.837505884938855 0.863789051815026 0.86502502651193
0.001 -2.09745476501101 -9.23907605412823 2.5336810511961 -0.886168767032437 0.909429170902491 -1.34105992149417 373.8 16.2 159 0.838772091856926 0.86502502651193 0.86502502651193
0.001 -2.09540627470834 -9.24531581047078 2.53553483747968 -0.881521355978048 0.887951902667203 -1.34283179194017 368.4 15.6 158.4 0.837505884938855 0.86502502651193 0.86502502651193
0.001 -2.10086496536037 -9.24584392943591 2.53792150494632 -0.901002808166503 0.887706330721094 -1.33755624633394 371.4 17.4 156.6 0.838772091856926 0.86502502651193 0.866259629167332
0.001 -2.09314837334246 -9.24943164800355 2.53899211594918 -0.904032298342219 0.923363178565015 -1.35112886597535 368.4 18 159.6 0.838772091856926 0.86502502651193 0.86502502651193
0.001 -2.0922488058599 -9.24960797859504 2.53498771407716 -0.905995480721738 0.927210066815384 -1.35418391830912 366 16.8 160.8 0.840036794681514 0.866259629167332 0.866259629167332
0.001 -2.09592830702592 -9.24288334101386 2.53892548041206 -0.911579138756434 0.92227531967583 -1.35464338907363 371.4 17.4 157.8 0.838772091856926 0.866259629167332 0.867492865611799
0.001 -2.10043695776101 -9.2378487376864 2.54109279355402 -0.888360156178501 0.939208093051759 -1.35963706543344 370.2 18.6 156.6 0.842561714935271 0.86502502651193 0.86872474163725
0.001 -2.10018518455419 -9.24139807717459 2.5427441123813 -0.858302766514849 0.979638428784751 -1.36184129782139 369.6 22.8 162 0.842561714935271 0.86872474163725 0.867492865611799
0.002 -2.0961278696739 -9.25033856120518 2.54022000345793 -0.859495390626723 0.993124967585665 -1.34855793139803 369.6 19.2 156 0.841300000145693 0.867492865611799 0.86872474163725
0.002 -2.09995817123801 -9.25210018772016 2.54052208167201 -0.921637454617486 0.97472850136145 -1.32896931383075 373.8 18.6 163.8 0.840036794681514 0.869955262997314 0.867492865611799
0.002 -2.09712065737501 -9.24817894534585 2.53923772247332 -0.97985538854505 0.976492292446679 -1.32889680992859 370.2 21 162.6 0.843821945689256 0.867492865611799 0.869955262997314
0.002 -2.0937887681817 -9.24321330758617 2.53856063906876 -1.01698435350734 0.958995734957736 -1.32501476252352 372.6 18.6 161.4 0.841300000145693 0.869955262997314 0.867492865611799
0.002 -2.09713472008362 -9.23718802785294 2.53771184406752 -1.0534538570879 0.939432039324558 -1.31312397329407 370.8 18 162 0.843821945689256 0.867492865611799 0.871184435407686
0.002 -2.09673433077027 -9.23793039907888 2.5397611009068 -1.04047488359285 0.976786545315766 -1.32150623245321 368.4 20.4 153.6 0.842561714935271 0.869955262997314 0.867492865611799
0.002 -2.0911067417713 -9.24284820130356 2.54800992730141 -1.01352663187479 1.06078728009717 -1.33744721226132 368.4 19.2 158.4 0.843821945689256 0.866259629167332 0.869955262997314
0.002 -2.08280974252093 -9.24505960080821 2.54669504335118 -1.00225030456517 1.06005206353783 -1.33423684218023 366 15.6 160.8 0.840036794681514 0.869955262997314 0.86502502651193
0.002 -2.0884506966746 -9.23962779462754 2.54658903751307 -1.04553672449033 0.976947620542827 -1.30157651674083 370.8 20.4 162 0.842561714935271 0.863789051815026 0.869955262997314
0.003 -2.09233045572723 -9.24293933767455 2.54380014604509 -1.08449450242298 0.948718507343506 -1.28897611697515 373.8 17.4 161.4 0.840036794681514 0.86872474163725 0.866259629167332
0.003 -2.08780164713876 -9.24298679642418 2.54589898943466 -1.12260993767687 0.954610015387782 -1.28068919230053 368.4 22.8 158.4 0.843821945689256 0.863789051815026 0.866259629167332
0.003 -2.0897710847427 -9.23889952730423 2.55245663725938 -1.16225734085574 0.966019242856637 -1.2533836318491 369.6 19.2 158.4 0.838772091856926 0.867492865611799 0.86502502651193
0.003 -2.07436518617596 -9.25431478468733 2.58020562532788 -1.08114611058696 1.03888296742594 -1.2517093908016 373.2 16.8 162 0.840036794681514 0.86502502651193 0.86502502651193
0.003 -2.05684871150367 -9.27261776132724 2.59656057301085 -1.07913836975728 1.20293360198105 -1.25020257385884 370.8 20.4 159.6 0.838772091856926 0.863789051815026 0.866259629167332
0.003 -2.03497867590171 -9.2872947669328 2.60834714361656 -1.18496499079681 1.32157153949287 -1.25495330883937 368.4 16.8 158.4 0.837505884938855 0.86502502651193 0.863789051815026
0.003 -2.00559912448509 -9.2739883020193 2.61069504548873 -1.36723185049576 1.425292248139 -1.26609919932948 370.2 17.4 160.2 0.840036794681514 0.862551699207043 0.866259629167332
0.003 -2.0001067965512 -9.28086681556738 2.6471649658361 -1.56409645170573 1.35222867218006 -1.24941294351867 369 16.2 161.4 0.837505884938855 0.863789051815026 0.86502502651193
0.003 -1.98917819106142 -9.28747652225527 2.64521211251726 -1.79012955462676 1.26586076679412 -1.25500600031184 369 23.4 162.6 0.840036794681514 0.863789051815026 0.86502502651193
0.003 -1.96958608368242 -9.27582786905318 2.6692520546774 -1.82791049229385 1.18965636950402 -1.27530692699821 369 19.8 162.6 0.837505884938855 0.86502502651193 0.862551699207043
0.003 -1.92005044465546 -9.29395478750064 2.69352162193 -1.71763852703393 0.959240350874229 -1.31953195948923 369.6 19.2 163.2 0.838772091856926 0.863789051815026 0.866259629167332
0.004 -1.8834889493461 -9.35276607678647 2.71817742863959 -1.82221055219313 0.467896468458562 -1.22727342002886 370.2 21 159 0.837505884938855 0.86502502651193 0.866259629167332
0.004 -1.93013096112689 -9.32004369502945 2.71355259787737 -2.15907346643947 0.068435065887515 -0.944240734514522 373.8 23.4 161.4 0.840036794681514 0.866259629167332 0.866259629167332
0.004 -1.96283123724473 -9.25725424175575 2.66527709101169 -2.67446382971919 -0.408637448334824 -0.738366279383681 377.4 17.4 159 0.838772091856926 0.866259629167332 0.86502502651193
0.004 -1.96640409677755 -9.26179586546226 2.6081821745741 -3.28182660705261 -0.992964543195998 -0.435522017857526 369.6 19.2 157.2 0.841300000145693 0.86502502651193 0.867492865611799
0.004 -1.98368561550555 -9.23978650596681 2.61318019265899 -4.28952180894277 -1.80893526444892 -0.0186873733236822 374.4 21.6 157.2 0.840036794681514 0.867492865611799 0.867492865611799
0.004 -2.0030697013549 -9.20375741744289 2.61995289833816 -5.17660016239964 -2.71964479143914 0.259517241871281 368.4 18 158.4 0.841300000145693 0.866259629167332 0.86872474163725
0.004 -1.98053221335518 -9.17582037351354 2.63903687695985 -5.66428365761006 -3.55989405275324 0.342725823027665 374.4 16.8 160.8 0.840036794681514 0.86872474163725 0.86872474163725
0.005 -1.95468194869615 -9.15654279859505 2.61168032557062 -5.82762628421546 -4.35428632686723 0.416850187289784 373.8 21 156.6 0.843821945689256 0.867492865611799 0.869955262997314
0.005 -1.89316933978311 -9.17809879247822 2.61513142887019 -5.79295525884735 -5.29290349570723 0.52707356550737 370.2 18.6 151.8 0.841300000145693 0.869955262997314 0.867492865611799
0.005 -1.93231910731237 -9.20563946483562 2.54545370134648 -5.93427041998552 -6.64910932934261 0.813297506666557 377.4 19.8 156.6 0.842561714935271 0.866259629167332 0.869955262997314
0.005 -1.97683143257356 -9.19451307938722 2.42276899271849 -6.0301563550862 -7.80099228953812 0.959448672030436 374.4 16.8 157.2 0.840036794681514 0.869955262997314 0.867492865611799
0.005 -2.10314364110759 -9.17330643850172 2.3571243189601 -5.71721705545545 -9.00944267890492 0.914648842995331 373.8 19.8 159 0.843821945689256 0.86502502651193 0.869955262997314
0.005 -2.12315147109625 -9.11579349026922 2.28786876524936 -5.39511367052059 -9.20162818200679 0.55295495106221 378.6 15 153 0.840036794681514 0.869955262997314 0.866259629167332
0.005 -2.24889760900555 -9.10401501404503 2.26689858489142 -4.60674734163647 -9.41734322640153 0.180865562826218 375.6 19.2 147.6 0.843821945689256 0.866259629167332 0.869955262997314
0.005 -2.14671068509535 -9.17116602194839 2.29267728852843 -3.71401153877053 -8.80766997246367 -0.308213359868617 371.4 21 155.4 0.838772091856926 0.86872474163725 0.86502502651193
0.006 -2.10442213821515 -9.2038292163539 2.31480073208465 -3.29146534672554 -9.16354419659135 -0.346094313958091 377.4 18.6 156.6 0.843821945689256 0.862551699207043 0.86872474163725
0.006 -2.12968909092043 -9.24723222916675 2.3421937162416 -2.81957072044993 -9.21665542578718 -0.341255874928695 374.4 22.8 152.4 0.837505884938855 0.867492865611799 0.866259629167332
0.006 -2.11873095644081 -9.24756870626228 2.3438032211128 -2.56433120565685 -8.96750896717793 -0.410947081328955 376.2 15 155.4 0.838772091856926 0.86502502651193 0.866259629167332
0.006 -2.14418309997825 -9.24272398315803 2.34884307455389 -2.38423396295376 -9.18526188725403 -0.382066113654075 375.6 18 153.6 0.838772091856926 0.86502502651193 0.866259629167332
0.006 -2.12525135938503 -9.21549910452606 2.40174181763561 -2.23436018497899 -9.30795707257442 -0.342332784731415 375 15 150.6 0.840036794681514 0.86502502651193 0.863789051815026
0.006 -2.14161189792315 -9.21362196934201 2.42510938201158 -1.94985546419102 -9.31838273936278 -0.406572788701022 373.8 17.4 153 0.838772091856926 0.862551699207043 0.863789051815026
0.006 -2.09109439013385 -9.23701179801206 2.45571701127715 -1.68693098647421 -9.12318568680055 -0.506373525098095 378 13.2 152.4 0.837505884938855 0.866259629167332 0.863789051815026
0.006 -2.04838197432146 -9.24746827583415 2.47847545503164 -1.57930659011686 -9.27117246163195 -0.483980447397446 377.4 15 154.2 0.840036794681514 0.862551699207043 0.866259629167332
0.007 -2.05974019469784 -9.2658573773584 2.48626879774259 -1.34427669446395 -9.45016208569776 -0.43405568510045 368.4 13.2 153.6 0.837505884938855 0.86502502651193 0.863789051815026
0.007 -2.01711058230966 -9.29216394308935 2.48496295144611 -1.2434368112771 -9.61277946491424 -0.505153933384298 375 17.4 155.4 0.838772091856926 0.86502502651193 0.86502502651193
0.007 -1.99652088533434 -9.27328289881704 2.49797333297539 -1.5045893133555 -10.1530282359801 -0.425630906458082 379.8 15 148.2 0.838772091856926 0.866259629167332 0.86502502651193
0.007 -1.97272290751868 -9.27376766206644 2.56929831222363 -1.61596244308865 -10.7354353360462 -0.246426594438228 375 15 155.4 0.838772091856926 0.863789051815026 0.86502502651193
0.007 -1.9465761837262 -9.32154920579632 2.63307179673613 -1.79940436671872 -11.3389910390828 0.0339412558452896 371.4 19.8 150.6 0.838772091856926 0.866259629167332 0.863789051815026
0.007 -2.00205279501361 -9.32468919946229 2.64001014528365 -2.17671583844379 -12.00203850006 0.346577664611906 374.4 13.2 148.8 0.840036794681514 0.866259629167332 0.866259629167332
0.007 -1.93765860598161 -9.35205571347603 2.67001709965787 -2.04606715536277 -12.1560331233364 0.366881730211784 373.8 10.2 153 0.840036794681514 0.866259629167332 0.86872474163725
0.007 -1.85223037422485 -9.37405200446363 2.69588610197236 -2.41855967646772 -13.0014985132929 0.447750809099002 373.2 16.8 144 0.840036794681514 0.86502502651193 0.86872474163725
0.007 -1.80257900733459 -9.35619979779168 2.71479880212363 -3.30265790729423 -14.861654005475 0.755647483914293 374.4 10.8 146.4 0.840036794681514 0.86872474163725 0.867492865611799
0.008 -1.84713664214648 -9.3197222740672 2.76312442480281 -3.99910967381671 -16.7877023453856 1.04496823170607 377.4 10.2 145.8 0.842561714935271 0.867492865611799 0.86872474163725
0.008 -1.84486114884171 -9.32166823666292 2.78429154031356 -4.18774832475565 -18.0768710421447 1.06871568334462 376.8 20.4 146.4 0.840036794681514 0.86872474163725 0.867492865611799
0.008 -1.82060698185641 -9.34855874408184 2.78089631324601 -4.36133990449383 -19.3875045486173 1.17787464936131 376.8 13.2 151.2 0.843821945689256 0.867492865611799 0.871184435407686
0.008 -1.82445604366909 -9.34672327067463 2.75790886335604 -4.67482423465513 -21.1502808113128 1.30741542869998 376.8 9.6 141.6 0.841300000145693 0.871184435407686 0.867492865611799
0.008 -1.90082365360424 -9.3408216764868 2.79869128691881 -4.77986089515908 -22.9367794477388 1.43087235911243 380.4 15.6 139.2 0.845080699000308 0.867492865611799 0.871184435407686
0.008 -1.88677496391444 -9.31946905824608 2.83898679102417 -5.02706564533783 -24.2950098999115 1.48625840564393 375.6 12 144 0.841300000145693 0.871184435407686 0.866259629167332
0.008 -1.88676055679836 -9.27283804750204 2.85562028603217 -5.35565679072771 -25.7258142534318 1.54984630553756 376.2 11.4 139.8 0.843821945689256 0.866259629167332 0.869955262997314
0.008 -1.79469054111944 -9.28557766499305 2.93649082884008 -5.23001477577708 -27.1204084006077 1.5918082398693 375 10.2 143.4 0.840036794681514 0.86872474163725 0.86502502651193
0.008 -1.72966432424581 -9.31865100582407 3.02609357987178 -5.37189879438258 -29.0213446597835 1.85552817924115 375.6 4.8 136.8 0.843821945689256 0.86502502651193 0.871184435407686
0.008 -1.67120058404382 -9.35093089807003 3.102007500121 -5.90875471647104 -31.0802788960953 2.2867692544468 378.6 7.8 138.6 0.838772091856926 0.869955262997314 0.866259629167332
0.009 -1.58081469297686 -9.36304382861825 3.16667888622492 -6.67742122955676 -33.4623273423636 2.79320683281892 380.4 9.6 133.2 0.842561714935271 0.863789051815026 0.86872474163725
0.009 -1.58087024712811 -9.33174766642903 3.24804702455708 -7.71807605316597 -36.5038808676692 3.46503118770496 378.6 9 132.6 0.838772091856926 0.867492865611799 0.866259629167332
0.009 -1.66651295683608 -9.27916028687109 3.27860170949914 -8.79588676846006 -39.315324841971 4.12387158038485 379.2 14.4 134.4 0.840036794681514 0.86502502651193 0.86502502651193
0.009 -1.68116258736097 -9.21567077567056 3.31088932468967 -9.48652709924764 -41.4776854875449 4.6038508345601 377.4 10.2 127.8 0.838772091856926 0.863789051815026 0.86502502651193
0.009 -1.65987074812331 -9.18899648603685 3.38807165725061 -9.76459194657479 -43.8054894578744 5.23430544576058 382.2 7.8 126.6 0.838772091856926 0.866259629167332 0.86502502651193
0.009 -1.68051169312071 -9.19539590969879 3.39797996374692 -10.1423312251998 -46.310436695293 5.84598940500132 377.4 7.8 123 0.840036794681514 0.862551699207043 0.866259629167332
0.009 -1.716147237981 -9.23658963705777 3.41767136060648 -10.5120675683286 -48.8038205066798 6.36215382327981 373.8 9 121.8 0.836238167146494 0.863789051815026 0.86502502651193
0.009 -1.67926621493516 -9.28228310941767 3.42282404723871 -11.3662043229462 -51.5096979979965 7.02059492950145 380.4 12 120 0.838772091856926 0.863789051815026 0.866259629167332
0.009 -1.84341538003222 -9.18065296589533 3.40118511518634 -12.5608816005752 -53.8877358317847 7.76662703960474 382.8 6 118.8 0.838772091856926 0.86502502651193 0.863789051815026
0.009 -1.81188375995578 -9.13874581139564 3.35902500153301 -12.3788392420444 -55.3302599585299 8.13194906846869 383.4 6.6 114.6 0.838772091856926 0.863789051815026 0.866259629167332
0.009 -1.76393271010538 -9.16088435662937 3.4065539121692 -12.1088942491377 -56.7239515199288 8.92486103185083 380.4 9.6 114 0.840036794681514 0.86502502651193 0.863789051815026
0.01 -1.91249247063476 -9.10443403971033 3.38797851324659 -13.0354094043766 -58.4561365206077 9.87130622637567 380.4 7.2 103.2 0.841300000145693 0.866259629167332 0.866259629167332
0.01 -1.99873119296978 -9.09325277792069 3.32229922938866 -13.2417921280611 -59.2005992044248 10.3658549930511 382.8 8.4 109.2 0.838772091856926 0.86502502651193 0.866259629167332
0.01 -2.0544390949817 -9.11239887464034 3.2852145319747 -13.297002228232 -60.0622186732953 10.9010252189368 383.4 7.8 99 0.841300000145693 0.86502502651193 0.867492865611799
0.01 -2.10667114316328 -9.13968609441508 3.23705408742133 -13.5215004786913 -60.9025616914619 11.5834417810126 386.4 7.2 103.2 0.840036794681514 0.867492865611799 0.866259629167332
0.01 -2.21455256514761 -9.07308534386029 3.24877634438965 -14.2739305834939 -62.1741375833844 12.350288442606 382.2 4.2 100.2 0.841300000145693 0.867492865611799 0.867492865611799
0.01 -2.34989321565342 -9.02517555596474 3.21826580875897 -14.2999726396483 -62.3887848937483 12.6373970029256 382.8 8.4 93.6 0.840036794681514 0.867492865611799 0.86872474163725
0.01 -2.27214309277277 -9.07423347033897 3.22701862794564 -13.4340975130881 -62.3804407555185 12.5477031041597 381 6.6 91.8 0.842561714935271 0.867492865611799 0.86872474163725
0.01 -2.19839711817033 -9.06625184236025 3.19186039575105 -13.7677869984205 -62.8011753059208 12.8654518777132 388.8 4.8 94.8 0.841300000145693 0.86872474163725 0.866259629167332
0.01 -2.29566942303115 -9.01998308436324 3.11867857999949 -14.5925350161357 -63.8454852562448 13.4018074533007 384 8.4 88.8 0.843821945689256 0.867492865611799 0.869955262997314
0.01 -2.378366231758 -9.02730255546793 3.07963000262393 -14.6248845679572 -64.247196272605 13.5662068606424 382.8 13.2 84 0.841300000145693 0.869955262997314 0.867492865611799
0.011 -2.38390021309728 -9.03646385570727 3.15084869734598 -14.528808324902 -64.0453774087033 13.6378304493873 382.8 9.6 86.4 0.845080699000308 0.866259629167332 0.871184435407686
0.011 -2.30304866539366 -9.07619277149763 3.15365394716399 -15.0186755840148 -64.3744274540925 13.7847344273493 382.8 10.8 84 0.840036794681514 0.869955262997314 0.866259629167332
0.011 -2.27798674261803 -9.08579217949801 3.15240781991128 -15.6862736744683 -64.7392747850191 14.088703732706 384 12 78 0.843821945689256 0.866259629167332 0.871184435407686
0.011 -2.23669637819738 -9.11945100628698 3.22089771171013 -15.745127223052 -64.7844312759829 14.6889936647789 379.8 13.8 78.6 0.840036794681514 0.869955262997314 0.866259629167332
0.011 -2.26741066200087 -9.08318520787386 3.19239691263079 -16.898858775556 -65.4907209728121 15.4254378097514 383.4 11.4 71.4 0.845080699000308 0.86502502651193 0.86872474163725
0.011 -2.2948739643921 -9.07029811027373 3.18105157046592 -17.9028660277714 -66.3530992572103 15.8195352501503 386.4 10.8 74.4 0.837505884938855 0.86872474163725 0.86502502651193
0.011 -2.37477727973725 -8.9844794465547 3.15450031604536 -18.447693928811 -66.6025221559167 15.8734595877307 390 13.2 67.2 0.841300000145693 0.86502502651193 0.867492865611799
0.011 -2.37528320769309 -9.00115525067853 3.16047185998709 -18.3403291160826 -65.8880714670426 15.8487090488049 385.8 10.2 63 0.837505884938855 0.866259629167332 0.866259629167332
0.011 -2.33587507563685 -9.04273913509554 3.18146841235355 -18.5734717769934 -66.0282719539261 15.8638381439245 385.2 21.6 61.2 0.840036794681514 0.86502502651193 0.866259629167332
0.011 -2.28089501998891 -9.10225115603423 3.22556429362949 -19.1634528435689 -66.7124676592969 16.1812711234251 384 20.4 58.8 0.838772091856926 0.863789051815026 0.866259629167332
0.012 -2.39673259146872 -9.08488368737295 3.10029008319965 -20.8035961088303 -67.7404575345886 16.7013119500139 384 15.6 52.8 0.838772091856926 0.86502502651193 0.866259629167332
0.012 -2.51858379502174 -9.0610528923356 2.9860469192057 -21.7766716124511 -67.9763354452518 16.8945395336385 382.8 22.8 51.6 0.838772091856926 0.863789051815026 0.866259629167332
0.012 -2.60688161306748 -9.03272184168847 2.87736227123044 -22.5761036878472 -67.5481675495816 17.1295130611907 384 14.4 52.8 0.836238167146494 0.86502502651193 0.862551699207043
0.012 -2.67545604216905 -9.03457756431894 2.78852434761616 -23.133760494635 -66.9009843824097 17.2501495413311 382.8 22.8 48 0.838772091856926 0.863789051815026 0.866259629167332
0.012 -2.73094810999499 -9.06252411239144 2.71683021611535 -23.4303081092937 -65.8475271655428 16.9381116864347 385.8 22.2 43.8 0.838772091856926 0.86502502651193 0.86502502651193
0.012 -2.70780795178175 -9.03697877436396 2.65218578779605 -23.6536895121047 -64.2818584184542 16.5962089147378 387.6 24 44.4 0.840036794681514 0.863789051815026 0.863789051815026
0.012 -2.74055207992816 -9.03128609635994 2.56922581497347 -23.7249617822683 -62.9193214315706 16.5144506186838 386.4 22.8 44.4 0.838772091856926 0.86502502651193 0.866259629167332
0.012 -2.83101408384941 -9.02412764053254 2.42943955692812 -23.7646793444995 -61.5266259296349 16.1049902896399 380.4 26.4 38.4 0.840036794681514 0.86502502651193 0.866259629167332
0.012 -2.92074974211486 -9.0054147704307 2.25149817973224 -23.4828678985992 -59.5044976878165 15.3761706499889 384 26.4 37.2 0.840036794681514 0.866259629167332 0.866259629167332
0.012 -3.00312790720849 -9.01095887993548 2.10667382815344 -22.7987032461438 -56.9280937205615 14.4576375544556 385.8 27 36.6 0.840036794681514 0.866259629167332 0.867492865611799
0.013 -2.99293249949087 -9.07221240676737 2.00027393524823 -21.9547107841249 -53.9436812950703 13.2943165471017 380.4 27.6 34.8 0.841300000145693 0.86872474163725 0.86872474163725
0.013 -2.96208910439255 -9.08232953736749 1.93498024247566 -21.1928274919719 -50.990534539609 12.2847322206358 384 30 31.2 0.842561714935271 0.867492865611799 0.867492865611799
0.013 -2.97682713532903 -9.05420513084144 1.90404851051401 -20.3468271855228 -48.2670536047321 11.4196177771982 384.6 31.8 30.6 0.840036794681514 0.867492865611799 0.867492865611799
0.013 -3.02402917502336 -9.03398082671115 1.88931820522754 -19.2984040089553 -45.2220276335719 10.4555185948982 384.6 29.4 29.4 0.843821945689256 0.867492865611799 0.869955262997314
0.013 -2.94841701946866 -9.01428263799145 1.89994309304066 -17.7448994859223 -41.7013515877719 9.27714230792746 386.4 30 32.4 0.838772091856926 0.86872474163725 0.867492865611799
0.013 -2.90436794008802 -9.05718735530193 1.8667689975313 -16.2070507587042 -38.669384367926 8.33339754278357 386.4 31.2 31.2 0.845080699000308 0.86502502651193 0.869955262997314
0.014 -2.8757969526588 -9.12758460945679 1.82230768348679 -15.1474143851238 -36.0535909693014 7.65349290300903 381.6 27.6 31.2 0.841300000145693 0.869955262997314 0.867492865611799
0.014 -2.88240477932743 -9.16580309248084 1.78678162466799 -14.3410698931763 -33.6207509563407 6.95379246766996 385.2 28.8 25.2 0.843821945689256 0.86502502651193 0.869955262997314
0.014 -2.82125432634281 -9.15931866564853 1.81879322145564 -13.4291003084388 -31.0258514332257 6.00039795372739 385.8 29.4 28.2 0.840036794681514 0.869955262997314 0.866259629167332
0.014 -2.78716818699771 -9.12756553290936 1.85658190620705 -12.9037475295034 -28.6370067479184 5.35073983774396 385.8 34.2 28.2 0.843821945689256 0.86502502651193 0.869955262997314
0.014 -2.78731601425589 -9.12292970715749 1.8823317346522 -12.0721514025072 -26.278649584577 4.70726890740468 381 31.8 33 0.837505884938855 0.86872474163725 0.86502502651193
0.014 -2.68198446919245 -9.2040508523475 1.90993584908982 -10.9000507660733 -23.7477311910048 3.89226720750391 384 30 28.8 0.842561714935271 0.86502502651193 0.86872474163725
0.014 -2.66787068089595 -9.13795675649263 1.9127528940255 -10.7008853841225 -21.9622710490035 3.48471987606649 381 30.6 29.4 0.838772091856926 0.867492865611799 0.866259629167332
0.014 -2.753869223959 -9.17633507681505 1.81772451471816 -10.3498808151759 -20.0469599746375 3.20724025487206 385.8 31.8 28.2 0.841300000145693 0.86502502651193 0.866259629167332
0.014 -2.76794129166015 -9.22105098395898 1.85029296462117 -9.64466372602468 -17.3178364962577 2.85369180190394 384 33.6 28.8 0.840036794681514 0.86502502651193 0.863789051815026
0.014 -2.75684368806786 -9.20293663110752 1.76749607668261 -9.46340346029245 -14.6898696405251 2.51794094232423 385.2 33.6 28.8 0.838772091856926 0.866259629167332 0.86502502651193
0.015 -2.74697555480337 -9.23409875184076 1.74517248343772 -8.88042189288916 -12.0659208444115 2.41194837480936 385.2 31.2 34.8 0.838772091856926 0.863789051815026 0.866259629167332
0.015 -2.84804794828239 -9.25322618439594 1.68426010255229 -8.95039497077581 -10.0700157828711 2.61731842282461 382.8 32.4 28.8 0.837505884938855 0.866259629167332 0.863789051815026
0.015 -2.84126982963213 -9.22776423413872 1.6783405295987 -7.88741654240052 -7.46377756336264 2.01970871794673 381 33 23.4 0.838772091856926 0.86502502651193 0.86502502651193
0.015 -2.87437457331534 -9.18336057531225 1.66241856980136 -6.48035427747345 -4.5563311047363 1.38720349500702 386.4 31.2 27.6 0.837505884938855 0.86502502651193 0.863789051815026
0.015 -2.90129580338462 -9.171828411824 1.60373622686694 -5.052929536749 -1.41291173472068 0.744666351613187 385.8 27 27 0.838772091856926 0.862551699207043 0.866259629167332
0.015 -2.88877390241323 -9.22357896221265 1.5930600629243 -3.52549917849395 1.9375397440949 0.291573762253395 386.4 30 28.8 0.837505884938855 0.866259629167332 0.863789051815026
