0 -1.72156181416642 9.5753154783789 -0.426849078584061 -1.13791963967172 2.86786238208234 -0.230534351145038 210.6 144.6 136.2 0.842561714935271 0.863789051815026 0.866259629167332
0 -1.70550758673309 9.56522941851708 -0.414989517433952 -0.94244828639157 2.72458759425579 -0.527328244274809 213 145.8 137.4 0.841300000145693 0.86502502651193 0.866259629167332
0 -1.69758297532998 9.55477524039829 -0.405572867068807 -0.988661473019589 2.01243417834166 -0.838717557251909 210 150 133.2 0.841300000145693 0.86502502651193 0.866259629167332
0 -1.71582936224523 9.55171117995099 -0.396439476913059 -1.19513883716801 1.14325182920978 -1.07011297709924 209.4 144.6 133.8 0.841300000145693 0.86502502651193 0.866259629167332
0.001 -1.73237082043751 9.54757680130525 -0.388997543548802 -1.22218983894739 1.09228542491476 -1.16386503816794 217.8 149.4 130.2 0.841300000145693 0.866259629167332 0.866259629167332
0.001 -1.71792916666982 9.5285928752946 -0.371286474491888 -1.03203192375494 1.86702634807214 -0.0702290076335878 211.2 145.2 130.8 0.841300000145693 0.866259629167332 0.867492865611799
0.001 -1.6987067479925 9.5028882241482 -0.350498254143358 -1.11585163214281 2.57498020181454 0.069618320610687 214.2 145.8 127.8 0.842561714935271 0.866259629167332 0.867492865611799
0.001 -1.70253540447682 9.51045968081663 -0.338492620029891 -1.51953364450105 3.06099363201477 0.377923664122137 208.8 150 129.6 0.842561714935271 0.866259629167332 0.866259629167332
0.001 -1.70861481462118 9.50350732159117 -0.317153061663071 -1.58819096707384 3.67397823827894 0.623337404580153 214.2 148.2 135 0.843821945689256 0.867492865611799 0.86872474163725
0.001 -1.69744658619937 9.48581783668547 -0.238331838162207 -1.41181461845806 4.5111605671228 0.941919694656489 210.6 145.8 131.4 0.842561714935271 0.867492865611799 0.867492865611799
0.001 -1.72312864199975 9.43685734894588 -0.0897607478899931 -1.51338124821531 5.28752542644106 0.506106870229008 210 145.2 129.6 0.843821945689256 0.866259629167332 0.86872474163725
0.001 -1.8238744783613 9.38596946561379 0.080524664514973 -2.72540190201973 6.78014692959848 1.27763358778626 210.6 144.6 130.2 0.842561714935271 0.869955262997314 0.867492865611799
0.002 -1.93393876983639 9.34406088498869 0.278193981701476 -4.67194568128341 10.3166360534325 2.44758015267176 214.2 145.8 130.2 0.845080699000308 0.866259629167332 0.869955262997314
0.002 -2.01384301335141 9.26498335636531 0.54061167650313 -6.86810989178102 14.8918426770969 3.47457786259542 212.4 150 128.4 0.842561714935271 0.86872474163725 0.867492865611799
0.002 -2.19002431050412 9.22930762204714 0.87489002835355 -9.92710042932048 18.66220039412 3.78895213740458 215.4 151.8 131.4 0.845080699000308 0.866259629167332 0.871184435407686
0.002 -2.39102472140317 9.14075615137685 1.26438586018922 -13.9351537451671 22.3440719577615 -0.0137404580152672 211.2 151.2 132 0.842561714935271 0.86872474163725 0.867492865611799
0.002 -2.59933869785599 9.09655386921646 1.70202121826209 -19.5805696683603 26.5737868993899 -0.585648854961832 213.6 154.8 130.8 0.845080699000308 0.866259629167332 0.869955262997314
0.002 -2.75677405071139 9.06904207512929 2.15173777662692 -26.2461768236617 31.0164082094509 -1.9049465648855 215.4 153 126.6 0.840036794681514 0.86872474163725 0.866259629167332
0.002 -2.9403045142163 9.11383302371377 2.55875714471618 -33.7635438741199 32.7758360907959 -4.98468091603054 215.4 155.4 126.6 0.845080699000308 0.86502502651193 0.869955262997314
0.003 -3.10703818480395 9.15396530056602 2.97241992816937 -41.4467314714408 29.9555043901133 -10.8304876335878 221.4 159 127.8 0.841300000145693 0.86872474163725 0.86502502651193
0.003 -3.24500775766571 9.22557839117593 3.35064208864223 -50.4776308433807 22.6912516610256 -8.76106870229008 227.4 154.2 125.4 0.842561714935271 0.86502502651193 0.86872474163725
0.003 -3.47494423775852 9.32402789916527 3.70624522291765 -60.7825395147678 12.5358669529383 -18.2719847328244 231 163.8 130.2 0.840036794681514 0.866259629167332 0.867492865611799
0.003 -3.77831355681104 9.47613858275948 4.0182674520297 -71.8493237312299 4.75021918894219 -26.6012748091603 241.2 159.6 136.8 0.842561714935271 0.86502502651193 0.867492865611799
0.003 -3.70263044789507 9.68354744100575 4.34559481678156 -83.1407272359695 4.01641864409377 -32.7075595419847 250.2 167.4 135 0.840036794681514 0.866259629167332 0.866259629167332
0.003 -3.4752413936413 9.90493135199551 4.69441813234462 -94.4022270314566 4.17279204685997 -37.5482539694656 259.8 157.8 135 0.840036794681514 0.866259629167332 0.86502502651193
0.004 -3.35193423997968 10.1663662601614 4.97591769102788 -106.155897458082 1.61047467423504 -7.88778625954198 260.4 168 132 0.841300000145693 0.863789051815026 0.867492865611799
0.004 -3.27202257429013 10.4291910179649 5.16504281226018 -117.407483284793 -0.895610961127394 -14.800534351145 276.6 160.2 133.8 0.840036794681514 0.86502502651193 0.86502502651193
0.004 -3.06782242877289 10.590854607361 5.30838049766319 -126.73543724639 -2.20070635356427 -20.9792595419847 280.8 159.6 135.6 0.841300000145693 0.863789051815026 0.866259629167332
0.004 -2.80808624824587 10.7415592810548 5.43457126602736 -135.297008025568 -2.26689526019258 -25.0569061068702 281.4 167.4 135 0.840036794681514 0.866259629167332 0.866259629167332
0.004 -2.54457573027048 10.8816826231215 5.68958039270527 -143.542116383316 -2.41501489447866 -27.4443452671756 288 163.2 133.2 0.841300000145693 0.86502502651193 0.867492865611799
0.004 -2.46459560332268 11.0799787658691 5.67799249160307 -151.414622302237 -1.30404775617584 -2.81908396946565 295.2 163.2 128.4 0.841300000145693 0.866259629167332 0.866259629167332
0.004 -2.42643157903168 11.135143883667 5.66768311442153 -156.970106636898 0.473685263716556 -4.56236641221374 305.4 168.6 123 0.841300000145693 0.866259629167332 0.867492865611799
0.005 -2.38603861567807 10.9068855950012 5.7465113071908 -159.853248644964 1.15761444726856 -5.32063358778626 306 165.6 122.4 0.842561714935271 0.866259629167332 0.867492865611799
0.005 -2.69097837898819 10.5850949027039 5.95213051453019 -161.143496299552 1.77773086513713 -5.01528778625954 312 163.2 117.6 0.842561714935271 0.866259629167332 0.867492865611799
0.005 -3.13738771462758 10.318886590412 6.3009511811863 -161.416932929139 5.75491961068448 -4.57864450381679 313.8 168.6 108.6 0.842561714935271 0.867492865611799 0.867492865611799
0.005 -3.40968967840957 9.76553901947504 6.5771212264893 -161.226384674393 7.83973299312749 -2.30992366412214 313.2 169.2 103.2 0.843821945689256 0.866259629167332 0.869955262997314
0.005 -3.69839576511879 9.13357060775428 6.74062025114872 -160.815959947411 7.5046146556468 -5.83923664122137 318 168 103.2 0.842561714935271 0.86872474163725 0.86872474163725
0.005 -4.03029669191807 8.27821308039369 6.96803499071281 -160.828257082441 7.20148143435693 -9.97516030534351 320.4 166.8 98.4 0.845080699000308 0.866259629167332 0.869955262997314
0.005 -4.23114456712934 7.51371840533086 7.57343781717253 -160.598866488701 8.44774550466169 -14.0921480916031 325.8 166.2 93 0.842561714935271 0.867492865611799 0.867492865611799
0.005 -4.57172058206557 7.19821096566142 7.98476373607784 -164.430582893266 15.5327419465619 -17.1333149618321 327 165 89.4 0.845080699000308 0.86502502651193 0.869955262997314
0.005 -4.70956748290442 6.54758229649205 8.48334613551082 -166.250883382565 24.4939715686996 -5.37175572519084 327 165 81 0.842561714935271 0.86872474163725 0.86872474163725
0.006 -4.76437744108066 6.08172657605534 8.46166948475882 -170.05861947179 28.7628950225167 -11.693358778626 331.8 168.6 75 0.845080699000308 0.86502502651193 0.869955262997314
0.006 -4.85638304299615 5.60715037450068 8.50985659359494 -170.210772791786 28.3995826195017 -18.0774580152672 333.6 160.8 63.6 0.841300000145693 0.86872474163725 0.867492865611799
0.006 -5.36547568809839 5.31656115530317 8.43662733911216 -172.875955054592 26.9840518384675 -24.0597885496183 338.4 160.8 58.8 0.843821945689256 0.866259629167332 0.869955262997314
0.006 -5.49391763840782 5.18563455294119 8.42955851923293 -172.872329014782 33.5657993263765 -29.526328778626 341.4 159 54.6 0.841300000145693 0.86872474163725 0.866259629167332
0.006 -4.94159297754318 4.63474937335146 8.86055734489142 -167.230897640021 45.131356798319 -7.1175572519084 345 157.8 39 0.843821945689256 0.86502502651193 0.86872474163725
0.006 -4.72617861577824 4.26991554548286 8.72640066206854 -169.328418563042 44.0670760803192 -14.296641221374 342.6 151.8 36.6 0.840036794681514 0.866259629167332 0.866259629167332
0.007 -4.59838566436429 3.99004768535444 8.56310269409777 -171.120767546433 41.1840325944247 -20.1501832061069 346.2 150.6 28.2 0.842561714935271 0.862551699207043 0.86872474163725
0.007 -4.50797241855317 3.62480116073741 8.51806771613086 -170.257545753621 40.037385060173 -24.3321114503817 344.4 153.6 24 0.841300000145693 0.866259629167332 0.867492865611799
0.007 -4.08578588600743 3.03499159977842 8.66165031066768 -169.190569804214 41.7244862488122 -27.3950835114504 342 141.6 18 0.840036794681514 0.86502502651193 0.866259629167332
0.007 -3.99862887295295 2.27970658927567 8.9939628339222 -167.692886869594 41.4138696849997 -5.78702290076336 345 139.8 16.2 0.841300000145693 0.863789051815026 0.86872474163725
0.007 -4.26968116014191 1.796095042134 8.75692245034077 -172.291537113932 39.274009434057 -10.6968702290076 339 137.4 6.6 0.840036794681514 0.86502502651193 0.86502502651193
0.007 -4.15306143566062 1.3966379779917 8.16703802944152 -175.686810883455 38.6740894066818 -15.8218396946565 339 136.2 3 0.842561714935271 0.86502502651193 0.866259629167332
0.007 -4.49073170963606 0.958237655610622 7.46411865890856 -176.744083993583 34.799810237006 -20.6572129770992 338.4 127.2 -3.6 0.841300000145693 0.86502502651193 0.866259629167332
0.008 -4.38744112858487 0.605815322086914 6.81820340699705 -175.481889334682 32.1808979155955 -24.9021787022901 337.8 127.8 -10.2 0.842561714935271 0.863789051815026 0.867492865611799
0.008 -4.48817050167304 0.340469685988757 5.99967415106373 -172.57492177526 32.1635714828146 -5.74045801526718 335.4 130.2 -12.6 0.841300000145693 0.86502502651193 0.86502502651193
0.008 -4.13601934649093 -0.131835882845104 5.2773630288727 -165.108269292391 36.1159166246094 -10.6679389312977 328.2 125.4 -21 0.841300000145693 0.863789051815026 0.867492865611799
0.008 -3.63634586099574 -0.575166700764817 4.49506322748842 -155.856220989106 34.4478364125302 -14.5400763358779 327 124.2 -24.6 0.841300000145693 0.866259629167332 0.867492865611799
0.008 -3.24374143568089 -0.767185710505535 3.60149233526631 -146.738537821493 27.5534344506665 -16.3288167938931 328.8 121.2 -22.8 0.842561714935271 0.866259629167332 0.867492865611799
0.008 -3.16124151009986 -0.828552719327113 2.63106110978107 -134.01124892484 21.0034345170502 -15.2417366412214 325.8 118.2 -24.6 0.842561714935271 0.866259629167332 0.867492865611799
0.008 -3.03401986830237 -0.804654666518242 1.78766034204942 -116.542948459837 19.7061445004597 1.85190839694656 328.2 118.2 -25.8 0.842561714935271 0.867492865611799 0.86872474163725
0.008 -2.76012641852619 -0.771474682153825 1.36019659780725 -92.2695696443873 19.9347666916351 5.47435114503817 323.4 118.2 -23.4 0.842561714935271 0.866259629167332 0.867492865611799
0.008 -2.56850938795974 -0.436232259447781 0.959378225296113 -67.40291802346 16.9512136865937 9.70096183206107 334.2 120.6 -23.4 0.843821945689256 0.866259629167332 0.86872474163725
0.009 -2.3682214629558 -0.228306946672864 0.810588398000038 -37.8572827096637 11.3400617835832 14.2407893129771 333.6 121.2 -13.2 0.842561714935271 0.867492865611799 0.86872474163725
0.009 -2.37967802988654 0.0839827380914687 0.825118063468131 -9.05857733946065 5.80376552888901 19.4579317557252 336 123.6 -8.4 0.843821945689256 0.866259629167332 0.869955262997314
0.009 -2.28943247116058 0.474518327922153 1.10790157191014 16.8602574937221 4.40277828897721 8.19389312977099 345.6 129.6 -2.4 0.841300000145693 0.86872474163725 0.867492865611799
0.009 -2.52819652423068 0.791523840138788 1.39676353817036 40.1872088435865 4.24341649061384 16.9630534351145 346.8 133.2 9.6 0.845080699000308 0.86502502651193 0.871184435407686
0.009 -2.36144842265371 1.13500791738284 2.10265936986968 61.1814650584645 5.73968552857536 26.087358778626 350.4 145.2 16.8 0.841300000145693 0.86872474163725 0.867492865611799
0.009 -2.75282385550431 1.41295910432803 3.14162801387636 80.0762956518547 0.810755143656754 35.5862564885496 351 143.4 29.4 0.845080699000308 0.866259629167332 0.871184435407686
0.009 -3.28749992790065 1.50180583496273 4.33078447594698 97.0816431859058 -7.23291579055625 42.608546870229 346.8 150 42 0.841300000145693 0.86872474163725 0.867492865611799
