58.449 -7.00147869713019 5.18582407644397 -3.32178429299615 -0.726410734511778 0.718869025123485 -2.57045254285839 132.010082644873 64.323078614362 -26.7516111018049 0.839933745736627 0.865001893240539 0.866767298079782
58.492 -7.01659540779191 5.17234790810858 -3.3209966848548 -0.866560633885838 0.71190223096071 -2.65336426963896 132.590166942347 64.6116936776332 -26.666804992462 0.839586410807677 0.864771453369692 0.866423783251186
58.522 -7.02154367687212 5.16949468886874 -3.30983620410236 -0.967181289020048 1.09732782997894 -2.89212582176634 132.496035223301 64.0774718788829 -25.6021120438942 0.839431690207034 0.864473435339587 0.866269133709714
58.567 -7.0297894838725 5.16664486496823 -3.30167608415393 -0.908913027312345 1.22196531327531 -2.99605703013455 132.107788530874 63.7167522218952 -25.9277107555543 0.839546660057185 0.864689351901318 0.866267327846661
58.613 -7.07536238255623 5.18790147094959 -3.30592408114473 -0.762173750596282 0.84544075871483 -3.34581382799677 132.039308710008 64.0665692997351 -26.317445711999 0.839879794674002 0.8648886762646 0.866611048864328
58.644 -7.19303286588434 5.17710119053838 -3.34866579860824 0.340349185681134 -0.0945822984180867 -6.11629240678426 132.601840055106 64.5479211327854 -26.2311310267192 0.839909624675429 0.865272480960566 0.867012650491183
58.689 -7.44642908154088 5.13146429248398 -3.38334045804745 1.05766757322615 -1.10035211973392 -10.0112197502586 132.355490444636 64.4158161175562 -26.0712161316425 0.840161029799424 0.865817541646845 0.867214760206391
58.734 -7.6686669299037 5.04180798490915 -3.43852330622809 1.55716874958035 -1.88540735438905 -13.9667215854957 133.043947260155 65.1248110552205 -26.0976850666305 0.840604409264136 0.86614804952273 0.867599841515048
58.763 -7.91627983732173 4.93179493252098 -3.50836051857439 2.60367309937383 -3.5521417891162 -18.7344185300531 133.751597280726 66.4490969547286 -26.1371249039707 0.840837226084134 0.866538813038203 0.867677808213681
58.81 -8.14868314535768 4.80745368057454 -3.52692670840356 3.99225765324089 -5.54738752093985 -23.9910622154499 134.108793797388 68.2057685333302 -26.0850711722163 0.841025807708333 0.866621165110743 0.867851586756506
58.855 -8.33030998996689 4.64866590590985 -3.53464505639523 5.84624778309459 -8.14597931180861 -30.255203142606 134.068122975884 70.6426725119975 -26.1209076494952 0.841052088541476 0.866453444964234 0.867647514671316
58.886 -8.47368077632142 4.43994981124288 -3.48759001204519 7.8801935287341 -11.7324417158474 -36.8003786676483 135.097179610466 73.7145647347179 -26.0119351960911 0.8408464009174 0.866070807735575 0.867605676547852
58.931 -8.64666738310502 4.21604460597209 -3.42801739160627 9.50387278880897 -15.8245754997601 -43.027238018505 136.512715484478 77.1087974351215 -26.6976675088338 0.840692575732582 0.865624776572594 0.867349927545553
58.976 -8.77607846003003 3.97186350621123 -3.34455083530518 10.6167629131337 -19.0912649334316 -49.2180933293402 138.001299542427 80.9921259224484 -27.4511106821554 0.840213725173581 0.865275988868656 0.867142770853691
59.004 -8.90232949287091 3.6665592034245 -3.2588308088413 10.986448188646 -21.4741536037132 -54.8789456731015 139.525052629366 85.1996219971832 -27.7673996525458 0.839711761619478 0.864993470828466 0.866752621971575
59.05 -8.98726477695127 3.36170611044401 -3.1069412585367 10.4933741778414 -23.1263544953436 -59.2629383616244 140.771292629786 89.0396938177184 -27.7715937185621 0.839533224364593 0.864875868938634 0.866424378834243
59.098 -9.01409211360238 3.08836705149326 -2.94936239248297 10.4010834657309 -24.5604387442817 -63.1327510652822 143.646747030127 93.9081519923519 -27.4209909120353 0.839641400017013 0.864656876147072 0.866516400041977
59.142 -9.07216020413524 2.77734146352114 -2.7830272290695 11.1452592866314 -26.4655584363033 -66.6120321796725 146.029865094403 98.253603113805 -27.1430026387486 0.839602701749056 0.864850284981935 0.866714124822786
59.171 -9.15766423335186 2.38218959079938 -2.62763379420901 11.8592630756065 -28.8109191272988 -69.1409369052294 149.286190726466 103.075418522182 -26.7798321373864 0.840051359923375 0.8654632441439 0.866972954414989
59.217 -9.1670854132008 1.98064189031197 -2.41010909466855 11.9831786637604 -31.0708139587609 -71.7195024046862 152.427814488438 108.241089002967 -26.005664031283 0.840427107628195 0.865725548578354 0.867317977280935
59.247 -9.20041833012416 1.50312301147305 -2.21101354959626 12.0787411298596 -31.7649165585047 -74.3802778638264 157.378529735634 112.971282092404 -25.4565878653392 0.8407314632691 0.865925423747012 0.867720363043388
59.291 -9.19347418713751 1.02168992190502 -2.02545698281572 12.0579787884687 -30.4157656184957 -77.1529105658826 161.682609085864 117.864738494847 -23.7938361709248 0.841091679830009 0.866321529821572 0.868046295510975
59.334 -9.15836477784542 0.524971666866966 -1.84913716867686 12.4509322843085 -27.4601289296075 -79.0689720621817 166.70491335955 122.644438180826 -21.6190072984491 0.841281818829462 0.866395318006734 0.868199309529718
59.363 -9.0049548046953 -0.00589085402400655 -1.67413406437286 12.6516673640304 -24.4869029062645 -79.9964017215122 171.330979821235 126.893994926469 -20.6313959117437 0.841183933012514 0.866467936984 0.868077281507857
59.408 -8.79064682609884 -0.529179588890793 -1.47132341366187 12.9427360610478 -22.9214142548376 -81.674795318089 177.430093655201 131.60813589044 -20.0114306885124 0.840852153475412 0.866181300763603 0.867731927563157
59.455 -8.581856600687 -1.07634484381352 -1.28164430920235 13.2481963621205 -21.5392463097772 -81.7316987114689 182.544375860713 135.300590071256 -19.1312588576951 0.840317372551069 0.865961608655785 0.867106378640703
59.484 -8.40479975910835 -1.56622963711429 -1.09446745649776 13.5012680609512 -20.4306826406906 -79.773133971557 187.532944447177 138.765477957718 -18.580319674733 0.839897148527375 0.865561058591013 0.866698438505532
59.532 -8.2548056534648 -2.02633302159602 -0.924221329679078 13.8996912515079 -19.5774788931578 -78.0361621810833 193.745685002214 141.152037145751 -17.0780589365337 0.839670590322396 0.865224377303575 0.866380490226747
59.577 -8.08444478534592 -2.54495533590983 -0.750145580592145 15.1070705244084 -19.3421853843739 -75.2991386949218 199.294004851793 143.613150088059 -16.1852277385923 0.839499875613957 0.865087361461263 0.866110468890228
59.606 -7.87066396517133 -3.04338364115587 -0.548493109285966 15.1884065140838 -19.5951090926405 -71.5860428009019 205.510143929952 146.164651571327 -14.8440344682598 0.839475419954334 0.864951920351199 0.866262132987325
59.652 -7.72425079701827 -3.54697278153993 -0.33560660772871 13.4895558412934 -20.3309696627488 -67.1808778748374 211.745216583261 148.267367772775 -14.0696679192904 0.839720749923661 0.865212594431725 0.866606841028266
59.697 -7.62653950026009 -3.93977253953416 -0.117319577610635 9.67386847572243 -19.5405281749181 -62.9003278725114 217.227625432442 150.126567895948 -12.0744310146252 0.840146978944805 0.865534854675937 0.867009242143973
59.727 -7.43704461026195 -4.26587711680966 0.0526574722154183 6.74285636609853 -17.9284385087066 -59.4225480194824 222.364376600278 151.380519995718 -10.2422891218465 0.840353286757618 0.866030064356296 0.867322746367556
59.772 -7.24288228635075 -4.5876023669672 0.206362079152547 5.52041594661614 -17.1293634363271 -57.7969967202082 227.557145046225 152.348221196531 -7.48625418869562 0.840873425198268 0.866443245053391 0.867687310305592
59.815 -6.97061728419966 -4.92270141986032 0.373455663483299 5.6110789014919 -16.9376088109059 -55.9212161983305 232.267287487442 153.648059169191 -5.97386589284346 0.841294737335194 0.866543755043046 0.867859283450955
59.862 -6.70249784127381 -5.25676395594165 0.518617693750436 6.69642429188783 -17.2857226788185 -52.4122919908767 236.928502864828 154.442927927044 -4.2388313732032 0.841269921539233 0.866736282373652 0.868121905343145
59.892 -6.51965991963705 -5.54974041720489 0.648983974830691 7.49708077566578 -17.8751758278583 -47.7296817034498 241.268087320511 154.834771620906 -2.53345341229459 0.841249820744504 0.866558515815017 0.868087845165832
59.936 -6.34132845889435 -5.81740979408831 0.76758716251142 7.32248275653356 -17.6635489091148 -42.2782940881913 245.131150729614 155.416165012934 0.011902736041381 0.841006564001853 0.866267152847431 0.867851475406119
59.966 -6.20428399314119 -6.02269391223832 0.89433743212627 7.28075301752501 -16.8990013339402 -36.6096166847174 249.178232090987 155.773093660476 1.80364121619352 0.840582014294317 0.865672578390475 0.86742556435521
60.011 -6.0380557554603 -6.2524802315641 1.02069578667229 7.03527253961511 -16.5957483324 -30.0134078352318 251.6283679937 156.578205864986 3.79494938511675 0.840136546089733 0.86531470834114 0.867092922430527
60.055 -6.0217383050808 -6.38797581782053 1.12112469693813 5.80734938304243 -16.2198843935188 -22.3035321022629 253.444978074897 157.626346750639 5.46790900194457 0.83977571684402 0.86490109834038 0.866835568393259
60.084 -6.031966390267 -6.48126112578302 1.18734673826737 4.54792246591323 -12.6438315495899 -15.8949449722986 255.168432240666 158.079340868017 6.6670062915751 0.839483445154992 0.864813406970253 0.866491565435807
60.132 -6.01300511704339 -6.53565747894815 1.26076271192991 3.06625994548132 -7.05814477654189 -11.0625390153481 255.94043011494 158.722266103094 7.67427509617583 0.839474758310818 0.86461877949076 0.866459706950257
60.175 -6.02325846807786 -6.55330447395599 1.28706396923441 1.27046444896964 -2.82007436823557 -5.90103828182131 256.829748393101 158.847035543506 8.20216282790242 0.839467721967038 0.865053864573756 0.866545015815948
60.203 -6.03204252229004 -6.54115456732477 1.32041081048888 0.224801394505101 -0.709680085599058 -1.06174940522183 256.596096198412 159.43409879024 8.41975189060096 0.839815854820982 0.865282959846535 0.866835976119451
60.249 -6.12528900726391 -6.55891235369261 1.31381315558008 -0.716307817015754 0.921418672649496 2.94425779093063 256.010837920714 159.177620020094 8.79999903138678 0.840350036987034 0.865702841941936 0.867096033581546
60.293 -6.07656555874388 -6.52062371726067 1.32442041914433 -1.8344078050652 3.04039492637281 6.91698621523396 255.986778715778 158.951872216276 9.44999921542329 0.84090859987264 0.865907031371513 0.867651457489174
60.324 -6.15125516789779 -6.49341066676117 1.30322245430374 -2.48335123813335 3.96417027204137 10.431919139683 254.70129075978 158.247016495184 9.20249936449287 0.841235160478877 0.866306631997417 0.867990482012061
60.37 -6.13577371266957 -6.38486559150782 1.25589114401592 -3.3629648845674 5.46769547760542 15.7986331290974 253.024045515422 158.492083361099 8.70202448523923 0.841385986078152 0.866272503846763 0.868154100595598
60.416 -6.2128726776069 -6.24576205368951 1.24190181174697 -2.11407789237746 5.77326081777642 19.7467401628132 251.413476867492 158.52258752249 7.99663983304377 0.841268308483954 0.866355606967139 0.868163714407226
