0 -8.56377991631273 -4.06738549397633 0.292724998161321 -0.630729701079782 1.36495532160896 0.130534351145038 278.4 116.4 147.6 0.836238167146494 0.86872474163725 0.866259629167332
0.001 -8.56931455666999 -4.04976456695419 0.274465825884156 -0.831778868376384 0.975024674944249 0.12969465648855 273 109.8 147 0.841300000145693 0.863789051815026 0.867492865611799
0.001 -8.56657440425616 -4.04282413721342 0.261983004267764 -0.833333805966226 0.508056558594862 0.177793893129771 274.8 112.8 142.8 0.837505884938855 0.86502502651193 0.866259629167332
0.001 -8.53597640062864 -4.03879239678614 0.259906286349074 -0.772137829949756 -0.227481921692105 0.478335114503817 274.2 111 150.6 0.837505884938855 0.86502502651193 0.866259629167332
0.001 -8.48096474765684 -4.07664337027281 0.267254916742602 -0.695687405733407 -1.76580243181297 1.09691381679389 270.6 111 149.4 0.838772091856926 0.861312962779027 0.866259629167332
0.001 -8.41349771701347 -4.07748971821257 0.297750843687497 -1.0329888941677 -4.67700844817366 1.22519083969466 274.2 113.4 148.2 0.834968931650823 0.86502502651193 0.866259629167332
0.001 -8.3163855589901 -4.0556261996155 0.348899775556007 -1.54801061543795 -9.35816256518835 3.08206106870229 275.4 105 150.6 0.837505884938855 0.863789051815026 0.866259629167332
0.002 -8.23347375251126 -3.99363152322695 0.420192647407602 -1.79320955389416 -16.0024989804252 5.85019083969466 271.8 111 147 0.836238167146494 0.863789051815026 0.862551699207043
0.002 -8.20661742798035 -3.9703974497693 0.499020715144411 -1.66427027789405 -24.4144628228407 9.62547709923664 270 110.4 159.6 0.837505884938855 0.863789051815026 0.866259629167332
0.002 -8.23859078268598 -3.90166261545216 0.602048271525325 -1.97036233407412 -33.5577493649841 13.8697996183206 268.8 104.4 156 0.837505884938855 0.86502502651193 0.86502502651193
0.002 -8.25342055482021 -3.82034838275369 0.729728418852468 -2.19775358158273 -42.5248751918445 5.65267175572519 276 103.2 159.6 0.837505884938855 0.863789051815026 0.86502502651193
0.002 -8.23468507816509 -3.7184950000905 0.935500512956601 -2.20698585701225 -51.6662808024311 11.1713740458015 266.4 109.2 156 0.837505884938855 0.86502502651193 0.866259629167332
0.002 -8.2529580368708 -3.61952464761105 1.16175596455248 -1.82369185146369 -61.4798053939437 16.7702671755725 264.6 99 161.4 0.840036794681514 0.863789051815026 0.866259629167332
0.002 -8.27898049719129 -3.54355958385855 1.43170524125855 -1.59323106326389 -71.2730462285951 22.4314083969466 268.2 93 163.8 0.837505884938855 0.866259629167332 0.866259629167332
0.003 -8.29521811336572 -3.36044890240065 1.73277886347974 -2.0102438348001 -80.5648255752013 27.9134583969466 268.8 90 166.8 0.840036794681514 0.866259629167332 0.867492865611799
0.003 -8.24782215652133 -3.16338741679697 2.06515636119549 -1.4977690696407 -89.567885002414 8.08167938931298 270 85.2 164.4 0.840036794681514 0.86872474163725 0.867492865611799
0.003 -8.13675148872076 -2.98112397104241 2.43719955152247 -0.0464654451193753 -99.0859056624779 16.0727480916031 263.4 83.4 171 0.841300000145693 0.867492865611799 0.867492865611799
0.003 -8.00650119412725 -2.81152034440402 2.84715653538085 1.34902079404905 -109.845254027528 24.4387557251908 268.2 76.2 169.8 0.840036794681514 0.867492865611799 0.867492865611799
0.003 -7.86156305934892 -2.57448147510377 3.29386950504222 1.97900421082735 -122.045461449203 33.2170175572519 265.8 72.6 168.6 0.842561714935271 0.867492865611799 0.869955262997314
0.003 -7.74350873171603 -2.29758043832976 3.7612728682587 2.56049310272172 -134.854655762298 42.039590610687 268.2 61.8 172.2 0.837505884938855 0.86872474163725 0.867492865611799
0.003 -7.59590003078564 -2.03454299045264 4.25142756766941 3.66245905962512 -146.382930644083 12.9083969465649 270.6 55.8 166.2 0.843821945689256 0.86502502651193 0.871184435407686
0.003 -7.39098670350359 -1.7708146626293 4.76720611751257 4.82598414602902 -156.75837803769 25.093893129771 262.8 51.6 170.4 0.840036794681514 0.869955262997314 0.867492865611799
0.004 -7.11899680733841 -1.51903410445505 5.30299342125814 5.61972160928871 -166.096280691936 36.5158015267176 262.8 46.8 164.4 0.842561714935271 0.86502502651193 0.869955262997314
0.004 -6.79753155863429 -1.19408976755309 5.84044815704371 6.21576471553541 -174.500393080758 47.2749083969466 265.2 34.8 165.6 0.838772091856926 0.869955262997314 0.86502502651193
0.004 -6.4365065159453 -0.880511031047418 6.36713332180809 7.95907374016508 -182.064094230697 57.5298603053435 271.2 28.8 157.2 0.843821945689256 0.863789051815026 0.871184435407686
0.004 -5.98528982955692 -0.64593478336565 6.87251402954427 10.7097312516448 -188.871425265643 15.4290076335878 268.8 26.4 154.8 0.837505884938855 0.86872474163725 0.866259629167332
0.004 -5.55387612961362 -0.355627932798555 7.33573641199023 13.0692924776253 -194.998023197094 29.6242748091603 270.6 22.2 139.8 0.841300000145693 0.863789051815026 0.86872474163725
0.004 -5.14615090593067 -0.0819019305572129 7.75167887644306 15.6142716268094 -200.5119613354 42.1984885496183 273 10.2 142.2 0.837505884938855 0.866259629167332 0.866259629167332
0.005 -4.77075863991112 0.182946673524509 8.07407292040887 18.2223101129834 -205.474505659875 52.1381816793893 279 10.2 129 0.840036794681514 0.86502502651193 0.866259629167332
0.005 -4.42326894802389 0.296392957710144 8.30975950043829 21.0672546742041 -208.360642880147 58.51902 284.4 6 117.6 0.837505884938855 0.86502502651193 0.863789051815026
0.005 -4.09939518632773 0.401367652722821 8.48482707990496 22.4765597411349 -203.906257981445 8 280.2 -0.6 113.4 0.836238167146494 0.86502502651193 0.866259629167332
0.005 -3.81167966481105 0.618188585318886 8.6200021134611 22.4350106372504 -191.372120732919 10.5908396946565 283.2 -4.8 109.2 0.838772091856926 0.862551699207043 0.867492865611799
0.005 -3.62342450341036 0.779928319583324 8.74830360652173 22.5548683521513 -170.361626216879 6.68213740458015 282 0 110.4 0.836238167146494 0.86502502651193 0.863789051815026
0.006 -3.49182324397966 0.797284572955954 8.91902111269084 21.7291525093026 -141.110959778397 -3.23111450381679 280.8 1.2 112.8 0.837505884938855 0.86502502651193 0.86502502651193
0.006 -3.38020557870035 0.935548182997395 9.19064114955408 18.0715044339448 -104.967802731855 -16.8209801526718 277.8 0.6 118.2 0.836238167146494 0.86502502651193 0.86502502651193
0.006 -3.24617099800316 1.22680142820474 9.5488237959207 14.0460333798633 -69.4580453594332 -16.7671755725191 282 1.2 118.8 0.838772091856926 0.862551699207043 0.866259629167332
0.006 -3.09962265526004 1.47133195967015 9.9045273919756 12.0276895838617 -37.4992637242532 -33.7293893129771 272.4 3.6 132 0.837505884938855 0.86502502651193 0.863789051815026
0.006 -3.08690052778793 1.64998976502302 10.1994018012155 10.5310274957046 -8.73636025259126 -49.7740076335878 264 15.6 141.6 0.838772091856926 0.86502502651193 0.866259629167332
0.006 -3.23460519508665 1.80509555441275 10.4243267524722 8.72983314308068 17.1502528719045 -64.0905 263.4 23.4 150.6 0.838772091856926 0.86502502651193 0.866259629167332
0.007 -3.52292307790648 1.94804264398337 10.5567288054659 7.47440708068101 40.4482046839507 -77.6646561068702 261 30.6 157.8 0.837505884938855 0.86502502651193 0.86872474163725
