64.825 2.32993532727208 -7.2357160555245 -5.85343698205952 -0.669758782469493 1.02594189042483 -1.22862100742544 383.763304603435 -24.0919735788704 61.4004497430195 0.840450127855273 0.865047014947073 0.866734420815021
64.857 2.32307013057805 -7.23963106240893 -5.8490032814875 -0.570367209220137 0.981318274755562 -1.35678606944972 384.090276728782 -24.008498598885 61.7763642918458 0.8402451242698 0.864820237686956 0.86639715266673
64.901 2.32956413893244 -7.2375469384443 -5.84580104022991 -0.687798966185868 0.925860168964219 -1.38266083839168 384.259124150313 -23.7128838650969 61.5888550763951 0.839838627419547 0.86415385545445 0.866247562936304
64.947 2.35026089687503 -7.23331498146648 -5.84234528919573 -0.782002658793759 0.781320782662544 -1.56438276001329 384.869890561754 -23.7914359307285 61.39497261188 0.839522027040023 0.863973181028241 0.866126395254659
64.977 2.34079079901058 -7.29782254877569 -5.82770683642444 -0.900216046752716 0.684167543880325 -1.71432560812985 385.028611355021 -24.1550631038901 61.2259278156228 0.839493362609447 0.86393819647773 0.866275033342514
65.021 2.3766585782235 -7.3244856188708 -5.77624359055098 -1.12963301313688 0.570053573138483 -1.90051213953174 384.827175197567 -24.599601114151 61.6590015306545 0.83959661470314 0.864144694184228 0.866272106549229
65.066 2.42529005547392 -7.39303301254023 -5.76070901713993 -0.514315717740106 0.27319377592156 -2.54445300095964 385.180011910029 -24.9956769024623 62.0697912398301 0.83990749172187 0.86432417986931 0.866738107215953
65.098 2.43061208307169 -7.52060390202282 -5.68028631865385 0.974014955653415 0.0570121493361586 -3.62581609108265 383.917809647124 -24.6804982909944 62.1265309042624 0.84015930210704 0.864815238880382 0.867213752592794
65.141 2.4306552447809 -7.39097453432623 -5.77856020647403 3.05589867896476 -0.821759090335422 -5.5741629421739 383.49542581417 -25.2292036157055 62.0284900324526 0.840363268519029 0.865336184281894 0.867599025348035
65.187 2.36729176468908 -7.51137682512053 -5.67100726425324 3.54497258645001 -0.811731733400699 -6.17537732667231 383.081294909478 -25.1576549287215 61.8170769262866 0.840641902080598 0.865647035818133 0.86791109627978
65.217 2.53354639945507 -7.55565565326676 -5.63933309233523 3.23616061945199 -0.485746978863727 -6.09625410788701 383.441848876677 -26.3717004922644 61.8378323102921 0.840867595265469 0.865775637959942 0.867819177650708
65.261 2.53164738796001 -7.59063563122432 -5.60155040518674 4.60869468190878 0.386086931853206 -6.44788949151062 382.911897590108 -26.3050773987342 62.5566441713366 0.840936985977355 0.865645244327638 0.867732010218025
65.321 2.35775659928018 -7.61679071578389 -5.52694697123715 5.94342437173543 0.788760949152242 -6.93492789270375 382.962637047988 -27.2951126929747 62.7188817787827 0.840639479348687 0.865193317206693 0.867563249098395
65.338 2.38853939000694 -7.80944915074442 -5.32173486931104 6.01799053499883 0.895003239042324 -6.72095571522744 382.57773600887 -27.2150412813095 63.696294240814 0.840398498979465 0.864802771521478 0.867204447072507
65.38 2.50343558008852 -7.90527031105013 -5.24492448757303 7.2367097379292 0.868998425151 -7.22031000719683 382.553966167185 -27.4621834378607 63.7199983350593 0.840101993286015 0.864362555873652 0.866567757708557
65.426 2.50582111180285 -7.90194344955497 -5.24880600545875 8.89211656711196 0.850606281624218 -8.07608469361569 382.02471259542 -28.1843685846672 63.9251986513981 0.839861823674321 0.864129854841715 0.866398099046738
65.457 2.5641906941272 -7.84090199107556 -5.21552825435995 10.9401716712691 1.18990711864997 -8.33498738045466 381.65001720229 -29.1473385535804 64.5294109076324 0.839654774629016 0.863953740531925 0.866137215265125
65.501 2.70757331871124 -7.98359902707785 -5.17222088472693 12.5877222598348 1.87382476610647 -8.04614893847362 381.130513933855 -29.6873442284001 64.8748228351823 0.839613535184778 0.864033687398436 0.866160473906545
65.547 2.75367686910169 -8.01810408598701 -5.11304427242563 13.3468947251227 2.68947744985922 -7.50654094550715 380.883716286423 -30.2387488250041 65.9886064964976 0.839946446514533 0.86422204183 0.866191522811555
65.576 2.74341802227315 -8.13966047587873 -5.05549849406472 14.2187709868914 3.54611032217223 -6.9531225933417 380.821810192002 -31.0273865482533 67.2087712621631 0.840216104691636 0.864596714438555 0.866795886524443
65.621 2.76227655397387 -8.13169284320408 -4.97219525339036 14.6964411406034 4.15845623118851 -6.30386136167548 380.069666255522 -31.2161831040852 68.4551047223521 0.840434527815088 0.865023659517025 0.867174552289593
65.667 2.74814519060741 -7.99547336898041 -4.99907515441459 16.0496135070949 4.86628847856041 -5.80918113807164 379.730429666973 -31.399108314309 69.6266348251052 0.840737473620484 0.865480353872876 0.867715057642691
65.698 2.78178160335822 -8.08129247809899 -5.02148229654646 17.4472098415102 5.55841122488584 -5.45589473710521 379.143648030248 -31.7272777345903 70.6715742083352 0.840982859722854 0.865961023223521 0.868164781050289
65.741 2.84432960317954 -8.19218373930669 -4.99158648936523 18.4230033304019 6.14506118376058 -5.33912206529949 378.926354904501 -32.3110949650181 72.0879751087515 0.841055599390375 0.865992560739907 0.868172365575526
65.785 2.89279681584044 -8.21651236807639 -4.85055177563175 18.4975945296866 6.79253772678501 -4.85155910190022 378.690347472646 -32.2439869216647 73.7512598380887 0.841000695266854 0.865796246005888 0.868067394801981
65.816 2.91052538567832 -8.21001999380411 -4.80061590169403 18.9760286682828 7.23546700907753 -4.91739646032544 378.439181452843 -32.9456294065484 75.6145204688519 0.840703730901427 0.865637231071332 0.867847242975845
65.86 2.87131526147705 -8.25195088316798 -4.75750428389084 20.0554687174923 7.86088094910853 -5.07354914813078 378.859736976803 -33.3579598193042 76.65576157977 0.840336719482972 0.865520912205045 0.86718742437801
65.904 2.91590017319778 -8.1787084778859 -4.70165256281657 21.4119525619321 8.44097769091531 -5.2608725199096 377.98838695121 -33.4999474536364 78.8551668796137 0.840153263488236 0.864845275456904 0.866887683022441
65.936 2.99311640158552 -8.26033485501788 -4.52886159710258 23.3961243232566 9.08329879987041 -5.76794796250082 377.654593430481 -33.9629574374455 80.4446851724871 0.83976422018648 0.864310133593999 0.866533778285444
65.996 3.04920919119476 -8.34097296100381 -4.38956532784957 24.6895629919142 9.9093804248416 -6.46440426183941 376.874220678689 -33.7439955243308 83.0221949897146 0.839575715803865 0.864334725525685 0.866358229687463
66.027 3.11553374982992 -8.37830166004334 -4.2613885055583 23.4959506036032 10.0565981441217 -7.20006058186091 376.524118749738 -34.616636374708 85.4999779416688 0.839423027253947 0.86423104752066 0.866216035323098
66.057 3.18703359649843 -8.33568229064951 -4.12547101547192 22.033704721743 10.1453101455935 -7.4802933461165 375.322536187288 -34.9334754635135 87.6809821327518 0.839653331556961 0.864493017767988 0.866335309433505
66.098 3.20282846144712 -8.27011381036385 -4.00693227564886 19.1448580765202 9.84289205762542 -7.44331241951467 374.469254311703 -35.3941151254459 89.3515955275289 0.840079752919882 0.864729645616602 0.866776860872077
66.143 3.27405280685444 -8.17904328884223 -3.91936145970853 17.8172587061035 9.53396394072239 -7.26351054072291 373.55009599248 -35.1552332516112 91.1847923772985 0.840058809063909 0.865155739499247 0.86714695821746
66.175 3.2462415754892 -8.1611867537205 -3.88415059871676 16.9486971091958 9.06327415076376 -7.36886338531381 372.637577753909 -35.8257389338051 92.9816818256118 0.840395289921951 0.865611989783175 0.867434296387081
66.221 3.2556770921428 -8.02551053980835 -3.82266163067056 15.767070612647 8.11888564990491 -7.15648926576831 371.658437980666 -35.6848485363821 94.3291622787455 0.840794159963383 0.86587043827417 0.867777665821407
66.266 3.36418159597616 -8.09413647578236 -3.70348355870632 17.3496478069311 8.15202256726267 -6.09164180145553 371.207334764339 -36.0207273144695 95.7386214457839 0.840864453868066 0.866079781551877 0.867698385636291
66.298 3.35840308261648 -8.40276073634746 -3.56643943367364 17.4386345709425 9.13672606574231 -4.40048940116372 370.133941159115 -36.0647891247203 96.976283371085 0.840807971163 0.865903562546834 0.867757628951887
66.341 3.15064030200358 -8.35023286430338 -3.51226008600145 10.7737672849061 9.67914505981615 -2.90279336150749 369.576492338883 -35.7884791910234 98.8307895305788 0.84063559948009 0.865637501508303 0.867584000272824
66.386 3.0845370004693 -8.09427821492674 -3.56297570406974 4.07453776031596 10.3617868877641 -1.09416338617985 369.358958794495 -35.342668144729 99.5589395197688 0.840395356285902 0.865162560805782 0.867332369762781
66.418 3.18848388008244 -7.9527476191816 -3.5221377445366 1.71503207440554 10.2032763867225 0.510750557957681 368.660756623541 -35.1915611972305 99.7107410110128 0.83997297742177 0.864889096559461 0.866906197087938
66.461 3.370495982326 -8.00806021490105 -3.47118028847534 1.60703857568834 9.07625692668032 0.491265203854119 368.713212865069 -33.9951645697567 100.35570021892 0.839516755940511 0.864444991062502 0.866783349183023
66.507 3.40986947592012 -8.03633748607547 -3.363633258015 1.10620506310145 7.71886734725228 -0.0657393070155686 368.593702420706 -33.6200833015029 101.424117177326 0.839261311142004 0.864320362605481 0.866461490418334
66.536 3.45275140945602 -8.09239572410321 -3.31855036430038 0.905568085844996 5.98365659707588 -0.662485479903985 368.904898960771 -33.0162674742174 101.881534913634 0.839180871137671 0.864343011024985 0.866299676515104
66.582 3.44519219127333 -8.16656318705156 -3.21202077971008 0.411907096099332 3.93378474439482 -1.37775827689017 369.144968158225 -32.8991766541161 102.108043280043 0.839355993903207 0.864237758775093 0.866427464527033
66.626 3.47228877181708 -8.24833636278617 -3.17271801223304 0.419980625703055 2.14659465059339 -2.08957199054058 369.513424208162 -32.522333089834 101.901515056835 0.839611666597503 0.864387339645092 0.866753078335684
66.657 3.42472732178636 -8.24987530274901 -3.11076970533387 -0.832792792417167 0.0239325066753027 -3.24904186195619 369.379873608611 -32.3130898027656 102.430227196036 0.839944932958841 0.86485406593432 0.867127694362981
66.701 3.4695746561978 -8.18808852559932 -3.16606813018564 -0.756699566438058 -1.85832459325713 -4.32080787765016 369.067697622975 -32.4436027402401 102.102484028789 0.840328567203301 0.865342983070885 0.867566233879845
66.747 3.46096183910826 -8.19574152201963 -3.13517317066079 -0.78949153431101 -2.94058643198865 -5.02374751066762 368.64683507461 -32.4893182195945 102.26901206332 0.840651645524935 0.865615545685962 0.867798533647468
66.776 3.52617061599529 -8.17480813825277 -3.13149852753166 -0.46101486034917 -3.75905058242989 -5.71870113249574 368.683936410434 -32.5683477578715 101.665899771289 0.841039214296565 0.865712723934485 0.867875705179241
