22.871 0.214704538832351 -9.74699976365183 0.573666637132105 -0.446676805813289 1.98381514316765 -1.61311580945658 380.660945988046 -26.5989373630529 179.106121077798 0.84220860095099 0.867268889139745 0.868919549017679
22.917 0.216258118365902 -9.7223843761239 0.606191236815378 -0.198525769960672 2.09139408275969 -1.5991428896293 380.749366250317 -26.7711392640729 178.921958073016 0.842300348191669 0.867520362306619 0.869017636150151
22.944 0.195896877795364 -9.68798498617037 0.612813927952086 -0.0136303011490605 2.13158645894375 -1.37813016808065 380.532986662757 -26.682622803899 178.520786039143 0.842248788125514 0.867502683132447 0.868851117350409
22.991 0.14732196969699 -9.62860176213784 0.581523078442757 -0.0171474141597466 2.18841709281314 -0.743613680420133 380.999719196833 -26.3409244711582 178.741836691706 0.841954829917572 0.867143042613535 0.86849413160363
23.023 0.118115737857997 -9.51072842052623 0.522377350018946 -0.419767268064815 2.36330486807941 0.441795056264273 381.221772549435 -26.1241488216382 178.620887720282 0.841590403222721 0.86674061955423 0.868180567420736
23.066 0.17321595430999 -9.39994603831119 0.484189767489917 -0.197721410796622 2.16336091260997 1.26640361389467 381.161635765042 -26.1765605455269 178.522919053428 0.841168747317433 0.86664923138072 0.867803120167051
23.112 0.274661536746318 -9.34474867041133 0.504098698167573 0.509540313743286 1.28094829341255 0.788229675346287 381.550924969684 -26.1410140418768 178.533564433277 0.84082720603415 0.866229394732928 0.867497387891566
23.142 0.346076505923079 -9.36654377677769 0.591943243326288 1.04219330298702 0.0788658275878268 -0.371991978236683 381.908249225444 -25.7342213739202 178.896187190954 0.840677027877149 0.866000564770939 0.867373205013964
23.185 0.335963217427814 -9.35195379819444 0.72989554875796 0.270054438014909 -1.1042102827073 -1.82039747183736 381.57368187261 -26.2687193128754 178.721911624673 0.840681704116396 0.866061996411714 0.867395940527553
23.232 0.303404464387389 -9.35909798409976 0.824823639151464 -1.13194292810869 -2.18815078700818 -3.25169752470735 381.512682316814 -26.6836626434291 179.678748415985 0.840925351840921 0.866222870279728 0.867648412738395
23.261 0.248792266911694 -9.3507470965367 0.919552200336434 -0.750995909172617 -3.29721129778197 -5.12753911715036 381.11527267662 -27.0437667411775 179.457786216948 0.841236260828847 0.866575038235112 0.867729727626633
23.308 0.194985565674858 -9.31490525233596 0.982000923725301 -0.910291419254247 -4.28661901379881 -6.83811584519713 380.235370868062 -27.4614510603538 179.152806835728 0.841714805674921 0.866995665175234 0.86825065735048
23.348 0.166359912531943 -9.22121794967411 1.00533238194743 -0.613137576313498 -5.34399346224574 -8.65192726972418 379.59465040313 -28.5077753588866 179.31377353694 0.841989139202246 0.867348298957768 0.868672610426796
23.378 0.198138020985991 -9.09127614456745 0.98747388328424 0.821908181506678 -6.17756600212897 -10.2229465846598 378.565666826535 -29.5532980406981 179.234156564921 0.842198465678417 0.867744923601623 0.869026939932128
23.423 0.303467539815578 -8.93955784740298 1.01198011360866 2.18185249724942 -6.98428647699164 -11.1645561992233 377.720190129494 -30.8801714129655 179.169666817586 0.842241699577697 0.867832281042106 0.869178211715386
23.486 0.466278767956757 -8.84779658852837 0.997868407518312 4.5777585380392 -7.43055448911132 -11.9088630404548 375.88335400489 -32.5549388445021 178.565430122245 0.842276719036114 0.867779988432891 0.868956288075955
23.501 0.681144877734289 -8.80023120503074 0.98102703500591 6.41370960665145 -7.68226058656185 -12.6443470016997 374.743516743961 -34.1635004640467 178.051998399018 0.841964821900516 0.867256545667908 0.868665783005609
23.546 0.717124792351951 -8.74819988364936 0.946861222337979 8.19144065925027 -7.32782191480976 -12.4433714530562 373.568248562608 -36.1864353758778 177.816118703205 0.841724817275323 0.866721319305551 0.868442928700785
23.591 0.704214367127269 -8.77005758034705 0.952047333827169 9.86270052177898 -6.09034491130125 -11.448825533464 371.746281335713 -38.179012654461 177.847056149596 0.841163799445828 0.866386540444059 0.86804031119489
23.622 0.658550188753246 -8.81551103293389 0.996177384084013 11.0771843692059 -4.68569846212348 -10.4162204378311 369.976487881927 -40.3750002501134 177.818115481173 0.840962165832813 0.866127852796955 0.867467407105128
23.682 0.621580160169525 -8.91442801519818 1.04711394245296 11.2921376596674 -3.47640812073223 -9.89171870731492 368.824955184361 -41.6557502025919 177.63267353975 0.840432093154769 0.866029430041786 0.867361252941393
23.713 0.578759617082343 -9.1244721022379 1.13863881702467 10.8151811226512 -2.50192111214425 -9.80038375597852 367.268213699333 -43.6411576640994 177.746465567197 0.840596995483044 0.865962053636654 0.867275268068768
23.742 0.628332916341596 -9.22878524956868 1.18016493303525 9.30777762537803 -1.64655610083684 -9.75533374310596 365.851253096459 -45.7773377079205 177.77863710943 0.840730566368947 0.866129584267485 0.867661414969186
23.785 0.677824675826552 -9.2537051150321 1.22097771154034 6.63861285365545 -0.930122655418302 -9.74143865252651 364.859515008132 -47.3516435434156 177.636696058638 0.841078484596549 0.86651179532545 0.867875630329834
23.831 0.831062975355527 -9.35437724753086 1.17654172933908 4.50200923588839 -0.037597824171267 -9.91247370549304 364.242207156587 -48.6808312701667 176.723723807497 0.841737925008899 0.866919814444553 0.868405713769165
23.862 0.951056002866346 -9.28196263898144 1.13794489670811 2.75128396961922 1.149698434177 -9.39108843427379 363.700187796836 -49.991473328835 175.582216284073 0.841919100678575 0.867360935447959 0.868835081355024
23.908 1.12847407164753 -9.40813910242787 1.08006392334803 1.70426520623126 2.67514886145436 -7.80143812031139 363.435152115437 -50.3870933963564 175.191595190099 0.842293095793851 0.867607617943785 0.869182869099569
23.951 1.21666715221693 -9.43670842423306 1.06067773616386 0.534195275062588 4.19221408922842 -5.49786716752856 363.124473213504 -50.4915456510487 174.28719210398 0.842482477506163 0.867794732637891 0.86946457717265
23.982 1.2444692162518 -9.50149071487939 1.02111671290814 -0.626233124909227 5.57515906112998 -2.71037164233936 363.256823302938 -50.6721519773494 173.962625604224 0.842270289794855 0.867588612287953 0.86933619171464
24.029 1.22446786317765 -9.44206542354083 1.08583993908599 -1.77778318232151 5.80885593875192 -0.0643323280048016 363.22002687538 -50.842443101653 173.399726739421 0.841845925723321 0.867447096775037 0.868998156077644
24.073 1.13416024319695 -9.5475128906053 1.14388014981584 -0.266874606688059 5.29379926458753 1.45697478378176 364.324221769058 -51.454378912339 172.709778658931 0.841489409034695 0.867098017664033 0.868588827244686
24.102 1.09959961395082 -9.70683433550956 1.27199630288922 -0.356779118440229 4.61141251881972 2.83854652142811 365.128619632937 -50.8880469189946 172.744920713734 0.840973118770919 0.866827609610674 0.868133810624451
24.146 1.04650230120321 -9.77808266768925 1.39077604335945 -2.45799871952437 3.13699986543481 4.65288680449418 366.530181902679 -50.4713180043856 172.095385778125 0.840782435403249 0.86650930327446 0.867765247162061
24.192 0.978713491138486 -9.95045821876287 1.42955671730782 -3.86815453533383 1.69722943298693 6.01021235744181 367.20944734117 -50.3617675835523 172.001262480281 0.840526940411907 0.865992455497167 0.867479179743062
24.221 0.909355549263061 -10.0699112305927 1.32678602950123 -6.30190746369673 0.228343626978955 7.32712697135993 368.635652346348 -49.6250317426774 171.757022609028 0.840673821761326 0.866055427899959 0.867481780058122
24.267 0.792548447181932 -10.0790942031949 1.29835701824468 -8.97019390055619 -0.699240135429489 8.78123238878628 368.908878400542 -48.4102757115687 171.817188313312 0.84067910716258 0.866217549785207 0.867594755155612
24.312 0.689405349252048 -10.1234091371532 1.21886825701997 -10.5615822502902 -1.58142267763682 10.2985234257566 369.412191504439 -47.6363233263706 170.827922533783 0.84115022340725 0.86645985979226 0.867686264984578
24.341 0.458795597960067 -10.344651428331 1.04004550809203 -12.8869426914374 -2.8544638192675 11.4662314557789 370.707875118595 -46.3374218943602 170.050617252364 0.841645115363427 0.866902370636524 0.868228000123931
24.389 0.447885744329001 -10.2954447985192 1.08134826139585 -17.3106373205223 -3.87425309818683 12.2542887005549 372.879378846062 -45.0753117344318 169.426999974415 0.841793485822555 0.867260804420378 0.868543753450801
24.432 0.420798960894467 -10.3958636601373 0.873485919872331 -15.9579521074856 -5.16761065838629 10.3097906413426 374.668296865311 -44.0470025048897 167.199869979276 0.842039986440867 0.867551135785299 0.868910018268056
24.461 0.444623831999101 -10.2893240146319 0.689549124689818 -14.6831167795825 -6.92561196153717 8.20703728971653 375.445320460902 -43.3220720289607 165.851894683214 0.842239651941699 0.867675312910884 0.869083505167488
24.522 0.509944519712882 -10.2718661942987 0.602252912646587 -14.2502711563473 -7.59562355144053 7.30823455581543 376.56070957333 -42.1168783434582 164.034034693403 0.842161772652961 0.867775896382607 0.86899020128909
24.551 0.49181831316613 -10.3086500329093 0.457346672822639 -13.9639410106871 -7.21650087819355 7.06486082990515 377.170174754398 -41.3986714582011 162.843568101657 0.841985269661224 0.867376691372719 0.869037948792035
24.597 0.441983216787725 -10.2111512124018 0.332628403462748 -13.504456340794 -5.36406800141311 7.04910215771936 377.987841551062 -41.4409238811429 161.819290162342 0.841602277624397 0.867053335314709 0.86874438298779
24.626 0.34237825355543 -10.2382522543843 0.216074222852589 -12.1143348268828 -2.89794851625912 6.49366587752367 378.72215165636 -41.7151483437258 160.293625031497 0.841304835865249 0.866544359172491 0.868296439047188
24.685 0.226018642635214 -10.2367828394638 0.0760378331632806 -9.73436693496591 -0.854513870688974 5.0163579104125 378.848942841652 -40.4372701584179 159.333836275513 0.840950084786127 0.86624320273628 0.868032768814462
24.733 0.132150430043156 -10.1648319532066 0.0348833249469627 -7.39132576694071 0.661431551001473 3.14760105247229 379.677643701738 -40.7161888283185 158.166407383165 0.840536266129579 0.865888151783963 0.868053374808501
24.746 0.0798497021528961 -10.0432730316488 0.0571475212407731 -5.84071432923724 1.346980930357 2.20146524944912 379.934891398408 -40.036112950938 156.962789980364 0.840567687100864 0.865958732486803 0.867835886781126
24.792 0.0295194061070317 -10.0771617418019 0.0614447885307098 -2.63510074408674 1.38006218717695 1.5299044093057 380.23926203271 -40.3012514902598 156.203859884095 0.840593138087606 0.866139226500551 0.86800476920379
24.824 0.0458775196363929 -10.3731870936995 0.210068066197382 0.0469424430912644 1.20349922657516 1.10319203718647 379.063802246495 -40.2340137071104 155.775126506117 0.841093190764061 0.866273094287241 0.868264616102153
24.865 0.094657545134547 -10.6717812864972 0.498477996006583 2.04771803539247 0.743612999480081 -0.328551854459113 378.165679819661 -40.1255511027594 155.709852469955 0.841498233431989 0.866492396036751 0.868708756253271
24.907 0.140998825753281 -10.9697446582401 0.641385704177747 2.0155981735534 0.238509735685736 -1.91070715478364 377.102200653926 -40.3976963932351 155.752980500663 0.841826317993011 0.866904101020707 0.869191292689555
24.938 0.173543354384984 -11.0670418925806 0.752693723656222 1.62072612363169 0.304032580561934 -4.48942852056559 376.66078252968 -41.0981340785205 155.655914205537 0.841990698995706 0.867237582057711 0.869582147202945
24.983 0.212629602666137 -11.0034454639809 0.856182935162547 3.45271182426381 0.437106084911656 -7.27483404822301 375.595233849041 -42.1214886036016 156.141290506485 0.842363264341155 0.867495003570171 0.869677123594095
25.029 0.239237698033953 -10.9519742326543 0.924255341969502 4.50570421124147 0.344208600534166 -8.74238657142705 375.482139417723 -42.5604057689173 156.456445310253 0.842413438698373 0.867703514995263 0.869631271557047
25.06 0.159024711165387 -10.8646849820267 0.886403208030148 1.65534560194529 -0.288900957231448 -8.83560793201622 375.000532928356 -42.393928672823 157.005720701305 0.842088196881588 0.867403979075018 0.869483140127037
25.106 0.114223341738353 -10.7282419252091 0.791859692824717 -2.38917006242432 -1.19858992802923 -7.54478135623085 374.250431671968 -42.7870822249866 157.798633768057 0.841824751009992 0.867186552592558 0.868981664324695
25.152 0.130355279924559 -10.5460047188035 0.656801067972379 -3.83683080399881 -2.21627768903192 -6.49791411992103 374.122849654294 -43.0455366022392 158.200893352126 0.841472257516898 0.866775862637239 0.868328411189568
25.182 0.142231033917259 -10.4596423241229 0.487859785436789 -2.44042837108637 -2.79022309605479 -5.14483715469329 373.791508219978 -44.1668846478137 157.374723615222 0.841073049295717 0.866344064581531 0.867811882339803
25.241 0.220857273943774 -10.3878751247637 0.399523873529982 1.25126828659561 -2.68565322688835 -4.34617305713362 373.853121658182 -44.0611765647291 158.18752612833 0.840876160919018 0.865982209625585 0.867627945517036
