49.11 -8.98733652864336 3.28697999108824 1.28764353632783 -1.33374734578506 -0.450330191905187 -2.17269039214041 165.529046266445 145.559034815915 104.372539207994 0.839417731713397 0.865588889931265 0.86675324325864
49.125 -9.01276469142233 3.3105887632578 1.29325375354161 -1.30876955777144 0.00386313262884347 -2.27145188727752 164.936141639801 145.523131334324 103.895285287195 0.83935316772775 0.865285170858843 0.866703881849509
49.155 -9.02026736656721 3.35571883270228 1.30321105774525 -1.31453382336834 0.553095139976646 -2.3687341794658 164.882527475821 145.850818200891 103.705756758475 0.839041667669624 0.865259156424151 0.866535996315751
49.17 -9.01486920046713 3.37143619789855 1.30989814212575 -1.29682089904677 0.954274175597302 -2.57613557067952 164.894274728239 145.845736380802 103.715181082628 0.839014710088354 0.864988410702441 0.866261301865679
49.185 -9.00809549147998 3.38707818926134 1.30083305010785 -1.46026858013446 1.14815973513681 -2.87043041055813 165.204847255415 145.541162742722 103.543662974365 0.838863827573404 0.864868474813699 0.866137674330304
49.215 -8.97494465281172 3.3996596188017 1.28225968810549 -1.82645546257903 1.3501376547529 -3.25819652980766 165.364362529873 145.86704646845 103.629296676928 0.838854654001757 0.864636797253033 0.866149869814007
49.231 -8.95666094573978 3.43977318859115 1.27907090067235 -2.24915342777151 1.38993304958295 -3.42779672415514 165.087926276886 145.740341821605 103.646367009236 0.838719777095467 0.864675620178923 0.866160845749339
49.247 -8.97234777169803 3.52980480184568 1.28158795248896 -2.45019228346764 1.24941302706741 -3.4430323189152 165.559133649197 145.866307639444 103.901730308312 0.838725008571613 0.864710560812224 0.866170724091139
49.291 -9.04344786009829 3.55307311049473 1.28086053798882 -2.68990587954836 1.07027325107822 -3.555217636642 165.743220284278 145.7396768755 103.891557277481 0.838856187182603 0.864988791292181 0.866302938243205
49.292 -9.11659578801669 3.53462998477851 1.22190705660243 -3.3407626198378 0.898360429787193 -3.9554210638175 165.78889825585 145.74570918795 104.002401549733 0.839100568478912 0.865115875079697 0.866421930980064
49.306 -9.15782851268182 3.55765519507141 1.13628778210216 -4.32348025098379 0.577990035663436 -4.52705452995483 166.070008430265 145.751138269155 104.102161394759 0.83932051164559 0.86523025048846 0.866405700798791
49.337 -9.1954168047547 3.69335944027374 1.07646868840694 -5.2407505464961 0.79423683362381 -4.87663915329523 166.323007587238 145.396024442239 104.551945255283 0.8395184604956 0.865456512000794 0.866637604882637
49.352 -9.16819413596746 3.84823394927981 1.07745872332906 -5.56171365978542 2.49496582201715 -5.12561645933975 166.610706828515 145.856421998015 104.776750729755 0.83969661446061 0.865660147361895 0.866723130955553
49.367 -9.0409824379774 3.9244739393616 1.10013699288001 -5.72309954571528 5.16455320928109 -5.73671893554318 166.689636145663 145.850779798214 105.15907565678 0.840235022914579 0.865596635276898 0.867046344159729
49.396 -8.82000978545774 3.95867330255129 1.10522453565744 -6.34849951480787 8.08473910972702 -6.52029895038581 166.640672531097 145.845701818393 105.143168091102 0.840215200091273 0.86603249804894 0.867090996304936
49.411 -8.57432777663853 3.98777678986208 1.11082085888994 -7.37395490683853 10.2587079468459 -6.99804004771364 166.716605277987 146.081131636553 105.608851281992 0.840575874651071 0.866055211160779 0.867377422974174
49.425 -8.37260698360907 4.04084480446413 1.16547739137482 -8.19762811844476 11.1740585262071 -7.15548795133922 166.784944750188 146.533018472898 105.907966153792 0.840521966654116 0.866445216344433 0.86726564359349
49.457 -8.20051538124121 4.08794764854164 1.265365489983 -8.8961859172873 11.290240459846 -7.01169488139614 167.20645027517 147.179716625608 106.177169538413 0.84085196455763 0.866426657626723 0.86765752277491
49.473 -8.10752306438479 4.14650107780979 1.32701319038579 -9.77297953929903 11.0352622153881 -6.74258646195882 167.225805247653 147.641744963047 106.179452584572 0.840517356595752 0.866656466027775 0.867517733414152
49.486 -8.03214978626662 4.26396228098768 1.38836192112901 -10.791864791476 11.1157054594981 -6.51412934248049 167.663224722887 147.517570466743 106.481507326115 0.840847815505103 0.866493322076191 0.867884403613505
49.516 -7.9240912865218 4.39080620906261 1.41861622650986 -11.289014190191 11.2819975089682 -6.78180037769809 168.356902250599 147.705813420068 106.453356593503 0.840640243140285 0.866593276429752 0.867721926168888
49.531 -7.87891249691991 4.40578595192588 1.45183059978096 -12.2356852902559 10.585095467995 -6.73568140863057 168.081212025539 147.815232078062 107.088020934153 0.840706218840826 0.866312853968279 0.867822207715724
49.545 -7.94521255048109 4.41100770882985 1.41181285447724 -13.7953228681005 9.1792576769207 -6.35524303875988 168.313090822985 147.433708870255 106.819218840738 0.840512806142436 0.866430855132631 0.867418892125655
49.576 -8.0433095701217 4.47843536125619 1.34826356113119 -15.3073936347256 8.83232427564085 -6.13040575778466 168.761781740686 147.93033798323 106.337296956664 0.840338734713885 0.866166674800871 0.867426289474269
49.592 -8.10017293760294 4.57365661013424 1.28945310658362 -16.6423031262148 10.3918399396798 -5.91049495299856 168.445603566618 148.137304184907 106.503567260997 0.840182070428189 0.866052509971977 0.867309623443576
49.606 -8.19642080726428 4.55676421953707 1.18397097211611 -17.7139506761888 12.5671597625057 -5.81104851113382 169.121043209956 147.843573766416 106.653210534898 0.839914451879256 0.865826164156282 0.866957566280721
49.635 -8.32494242664161 4.48517760127905 1.07131995898365 -19.1020975933027 14.5852529465605 -5.82765358368456 169.24893888896 148.299216389775 106.427889481408 0.839926686159482 0.865622452922156 0.866764312303842
49.65 -8.39404473015055 4.54016044578066 0.919715665059197 -21.1079183683236 16.5618421557212 -5.83191112607946 169.544045000064 148.169294750797 106.285100533267 0.839684606037419 0.865562710281134 0.86646678625496
49.665 -8.45354324556933 4.57444181598226 0.770762099871255 -23.3032334017203 17.8209251157216 -5.42276581499823 169.989640500058 148.592365275717 106.69659047994 0.839719824901829 0.865261609173725 0.866446070546197
49.696 -8.62608376125287 4.56447392604052 0.685785024508134 -25.059169603533 18.4434127568212 -4.89346633273505 170.450676450052 148.073128748146 106.406931431946 0.839371659126295 0.865237950907545 0.866056633412282
49.711 -8.68314816039614 4.40772073776692 0.61265753878143 -26.4234816508133 20.1555600307574 -4.34228763839284 170.625608805047 148.205815873331 106.506238288752 0.839185081707551 0.865093060998293 0.865953472722247
49.725 -8.69763535393905 4.33044832925054 0.610767988917111 -27.466629668938 22.0774086078344 -4.09966192798867 170.903047924542 148.445234285998 106.235614459877 0.839143782722489 0.864838924819168 0.865984088366755
49.755 -8.71444475174216 4.29442200046825 0.596617542407107 -28.212333114258 23.9314998081196 -3.8866423000753 171.632743132088 148.780710857398 105.992053013889 0.838979992944126 0.864733937518754 0.86613496609126
49.77 -8.82617917824031 4.22327209397001 0.591783007414214 -28.8170540013055 24.9581971555519 -3.28423761205251 172.169468818879 148.602639771658 106.0128477125 0.838959202835406 0.864886506683612 0.866147432398867
49.785 -8.87706050129152 4.10321284130671 0.557444548992281 -29.9887837156787 25.4661942338899 -2.22375278214497 172.172521936991 148.322375794493 105.43156294125 0.839066962020017 0.864900358666444 0.86628197572016
49.815 -8.9421868638821 4.05782774205916 0.600041928638189 -30.9212030540345 25.5638496196612 -1.06015612988467 172.295269743292 148.670138215043 105.508406647125 0.839163945286166 0.865036285716533 0.866403064709324
49.831 -8.96249340027221 4.02990985318344 0.625810011699052 -31.4168690081731 26.3288387034966 -0.132766471094674 172.525742768963 148.383124393539 105.577565982413 0.839251230225701 0.865281943706059 0.866635232402117
49.846 -8.86453078433557 3.82611644629527 0.615003619618045 -31.4942660768214 26.8158021613912 0.555319336320137 172.913168492067 148.424811954185 105.699809384171 0.839329786671283 0.865379712252187 0.866720995723085
49.875 -8.73524399618521 3.70566989508768 0.648193932199621 -32.2150684767728 25.9082677467788 1.72497824238278 173.80185164286 148.042330758767 105.629828445754 0.839526808018724 0.865344243678161 0.867044422450508
49.906 -8.78456467408134 3.60373233730346 0.714696505627761 -32.6859280413093 23.2937768499635 3.25706057081626 174.361666478574 147.93809768289 105.326845601179 0.839577806685003 0.86568229347407 0.867212454369182
49.906 -8.81081716434533 3.5994966176875 0.774848096634504 -32.8158085196211 21.0277579435931 4.89318657480333 174.625499830717 147.964287914601 105.774161041061 0.83987619751003 0.865616566777856 0.867486735231996
49.936 -8.80858705237246 3.43778685460039 0.742134859918556 -32.6868994233842 19.0074248973254 6.39241753564361 175.162949847645 147.567859123141 106.116744936955 0.840018577773596 0.865927384263796 0.867240564359989
49.952 -8.78916213924948 3.3421671723981 0.71526671119839 -32.9204995573817 16.8723312625547 7.86233608742276 175.646654862881 147.931073210827 106.905070443259 0.840398914565162 0.865960608754149 0.867634951464759
49.967 -8.82112000598249 3.30866218230062 0.654214672758968 -32.6169992199641 14.6499836324824 9.10129331837514 175.301989376592 147.837965889744 107.674563398933 0.840236232294338 0.866360074178466 0.867620742879463
49.996 -8.88208404374483 3.20027716714979 0.66145722792875 -31.6583527330822 12.5597944295395 10.3575762002781 175.651790438933 147.33416930077 107.82710705904 0.84059480363383 0.866226569411812 0.867977112132285
50.011 -8.9022956299099 3.10344891332543 0.702392179307322 -30.8177082994686 10.403051627807 11.4760170535327 175.06661139504 146.820752370693 108.504396353136 0.84041253245614 0.866476386634356 0.86768190357025
50.026 -8.95274790590817 3.15768107697031 0.74360304940073 -29.994716095476 8.03755562533161 12.5658199283321 175.139950255536 146.238677133623 108.513956717822 0.840753473779452 0.866331250622113 0.86778618737695
50.072 -9.08111403404904 3.13173108927602 0.766028349414422 -28.6509696767681 5.82616647501219 13.6374822103081 175.205955229982 145.714809420261 109.12256104604 0.840681805869658 0.866447412121082 0.867633531555988
50.073 -9.17455702441245 3.18732490806754 0.787827204002399 -27.6034299609997 3.92904601071708 14.3676271190483 175.025359706984 145.483328478235 109.550304941436 0.840617304750844 0.866181576090477 0.867742652564114
50.086 -9.32449634150245 3.17002240421452 0.818698922097795 -25.9682778045944 1.37201927224079 15.0713224224106 174.742823736286 145.034995630411 109.815274447293 0.840306162769645 0.866065921132622 0.867470889958896
50.116 -9.31884218998771 3.05664701106022 0.841695069640976 -24.4149614745166 -2.08961013589932 15.0313657526886 174.788541362657 144.33149606737 110.593747002563 0.840026134986566 0.865590625297262 0.867473087524186
50.133 -9.36277469767351 2.95233466781858 0.882862018975707 -23.9986561667596 -6.25011477116435 14.917542154519 174.529687226391 143.638346460633 111.834372302307 0.840027200956061 0.865410467949039 0.867351741688501
50.145 -9.4299071857919 2.85103154084995 0.887530697077297 -23.049172229473 -9.2365536757273 14.6265512978457 174.236718503752 142.95451181457 113.370935072076 0.83977506935434 0.865371923805328 0.866995472701153
50.177 -9.49541408684162 2.67701934488339 0.801171828976079 -20.8297511897318 -11.354883040979 14.0081709772215 174.273046653377 142.159060633113 114.693841564869 0.839674771604599 0.865089901345499 0.866798428082231
50.192 -9.50774325310863 2.54123792688599 0.667783656422023 -19.9047913379342 -12.9728298513849 13.7951401390413 174.125741988039 141.143154569802 115.584457408382 0.839457882938025 0.864959816392452 0.866497490455511
50.206 -9.65387244265982 2.37767481482522 0.483689402374974 -19.4013351049041 -15.3808903776968 13.9186795602517 174.173167789235 140.288839112822 116.086011667544 0.839389303829915 0.864842739934709 0.866226646591462
50.235 -9.80855260409453 2.21951453992572 0.280116332918422 -19.0757054112076 -16.9428013399271 13.7512390851425 174.395851010312 139.099955201539 116.837410500789 0.839074190161573 0.864737371122741 0.865982887113819
50.251 -9.98020617470924 2.07591333784622 0.0293242335468676 -18.3376005189418 -16.512643343339 13.6600846422771 174.296265909281 138.209959681385 117.57366945071 0.838917359639301 0.86464253919197 0.86601056131917
50.266 -10.0399438885371 1.92147328374948 -0.15203607677071 -17.133611459414 -13.7957301540433 13.6727021322479 173.786639318353 137.348963713247 118.536302505639 0.838902832861063 0.864680787923966 0.865912007838446
50.296 -10.105738718586 1.72705146373658 -0.288385432350475 -15.5431510768314 -10.7207372913107 13.60161512513 174.107975386517 136.034067341922 118.862672255075 0.83888975876065 0.864715211782762 0.865823309705795
50.312 -10.1826112502308 1.57302109034075 -0.375366390992258 -13.9758588699116 -7.37309104309566 13.4941253683422 173.677177847866 135.09066060773 119.636405029568 0.838877992070277 0.864869653521219 0.865990265296395
50.326 -10.1520780533694 1.46330374149573 -0.408757979794491 -12.5981203111647 -3.6861636181754 13.0531097780728 173.589460063079 134.781594546957 120.152764526611 0.839120192877819 0.86488519082029 0.866140525327936
50.356 -10.0730031558999 1.39191187919461 -0.469575895480051 -11.5054838525673 -0.759531989182292 12.183676662861 173.330514056771 134.443435092261 120.43748807395 0.839211853058189 0.865022634654995 0.865905377976645
50.373 -9.94976179264143 1.39756989629224 -0.498275077591897 -11.123637757387 1.53779525553746 11.044698309552 173.337462651094 134.259091583035 120.813739266555 0.839546839245897 0.865269657750675 0.866310366478712
50.387 -9.91833208020467 1.45132426158626 -0.472868427262211 -10.5952434472971 3.27943557731196 10.1684727534059 172.923716385985 133.793182424732 121.212365339899 0.839595834789459 0.865491978536788 0.86642861639202
50.416 -9.90231559886878 1.48821102144754 -0.370993785225306 -9.0006045987506 5.33317140889374 9.11269418035543 173.451344747386 133.673864182258 121.27112880591 0.83989242280404 0.865568743599842 0.86678128105255
50.431 -9.81224406553219 1.47514115478786 -0.226694022562761 -6.81199452055493 7.46168632907307 7.46936369361759 173.326210272648 133.086477764033 121.324015925319 0.840033180538205 0.866007395539589 0.866852439508475
50.446 -9.69502722733835 1.46649073397689 -0.119150169146054 -5.19339048834677 8.0254413602879 5.16746549219477 172.973589245383 132.917829987629 121.131614332787 0.840286033977912 0.865909158636823 0.867162721857359
50.476 -9.72833584112185 1.56297284515714 -0.02188186119675 -4.63588350058079 6.46259188074766 2.24003192007453 173.136230320845 132.886046988866 121.198452899508 0.840261110048272 0.866190716936866 0.867195736232803
50.492 -9.9518848749601 1.67153411643519 0.00101617034662342 -3.84023408182043 5.10335559343625 -0.73053615742911 173.16260728876 132.73744228998 121.018607609557 0.840617193612371 0.866197608159913 0.867594606150291
50.506 -10.0716162406745 1.79761054697765 -0.036853977533681 -3.22949311638647 6.89072995775675 -3.31702452641902 172.766346559884 132.183698060982 121.036746848602 0.840559153719285 0.866573373643653 0.867584432096442
50.537 -10.0434436455378 1.83302836343467 -0.134742583476755 -2.7057804459692 9.7642523818284 -6.22272665392979 172.949711903896 132.225328254884 121.113072163741 0.840759409840884 0.866541999196021 0.867944432427566
50.552 -9.88167874112802 1.91979147843855 -0.216557555475759 -2.28940087465472 11.3466057695998 -9.74167536258262 172.694740713506 132.922795429395 120.881764947367 0.840560678042488 0.866760273440144 0.867775952101543
50.566 -9.86747212494979 1.99919509159628 -0.264632922183508 -0.978781397876274 10.7974413758459 -13.2400269102938 173.545266642156 133.550515886456 120.553588452631 0.840634610252809 0.866463151277632 0.867870831055114
50.597 -9.95530253010007 2.02510866463575 -0.261692661140294 0.76871506252204 10.8970865512384 -16.1297646772797 174.25073997794 134.29546429781 120.438229607367 0.84044835841322 0.866319338801062 0.867586250600795
