30.888 0.319662672411213 9.61032669880872 -1.63235365230939 -0.49053014664074 1.17932118261662 -2.316078439929 201.900062962192 -37.9810156811219 -26.2325106785716 0.840160777386387 0.864637815649056 0.866703205886991
30.934 0.245561133940722 9.62425471507009 -1.61896775416605 0.910685848396573 3.69402878387366 -4.15380979588448 202.641050999376 -37.9586227017087 -26.858333649643 0.840389712697837 0.86505695149753 0.866988489693254
30.964 0.202525748766424 9.6342794464193 -1.65893613004862 3.1168921784226 8.12246865844912 -7.45214318657482 201.975251309494 -37.5864843883841 -26.8552502562108 0.840814861867286 0.865383860111545 0.867453478097366
31.01 0.107213492150246 9.57880955304617 -1.77751973063136 5.99849945841543 12.5875965599087 -11.2741749124233 201.25595356069 -36.9970523545911 -26.7327527075308 0.840919521127365 0.865525058619207 0.867362043808665
31.055 -0.000377837604619617 9.54534118916979 -1.92735220293414 7.96191433230887 17.1947318394802 -14.6210129767728 200.175322384159 -37.0536124072188 -26.5675296930999 0.841004295128029 0.865639429410412 0.867411034170824
31.083 -0.0988274485537742 9.52158967308776 -2.10259800765088 9.18479946413202 22.7314732479943 -17.6926388317967 199.432011131169 -37.1114260498472 -25.4856990514109 0.840820470043191 0.865262600725397 0.867204476625621
31.131 -0.179277922833181 9.51134719330656 -2.34964060531724 9.83594710793167 30.0329513461425 -21.5324114995568 198.637929016247 -36.7022551003763 -24.3214162316429 0.84055774847026 0.865093864155148 0.867012486623008
31.171 -0.232106686692054 9.53674912414606 -2.61210807358028 10.8142927299437 39.5599730331235 -26.2955281238013 196.96872250316 -36.6168266313048 -22.5923471476307 0.839965081242683 0.864734588075806 0.866498650710401
31.201 -0.258330104608435 9.50349106042525 -2.98318493522991 12.1717908517124 50.3276239583568 -32.1402938108134 195.64666522756 -35.9656295713569 -20.2738011895809 0.839725615821795 0.86420835291222 0.86598382692028
31.246 -0.237223631383628 9.61661284462256 -3.34331889875541 15.028081887597 61.0561387650476 -38.3805082157665 193.837798834323 -35.2281599527991 -17.2497789635605 0.83954444626847 0.863782102429715 0.865801654842693
31.292 -0.106181341663735 9.65582646220396 -3.7251930481347 21.1712196113963 69.1334876668641 -42.4974482959923 191.388617055802 -34.1748095617673 -13.576320960484 0.839524169212736 0.863907020282614 0.865900879369835
31.322 0.0417776437728136 9.66966290438643 -4.11004821373856 26.900901625689 71.6515601246638 -44.2591163258606 189.0567798152 -33.3095957450315 -10.5768199779921 0.839621568051804 0.864119441466184 0.86584558156582
31.37 0.110071272455067 9.71154007358572 -4.46441562344836 32.8290432939074 68.5723438536494 -42.8491972010463 187.047991650312 -32.1767725534755 -6.91122418217356 0.839814149603225 0.864192363432977 0.866158565534556
31.414 0.117720556457791 9.70465744381159 -4.81573152750599 40.6695403352405 62.5582550100057 -39.7956359923895 185.210873236752 -30.4491857683152 -4.74009158756059 0.840083694990938 0.86472054093051 0.866522951391523
31.444 0.0378928109824278 9.64356099689462 -5.11879862954212 49.0069841600945 55.8969957184099 -35.8098086652859 182.78080732177 -29.5598404723353 -3.27547418592408 0.840175556472527 0.865259478942498 0.866928850858072
31.49 -0.125839727013917 9.51870930563222 -5.42132484181816 56.3848938108979 50.4613756922174 -31.6867847135381 181.232453930633 -28.0594707825916 -3.2531340905985 0.840489855322931 0.865707956629228 0.8674787595654
31.533 -0.330510594130143 9.34900961339828 -5.70207461837845 62.8496265822471 47.9690578221465 -28.2782803507903 179.774287683813 -28.0441713338992 -3.63103861338479 0.840744437391759 0.865948171419474 0.867690357351399
31.56 -0.466773494403833 9.16547640280415 -5.96531115244202 68.0150677606278 48.0987536298318 -25.1209032673462 178.077173023889 -27.1077787804583 -4.76514127684168 0.840710757817192 0.865908320074306 0.867627665775585
31.606 -0.552905157109332 8.89624843929565 -6.19303562799098 72.8157926723681 48.7544179210798 -21.7964049289932 176.96051014935 -26.0433008121713 -6.70976443424176 0.840809947644251 0.865752716840274 0.867576885599175
31.651 -0.60373366064746 8.53786165601838 -6.41426741274984 76.4134638203433 48.6389411114945 -18.5738666184387 175.852013220973 -26.3090736578587 -9.22090919173582 0.840296134352853 0.865503217955167 0.867437598157127
31.682 -0.653547818972709 8.13158121327888 -6.6349267167465 78.3920812669972 48.1065499338983 -15.7649846326911 175.440130708988 -25.9423496628656 -11.296936445306 0.840133036561085 0.864929917484941 0.866867971821818
31.729 -0.701516832675908 7.79813662610916 -6.85065119049142 79.137433154512 48.5227176601981 -13.395057399808 175.898505874281 -25.5253032269211 -13.8785185206979 0.839760498444669 0.864341531484382 0.866406574490218
31.774 -0.658992822637919 7.40625345019896 -7.06173199406032 80.9584964276738 49.976454739875 -11.015263669417 176.365789758167 -26.1354956138061 -16.1616000017653 0.839458742570372 0.864236560347205 0.866144080374343
31.804 -0.475988158676344 6.93398310700857 -7.25156777553279 82.5221836331334 49.1306229957873 -8.12869945009036 176.786289704116 -27.2837514471829 -19.6488960014299 0.839328278934817 0.864139036188014 0.866054920406025
31.847 -0.319931326971042 6.45142036346039 -7.39278907275737 83.3459458420747 44.4629038632289 -4.55004808129075 178.314894660334 -28.2498386722182 -22.5336057611582 0.839349073672477 0.864319596892377 0.865982700831687
31.893 -0.178759051381673 5.88391230136779 -7.5331135537644 83.9212084984927 38.3136544192918 -0.571645816074517 180.52506467487 -28.5523693244967 -25.6262206665381 0.839618409435357 0.864330031050402 0.866281828462452
31.922 -0.0829825303410412 5.25843230725137 -7.68052864358823 82.6111407158402 32.8461211483286 2.99773024775827 182.519302386645 -30.4654191528424 -28.5632387398959 0.840064083149279 0.86468418570708 0.866511925520828
31.965 0.0229258425853167 4.67113884082491 -7.82716889611543 80.545863674487 30.0339840843447 5.93869585182924 185.874634933182 -31.9189895138023 -31.6382233793157 0.840323590186965 0.865205380086821 0.866944543876664
32.011 0.220455008659306 4.09890292118742 -7.94354136128868 78.1193251488536 29.4753133678612 7.80599249494351 189.306454295878 -33.3183815061799 -35.0229609372457 0.840647614141703 0.86550408726887 0.867417881985928
32.041 0.434843906869461 3.5479256471486 -8.08790765707803 74.8233709278233 28.851950392853 9.73407529495005 192.584227979661 -35.7658890200057 -38.166598359169 0.841023762036818 0.865746040086331 0.867678368613395
32.086 0.645680865227258 3.06699593643325 -8.17776600469292 70.5516632759644 27.8254233296613 12.0671964087569 196.319224663525 -37.5923701062046 -40.2929446709269 0.840974907010473 0.865694689137985 0.867667257262656
32.132 0.834774449337573 2.60864548327309 -8.25715918023193 66.9609693909357 27.0874478588577 13.6252687857496 200.268571977456 -39.3358197860257 -42.5672851834508 0.841061357514532 0.865542226027534 0.867523131568991
32.164 1.03044929568363 2.14121850920561 -8.27798900137178 63.0728890234518 25.8115197885755 15.5273074111136 203.959543301739 -41.7800140266809 -44.5295009985952 0.840752867322046 0.865431474888865 0.867048491608149
32.209 1.17598731712658 1.69555304147505 -8.26768700793548 59.0556049944922 24.6617585096622 16.7862793083456 208.311230074409 -43.1898113616115 -46.1128958088621 0.840249899291866 0.865243011974526 0.866651550009164
32.254 1.2928974675227 1.26491668755948 -8.23601082739515 54.5544293585158 24.5609862248875 17.5394053237294 212.274096360271 -45.5137472029053 -46.8494456051783 0.839715723408184 0.864620176270183 0.866453624783675
32.285 1.39751267216026 0.857395408525697 -8.17930035531122 50.0932862536802 25.7059255597161 17.3552389229078 216.21001805182 -47.2581352343533 -46.8520509401944 0.839523635975851 0.864239414610463 0.866058593642354
32.325 1.54425483289311 0.482675259867759 -8.12625410079037 44.457241254794 28.1801203140571 16.7572091764103 220.496114621974 -48.8810895398262 -47.1601612615575 0.839380842593256 0.86415384567933 0.8660967903921
32.372 1.73491809137453 0.172484091821467 -7.96417512530536 39.545403584322 30.5873478360656 16.196850883274 223.769852843799 -51.0056825272592 -47.3317306218616 0.839265179953353 0.864195772567834 0.866004269493854
32.416 1.9345698192508 -0.199205092150414 -7.76037677375381 36.5229219414688 31.0563624342361 15.3454797498031 226.679580803477 -52.80460284708 -46.1567018037079 0.839411786751704 0.864365553360031 0.866287102756264
32.448 2.09686231475876 -0.516326448681295 -7.50451195439501 32.473948451979 28.8355008999755 15.2050294370352 230.338460450816 -54.5197283061348 -45.0069284610034 0.839644226750144 0.864737637168879 0.866750254143651
32.495 2.23455017455482 -0.833205411934351 -7.19329325479915 29.3918371774007 23.9713358816519 15.0605776607924 233.152152965161 -56.0949799279692 -43.5656120534127 0.84007237802636 0.865273326895577 0.86700221916489
32.527 2.30416083708337 -1.15642422237379 -6.91654581168639 25.1160904037709 15.3152553465808 15.3229610350128 236.091243901781 -57.154933741655 -42.6381457632643 0.840292860013678 0.865596121335216 0.867317057754499
32.57 2.27970526281689 -1.39876659409891 -6.71512529586624 18.5009034560621 4.46230339561593 15.725720575765 238.933907560442 -57.8514963307406 -42.2408980682441 0.840584871191264 0.865857584831324 0.867448753367636
32.614 2.21671084192984 -1.54273863429148 -6.61908416749284 11.8224493566622 -5.63347318084881 14.7915741243849 241.092465123958 -58.4757120278999 -42.3031274352777 0.840694929962649 0.86595813254045 0.867431966548736
32.644 2.11180982290059 -1.70645594073731 -6.6366458873849 4.0763366506521 -14.7338766352662 13.618808628538 242.984896750406 -59.0413267425989 -44.021533222575 0.840544036107806 0.86579306493785 0.867541829490968
