67.589 3.44726616017262 -1.14981422085088 10.0002030020237 -0.741475942930367 0.825419771092959 -2.07115408571587 170.616197452789 11.3926439713885 41.5102064256155 0.839302551945154 0.865089293723813 0.866491288486127
67.631 3.44761450485899 -1.20359419047239 9.96732446581889 -0.309526811483521 1.02675795351659 -2.63557374072756 171.319119936759 11.5560416168247 41.6512672047485 0.839682067103256 0.865311657458082 0.866681588140005
67.662 3.45145805826959 -1.26650111824389 9.92742305512153 0.630580992622012 1.42381134692859 -3.38595976815726 171.378487148775 11.526393709628 41.3755264358463 0.840241668935676 0.865726087007288 0.867081970598197
67.706 3.43674050214343 -1.30006186057721 9.9201402583429 2.06283167272612 1.91550093147018 -3.98827626716922 171.378574590507 11.3223789047987 41.1161764130355 0.84082082175104 0.866049320139989 0.86752919763037
67.752 3.47788675843067 -1.3126713505444 9.99053240121942 4.18623716635854 2.33476186136107 -4.61378621915516 171.048645418311 11.3191269128869 40.8521028945588 0.841164060200381 0.866298425634343 0.867879403127684
67.782 3.55507100519432 -1.31108163332505 10.0426659369891 6.06016508184965 2.15169145884751 -4.99281569247751 170.073402788832 11.0644927994384 40.9982033445926 0.841454270183676 0.866265856692673 0.868064126699252
67.827 3.45591580039743 -1.30339544309979 9.94813132935605 7.48026043385547 1.88516015800236 -5.16273032922739 169.913456258954 11.3562391675451 40.81054470912 0.841323618609428 0.866473820242016 0.868090835551186
67.873 3.38289642736169 -1.2915672036805 9.84774793912581 9.7564155315756 2.28858278141703 -6.03288026896427 170.527899569753 11.5685537257115 40.1905412143872 0.841079122063124 0.866420654952288 0.867755115743714
67.902 3.36890537110895 -1.18104678590761 9.78687782844887 12.1288034508052 3.29337037355848 -7.37159484992212 170.5275986515 11.6985285178264 39.3343383836537 0.84051416563214 0.86615548554862 0.867470973294202
67.948 3.39185159961406 -1.05385248166054 9.82574550317127 14.9725750699614 4.12526359036863 -8.68541930935295 170.179354907715 12.1998080994393 38.1968140907595 0.839929779143806 0.865829460608928 0.866993760174866
67.994 3.34644102636594 -0.919856098039953 9.78929890876196 16.2974804631573 4.12299022575584 -9.04183086194994 169.969277475249 12.9538445605459 37.2034194135152 0.839456426088256 0.865454018673058 0.866607217548204
68.024 3.33287023686102 -0.723882783564574 9.74275436684487 18.0912645186689 4.50740834240422 -9.70006620428632 169.547114754952 13.7566140940422 35.8707697249473 0.839199781892496 0.865149910705004 0.866306601251312
68.071 3.28953823624067 -0.564025110111876 9.72625386848895 21.477130366992 5.225122894752 -11.142549808678 168.575162951511 14.4488574161741 33.9693234772073 0.839004562163111 0.86477998578119 0.866297676555356
68.117 3.21661691898296 -0.30233856275286 9.72812163819102 24.4050252155841 6.11761672032164 -12.1965340473193 168.165881990724 14.7275745071011 32.2191520165379 0.839327006888026 0.865184441669004 0.866536958798623
68.16 3.23697231052015 -0.0237298531336651 9.86998864046011 28.0305895085926 6.91717794040709 -13.0383528836721 168.110364412486 15.3853353507519 30.2015131333957 0.839588187115206 0.865388727293686 0.866718581093127
68.19 3.19163589406542 0.267604177829377 9.85632628346813 29.9638614714257 6.72260878821829 -12.9917528586752 167.471395174114 15.144121634109 28.2852256380505 0.840026985922061 0.865788513574128 0.866976563993965
68.236 3.14595309724521 0.580719938641557 9.80968196210979 31.9850026010151 6.98775586654842 -13.1524801208704 166.731830091032 15.3987385236283 25.9350327668209 0.840482800975049 0.866136474680849 0.867406902582984
68.264 3.1454676018396 0.85180342646467 9.79387285157395 33.5970124121657 7.67901354961414 -13.5395394322562 166.012782373736 15.1249782041389 23.359376541125 0.840852011167969 0.866529437416279 0.867644851323155
68.309 3.10704843255416 1.16780153757475 9.78672973209546 33.9419770004191 8.46671853243936 -13.6801567111199 165.958353722726 14.9872323453525 21.1770949983112 0.84091131334378 0.866724685095971 0.867935396297671
68.355 3.10966320795371 1.46016981477911 9.78621694717884 34.817199843622 9.1408664387568 -13.7550490734117 165.398266515408 15.2716581997355 18.8934469486321 0.840959348106188 0.86664853387499 0.868060233104539
68.386 3.04298379033475 1.72541329784248 9.74785951566701 35.7203288198987 8.75593387646171 -13.1133454746543 163.882595877481 14.5720431417858 16.485692028392 0.840771281164817 0.866475613663274 0.867692920743531
68.431 2.99058355041178 2.01668342981412 9.68732342433457 37.2737716876294 8.42650491321643 -11.9960083077524 162.384902660759 14.2273549448465 14.1454105429975 0.840391435196318 0.866200002104519 0.867531586624056
68.475 2.85428066342815 2.2792177998749 9.6746511231098 39.0116023952241 8.3893621094763 -11.1911942101955 161.213771155215 14.4341575053257 11.499782539828 0.840210230244292 0.865853159272237 0.867067562745571
68.507 2.77239028716775 2.50220760852291 9.66550579129548 39.9999322912765 8.3192764384468 -10.5218138751439 159.773154635724 14.3136675793138 9.54882385726067 0.840063454233152 0.865213369951767 0.866926264771166
68.549 2.61108707512221 2.7462876746223 9.53898054551782 39.6591054612775 8.22647651056176 -10.02182954421 158.054255254937 14.7800707392442 6.63654732438114 0.839577516067235 0.865053987228508 0.86645379177919
68.593 2.54927076112319 2.96850915118299 9.47313837265252 39.5564708434821 8.46619406515808 -10.2946284956956 156.463946756499 14.5398572987878 4.51160333274873 0.83929786477547 0.864702287765228 0.866305786643951
68.622 2.41123058339935 3.18791110838489 9.33827167436258 38.6881459633732 8.52670116224369 -10.6053666387654 154.605796872764 15.4792844120181 1.88439869952647 0.839438261457618 0.864874722366087 0.86642034036784
68.671 2.32844773066238 3.52060937260865 9.29688730522661 38.7151081539964 8.55861267424182 -11.394774458316 152.710695466939 15.9582203737347 -0.62163705338356 0.839791991808352 0.865372169582773 0.866858176609028
68.716 2.2941403152255 3.72693589661495 9.28030497684659 40.0180925665692 8.34331596079236 -12.6432024257398 151.91966332822 17.6901585027251 -2.63952601324068 0.840204684871405 0.865664110548286 0.867114015978104
68.76 2.15901327599916 4.01110095322649 9.17105134757569 39.9106855132722 7.83037600457769 -12.969467247292 150.234927295859 19.1890283872073 -4.68201607072495 0.840664989327876 0.865875658942657 0.867666023230385
68.807 2.08750247260496 4.30281163829388 9.07664825787237 40.1584186245291 8.22428395302091 -13.6950394626729 149.386291109645 20.8351129936379 -6.85243301728721 0.841037835937618 0.866170473407638 0.868113149104733
68.881 2.00947940382816 4.61637014704978 8.9918797627963 40.094731299609 8.84762420042022 -14.2565697510246 148.290895798813 22.3844415248467 -9.25847074400264 0.841112329945519 0.866396559781138 0.868364452220665
68.897 1.96710429099302 4.90171656044333 8.90330961653199 39.5565796809276 9.69924735806557 -14.890569589933 148.057625597038 23.4053976351258 -12.0773613026421 0.84117267009192 0.866468942821268 0.86833409922353
68.914 1.93500705381981 5.21325043555028 8.81528117696416 38.3241119842994 10.1307415050713 -15.3402926655556 147.616676733601 24.9163720844519 -14.2286626551401 0.840956853763943 0.866416704241482 0.868186461159844
68.956 1.86598449443587 5.49251569161714 8.65681120213247 36.7909276538474 9.57605329086346 -15.1631179751306 147.679508154217 26.7042613884061 -16.2592167506635 0.84054174900161 0.865904952742378 0.867709248842281
68.986 1.74128482233281 5.78754785387138 8.45225509653157 34.992559796563 8.74698484498872 -14.6711331934436 147.526401604916 28.4884517246089 -18.0599655680374 0.840319337398333 0.865626529035872 0.867174019388014
69.031 1.64521612174853 6.05775626709084 8.25337503955989 34.1667978626969 8.05414169390651 -14.2923965126435 147.894385299982 29.9216458969332 -19.5305721101103 0.839898740053658 0.865166046629193 0.866864218790856
69.076 1.55334052773824 6.32952498604969 8.10969998191839 34.0854879481738 7.3215646957284 -13.736993846997 147.634452092985 32.0845331765159 -21.2797634091894 0.839558056204472 0.864904417614501 0.866403534535138
69.105 1.44188299297625 6.56824264367614 7.97507936217732 34.1516116502346 6.78718496079191 -12.8959726496553 147.795906195318 32.6484718729779 -23.6686083614434 0.839421234638271 0.864692498112601 0.866363723529717
69.15 1.33001268029869 6.72988074746288 7.86203838061553 34.4547901695144 6.6403679098445 -12.0681805943124 148.772684018208 34.2032622171121 -25.9095727727691 0.839538191046487 0.864879138774014 0.866467269245311
69.196 1.24096592821414 6.92799491602691 7.80479006115319 34.0135708770013 6.36938502987481 -10.9276690294847 149.539874054748 36.3146423958608 -27.784753945943 0.839872934775336 0.865030317709758 0.866538808910497
69.225 1.21621930928792 7.13979308092589 7.75468995567575 33.8710687462489 5.37866752305356 -9.37354931846273 149.975297984346 36.8188603406473 -29.9336506962138 0.840017756649286 0.865621389413691 0.867064883050986
69.27 1.21375397949149 7.2461075948679 7.65087799808478 33.0453366768281 3.82450695321537 -7.50486502429069 150.02199136732 37.1612768759243 -31.0562570639332 0.840362037466106 0.866112218349881 0.86747844101917
69.314 1.18606726853123 7.31176990422337 7.4821792589693 31.77603568533 2.58846131912735 -5.76489486814874 150.527813007529 37.3426342694987 -32.7575682217859 0.840767225474149 0.866509789788195 0.8678134229734
69.344 1.16088770456848 7.39335759703031 7.26269385805981 30.7349247829799 2.02970710360766 -4.57383965236078 151.225528536099 37.9095337582939 -34.6156302596466 0.840969107214245 0.86683182265323 0.868084758356325
69.388 1.21019346682695 7.45265005291706 7.02625874011634 29.7935333490228 1.90558947147945 -3.59595515658017 151.90467811424 38.5547223442181 -37.0266605103137 0.841006161141264 0.866981555034921 0.868181216372049
69.434 1.32411196158785 7.55586323769467 6.79030989702964 29.1378001806474 1.79581754823423 -3.3160824554559 152.856789272534 39.0473250988167 -39.7775950133541 0.840922754054291 0.866622037158372 0.867914514659905
69.461 1.28493828380537 7.73638326527255 6.51932081925972 29.4195570776221 1.64865801559645 -3.4719046515147 153.345999310753 40.1723333300415 -42.2638519608168 0.840754421773464 0.866318605135548 0.867698486273069
69.507 1.22527923933257 7.90935964889603 6.34177206170523 30.5518259656984 2.97220688576289 -4.0761358974979 154.09025944171 40.4955899973336 -43.8097200882616 0.840377779089322 0.86594922772737 0.867437312828439
69.568 1.2475484497228 8.11368904074922 6.25708835116715 30.4143836123683 5.16680055456718 -4.74861664185879 155.497110147785 40.7814278978402 -45.8778732714919 0.840085210174999 0.865402423123146 0.866867740705581
69.582 1.27351131959476 8.35409846846585 6.15738785427083 29.8463377489191 6.79671150263453 -4.66676115929493 156.588659219706 41.5169565972506 -48.0570773499085 0.839595138380132 0.865194499275513 0.866517625008787
69.629 1.2851260325135 8.49675624474787 6.05751873265334 29.6046175460901 7.65327524843168 -4.47480936345638 157.394813967962 41.698734843773 -49.8882326534259 0.839438759540723 0.865051061727711 0.866468605798911
69.676 1.25512540567568 8.69838647616875 5.96166099807231 27.6343967008826 7.2015193634434 -3.13039711111722 157.939799314049 42.3499752234561 -51.479468449275 0.839425915935014 0.865157229275699 0.866552223883358
69.706 1.18534104471612 8.94677297695584 5.87522952136887 25.9528689613027 6.0429253408777 -1.31333158366907 158.81923744438 42.8954799309995 -53.3503694439127 0.839668303443267 0.865366685255109 0.86661995453176
69.751 1.12630778849739 9.05893167598572 5.81843601530561 24.8922055380445 4.5505710528285 0.215819737838738 159.651582329948 42.8093387441096 -55.0817992495693 0.83999080880391 0.865536344598432 0.867032047375519
69.796 1.07367251340052 9.09600043895102 5.77379793565743 21.7323048064267 2.74901598790559 1.74099719375625 160.583781687258 42.5055643827288 -56.7782573921511 0.840378061221429 0.866006375711221 0.867365842578964
69.825 1.03835223157243 9.07755559213785 5.70581617334914 18.7617165115263 1.24464188150124 2.78410085671355 161.854863166679 42.6075071500103 -58.1763884876424 0.840691735679619 0.866387100912581 0.867759133934791
69.871 1.02946503730236 8.96322594203095 5.61287471182485 16.2619522063974 0.262587404932031 2.80680108325096 162.24843916501 42.7020807915083 -58.4088746749904 0.841071687321859 0.866584741403276 0.867966708653009
69.915 1.0044296073418 8.8847567084949 5.47201492614691 12.4976011345101 -0.182495041699711 2.50862338125007 162.597235723658 42.9646854411218 -59.0351884867422 0.841253572820968 0.866497772465509 0.868122918213731
69.961 1.00260421801368 8.8683325164767 5.34501973990587 9.81870577391501 0.361033978055295 1.2604582212553 163.785760936163 43.0513952073086 -59.4885026742612 0.841034882266676 0.866440056253317 0.867904290302921
69.989 1.04467019902363 8.88612952786028 5.28328603193392 7.424907402062 1.33823904894235 -0.41391433696641 163.740466358292 42.20963011792 -60.1076871661516 0.840604952088824 0.866393306121442 0.867591804687159
70.033 1.06819718349003 9.05939436550384 5.3083998124305 5.64043453765495 2.00626370597918 -1.89939275034737 164.249777750216 41.5458003955152 -60.7232266045828 0.840130087952957 0.866133332995635 0.866980519364175
70.078 1.18097506828207 9.1573735428086 5.43321891764879 4.39539319687456 1.6863713117668 -2.39492034152183 163.702319977675 42.1120983203673 -61.4978135497121 0.839859271257117 0.865823615571831 0.866707483771547
70.108 1.26118612808337 9.20052438470793 5.41598301165764 -0.238128457096493 -0.00755068785057256 -1.29316791938077 163.774879181917 41.7907996394975 -61.9692289752668 0.839652707171081 0.865201951462521 0.866622391396746
70.152 1.28749671998723 9.30181983599452 5.32229502198206 -4.50265504261457 -1.04626872891469 -0.390901129202244 163.731652137353 41.668547707993 -61.9970754699661 0.839485390261391 0.864945736264469 0.866430006307617
