78.867 0.938444987372099 -8.92457705425576 4.55440809726911 0.50867615432554 -1.88748446365569 -2.6150118989382 344.428281069342 120.710110108755 99.7726896326909 0.840518133828974 0.866379692703529 0.867809666420409
78.913 0.946391370199905 -8.94578941391665 4.56615645432631 0.345615471263229 -1.12237386594278 -2.61548788241475 344.326907666167 120.575189188091 99.6198786024796 0.841032437314569 0.866702064398391 0.868229500088652
78.943 0.988609289830185 -8.94487723845913 4.57827628317246 -0.177227040795868 0.0853809853802378 -2.85854518475595 344.598795209595 120.663903242354 99.9461016680085 0.841335468806839 0.866950608749188 0.868680312282335
78.99 1.03733860564357 -8.91527039728886 4.58710575756275 -0.505156956479768 0.745876155409901 -3.14885671415613 344.033024119772 120.249761626307 100.396342351087 0.841479287900694 0.867385878834714 0.869057506150691
79.051 1.07627065659386 -8.88875694599831 4.58183771185123 -0.506734386657009 0.632861975958356 -3.38729149571838 344.456749537015 120.220306917309 100.35903730438 0.841823293112705 0.86750449844261 0.86912938142789
79.065 1.0655719063825 -8.88903234935739 4.56130796340858 -0.597172410444086 0.2176563684652 -3.52095801992883 344.337967124983 120.38244860302 99.8788202165481 0.84174855025734 0.867711205841939 0.868953691881383
79.11 1.01108089744436 -8.92262453809301 4.53012211115044 -0.956457744062763 0.535461963800323 -3.82762485110419 344.565753371236 119.961783368446 100.641844375404 0.841549637244351 0.867299339818535 0.868688331212705
79.154 0.862083127887087 -9.00489490280236 4.4784056439262 -1.82320405513359 2.98685396167063 -4.77961277061577 343.952260230701 120.203044528441 100.797893944077 0.841148373903199 0.867101794794807 0.868214408838546
79.186 0.604697987775743 -9.13402262578651 4.35874565644579 -3.76732963580324 9.89584025857153 -6.60156268007663 344.979330786868 120.062466068038 101.032294094703 0.840684082876813 0.866595971098339 0.867706934245787
79.232 0.294199093705415 -9.27017161958117 4.23271953984945 -6.64558280652735 22.8115848079162 -10.646731419717 346.021257937363 120.84259751511 99.7281582167091 0.840308007145441 0.86630971416974 0.867197371776354
79.274 -0.0371935432493096 -9.42667238779153 4.14806218206016 -10.6030747450429 41.4073836944122 -16.3027837476807 346.799218929264 121.432503987239 97.5858081555344 0.840256476777295 0.865843024057316 0.867006731695102
79.305 -0.305741287959111 -9.61221567613385 4.09189768314256 -15.4620019938664 64.6868510214815 -23.4731174310412 347.879367332704 122.588328229664 93.3245046059828 0.840214737179097 0.865922179028219 0.867111293461818
79.351 -0.560249389341393 -9.78022284364925 4.08150342564497 -21.1522368822074 91.2074943655679 -33.0954388596014 349.58828753949 123.098545866028 87.6708487308461 0.840294616596332 0.865998503960112 0.867183792170314
79.396 -0.686859584168637 -9.91530896023456 4.09901927394845 -28.0804874471071 120.036925397942 -44.0013512778039 351.926512906987 123.073822151482 80.6493874719854 0.840472873255355 0.866282432673932 0.867599624705039
79.426 -0.743457138554251 -9.90533586188545 4.17680310220891 -35.8471795649812 144.754566060883 -55.5523922449448 355.77647545466 121.889795942701 70.0660038523081 0.840743581695581 0.86652461125467 0.867924143844564
79.471 -0.656967646939513 -9.80570351594643 4.28517213025901 -42.521635294963 164.775854997865 -67.8130102374893 359.170945118274 119.142734713588 57.1134631203696 0.840949955753605 0.867077736562113 0.86818700434758
79.517 -0.405035623630876 -9.70985191311741 4.38841760429703 -48.4746619935002 180.99309903682 -79.5890726435114 362.832465545802 113.005615118006 42.6739051274994 0.8412304065386 0.867525768061143 0.868621051494448
79.558 -0.106411689384784 -9.55639371921129 4.46020710091889 -53.664552550613 194.129066708374 -88.7620343374274 364.8202970921 105.256548245585 28.9438631532745 0.841470604422868 0.867999542417647 0.868849442080865
79.588 0.305761286189313 -9.49118754522106 4.45093590073874 -57.0968371843172 204.769200522332 -94.5119043018658 367.150440644601 95.0558040789238 15.2545291541524 0.841412373880249 0.867804355908093 0.868800610188926
79.648 0.663096553426808 -9.46860926804385 4.33748876912399 -61.8274457528847 212.363128758967 -97.4227340875648 367.297856922127 82.7732013039283 1.8261686148634 0.841378256655327 0.867523067232809 0.868761056356455
79.665 1.00234351072399 -9.33929576854435 4.25228835591707 -65.6864906018214 216.278485439802 -98.114323007874 366.571264106923 69.4102930561819 -9.72880342196064 0.841123378880303 0.867295223405829 0.868396776470524
79.711 1.42241368796515 -9.30701835044451 4.15304924461958 -66.4426986088493 216.364657175705 -97.4172581249276 364.410723926607 54.9263373755073 -18.8003307717881 0.840929425174738 0.866851402765284 0.867990718482917
79.755 1.84079333569537 -9.31883969288532 4.07559246008705 -66.9820209876718 211.985295976443 -94.4182844247028 361.406686380552 41.412333274161 -25.4822679251484 0.840405573221728 0.866491908046442 0.867661811512956
79.785 2.17001424774531 -9.29545271524773 3.97790910333335 -67.2992537939073 204.031295847789 -88.8436958801925 358.043415968247 28.3959899520704 -29.6526370193702 0.840221682044874 0.866101962832164 0.867518720511735
79.831 2.47952146670672 -9.24339151128608 3.88379190007102 -65.1300291608512 194.265273300831 -82.942248624788 353.69916693428 16.076751861177 -31.8066359856899 0.840060083163377 0.866008459170305 0.867402816800745
79.873 2.72552368707038 -9.20118604931263 3.79013914116018 -60.3740259103658 182.946550762986 -77.5498626074523 349.106325216767 4.64016900755337 -32.3093751484088 0.840068155644028 0.866056181469741 0.867419926074845
79.902 2.99589325219321 -9.14736121073119 3.72743055960251 -53.9654800713658 170.413041995882 -71.7566100860822 344.816123425581 -5.64946310388177 -32.0385938702111 0.840428377578302 0.866205827812285 0.867802941566455
79.948 3.26377626693488 -9.06292398205945 3.71034098476149 -46.1858556516994 157.848915161702 -66.7618618033144 340.039059974721 -14.7100651141442 -29.941261034871 0.840593985866107 0.866561233836484 0.868101135715913
79.996 3.51469927304343 -8.90960146684999 3.7668400853483 -36.9510774290216 146.031056395483 -62.5315355416007 336.007638579524 -22.4511527424568 -26.1244214382455 0.840866634641808 0.86695985963849 0.86846559021801
80.026 3.74127244185823 -8.77091338809967 3.88294001442021 -26.9033498167441 134.356300718509 -56.9284063841164 332.358187249414 -29.83743372139 -21.4007813649789 0.841327043973008 0.867282746538115 0.86876079836471
80.071 3.93821021892079 -8.69609920906105 4.01070330041328 -19.1670568630131 120.989214269015 -47.9641465757144 329.072131672026 -35.3223213143259 -15.8286329056329 0.841687654531236 0.867531586799298 0.869110663885942
80.116 4.04059817027781 -8.56388906348679 4.15668264044444 -13.047300791865 106.486988748742 -38.3990503293821 326.632426654341 -39.567080264604 -11.1051926535626 0.841752506260563 0.867622521893923 0.869061447913441
80.146 4.12040796877646 -8.49797315244114 4.27657787959404 -6.98693959560916 92.0136975277023 -30.4475819118377 324.542265590016 -42.8913350143292 -5.66520604938574 0.841805036161318 0.867461972132623 0.869009657014681
80.192 4.15057743461311 -8.48546822929215 4.37541687069444 -2.61117679763426 78.3514766768282 -23.1820833333213 322.819235127913 -45.9499813616067 -1.21681690000245 0.841355247025943 0.867331926825971 0.868598143003687
80.236 4.11758975134112 -8.3656668858896 4.47590495842961 -1.42283946562573 67.7612609937271 -14.8655027671659 321.54358045361 -48.0194849029014 2.68637831099802 0.840851650106236 0.867017076031843 0.868264816654782
80.267 4.11102891997608 -8.23995119727731 4.55187147553361 -0.282957982424019 60.204331328583 -7.80594273758756 320.930300167424 -49.7197827713502 6.3399664319084 0.840443736601273 0.866403751430648 0.867994822312168
80.311 4.01563878893108 -8.16029781720673 4.61159674578342 1.74568953041975 54.4851266967629 -4.32311896095737 320.481543135613 -49.9690240447936 10.0553728098458 0.840113326662253 0.866141793696092 0.867652666629111
80.355 3.91776467950934 -8.21729029619221 4.75191153730235 5.04904668757893 50.2328762885001 -2.8518790301312 320.472049939847 -51.2089094762828 14.2228519759751 0.839858492049241 0.866053068196641 0.86751131315582
80.386 3.80907387583805 -8.36114365157341 4.97786060107427 8.40858277877099 46.0586297936851 -2.38101438081848 320.332360451276 -51.7452166757891 18.3065101005398 0.839892369549373 0.866092314781073 0.867396816842454
80.432 3.64008637736217 -8.37497156918498 5.1730957104511 11.6744635011862 41.9550473847933 -0.75388882403549 320.711211965534 -52.3236255073892 21.4342731814373 0.840033498816256 0.866247428158909 0.867649122553466
80.476 3.54291434546988 -8.40017225492961 5.31354302522888 13.892345970312 36.9012219694689 3.16255615940148 321.048081692082 -51.8981366609852 25.1737612769642 0.840274134068849 0.866607248877503 0.868087289237797
80.506 3.33793478889417 -8.29707391083899 5.40695464600576 14.3033345870977 31.0873180395446 5.97808270285566 321.224946170587 -51.769490695398 28.082746634341 0.840708774433469 0.867021755795571 0.868319152116099
80.549 3.17600741191062 -8.22282384322819 5.52230792394735 15.9324185728011 26.1792772303517 7.07278134045812 321.482206398175 -51.0472874632724 30.3970247738162 0.841048082417712 0.867369432360241 0.868494398961912
80.592 3.00039190515593 -8.16561418030915 5.55709212156813 16.5264804180147 22.6405580680353 7.21719716058024 322.044587182522 -50.8523028452507 33.3095900667911 0.841183418854067 0.867528133136587 0.86863634890702
80.622 2.81146837071994 -8.04202547486572 5.61806791978549 14.6869071538591 21.2063329511391 8.13669305884862 322.458115617843 -50.736365304653 35.3627679541008 0.841306223851979 0.867656680765427 0.868628004718111
80.668 2.71832528755168 -7.93196470499951 5.71172107841126 13.0343337259235 21.3046106064532 8.9959885532399 323.033073650453 -50.594455896769 37.2658420428217 0.841279225617829 0.867415400247073 0.868744569569542
80.713 2.62240296787551 -7.79084931967997 5.78050525629815 11.350634745479 20.7181849729065 9.69522401056707 323.588789656867 -49.6815092763829 40.1933320546856 0.841043163739929 0.867084689502936 0.868506745817571
80.744 2.50916396350751 -7.72971507468083 5.83786650609851 10.6308843728456 18.7509664692756 9.78862763176543 324.434919622062 -48.8340225138701 42.4205989642953 0.840725483336372 0.866569756064955 0.867968679415039
80.792 2.38845855439288 -7.71144072385817 5.94354371518516 8.0319323725393 17.0035500156858 10.0035212061575 325.35428489387 -48.7055582362348 44.2426851610792 0.84036685061511 0.866140038958377 0.867656169273436
80.836 2.25011743962876 -7.69009633202824 5.99783205862249 5.04769728282553 16.68592894782 10.6034628640105 326.410970764035 -47.4975021713502 46.1745749804742 0.839949887828428 0.866039300832539 0.867168474691569
80.882 2.13529582685919 -7.71432280128175 5.9733553852546 -2.75220489556781 16.7339993942991 14.0821636984744 327.548886318868 -46.6929767587937 47.4214057341841 0.839726106593843 0.865957702950609 0.867119117686411
80.912 1.88445855212231 -7.58120816612073 5.9522543317065 -12.8979882554863 16.1271349292296 18.128384656833 329.262597918283 -46.2933111746229 48.0833386446891 0.839911457876919 0.866138392576234 0.866968024273246
80.956 1.67837739403979 -7.46586148408752 6.01986339176179 -18.2665307922874 14.2864907430576 19.2519305033324 331.86870431381 -44.1635820514445 48.2295043021982 0.840048960361568 0.866161427528543 0.867535599630819
80.985 1.60250913477846 -7.47981665033935 6.06540907236367 -15.1491723845009 10.5193094102736 17.1026896618978 333.391650494186 -43.6145014616701 48.6118984847805 0.840425163983132 0.866525269606652 0.867884588748048
81.031 1.45502020394102 -7.65109488620419 5.98221390781868 -13.4707532955678 5.69186199636745 18.6637129772822 335.06323690029 -41.8557461839528 48.7716377726722 0.840729888916599 0.866930728612326 0.868412970087918
81.075 1.23648210222512 -7.66577464278328 5.84140159968371 -16.9107758182649 1.28933951476756 25.3182181986215 337.383221889235 -40.4491544090017 47.9710265958645 0.841216279935588 0.867492963526401 0.868840958973214
81.105 1.05660517024538 -7.73680808313676 5.60097168852793 -20.5878810845503 -1.75739071822912 30.3788254431735 339.382409730281 -38.7938150712914 46.9625315426503 0.841484381329864 0.86770186255981 0.868953978214133
81.152 0.848116916255241 -7.77747204856148 5.37678676730021 -22.7353439838293 -2.33188342833047 28.9266196013369 341.685751881527 -37.332990207746 45.5576505495467 0.841587854967452 0.867636984994398 0.869057315433155
81.195 0.752444147156904 -7.96529069894967 5.14638517347332 -22.6773843520925 -0.588825576947682 22.4432336328081 343.461459024037 -35.8197220682743 43.9576969451328 0.841557845359685 0.867584434166413 0.869006309705649
81.225 0.660212894316173 -8.12211644606866 4.96613443233925 -22.8392920122179 2.77602838190902 15.5532940517349 345.16378180947 -34.7619748753022 42.9737345255576 0.841395166277251 0.86744371249659 0.868484440403369
81.271 0.491180017470202 -8.3750384458426 4.84865230713358 -24.6593685146293 5.88827764583486 13.7626719986991 345.708663265671 -34.3071996489948 41.5347249657017 0.840896782137389 0.867230946069492 0.868049257282984
81.315 0.423204425624901 -8.19282269367614 4.66463096399304 -30.3206533823459 8.84637512213387 15.2379933265799 347.254017245193 -32.4988317156858 40.4171272222183 0.840353521767271 0.866465624426425 0.867820219221013
81.345 0.533595507969369 -8.28548612743737 4.49741364043901 -26.8405689343567 14.1918233909132 8.86674406017857 348.655753968607 -31.6880536897055 39.7218730499969 0.840053050084305 0.866080673099949 0.867511238125275
81.405 0.977671369672047 -8.26434443499246 4.39423547926326 -19.9871203788137 17.7970563359526 -1.21549456316375 349.551160714571 -31.7273234886614 39.3867171704975 0.839809668021103 0.865768862525504 0.867384423703268
81.435 1.45352750744003 -8.29230248118972 4.47622616113872 -11.6780407892818 13.6728675405186 -7.01195517631531 350.396440178803 -31.7351320258158 38.9832409081029 0.839852822086582 0.865738647921911 0.86717071274144
81.482 1.64446602898556 -8.38745096862597 4.58754787611502 -4.95875502405109 4.83998453988113 -7.01426384548716 349.74911654483 -32.6654569409108 39.3164251355634 0.840001465371395 0.865849843764002 0.867342790629099
81.511 1.64929710007262 -8.4140932916366 4.62711100808487 -0.974683172534815 -1.15541404941384 -5.32453081408124 348.738784401313 -32.8370201221377 39.0043043598063 0.840121866432094 0.866285205517629 0.867728413456654
81.555 1.60915096127001 -8.36590658452094 4.74508508439542 2.62897991268955 -0.48458767010155 -5.20538904337527 348.070415365063 -33.1739862989316 38.9494865314431 0.84045926616874 0.866526857258064 0.867905275130828
81.584 1.73346477363145 -8.31350372204228 4.89425623258454 5.4638248743167 1.6045068879811 -7.54399871292023 347.745036445701 -33.5669289021346 39.1810840904689 0.840845980723282 0.867079555824863 0.868405398342394
81.629 1.82226574408059 -8.28521905218488 5.05772559633659 8.08096532376905 1.71171164796698 -9.66804353761806 348.495479521018 -33.783212410729 39.1346781132798 0.841146186764037 0.867527241663969 0.868564258405211
81.674 1.86658940900869 -8.22564128000229 5.16448790709727 9.04833000385598 0.379005518822723 -10.5622603036386 347.771338412025 -34.1624020526905 39.8650892717567 0.841276065859055 0.867655958672607 0.868803439678583
81.704 1.89699089620014 -8.16874022480387 5.25168960385768 10.8014373794592 -0.414303239677259 -11.4157361894587 347.28678411374 -34.4995456626793 40.8827223101229 0.841241464749748 0.867649105210616 0.868763348243077
81.75 1.93965642408267 -8.17385642954902 5.27355307981899 12.3720650407208 -0.236577990550793 -13.3220134890341 346.024295132129 -35.2346319867702 41.4730050711996 0.840999795646101 0.867508428406839 0.868509501740979
81.795 1.84120561015751 -8.15528553521285 5.24693986637275 12.435723828022 1.55211228566912 -13.2164034452016 344.599679057025 -35.8240519092839 42.4971341076717 0.840816825462829 0.866789249316318 0.868082025951986
81.822 1.87409567474363 -8.03833988680915 5.25747740843826 12.4240813388657 3.79957736360573 -11.9533783936667 343.75174003619 -36.1034820465199 43.6686786272141 0.840554796360167 0.866330449513794 0.867859094207348
